   2166   2166     1481890.762        1260.110  1
   1913   2164      613029.618        1004.453  1
   1912   2164      863812.237        1431.172  1
   2000   2164      799052.958        1405.198  1
   2041   2164     1092350.796        1484.145  1
   2164   2164    14452518.530        4661.308  2
   2162   2162     1947785.196        1015.634  1
   2161   2161     2605238.385        2003.021  1
   2160   2160     7588701.756        3587.916  1
   2082   2158      628912.588         940.838  1
   2037   2158     1178559.383        1106.108  1
   1998   2158     1792889.960        1195.285  1
   1996   2158      420883.329        1974.550  1
   1954   2158     1083962.554        1992.185  1
   1911   2158     1278184.664        2193.035  1
   1865   2158     1111912.210        1376.665  1
   1864   2158      721061.304        1502.415  1
   1821   2158     1795730.979        2184.226  1
   1822   2158     5212239.659        1256.084  2
   1743   2158      863037.914        1798.234  1
   1781   2158     1610008.511         692.138  1
   1741   2158      869541.233        2213.864  1
   1703   2158     2825324.774        2169.968  1
   1742   2158     8025825.222        1993.878  2
   1705   2158     1066883.053        1973.077  1
   1660   2158     1286944.745        1695.286  1
   1659   2158     4919307.867        3016.699  1
   1658   2158      602720.269        1930.774  1
   1704   2158    12248853.183        2133.112  2
   1867   2158     2586134.826        1769.122  1
   1825   2158      922887.172        1557.519  1
   1744   2158      751622.430        1473.217  1
   1706   2158      750248.309        2058.725  1
   1783   2158      565797.719         919.851  1
   1823   2158     1663816.445        1117.949  1
   1866   2158    14540204.934        3545.966  2
   1952   2158     1383025.910        1950.848  1
   2158   2158    68759917.897        8238.167  3
   1995   2155     2413227.317        2901.341  1
   1908   2155     1917600.932        2201.782  1
   1907   2155     1153424.566        1067.959  1
   2155   2155    15284016.736        4422.569  2
   2153   2153     4202249.313        3284.468  1
   2152   2152     2963440.091        1893.269  1
   2151   2151     2453447.345        1176.964  1
   1993   2149     1559510.575        2054.034  1
   1991   2149     1027392.022        1643.463  1
   1948   2149     1470987.901        1082.583  1
   1906   2149     1202837.755         933.749  1
   1904   2149     1461938.423        1181.076  1
   1861   2149     1062980.290        1047.796  1
   1819   2149      985064.912        2040.261  1
   1817   2149     1066682.795        2115.718  1
   1778   2149     3675052.205        2766.495  1
   1780   2149     1953494.836        1240.519  1
   1701   2149      887393.972         776.206  1
   1740   2149      986720.041        2061.315  1
   1702   2149     1277621.581        2269.729  1
   1656   2149     3942129.038        3065.921  1
   1530   2149     3478239.557        2502.094  1
   1489   2149     1802958.249        1605.865  1
   1572   2149     7327943.900        3239.205  1
   1739   2149    34303868.470        7223.368  2
   1699   2149      595630.499        1267.878  1
   1653   2149     1319118.741        1173.534  1
   1611   2149     2417872.900         710.967  1
   1609   2149      515106.256        1311.544  1
   1485   2149     1671866.698        2286.715  1
   1447   2149     1638582.293        1873.035  1
   1528   2149     6769024.268        1363.304  2
   1488   2149      996200.235        2068.827  1
   1486   2149      641644.921         927.455  1
   1449   2149     1621418.188        2044.811  1
   1408   2149     1043779.598        1989.353  1
   1364   2149     1684542.529        1815.090  1
   1407   2149     5683021.904        2008.506  2
   1404   2149      822126.056        2113.303  1
   1360   2149     1186488.108        1583.099  1
   1405   2149     4707215.483        1817.390  2
   1363   2149     1434690.670        1632.818  1
   1361   2149      688041.141        1777.146  1
   1279   2149     1097302.605        1343.246  1
   1236   2149     1112985.378        1332.797  1
   1195   2149     4090102.768        1887.749  1
   2221   2149     8701248.331        1450.716  2
   1320   2149     1623797.334        2019.689  1
   1238   2149     3836556.459        2135.703  1
   1237   2149     3612782.077        3411.700  1
   1196   2149     2430880.143        3495.874  1
   1280   2149    13086246.215         829.802  2
   1318   2149     3013480.105        2421.437  1
   1529   2149     1901792.637        1841.157  1
   2194   2149     1496717.741        1725.091  1
   1697   2149     2728667.726        2355.890  1
   1651   2149      787150.745        1960.183  1
   1608   2149      757220.136        1172.806  1
   1606   2149     1348230.085        2260.789  1
   1570   2149     2108802.484        1122.703  1
   1569   2149     2149566.472        2383.547  1
   1527   2149     3198472.943        4047.414  1
   1737   2149    26847546.132        6035.116  2
   1903   2149      988086.287        2074.327  1
   1858   2149      858780.065        2227.812  1
   1859   2149     4518277.610        1312.958  2
   1950   2149     1004746.232        1349.243  1
   1862   2149     5694091.264        3049.938  1
   1949   2149    10580325.452        3076.579  2
   2149   2149   189977531.175       20527.266  3
   2148   2148     2537224.889        2289.774  1
   2147   2147     1330761.791         802.235  1
   1990   2145     2718260.737        2161.720  1
   1989   2145     1744821.046        1160.930  1
   2145   2145    10691967.089        2259.646  2
   2143   2143     1353389.073         840.246  1
   2030   2141     1451614.269        1029.098  1
   1988   2141     1841440.194        1055.359  1
   1946   2141      856426.816        2029.385  1
   1902   2141     2440768.562        1835.803  1
   1857   2141     2776125.575        2147.496  1
   1855   2141     1577556.966         760.052  1
   1776   2141     1606167.337        2089.565  1
   1774   2141     2143205.335        2248.771  1
   1696   2141     1732046.426        1423.322  1
   1695   2141     2224554.688        1608.887  1
   1650   2141     3765446.054        3514.025  1
   1734   2141      775924.054        2376.573  1
   1815   2141     2132744.120        1394.966  1
   1900   2141     1068247.131        2071.025  1
   1944   2141      568964.123        1330.023  1
   2028   2141     1582297.999        1047.450  1
   2141   2141    52964915.429       10084.742  2
   2182   2139     1749092.150        1176.657  1
   1899   2139     1130963.020        1526.895  1
   1854   2139     1320315.548        1934.682  1
   2139   2139    13995024.010        4236.339  2
   2137   2137     1769869.843         848.819  1
   2026   2135      785428.800        2103.291  1
   1985   2135     1035134.050        1855.492  1
   1983   2135      676745.299        2119.231  1
   1941   2135     1602106.256        2177.021  1
   1939   2135     2768907.699        1991.415  1
   1898   2135     1728496.255        1563.026  1
   1897   2135      483913.049         972.931  1
   1853   2135     1544160.236        1979.824  1
   1851   2135     2527631.652        1211.375  1
   1813   2135     1034810.563        1822.727  1
   1850   2135      854033.131        2028.222  1
   1810   2135     1076812.408        1885.795  1
   1811   2135     3964541.338        1050.421  2
   1814   2135     2476915.889        2278.757  1
   1773   2135     2060133.006        1897.126  1
   1772   2135     7653879.724        1162.711  2
   1733   2135     1346201.159        2040.012  1
   1694   2135     1231081.439        2075.238  1
   1649   2135     3279227.472        2257.625  1
   1693   2135     7066545.731        2053.044  2
   1692   2135     1392546.025         689.106  1
   1648   2135     1657308.708        1366.303  1
   1646   2135      599895.413        1620.080  1
   1603   2135     1790776.791        2367.759  1
   1604   2135     1671757.021        2064.459  1
   1566   2135      850368.942        2072.910  1
   1525   2135     3470208.283        4007.088  1
   1564   2135      934326.710        1302.413  1
   2203   2135     1361609.414        2846.465  1
   1523   2135     1161258.397        1419.421  1
   1439   2135     1109904.760         815.537  1
   1438   2135     1355087.360        1452.118  1
   1479   2135    10979553.644        3163.680  2
   1440   2135     1606257.124        1891.284  1
   1401   2135     1525307.119        1386.922  1
   1400   2135      633404.018        1400.079  1
   1355   2135     2563139.670        3176.774  1
   1312   2135     2373405.348         972.180  1
   1275   2135     1399749.787        1348.592  1
   1231   2135     1188945.634         922.553  1
   1190   2135     2478553.458        1306.023  1
   1151   2135      659830.964        2237.122  1
   1105   2135      956209.476        2212.880  1
   1059   2135     6519124.179        2900.426  1
   1013   2135      602666.893        2144.743  1
    975   2135      927959.256        1119.092  1
    974   2135     1771702.568        2332.440  1
   1230   2135    28378618.585        6137.453  2
   2213   2135     2689138.985        2702.032  1
   1228   2135      530529.099        1261.909  1
   1227   2135     1394009.510        1240.680  1
   1187   2135     1868768.948        2205.977  1
   1148   2135     1571335.803         945.815  1
   1147   2135     3129762.727        3032.181  1
   2212   2135    13264013.700        2524.433  2
   1273   2135     1404494.478         975.248  1
   1058   2135     1172912.503         797.414  1
   1057   2135     3566902.275        3101.576  1
   1103   2135     6350133.026        1251.507  2
   1101   2135      601029.687         994.734  1
   1056   2135     2011112.781        1701.146  1
   1012   2135     1822826.445        1794.985  1
   1102   2135     7257761.220        2171.222  2
   1310   2135     3287031.195        4062.552  1
   1524   2135   105560476.825       11738.764  3
   1480   2135     1703401.683         682.550  1
   1358   2135     2086502.561        1774.980  1
   1359   2135     1194479.642        1989.783  1
   1316   2135      753839.119        2190.862  1
   1357   2135     9533904.086        3462.099  2
   1277   2135      873705.886         821.669  1
   1278   2135     1379235.883        2075.697  1
   1235   2135     1992711.819        1967.043  1
   1194   2135     2586217.542        3013.903  1
   1193   2135      394993.413        1597.638  1
   1276   2135    12739351.648        2681.896  2
   1154   2135     2735860.771        3166.282  1
   1108   2135     3206832.060        3587.350  1
   1107   2135     3716964.753        2674.150  1
   1153   2135    12957020.758        2319.131  2
   1152   2135     1290827.159        2239.024  1
   1062   2135     2034364.917        3416.655  1
   1017   2135     2603344.893        1818.873  1
   1016   2135     1211787.288        1678.871  1
    977   2135     1500746.290        2280.094  1
   1060   2135     1707352.034        2339.216  1
   1106   2135    17785904.557        2886.522  2
   1191   2135     1221923.716        2230.928  1
   1313   2135     4705414.072        3757.901  1
   1482   2135      680585.592        1140.452  1
   1526   2135     1334973.773        1720.975  1
   1568   2135      758519.276        2127.563  1
   1484   2135      978134.961        1620.664  1
   1445   2135     4237451.114        2997.540  1
   1403   2135      552454.264        1323.938  1
   1444   2135    15183323.875        2766.497  2
   1402   2135     2041749.139        1468.387  1
   1442   2135      764059.429        1290.604  1
   1481   2135   102994016.807       11095.235  3
   1769   2135     1271011.107        1041.445  1
   1730   2135     3118915.549        1940.938  1
   1644   2135     3715589.104        2491.247  1
   1562   2135      575246.655        1800.280  1
   1522   2135     1902685.153        1532.045  1
   1690   2135      844902.377        2184.953  1
   1770   2135    27090285.221        6576.047  2
   2024   2135     1039695.802        2163.481  1
   2135   2135   317753860.364       13981.523  4
   2133   2133     1562807.439         919.802  1
   2131   2131     6407771.232        3898.544  1
   1982   2130      954727.961        1605.569  1
   2199   2130     2337712.246        1199.089  1
   1937   2130     1291554.387        1871.163  1
   1896   2130     1114066.682        2232.730  1
   1849   2130     5116700.194        2014.198  1
   1895   2130     8697472.115        1429.601  2
   1935   2130     2838593.048        1289.932  1
   1893   2130     1054365.999        1056.544  1
   2179   2130     3507965.379        1246.387  1
   1808   2130      886705.312        1373.575  1
   1767   2130     1345339.516        1889.044  1
   1729   2130     3737202.906        3303.994  1
   1642   2130     2617934.705        2641.245  1
   1520   2130     1234068.225        1041.446  1
   1521   2130     1155854.415        1844.810  1
   1477   2130     1474382.148        1908.397  1
   1476   2130     4469361.839        1306.490  2
   1475   2130      735602.263        1499.013  1
   1436   2130     1340318.228        1351.085  1
   1434   2130      820660.341        1673.292  1
   1437   2130     1765571.009         603.169  1
   1398   2130     1111772.459        2056.507  1
   1353   2130      896436.537        1759.612  1
   1352   2130     2720394.882        3091.137  1
   1396   2130    10528032.674        2783.974  2
   1269   2130     1450814.342         998.587  1
   1266   2130     2430126.114        2029.468  1
   1223   2130     1194742.811         988.567  1
   1183   2130     3088091.051        3067.498  1
   1267   2130    10335314.321        2280.283  2
   1226   2130     1256825.074        2178.552  1
   1186   2130     1023879.431        2087.387  1
   1146   2130     5441910.673        4728.679  1
   1145   2130     4908569.161        4148.284  1
   1185   2130    12337532.915        1061.144  2
   1143   2130      659933.556         988.516  1
   1096   2130     1511745.114        2275.731  1
   1144   2130     3502570.776        1200.015  2
   1053   2130      852181.702        1795.282  1
   1052   2130     3611242.892        1282.252  1
   1051   2130     1078310.944        2300.108  1
   1097   2130     9352939.897        1647.533  2
   1393   2130     1954911.823         937.511  1
   1349   2130     3841809.496        2281.182  1
   1350   2130     6932003.509        1314.035  2
   1305   2130     1554910.582        1417.938  1
   1394   2130     1997515.779        2537.009  1
   1307   2130     2491361.434        2590.494  1
   1270   2130     1633359.775        1646.467  1
   1351   2130     8960472.455        2126.203  2
   1518   2130     2721964.894        3001.005  1
   1599   2130     1514911.362         805.954  1
   1561   2130     2357828.283        1381.324  1
   1598   2130     5227863.174        2010.250  2
   1688   2130   116906408.333       14916.043  3
   1686   2130     1764894.289        1282.238  1
   1685   2130     2692302.032        1638.233  1
   1639   2130     1818354.477        1405.670  1
   1596   2130     1071931.382         914.328  1
   1558   2130     2253022.821        1358.910  1
   1597   2130     7414873.431        1295.950  2
   1516   2130     2310093.597        1947.483  1
   1473   2130     3501615.672        1596.105  1
   1559   2130    10971938.989        3265.644  2
   1687   2130    27568107.219        3531.907  3
   1727   2130     1877339.583        1887.159  1
   2130   2130   196126825.284       10753.423  4
   2128   2128     2015991.629        1106.958  1
   2126   2126     2813237.479         994.255  1
   2125   2125     3043644.484        2162.397  1
   2124   2124     1790765.122        1170.171  1
   1980   2123     2617073.781        1193.150  1
   1979   2123     3596620.310        3088.173  1
   1892   2123     2853510.082        1263.153  1
   1891   2123     4049037.008        2503.871  1
   1807   2123      811226.288        1697.025  1
   1805   2123      663899.454        1917.839  1
   1766   2123     1615936.353        1396.335  1
   1765   2123     6393320.894        3188.674  1
   2123   2123    37777717.770        7581.421  2
   2121   2121     3145720.244        2043.815  1
   2119   2119     2824854.185        2268.163  1
   1977   2117     2904560.220        1967.434  1
   1975   2117     1344791.686        1063.993  1
   1890   2117     4855542.476        2103.980  1
   1803   2117      793548.412        1316.156  1
   1763   2117     1359882.730        1956.932  1
   1804   2117     6704378.843        4410.148  1
   1888   2117      986894.724        2059.989  1
   2016   2117     1480709.047         921.375  1
   2117   2117    33816818.876        6801.754  2
   2115   2115     2133617.775         983.454  1
   2015   2113      962500.894        1561.686  1
   2014   2113      880193.103        1224.721  1
   1974   2113      864100.358        1421.359  1
   1931   2113     1382725.711        1891.463  1
   1929   2113     1803111.964        1174.898  1
   1887   2113     1215807.455        1576.933  1
   1885   2113     1099521.827        1362.582  1
   1843   2113     1078834.846        1848.889  1
   1841   2113     3889900.394        4040.118  1
   1802   2113     1966198.098        1198.160  1
   1800   2113     1543666.515        1790.358  1
   1762   2113     1346047.311        1865.879  1
   1724   2113     3848247.301        3020.203  1
   1681   2113      810682.358        1977.946  1
   1679   2113     1773957.853        1052.157  1
   1682   2113     1683021.875        1511.808  1
   1638   2113     3400502.439        3541.779  1
   1595   2113     2067324.502        2302.164  1
   1557   2113     1324779.775        2240.604  1
   1556   2113     1710021.570         941.823  1
   1593   2113      931912.709         704.459  1
   1636   2113    18877506.039        4569.746  2
   1634   2113     1800420.081         751.081  1
   1591   2113     3981804.194        2900.376  1
   1635   2113     7417785.087        1396.933  2
   1554   2113     2029458.111        2242.455  1
   1511   2113     1340331.949        1270.647  1
   1469   2113     3575766.761        3484.599  1
   1428   2113      760622.357        1569.603  1
   1468   2113     1347522.469         951.511  1
   1425   2113     2321362.143        1244.226  1
   1426   2113     5334576.605        1690.743  2
   1388   2113     1170942.878        1963.940  1
   1386   2113     2514092.380        4231.554  1
   1343   2113     1340606.841        1394.993  1
   1341   2113     1616065.378        1816.083  1
   1300   2113     1308434.918         605.901  1
   1299   2113     1050491.291        1352.138  1
   1342   2113     6251998.872        1559.006  2
   2202   2113     1876940.294        1301.464  1
   1260   2113     1071410.612        2024.172  1
   1218   2113     1170805.859        1651.994  1
   1217   2113     1870929.753        1255.327  1
   1179   2113      780071.163        1981.576  1
   1177   2113      944302.343        1828.772  1
   1138   2113     1427924.316         741.011  1
   1092   2113      812952.277         983.824  1
   1136   2113     2354810.845        2627.214  1
   1301   2113    24116571.208        6541.745  2
   1553   2113    60339227.029        6536.336  3
   1513   2113     1539610.226         727.154  1
   1514   2113     1261799.849        2189.364  1
   1472   2113     3827812.147        3137.325  1
   1431   2113     5314211.066        3660.110  1
   1390   2113      648255.849        1308.926  1
   1391   2113     1786726.577        2088.097  1
   1347   2113     3600555.508        3210.161  1
   1304   2113     1088222.969        1447.230  1
   1265   2113     2801618.622        2049.605  1
   1222   2113     3859028.051        2501.229  1
   1141   2113     4113521.883        2543.881  1
   1140   2113     3468688.177        1038.653  1
   1180   2113     2678489.450        3211.878  1
   1346   2113    35633831.980        6162.807  2
   1344   2113     1550429.812        2074.002  1
   1262   2113      814976.206        1670.984  1
   1220   2113     4514883.499        4386.619  1
   1219   2113      988061.335        1984.921  1
   1302   2113      966293.614        1628.379  1
   1345   2113    17062283.719        4441.753  2
   1429   2113     2724579.105        1925.196  1
   1512   2113    78767994.560        5674.348  3
   1759   2113     1785267.710        2104.352  1
   1722   2113      697945.334        2043.485  1
   1678   2113     1719421.877        1681.460  1
   1760   2113     9117910.491        2453.194  2
   2113   2113   229211877.856       13190.452  4
   2013   2111     8204251.007        4443.043  1
   1972   2111      560053.995        1864.026  1
   2111   2111    12063198.250        1236.253  2
   2110   2110     2083759.041        1086.306  1
   2108   2108     7655724.470        4089.804  1
   2107   2107     1454315.553         975.615  1
   2106   2106     1355363.199        1099.900  1
   2012   2105      913785.002        1888.357  1
   1969   2105     1119773.516        2144.744  1
   1967   2105      470613.329        2206.746  1
   1926   2105     2056368.010        2215.686  1
   1924   2105     2122635.644        1908.997  1
   1882   2105      750845.672        1472.012  1
   1881   2105     1186372.987        1950.941  1
   1795   2105     1203802.626        1739.975  1
   1755   2105     3823959.726        2951.562  1
   2181   2105     8868766.226        2418.148  2
   1883   2105      722599.923        1632.850  1
   1840   2105      734533.007        2091.815  1
   1839   2105     4727354.980        1886.081  2
   1837   2105     1685229.089        2000.815  1
   1798   2105     1400816.509        2097.893  1
   1758   2105     1334086.455        2130.454  1
   1756   2105      685326.859        1830.513  1
   1721   2105     3337016.135        2024.339  1
   1676   2105      418416.142        1324.405  1
   1677   2105     1109021.474        1518.203  1
   1633   2105     1372189.602        2300.720  1
   1590   2105     2103515.164        1722.730  1
   1632   2105     7576590.898         696.037  2
   1551   2105     3235708.904        2212.858  1
   1467   2105     1088819.912        2110.995  1
   1424   2105     1242227.477        1414.211  1
   1423   2105     2088742.264        1092.148  1
   1589   2105    19195470.003        4898.531  2
   1630   2105     7330355.989        5825.244  1
   1718   2105     1011055.614        2295.519  1
   1673   2105      906519.484        1645.731  1
   1628   2105     3037229.154        2064.612  1
   1586   2105      833209.334        2070.572  1
   1548   2105     4979750.547        2489.479  1
   1719   2105    21990216.892        4610.163  2
   2105   2105   116005346.970       11983.733  3
   2104   2104     2944402.355        1082.608  1
   2102   2102     7307379.397        4392.105  1
   2101   2101     2281160.593        1011.588  1
   2100   2100     2511910.900        1912.648  1
   2099   2099     1203271.702         903.222  1
   1965   2097      995520.513        2174.916  1
   1922   2097     2313393.645        1406.190  1
   1880   2097     1032019.601        2331.284  1
   1836   2097     2260395.324        1420.788  1
   1794   2097     6395710.743        4483.638  1
   1879   2097    12944464.881        1608.428  2
   1920   2097      838135.015        1392.947  1
   1877   2097     2288018.742        1847.424  1
   1793   2097      595099.355        1367.756  1
   1753   2097     6071013.620        3045.009  1
   1835   2097     8775095.923        1602.715  2
   1752   2097     1178072.643        2259.756  1
   1751   2097     1160786.857        2316.052  1
   1834   2097     7269012.507        1491.836  2
   1963   2097     2165155.269        1970.262  1
   2097   2097    52430382.004        5676.610  3
   2095   2095     2258808.948        1256.893  1
   2007   2093     1023405.293        1221.992  1
   1962   2093     1846744.597        1514.418  1
   1919   2093      938048.001        1944.468  1
   2093   2093     8790320.772        2050.236  2
   2091   2091     2501964.225        1060.710  1
   2044   2044     1840528.618        1907.183  1
   2004   2004     1862238.893        1788.283  1
   2003   2003     2851542.503        2106.498  1
   1961   1959     1600247.658        1723.593  1
   1918   1959      779606.228         963.697  1
   1959   1959     5071769.797        1134.754  2
   1958   1958     2326745.615        1134.335  1
   1956   1916      972018.686        2267.006  1
   1914   1916     1793045.833        2197.405  1
   1870   1916      900943.370        2110.227  1
   1916   1916     7276005.886        1096.091  2
   1873   1873     7160036.413        3980.684  1
   1872   1872     2322925.366         989.026  1
   1830   1830     2589927.397        2114.381  1
   1829   1829     1689719.250         815.921  1
   1827   1789     3813500.878        3462.671  1
   1826   1789     2795381.711        3143.418  1
   1786   1789     4754315.996        3638.342  1
   1746   1789     3491291.208        2699.430  1
   1789   1789    22324120.469        3844.113  2
   1833   1748     1109268.181        2170.335  1
   1832   1748      650093.353        1072.706  1
   1792   1748     1056268.419        1887.106  1
   1750   1748     2066343.046        2115.652  1
   1712   1748      957790.457        1393.100  1
   1748   1748    14147042.451        3678.207  2
   1710   1710     8421614.654        5529.139  1
   1667   1667     8472781.151        5405.947  1
   1666   1666     1576497.748        1048.313  1
   1621   1621     1671038.800        1215.121  1
   1617   1579     3512513.877        2350.522  1
   1661   1579     1317371.747        1093.139  1
   1615   1579     2081450.319        1227.693  1
   1575   1579     8183580.570        3176.210  2
   1537   1579     1533328.111         938.841  1
   1574   1579     1170690.504        1368.424  1
   1573   1579     1349227.638        1283.256  1
   1533   1579     2434127.177        1648.948  1
   1493   1579      709765.257        1396.251  1
   1492   1579      580581.065        1939.843  1
   1494   1579     2047968.529        1379.970  1
   1536   1579    16494962.950        5597.144  2
   2224   1579     1922790.395        2366.438  1
   2223   1579      723893.244        1114.701  1
   1664   1579      514833.789        1669.239  1
   1619   1579      878815.987        1078.967  1
   1618   1579     1781695.786        1481.585  1
   1579   1579    46072708.830        5206.042  3
   1624   1540      901179.350        1210.428  1
   1623   1540      561073.481        1458.206  1
   1670   1540      600908.887        2020.527  1
   1672   1540      942233.085        1939.905  1
   1671   1540     2807582.539        2141.009  1
   1626   1540     3446562.627        4035.961  1
   1625   1540     9856241.638        1171.898  2
   1584   1540     6892199.369        5660.826  1
   1546   1540      516884.793         582.957  1
   1504   1540     2550553.949        1365.678  1
   1503   1540      866945.798         939.124  1
   1544   1540     7555263.360        2905.915  2
   1542   1540     2284988.587        1727.318  1
   1581   1540     1952339.390         605.977  1
   1501   1540      796297.142        2198.437  1
   1500   1540      803200.277        1041.452  1
   1540   1540    44102032.409        6001.795  3
   1539   1539     2749788.561        1063.850  1
   1498   1498     3474597.681        3227.305  1
   1502   1457      486349.889        1416.198  1
   1461   1457     3118554.687        2063.951  1
   1419   1457     1008971.023         898.932  1
   1418   1457     1578358.959        1139.333  1
   1417   1457      422570.756        1057.222  1
   1457   1457    17841209.058        5986.704  2
   1456   1456     2564380.592        2226.384  1
   1414   1374      894076.846        1465.532  1
   1454   1374     1518668.349        2177.550  1
   1413   1374     3865394.681        2573.094  1
   1412   1374     1923114.679        1129.332  1
   2190   1374      969077.390        1392.365  1
   2188   1374     1089566.796         702.426  1
   1452   1374     1469733.073        1556.624  1
   1491   1374      622312.271        1116.950  1
   1450   1374     1080724.986        1130.590  1
   1410   1374     1472070.273        1784.218  1
   1368   1374      953367.498        1069.860  1
   2189   1374    13839159.452        4373.796  2
   1367   1374      852263.738        1473.734  1
   1409   1374     3399301.136        1603.780  1
   1365   1374     2315512.529        1886.157  1
   1366   1374     8617471.391         825.435  2
   1321   1374      351252.982        1986.014  1
   1281   1374     2233023.122        1720.716  1
   1322   1374     5160535.732        2063.496  2
   1283   1374     2508873.502        2419.397  1
   1240   1374      365551.928        1127.168  1
   1239   1374     1365260.268        1295.587  1
   1282   1374     4038655.166        1808.178  2
   1284   1374     4497845.542        1773.951  1
   1285   1374     5158331.083        1685.387  1
   1326   1374     3751222.815        2157.357  1
   1327   1374     3571307.538        3103.923  1
   1328   1374     2610702.768        1481.038  1
   1329   1374      591263.945        1478.967  1
   1374   1374    87959610.420       13810.571  3
   1376   1331     2623061.709        1257.707  1
   1377   1331      810242.077        2240.644  1
   1334   1331     1769767.867         957.150  1
   1379   1331     2057673.823        1321.377  1
   1378   1331      733419.323        1543.677  1
   1335   1331     5529088.612         761.879  2
   1464   1331     1601741.654        1417.803  1
   1463   1331     3044725.037        2560.186  1
   1462   1331      853074.697        1879.641  1
   1420   1331     1416430.135        1432.857  1
   1380   1331     3260428.625        1321.209  1
   1338   1331     6756817.321        4935.355  1
   1337   1331    25126444.525        4166.402  2
   1336   1331      529477.237         556.937  1
   1294   1331     1754794.670         822.680  1
   2196   1331     1055531.802        1709.614  1
   1384   1331     1399802.686        1935.431  1
   1383   1331     1916184.522         869.515  1
   1339   1331     1158632.539         754.743  1
   1297   1331     2131954.566        1690.174  1
   1296   1331    10518858.905        3237.463  2
   1295   1331      597053.835        1314.137  1
   1257   1331      820322.510        1114.747  1
   1298   1331     3187185.634        1471.555  1
   1259   1331     4165110.882        3344.387  1
   1215   1331      598823.115        1107.238  1
   1175   1331     1419217.111        1417.268  1
   1214   1331    14831285.733        2304.779  2
   1176   1331     1659486.025        2143.959  1
   1134   1331     2130877.497        3311.838  1
   1135   1331      725349.240        1377.573  1
   1090   1331      736271.030         756.774  1
   1089   1331     3788949.682        1387.828  2
   1044   1331     1455319.689        2389.231  1
   1042   1331     1018897.889         690.776  1
   1002   1331     1219408.619        2355.422  1
   1001   1331     4426374.216        1080.092  1
   1043   1331    10865460.059         917.680  2
   1041   1331     1935762.478        1393.964  1
   1000   1331      621100.867        1991.503  1
   1087   1331     5010971.048        1096.530  2
   1086   1331      546975.782        1225.984  1
   1132   1331     3639629.665        2005.421  1
   1131   1331      759556.232        2290.540  1
   1212   1331     2088969.148        1937.520  1
   1211   1331     1159157.362         978.559  1
   1210   1331     1572081.047        1097.026  1
   1253   1331     2299846.121        1776.213  1
   1252   1331     1460789.012         902.678  1
   1251   1331     3744238.373        1993.307  1
   1250   1331     1490381.911        1761.478  1
   1331   1331   145124139.917       21531.010  3
   1289   1289     2692934.676         853.358  1
   1288   1288     2596622.105        2085.464  1
   1206   1206     2520066.822        1992.369  1
   1247   1205     1088091.302         650.526  1
   1246   1205     1544901.545        1090.175  1
   1245   1205     1865387.518        1920.939  1
   1202   1205     4693563.380        4178.558  1
   1205   1205    16342685.455        3082.440  2
   1208   1166      888885.651        1483.807  1
   1168   1166     1390034.634         935.187  1
   1166   1166     5241613.398        2004.956  2
   1164   1122      746289.860        1098.697  1
   1163   1122     1331390.419         781.375  1
   1200   1122      470594.970        1090.910  1
   1161   1122     1446604.723        1976.714  1
   1118   1122     2064339.208        2061.273  1
   1074   1122     1368407.083        1002.076  1
   1073   1122      809373.953        2057.190  1
   1075   1122      919598.205         791.333  1
   1122   1122    23995243.427        8317.182  2
   1124   1077      801682.828        1328.278  1
   1170   1077     3175844.075        1497.727  1
   1169   1077     1410114.354        1451.533  1
   1171   1077     1467023.106        1478.007  1
   1172   1077      871620.265        1224.592  1
   1130   1077      953361.729        1992.767  1
   1084   1077     3150220.046        3200.538  1
    998   1077     2375582.676         737.000  1
    997   1077      751930.153        1094.419  1
   1082   1077     3874839.579        2661.570  1
   1126   1077    32833175.620        9140.792  2
   1125   1077     1491041.263         935.292  1
   1081   1077     6198168.344        3652.844  1
   1036   1077     3906124.859        2015.657  1
   1080   1077    11390846.330        1941.325  2
   1035   1077      691199.008        1414.793  1
    994   1077     2356598.922        1983.625  1
   1034   1077     2279994.869        1245.815  1
   1077   1077    61398123.641        4113.060  3
    992    992     2467320.276         838.982  1
   2177    991     1322204.232         433.740  1
   2175    991     1337805.552         744.059  1
   1030    991     1653114.997         867.480  1
   1029    991      505516.153        1501.576  1
   1028    991     1473982.768        1088.413  1
   1072    991      580182.146        1744.361  1
   1071    991     1396964.510        1274.512  1
   1117    991     1026883.321        2054.613  1
   1116    991     6371104.663        3033.836  1
   1115    991     3132918.903        2594.948  1
   1198    991     1577539.401        2169.247  1
   1158    991     2497482.491        2894.463  1
   1114    991     7122140.404        2275.964  2
   1157    991      678186.212        1736.400  1
   1112    991     1525899.736        2137.786  1
   1068    991     7418335.664        3410.355  2
   1024    991     1189783.466        1328.939  1
   1025    991     1058565.184        1192.541  1
    985    991     1273384.784        1279.275  1
    986    991      571011.388         976.485  1
    987    991    47490557.434        8453.816  3
    949    991     1372229.052        1362.149  1
   2186    991      999470.725         685.800  1
    947    991     1077035.972        1339.107  1
    946    991     1181280.089        1189.604  1
    945    991     3723466.930        1939.104  1
    983    991     1460583.616        1314.405  1
   1023    991     1070762.696        1710.485  1
   1022    991     2257003.460        2038.435  1
   1066    991     3308109.996        2195.543  1
   1065    991     4044626.142        3397.337  1
   1021    991    10486223.760        2306.095  2
    981    991     5394217.898        6080.784  1
    980    991      839645.502        1198.546  1
    979    991     1078993.207         840.830  1
    978    991     1379094.814        2328.515  1
    939    991     1201711.738        1759.340  1
    898    991     1457205.163        1278.351  1
    897    991     1696891.421        2266.484  1
    899    991     1019790.532        1324.144  1
    942    991    17343204.911        5273.835  2
   2219    991     1449827.127        1711.353  1
    816    991     1376692.832        1784.623  1
    817    991     1004330.728        1690.970  1
    860    991     1932342.650        1187.545  1
    901    991    13202989.216        5213.590  2
    902    991    65869069.624        6632.516  3
    774    991      619785.390         808.769  1
    732    991     2702068.536        1216.816  1
    691    991     2289245.851        1935.806  1
    733    991      948684.267        1680.457  1
    819    991     4354425.386        4224.544  1
    861    991    18009973.116        3541.076  2
   2198    991     2049381.975        1584.034  1
    734    991      438980.386        1237.793  1
    776    991     5480582.998        2150.946  2
    862    991    25981912.336        1568.425  3
    864    991     6818207.157        3416.185  1
    863    991     1864127.239        2389.413  1
    905    991     2157283.400        2127.266  1
    865    991     1855966.681        1704.845  1
   1031    991      936918.740        1230.211  1
    950    991      614163.425        1021.990  1
    991    991   185179666.932       12141.895  4
    953    953     6122983.353        3807.180  1
    952    952     3674527.141        2916.055  1
    909    909     4463606.556        4305.320  1
    908    908     1613363.506        1020.093  1
    868    868     2771255.704        1211.942  1
    870    827      769118.965        1547.868  1
    830    827     1114024.713        1891.985  1
    829    827     1594489.679        1265.791  1
    916    827     4010812.166        2055.052  1
    915    827     1519965.997        1002.607  1
    873    827     7860714.114        2270.826  2
    914    827     2421287.463        2462.100  1
    913    827     3238496.950        1334.933  1
    872    827     7043828.350        1170.688  2
    871    827     1327215.810        1276.931  1
    833    827      873048.761        1609.849  1
    832    827      504732.849        1129.843  1
    874    827      954441.821        2122.288  1
    917    827     1209937.562        2064.168  1
    999    827     2990638.196        1065.234  1
    961    827      922223.243        1326.349  1
    919    827      605446.094        1509.544  1
    958    827      782901.803        2004.131  1
    918    827     3391390.714        3260.641  1
    876    827     3671348.738        3416.390  1
    835    827      929459.572        1647.249  1
    834    827    27531797.043        7248.217  2
    791    827      581397.920        1814.132  1
    749    827     3799675.890        2094.605  1
    790    827     6977816.682        2295.266  2
    705    827     1038064.023        2086.385  1
    704    827     1760046.446         826.354  1
    703    827     4553949.415        3088.924  1
    747    827    11821862.686        2604.933  2
    746    827     2423784.541        1103.799  1
    745    827      483438.062        1122.576  1
    744    827     3467337.191        2925.585  1
    701    827     1149293.785        2072.681  1
    743    827     3179993.438        1384.398  1
    742    827      700690.341        1451.983  1
    785    827      948298.090        1091.896  1
    827    827   105056354.346       11912.184  3
    826    826     4346141.511        3251.518  1
    824    783      823111.796        1086.408  1
    823    783     2946865.630        1718.992  1
    822    783      637864.430        1463.139  1
    778    783      719878.592         660.663  1
    735    783     1184238.328        1880.077  1
    693    783      482652.600        1164.240  1
    695    783      615565.843        2051.013  1
    737    783     1781343.273        1370.182  1
    738    783     1968201.504         881.853  1
    783    783    28442800.154        8846.548  2
    740    740     2991586.131         894.759  1
    698    698     3041626.497        2939.409  1
    697    697     2483462.315         981.433  1
    660    660     1505353.244         894.863  1
    662    620      739556.310        1172.860  1
    664    620      867350.608        1100.136  1
    663    620     1805474.254         991.909  1
    665    620     2000604.164         815.316  1
    667    620     1833973.710        1883.587  1
    666    620     1679805.199         936.643  1
    626    620     2225001.603        2170.461  1
    581    620     2797997.954        2807.194  1
    580    620      663169.750        1025.688  1
    579    620     1758832.344        1215.344  1
    539    620      938079.310        2117.663  1
    578    620     2236382.349        2228.830  1
    577    620     2261799.946        1166.778  1
    576    620      727465.730        1056.589  1
    620    620    40070274.486        9283.441  2
    658    619     1931809.792        1035.090  1
    657    619     1746360.252        1334.982  1
    656    619     1511174.750        1297.256  1
    694    619     1196134.306        1948.886  1
    655    619     1851130.712        1206.249  1
    692    619      675020.876        1488.271  1
    653    619     1153466.341        1997.839  1
    613    619     2373940.009        2240.911  1
    570    619     2021014.670         930.687  1
    571    619     2384974.441        1039.632  1
    572    619     1139988.998        1224.244  1
    573    619      754532.982        1356.402  1
    619    619    40378311.722       10519.544  2
    536    536     3163011.807        1964.278  1
    534    489      475088.307         764.129  1
   2171    489     1679419.212         528.378  1
    532    489      786933.614        1318.293  1
    531    489      904922.823        2169.952  1
    530    489     2008633.493         599.672  1
    569    489      682750.569        1696.448  1
    528    489     1228626.572        2282.819  1
    483    489     1954887.808        1883.193  1
    445    489     2584835.404        3327.607  1
    446    489      752458.915        2316.401  1
    485    489    17899495.174        5936.713  2
    448    489      847731.369        1222.765  1
    409    489     2485285.625        1116.561  1
    408    489      690822.335        1680.090  1
    447    489     5564863.497        2027.052  2
    533    489      880058.310        1089.409  1
    489    489    39190912.434        4248.982  3
    491    450     3088364.767        3186.498  1
    540    450     2016290.199         957.586  1
    497    450      744710.999        2091.128  1
    456    450      922502.035        2245.565  1
    494    450     1379534.984         588.880  1
    455    450     2440160.528        2297.084  1
    493    450      415956.801        1433.193  1
    417    450     5170003.266        3452.609  1
    416    450      837359.319        1092.586  1
    454    450    24577894.037        5679.271  2
    453    450     1505650.863        1139.294  1
    375    450      638131.929        1328.638  1
    339    450     2424152.371        1908.198  1
    298    450     1778716.019        1484.323  1
    297    450     1198571.081        1292.596  1
    337    450     1936309.340        1414.894  1
    374    450    14453807.597        2800.568  2
    373    450      707986.613        1402.220  1
    414    450     1966591.926         782.936  1
    450    450    53685863.976        4205.066  3
    410    371     2611552.824        1934.809  1
    369    371      865690.868        1113.965  1
    371    371     9129113.522        2331.325  2
    335    335     4077850.377        2248.855  1
    334    334     2851220.116        2208.190  1
    332    293     2711489.837        1323.720  1
    290    293      780092.689        1750.936  1
    248    293     2164380.548         648.727  1
    247    293      929695.299        1835.002  1
    293    293    13003755.855        3224.663  2
    296    250     1572880.240        2100.931  1
    295    250      857423.149         784.142  1
    252    250      865631.014        2318.669  1
    211    250      772755.508        1834.991  1
    250    250     8653524.505        1895.418  2
    209    209     2641265.821        2009.190  1
    208    208     2598730.818        1251.977  1
    167    167     2802207.533        1822.948  1
    166    166     4029960.052        3030.699  1
    125    125     4385276.317        1932.389  1
     78     78     2208485.757         925.405  1
    205     76      908713.127        1818.636  1
    164     76     1451528.290         746.634  1
     76     76     7188114.322        1820.261  2
     74     74     3881562.823        2383.650  1
   2169     72     1973403.634        2500.076  1
    330     72      636566.249        1288.700  1
    368     72     1474976.783        1548.363  1
    407     72     1775935.726        1207.550  1
    406     72     1748500.865        1929.006  1
    328     72     1429969.593        2027.742  1
    289     72      887868.797         742.747  1
    246     72     4725163.584        3688.315  1
    245     72     2142125.321        2477.639  1
    202     72     1419202.204        1942.326  1
    119     72     1107933.937         898.633  1
     72     72    36221372.948        7533.759  2
    160     69      541597.707        1594.122  1
    159     69     8426201.987        3676.201  1
     69     69    12212482.618        1055.914  2
    158     65      977930.976        1988.621  1
    200     65      955865.078        2007.799  1
    327     65     3356261.991        2367.151  1
    326     65     3142645.135        2398.125  1
    286     65     8789286.412        1665.208  2
   2201     65     3741715.983        2420.223  1
    568     65     3075933.808        1386.347  1
    652     65     1066499.657        2015.639  1
    612     65     2624860.490        1173.727  1
    482     65      729158.234        1169.455  1
    526     65     3668531.453        2699.920  1
    404     65     3776549.109        2296.485  1
    325     65      600481.277        1424.518  1
    285     65    35451171.025        9091.396  2
    284     65      731337.135        1420.132  1
    243     65     1205154.371        2159.649  1
    198     65     2088510.154         811.053  1
    117     65      880165.146        2106.905  1
     65     65    62214711.146        3971.396  3
     63     63     3580067.562        2236.913  1
    154     60     1945759.260        1881.915  1
    403     60     1000261.518        2084.317  1
    480     60     1123021.568        1818.544  1
    441     60     1842884.534        1365.960  1
    402     60     6111375.735        1193.429  2
   2207     60      618004.807         736.509  1
    731     60     3451033.673        1270.957  1
    690     60     1409840.660        2075.647  1
    689     60     7771563.994        1183.625  2
    772     60     4022540.293        3934.235  1
    730     60     1378438.920        1493.190  1
   2210     60      595949.523         507.988  1
    857     60     2145327.485        2086.067  1
    815     60     1024798.912        1269.975  1
    771     60     2596992.938        1386.605  1
    687     60     1746951.865        2219.516  1
    648     60     1237938.080        1025.580  1
    647     60      814009.387        2132.742  1
    688     60    23558074.047        5344.441  2
    650     60     3673692.703        3026.517  1
    610     60     2480410.917        2687.876  1
    609     60      631242.503        1631.267  1
    565     60      923126.796        1856.074  1
    525     60     1130384.763        1317.533  1
    608     60      384104.388         913.998  1
    607     60     2065909.869        1555.854  1
    524     60     6448595.933        2152.151  2
    562     60      775620.677        1360.447  1
    522     60     2104437.483         759.978  1
    523     60     4506893.042        2291.719  2
    478     60      793408.266        2226.900  1
    440     60     2871677.480        3528.234  1
    400     60     2929380.841        2517.178  1
    363     60     3389730.160        2646.915  1
    324     60     1257874.351        1253.397  1
    323     60      775061.653        1701.625  1
    282     60     1732549.505        1148.063  1
    322     60     1049847.808        1191.829  1
    321     60      852433.716        1756.932  1
    239     60      742333.733        1023.602  1
    240     60     7106361.897        2196.079  2
    197     60      775022.469        1259.966  1
     60     60   120375805.624       16257.272  3
     58     58     2391871.980         875.734  1
    280     56      973138.162        1057.881  1
    279     56     1313600.102        1644.853  1
    237     56     2149099.580        1413.693  1
    153     56     1890451.544        1037.184  1
     56     56    16646204.831        4227.190  2
     54     54     3506002.859         804.040  1
    278     52     8322507.253        4674.185  1
    195     52      691649.537        1574.883  1
    236     52    11877492.726        1803.723  2
    194     52      498322.423        1169.935  1
    437     52     2555070.958        3797.507  1
    646     52     3403946.934        1686.136  1
    606     52     2108095.898        1192.771  1
    561     52      888590.582        1700.336  1
    560     52     1560410.012         874.599  1
    604     52    11613107.291        3035.066  2
    770     52     8415893.032        5638.844  1
    728     52     2377940.881        1907.806  1
    686     52     1045823.409        1453.402  1
    603     52    19158331.830        4283.801  2
    520     52     1923167.971        3179.568  1
    475     52     1659047.970        1463.025  1
    436     52    42851576.888        4272.210  3
   2197     52     2323423.560        1183.663  1
    769     52    11838071.210        7135.613  1
    812     52     2469343.818        1385.048  1
    894     52     1552618.969        1978.437  1
    976     52     1331525.425        2253.016  1
    937     52     1620650.481        2225.610  1
    768     52    18823617.646        4164.370  2
    936     52     1115308.664        1903.363  1
    935     52     1391464.194        1078.143  1
    934     52     1311466.669        2179.607  1
    851     52     2912795.771        3252.176  1
    809     52     1619949.785        1215.666  1
    766     52     2146833.213        1051.271  1
    767     52    20873570.402        5724.018  2
    725     52     1506082.903        2215.413  1
    685     52      787127.391        1365.682  1
    643     52     2817729.089        1786.548  1
    558     52     4473768.909        3570.643  1
    474     52     2096944.454        2103.289  1
    434     52     1296792.122        1721.924  1
    435     52    85920599.389        9275.796  3
    438     52     2563589.006        2946.184  1
    398     52     1005959.533        2041.219  1
    397     52     8691948.250        2267.668  2
    360     52     1114976.891         806.953  1
    395     52      412865.938        2007.562  1
    359     52     3070372.059        1470.919  1
    319     52     1132864.013        2122.954  1
    277     52     1527020.490        1596.091  1
    234     52     1661130.158        1145.163  1
     52     52   182364971.240        9006.545  4
     51     51     1687065.198         852.159  1
    192     49      605067.303        1325.305  1
    150     49     1203802.786         577.966  1
     49     49     5447748.641        1964.016  2
    358     47     2775205.037        1254.352  1
    394     47      956376.383        2015.630  1
    473     47     4107755.152        2947.617  1
    433     47     2021601.433        1688.286  1
    724     47      753058.296        1026.089  1
    723     47     4853265.790        3530.037  1
    642     47     1128465.194        1239.112  1
    600     47     1959318.639        1206.113  1
    392     47     1055497.677        2309.970  1
    316     47     2579438.207        1746.602  1
    276     47      911588.421        2068.363  1
    274     47      984234.606        1047.491  1
    233     47     1006911.584        1234.222  1
    231     47     1992672.245        1718.582  1
    191     47      732121.089        1370.030  1
     47     47    67294493.160       16197.296  2
     45     45     5342739.898        2251.460  1
     43     43     4638303.445        1988.008  1
    315     41     2438044.119        1849.098  1
    471     41     1132265.515        2238.389  1
    598     41     2529233.131        2816.508  1
    807     41      789954.394        2230.621  1
    764     41     2102062.520        2040.598  1
    763     41     5448928.046        1552.211  2
   2218     41      601527.529        1457.190  1
   2217     41      955398.622        1395.931  1
    891     41     3194060.107        1670.616  1
    848     41     4012036.909        3177.390  1
    806     41    13709123.312        4015.776  2
   1011     41     1148932.554        1831.298  1
    972     41      852094.480        1549.774  1
    931     41     4509109.441        2194.301  2
   1010     41     1231916.663        2222.416  1
    971     41     2799947.456        1722.134  1
    970     41     2492508.840        2023.637  1
    929     41      616952.467        1861.528  1
    930     41    11852422.181        1185.343  2
    888     41     1934029.676        1401.619  1
    846     41     1079338.783        1398.676  1
    803     41      620784.624        1390.471  1
    804     41     3677576.023        1004.293  2
    761     41     1703116.571        1597.694  1
    721     41      797898.774        1989.919  1
    719     41      795550.271        2148.326  1
    722     41      840370.021        1318.050  1
    683     41      844016.843        1710.202  1
    682     41     3887502.806        1369.148  2
    640     41     2039206.283        1774.613  1
    638     41     4506165.107        2951.659  1
    596     41     3116909.869        2285.547  1
    556     41     1221442.938        2050.684  1
    554     41     1138575.825        1594.415  1
    515     41     2598120.983        2313.248  1
    513     41     1325703.244         811.441  1
    469     41     3708337.582        3711.162  1
    431     41     1188188.270        2041.209  1
    429     41     1445357.288        2087.944  1
    390     41     2876818.617        3543.275  1
    356     41     2687822.091         974.390  1
    354     41     1477495.375        3041.772  1
    313     41     1615382.888        2123.311  1
    272     41     1707375.922        2273.100  1
    230     41     3490523.848        2083.960  1
    228     41     1382669.242        2763.289  1
    190     41      895951.169        1025.637  1
    188     41     1787522.895        2186.378  1
    144     41      965764.300        1705.348  1
    102     41      943828.968        2032.513  1
     41     41   149810582.275       21618.018  3
     37     37     4206902.873        2425.321  1
    142     35     2830524.678        2962.799  1
    186     35      553859.482        1516.542  1
    270     35     1764836.188        3180.175  1
   2191     35     3094156.628        2476.614  1
    312     35     2258875.842        2054.906  1
    311     35     9278196.889        1758.480  2
   2193     35      472480.408        1009.209  1
   2215     35     5174913.183        2894.135  1
    969     35     1375439.636        1155.030  1
    968     35      680851.997        1352.159  1
    887     35      755109.689        1358.218  1
    927     35      959634.649         805.567  1
    885     35      585756.696        1413.213  1
    845     35     1984493.031        1611.702  1
    801     35      639639.074        2066.067  1
    800     35     1945345.605        1239.751  1
    758     35     1082466.245         853.346  1
    757     35    21915605.908        6871.177  2
   1007     35      577311.671        1964.468  1
   1009     35     1401082.633        2151.859  1
   1050     35     2219416.137        1091.800  1
   1049     35      745809.742        1509.934  1
    843     35      746945.426         862.195  1
    884     35    16527640.218        5394.637  2
    925     35     8338249.960        5736.828  1
    965     35     3339333.531        2108.959  1
   1047     35     1890066.365        1780.680  1
   1004     35     1268463.359        1282.287  1
    923     35      746113.545        2085.639  1
    882     35     1063651.548        2281.126  1
    841     35     1089086.922        1698.973  1
    796     35     1444359.366        1951.816  1
    842     35    31129032.803        5134.633  2
    797     35     3397732.305        2702.473  1
    713     35     1783878.311        2371.508  1
    715     35      650658.873        1130.627  1
    678     35      650771.830        1263.493  1
    634     35     1368604.453        1351.329  1
    716     35      900899.311        2118.372  1
    759     35     1340201.540        1787.316  1
    760     35     3468927.342        2701.971  1
    718     35     1317692.329        2025.487  1
    680     35     1859576.554        1280.340  1
    637     35     1536657.925        1817.950  1
    594     35     1818585.317         743.068  1
    593     35    22130458.111        5580.686  2
    592     35     2630355.853        3872.268  1
    551     35      857140.893        1700.296  1
    549     35     1804253.127        2071.103  1
    507     35     3978369.244        2741.530  1
    465     35     4565383.619        1539.709  1
    508     35      827680.111        1157.102  1
    425     35     1362675.496         803.024  1
    509     35     3822586.217        3343.612  1
    595     35     2770970.638        1898.897  1
    553     35     1320899.847        1246.865  1
    511     35     1919537.193        1150.406  1
    468     35      656054.788         712.632  1
    427     35     2313388.662        1947.765  1
    388     35      874290.101        1368.060  1
    426     35    22655423.373        4637.749  2
    352     35     3801259.616        2834.391  1
    351     35      728528.756        2169.459  1
    267     35      964146.378        1336.974  1
    309     35     5481369.959        1706.578  2
    268     35      951474.255        1109.758  1
    224     35     2632847.119        1936.066  1
    185     35     4017601.347        2285.215  1
    183     35     1268334.027        1181.133  1
    140     35     1670828.105        1383.333  1
     99     35      865363.279        1063.880  1
     35     35   220494518.430       20456.272  3
     32     32     2105300.350         968.560  1
    182     30     3950887.352        2776.709  1
    139     30     2493134.082        1002.253  1
     30     30    10439155.046        1225.277  2
    181     26     3471982.420        1868.236  1
    266     26      854579.516        2253.857  1
    265     26     1435200.698         796.556  1
    222     26     4431923.073        1567.956  2
   2173     26     2126892.569        1259.516  1
   2184     26     4662748.832        1988.442  1
   2183     26      843211.204        1140.472  1
    385     26      529093.049         671.618  1
    308     26     1608156.985        2097.650  1
    264     26    14462932.457        3947.034  2
    464     26     1469034.068        2274.537  1
    548     26     1713076.571        2199.072  1
    505     26     1008237.238        1886.086  1
    504     26     5494386.721        1604.575  2
    547     26     1165353.725        1973.400  1
   1046     26     1433029.161        1868.881  1
   1045     26     1320227.706         955.492  1
    963     26     1398917.143        1612.241  1
    921     26      910655.714        1923.796  1
    840     26     2581306.115         987.599  1
    754     26     1745376.584        1701.686  1
    794     26      771206.006        1073.369  1
    710     26     1942494.038        1289.547  1
    709     26      394623.300         829.559  1
    753     26    30259427.288        8640.614  2
    880     26      821208.956        1991.072  1
    839     26      654409.917        1343.954  1
    962     26      951341.507        2033.419  1
    920     26     1498825.039        1808.255  1
    793     26    11199299.698        3496.262  2
    878     26     2994087.564        2003.951  1
    837     26     1305733.116        1562.764  1
    792     26     7347652.357        2080.038  2
    751     26     4457963.719        3187.629  1
    707     26     1183769.399        1811.798  1
    674     26      596819.913         921.290  1
    711     26      759078.331        2159.940  1
    676     26      947004.337        2186.597  1
    590     26     3470357.392        3136.344  1
    589     26    12052786.281        3721.547  2
    672     26      480659.184        1030.983  1
    706     26     3067240.256        2030.489  1
    670     26      729765.748        1789.525  1
    630     26     2136258.985        2948.033  1
    586     26     1979989.343        2199.433  1
    587     26     3286982.246        3102.331  1
    588     26    18553168.746        4200.005  2
    545     26     1299031.296        1654.913  1
    502     26     3886832.872        3132.218  1
    462     26     5247862.218        2798.613  1
    423     26     1162540.563        1839.691  1
    421     26     1395549.026        2147.573  1
    384     26      920903.831        1307.033  1
    383     26      741374.545        1538.140  1
    349     26     1773990.584         854.226  1
    306     26      431208.165        1388.444  1
    382     26      686452.747        1512.531  1
    346     26      816392.271        1278.549  1
    304     26     1952308.367        1070.589  1
    305     26     7574422.680        2675.866  2
    261     26     2177160.603        1170.112  1
    178     26     1108506.279        2084.953  1
    262     26     5145423.241         777.082  2
    179     26      589439.038         639.622  1
    137     26     1627161.850        1296.905  1
     96     26     1589120.466        2292.766  1
     26     26   193519410.858       19143.678  3
     24     24     3957437.896        2722.159  1
    135     20      970831.762        2181.143  1
    303     20     9559343.817        4567.012  1
    260     20      604977.655        1743.957  1
    259     20     1631791.544        1566.687  1
    217     20      590895.480        1689.656  1
    218     20    16354278.149        2065.310  2
    177     20     1699187.483        1323.766  1
    220     20      906189.628        1216.517  1
    219     20      481961.284         598.180  1
    176     20     2182905.485        1187.550  2
    175     20      681535.128        2182.160  1
     93     20      971184.884        1948.129  1
     20     20    30606282.723        2177.450  3
     19     19     1827163.723        1250.855  1
     17     17     3407593.288        2339.482  1
   2178     15     2221163.274        1279.470  1
   2214     15     1369684.511        1295.182  1
    302     15     1774810.958        1998.090  1
    343     15     1821896.769        2351.980  1
    420     15     5062853.990        3552.945  1
    459     15     3186176.677        3572.218  1
    585     15     1277891.624        2164.535  1
    628     15     3925044.966        2223.378  1
    627     15      720542.529        1200.852  1
    583     15     1550331.315        1368.944  1
    499     15     3186282.853        2904.841  1
    498     15     2781379.302        2603.566  1
    457     15     1482158.190        2332.369  1
    418     15     2063585.962        1797.717  1
    380     15     1009029.072        1797.027  1
    378     15     1231113.314        1029.960  1
    257     15      515253.889        1348.331  1
    216     15    57197550.288       10894.634  2
    341     15     3538290.572        2659.365  1
    340     15     1529472.639        1379.779  1
    299     15     2372228.643        1656.448  1
    256     15     1949919.632        1571.156  1
    214     15     1415703.949        2341.633  1
    215     15    17484310.821        4127.063  2
    173     15     1537320.078        2072.936  1
    132     15     1683444.539        1203.878  1
     15     15    87169268.091        2818.073  3
     13     13     3138359.757        1139.286  1
     12     12     2609415.100        1854.913  1
    130     10      968625.349        1314.822  1
    172     10      752919.035        1903.109  1
    171     10     4835673.309        3638.645  1
     10     10    11878404.533        2309.043  2
      8      8     1853208.337         911.372  1
   2170      7      901070.975        1883.464  1
    254      7     2209496.496        1937.836  1
    213      7      834415.443        1744.228  1
    212      7     2676773.377        1846.644  1
    169      7     1614114.618        1949.243  1
      7      7    16305859.116        3377.964  2
    127      5     1668600.147        1047.746  1
     82      5      568488.075        2009.877  1
      5      5     5146043.678         953.446  2
