    2  126
    2   82
    3   82
    4   83
    4   82
    6   84
    6   83
    8   84
    9   86
    9   85
   11  130
   11   87
   11   86
   13   87
   14   88
   14   89
   16  132
   16   90
   16   89
   18   91
   18   90
   19   92
   21   93
   21   92
   22   93
   23   94
   23   93
   25   94
   25   95
   27   96
   27   95
   28   96
   29   97
   29   96
   31   98
   31   97
   33  140
   33   99
   33   98
   34  100
   34   99
   36  101
   36  100
   38  102
   38  101
   39  102
   40  102
   40  103
   42  146
   42  104
   42  103
   44  105
   44  104
   46  106
   46  105
   48  106
   48  107
   50  150
   50  108
   50  107
   52  108
   53  110
   53  109
   55  111
   55  110
   57  153
   57  111
   57  112
   59  112
   59  113
   61  113
   61  114
   62  114
   62  115
   64  115
   64  116
   66  117
   66  116
   67  117
   68  118
   68  117
   70  119
   70  118
   71  120
   71  119
   73  121
   73  120
   75  122
   75  121
   77  123
   77  122
   79  165
   79  123
   81  126
   82  127
   82  126
   83  128
   83   84
   84   85
   85 2177
   85  129
   85   86
   87   88
   87  130
   88  174
   88   89
   88  173
   88  131
   90   91
   90  132
   91  134
   91   92
   91  133
   93  136
   93   94
   93  135
   94  137
   94   95
   96  182
   96  181
   96   97
   96  138
   97   98
   98  140
   98  139
   99  141
   99  140
  100  101
  101  102
  101  142
  102  144
  102  143
  103  146
  103  144
  104  147
  104  105
  105  106
  106  147
  106  107
  107  150
  107  148
  108  193
  108  109
  108  150
  109  110
  109  193
  110  195
  110  194
  110  151
  110  152
  110  111
  111  153
  112  154
  112  113
  112  153
  113  155
  114  115
  115  116
  115  155
  115  157
  117  159
  117  158
  117  118
  118  119
  119  161
  119  160
  120 2176
  120  121
  121 2176
  121  122
  122  162
  122  123
  123  165
  123  164
  123  163
  124  165
  125  168
  126  169
  126  168
  126  127
  127  128
  127  169
  128 2177
  129  130
  129 2177
  130  131
  130  172
  131  173
  131  172
  132  133
  132 2185
  132  174
  133 2185
  133  134
  133  175
  134  135
  135  178
  135  177
  135  136
  136 2180
  136  137
  136  178
  137  138
  137 2180
  137  179
  138  179
  139  224
  139  183
  139  140
  139  182
  140  141
  140  183
  141  185
  141  142
  142  186
  142  143
  143  188
  143  144
  143  187
  144  188
  145  190
  145  146
  146  230
  146  147
  146  190
  147  148
  147  232
  147  231
  147  230
  148  149
  149  191
  150  234
  150  193
  150  192
  152  195
  153  238
  153  154
  153  196
  154  239
  154  197
  154  155
  154  238
  155  197
  155  156
  156  198
  156  283
  156  157
  156  241
  157  158
  157  198
  158  201
  158  159
  158  200
  159  202
  159  160
  160  161
  160  202
  162  204
  162  205
  162  163
  162 2176
  164  206
  164  165
  164  205
  165  208
  165  207
  168  209
  168  211
  168  210
  168  169
  169  212
  169  252
  169  211
  169  170
  170 2177
  171 2177
  171  172
  171  213
  171  214
  172  214
  172  173
  173  215
  173  214
  175  218
  175  217
  175 2185
  176  177
  176  218
  177  220
  177  178
  178 2180
  178  261
  178  220
  179  221
  179 2180
  180  181
  181  266
  181  223
  181  222
  181  182
  182  224
  183  225
  183  224
  185  270
  185  186
  185  225
  186  226
  186  187
  187  227
  187  226
  187  188
  188  189
  188  228
  188  227
  189  228
  190  230
  190  229
  191  192
  191  233
  191  232
  192  276
  192  233
  192  234
  193  236
  193  234
  194  195
  194  236
  195  237
  195  196
  197  240
  197  239
  198  284
  198  242
  198  283
  199  200
  200  243
  200  201
  200  242
  201  243
  201  202
  202  287
  202  245
  202  203
  202  244
  203  289
  203 2176
  204  247
  204  205
  204  246
  205  248
  205  206
  205  247
  206  248
  206  207
  207  292
  207  249
  207  248
  209  251
  210  251
  210  211
  211  252
  212  254
  212  252
  213  255
  213  254
  213 2177
  214  256
  214  255
  215  257
  215  216
  216 2221
  216 2185
  217  259
  217 2185
  217 2221
  218  219
  219  220
  219  260
  220  261
  220  260
  221  222
  222  264
  223  267
  223  224
  223  266
  224  269
  224  268
  224  267
  226  271
  226  227
  226  270
  227  272
  227  271
  228  272
  230  316
  230  315
  230  273
  230  231
  231  274
  231  316
  232  274
  233  276
  233  275
  234  277
  234  276
  235  236
  235  278
  236  237
  237  320
  237  279
  237  238
  237  278
  238  281
  238  239
  239  281
  240  282
  243  327
  243  244
  243  286
  244  328
  244  327
  244  287
  245  329
  245  288
  246  290
  246  247
  246  289
  246 2176
  247  248
  247  290
  248  292
  249  292
  251  294
  252  296
  252  253
  253  297
  253  296
  253  254
  254  298
  254  297
  254  255
  255  339
  255  299
  255  256
  255  298
  256  299
  256  300
  257  301
  257  300
  257  258
  259 2221
  259  345
  259  303
  259  302
  260  304
  260  261
  260  303
  261  305
  261  304
  262  305
  262 2180
  263 2180
  263  264
  264  306
  264  265
  265  308
  265  266
  265  307
  266  308
  266  267
  267  268
  267  308
  268  269
  268  309
  269  270
  270  312
  270  311
  271  312
  271  272
  272  313
  272  273
  272  312
  273  313
  274  317
  274  316
  275  358
  276  358
  276  277
  277  359
  277  318
  277  358
  278  319
  278  318
  279  361
  279  280
  279  321
  279  320
  280  321
  280  281
  281  282
  282  283
  282  323
  282  322
  283  284
  284  325
  284  285
  284  324
  285  286
  285  326
  287  329
  287  328
  289  331
  289  330
  290  332
  290  331
  291  333
  292  334
  292  333
  294  295
  295  336
  295  335
  295  296
  296  337
  296  336
  296  297
  297  337
  297  298
  298  339
  299  376
  299  340
  299  339
  300  342
  300  301
  301  302
  302  345
  302  344
  302  343
  302 2221
  303  346
  303  304
  304  347
  304  346
  305  383
  305  348
  306  307
  306  349
  306  348
  307  349
  308 2190
  308  351
  308  350
  308  309
  309  386
  309  352
  310  311
  311  387
  312 2198
  312  353
  312  389
  312  313
  313  354
  313  353
  313  355
  314  356
  314  315
  315  392
  315  356
  315  316
  316  317
  316  392
  318  360
  319  397
  319  360
  319  320
  320  397
  321  322
  321  362
  321  361
  322  363
  322  362
  322  323
  323  364
  323  363
  324  403
  324  325
  324  364
  325  365
  325  403
  326  404
  326  327
  326  365
  327  406
  327  328
  327  366
  328  367
  328  406
  329  330
  330  331
  330  368
  331  410
  331  409
  331  332
  331  368
  332  410
  332  333
  332  369
  333  411
  333  370
  333  369
  334  370
  336  414
  336  373
  336  372
  336  337
  337  373
  337  338
  338  416
  339  375
  339  376
  340  377
  340  341
  340  376
  341  418
  341  378
  341  342
  342  343
  343  380
  343  379
  344  345
  344  381
  344  380
  345  346
  346  382
  346  381
  347  421
  347  383
  349  350
  349  385
  349  384
  351  424
  351  465
  351  386
  351 2190
  352  425
  352  387
  353  390
  353  428
  353  389
  354  391
  354  390
  356  431
  356  392
  356  391
  357  358
  358  394
  358  359
  359  434
  359  395
  359  394
  360  397
  361  398
  361  399
  361  362
  361  397
  362  400
  362  399
  363  364
  363  400
  365  403
  366  405
  366  406
  366  404
  367  408
  367  368
  368  409
  368  408
  369  410
  370  412
  372  414
  373  374
  373  414
  374  454
  374  416
  375  417
  375  376
  375  416
  376  455
  376  377
  377  456
  377  418
  377  455
  378  419
  378  379
  378  418
  380  381
  380  420
  381  460
  381  382
  381  461
  381  420
  382  461
  382  421
  383  422
  383  421
  384  385
  384  423
  384  422
  385 2191
  385  423
  386 2200
  386  425
  386  465
  387  388
  387  425
  388  427
  388  389
  388 2198
  388  426
  389  427
  389  428
  390  429
  390  430
  391  431
  392  393
  392  432
  392  431
  393  394
  394  434
  394  433
  395  435
  395  396
  395  434
  397  437
  398  439
  398  438
  398  399
  399  440
  399  439
  400  440
  401  402
  402  403
  402  479
  403  442
  403  441
  404 2208
  404  442
  405 2208
  405  406
  405  444
  405  443
  406  444
  406  407
  407  408
  407  445
  407  446
  407  444
  408  409
  408  446
  409  448
  409  410
  410 2178
  410  448
  411  488
  411  487
  411  449
  411 2178
  411  412
  413  414
  413  451
  414  415
  414  451
  416  417
  417  495
  417  455
  418  457
  418  456
  419  420
  420  459
  421  462
  421  463
  421  461
  423 2191
  423  464
  423  424
  424 2190
  424  506
  424  505
  424  465
  424  464
  425 2199
  425 2200
  426  466
  427  511
  427  468
  427  467
  427  428
  428  512
  428  511
  428  429
  429  469
  429  512
  431  432
  431  471
  432  473
  432  471
  433  517
  433  474
  433  434
  433  473
  434  474
  435  519
  435  436
  436  437
  437  475
  437  438
  438  439
  438  476
  439  522
  439  477
  439  478
  440  479
  440  478
  441  526
  441  481
  441  442
  441  480
  443  528
  443  444
  443  482
  444  483
  444  528
  445  446
  445  483
  446  484
  446  447
  447  448
  447  485
  448 2178
  449  488
  451  490
  451  491
  452  453
  453  454
  453  492
  453  491
  453  493
  454  494
  455  496
  455  456
  456  497
  456  457
  457  498
  457  458
  457  541
  457  497
  458  459
  459  460
  459  499
  460  501
  460  500
  460  461
  461  502
  461  501
  462  503
  462  502
  463  464
  464  505
  464  504
  465 2200
  465  507
  465  506
  466  509
  467  509
  468  510
  468  511
  469  470
  469  513
  469  514
  470  515
  470  471
  471  472
  471  516
  471  515
  472  517
  472  516
  472  473
  474  558
  474  518
  474  517
  475  476
  475  520
  475  519
  476  477
  476  520
  476  521
  477  521
  477  561
  477  522
  478  523
  478  522
  479  480
  479 2214
  480  525
  480 2214
  480  526
  481 2208
  482  568
  482  528
  482 2208
  483  529
  483  528
  485  531
  485  530
  486 2178
  486  572
  486  532
  487  573
  487  534
  487 2178
  488  535
  490  537
  490  491
  491  537
  492  577
  492  538
  492  493
  492  537
  493  538
  493  494
  494  579
  494  538
  495  539
  495  579
  496  539
  497  582
  497  541
  497  540
  498  542
  499  542
  499  500
  500  501
  500  544
  500  543
  501  544
  501  545
  502  546
  502  545
  503  504
  504  547
  505  548
  505  506
  506  549
  506  548
  507  550
  507  549
  508 2199
  508  551
  508  550
  508  509
  509  551
  509  510
  510  552
  511  553
  511  512
  512  596
  512  513
  512  554
  512  553
  513  555
  513  554
  515  556
  515  555
  516  557
  516  556
  517  601
  517  558
  517  557
  518  519
  518  559
  520  560
  520  559
  521  560
  521  561
  522  562
  522  561
  523  563
  523  524
  524 2215
  524  564
  525 2214
  525  565
  525  526
  526  567
  526  565
  526  527
  527 2208
  528  569
  528  568
  529  570
  529  530
  530  571
  530  570
  530  531
  531  572
  531  571
  532  617
  532  533
  532  572
  533  617
  533  573
  533 2179
  534  574
  534  535
  534  573
  536  576
  537  576
  537  577
  538  579
  538  577
  539  540
  539  580
  539  579
  540  582
  540  580
  540  581
  541  583
  541  542
  541  582
  542  543
  543  585
  543  586
  543  544
  544  545
  544  586
  545  588
  545  587
  546  547
  547  590
  547  548
  547  589
  548  591
  548  590
  548  549
  549  592
  549  591
  551  594
  551  593
  551  552
  552  637
  552  595
  552  594
  553  596
  553  638
  553  595
  554  597
  554  596
  556  599
  556  557
  556  598
  557  599
  557  601
  558  602
  558 2204
  559  560
  559  602
  560  605
  560  561
  561  606
  561  562
  562  607
  562  606
  562  563
  563  609
  563  564
  564 2214
  565  566
  565  610
  565  611
  566  611
  566  567
  566  612
  567  568
  568  613
  568  653
  568  569
  569  570
  569  613
  570  571
  570  613
  571  616
  571  572
  571  614
  572  617
  573  574
  573  617
  574  618
  575  576
  575  621
  576  577
  577  578
  577  621
  578  623
  578  579
  579  623
  580  581
  580  624
  581  626
  582  626
  582  583
  583  627
  583  584
  583  626
  584  585
  585  586
  585  628
  585  629
  586  630
  586  587
  586  629
  587  631
  588  632
  589  675
  589  632
  590  591
  590  676
  591  678
  591  633
  591  634
  592  635
  592  634
  593  635
  594  637
  594  636
  595  681
  595  637
  596  682
  596  639
  596  638
  597  598
  598  640
  598  641
  599  600
  599  641
  600  684
  600  642
  600  641
  601 2204
  601  643
  601  642
  602  603
  603  604
  603  645
  604  646
  604  687
  605  647
  606  648
  606  647
  606  607
  607  608
  607  649
  607  648
  608  649
  608  609
  609  650
  609  649
  610  651
  610  650
  611  652
  611  651
  611  612
  612  692
  612  653
  612  652
  613  655
  613  654
  613  653
  614  694
  614  656
  615  657
  616  658
  618  660
  618  659
  619  660
  621  662
  621  664
  623  702
  623  666
  623  665
  625  666
  626  669
  626  668
  626  627
  627  628
  627  669
  628  629
  628  669
  629  671
  629  670
  630  672
  630  671
  631  632
  632  675
  632  673
  633  677
  633  678
  633  676
  634 2222
  634  678
  635  636
  636  679
  637  718
  637  680
  637  681
  638  682
  638  681
  639  721
  639  720
  639  640
  641  683
  641  684
  642  684
  643  726
  643  644
  643  685
  643 2204
  644  645
  644  727
  644  726
  644 2204
  645  646
  646  686
  647  729
  647  648
  647  688
  647  687
  648  649
  648  688
  649  650
  651  691
  651  690
  652  733
  652  692
  652  691
  653 2205
  653  654
  653  692
  654  693
  654 2205
  655  736
  655  694
  656  737
  656  695
  656  694
  657  696
  657  658
  657  695
  658  738
  658  696
  658  659
  659  739
  659  697
  659  738
  659  660
  660  698
  660  697
  662  663
  662  700
  663  700
  663  664
  663  701
  664  744
  664  665
  664  701
  665  744
  665  702
  666  703
  666  667
  666  702
  667  704
  667  747
  667  668
  667  703
  668  704
  669  670
  669  705
  669  704
  670  705
  670  706
  670  707
  670  671
  671  707
  672  708
  672  673
  673  709
  673  674
  673  708
  674  710
  675  710
  675  676
  676  711
  676  710
  677  713
  677  678
  677  712
  678  713
  678  714
  679  717
  679  716
  679  715
  680  717
  681  719
  681  682
  682  719
  682  720
  683  722
  683  721
  684  724
  684  685
  684  723
  685  726
  686  770
  686  728
  686  727
  687  729
  687  728
  688  772
  688  730
  688  729
  689  690
  690  731
  691  774
  691  733
  691  732
  692  734
  692 2205
  692  733
  693  735
  693 2205
  693  736
  694  736
  695  781
  695  780
  695  696
  695  737
  696  738
  697  740
  697  783
  697  739
  699  742
  700  742
  701  744
  701  743
  701  742
  702  745
  702  703
  702  744
  703  747
  703  746
  704  749
  704  705
  704  747
  705  706
  706  750
  706  707
  707  793
  707  750
  707  751
  707  708
  708  752
  708  751
  709  754
  710  711
  711  797
  711  712
  711  755
  712  755
  712  756
  712  713
  713  756
  714  799
  714 2222
  714  756
  715 2222
  716  759
  716  717
  716  758
  717  802
  717  760
  717  759
  718  760
  719  805
  719  762
  719  720
  719  761
  720  763
  720  762
  722  765
  722  723
  722  764
  723  765
  723  724
  724  725
  724  765
  725  767
  725  766
  725  726
  726  768
  726  767
  728  770
  729  816
  729  772
  729  771
  730  773
  731  818
  731  732
  731  773
  732  818
  732  774
  733  775
  733  774
  734  777
  734 2205
  734  776
  735 2205
  735  778
  735  736
  736  778
  737  823
  737  779
  737  778
  738  739
  738  781
  739  782
  740  783
  742  785
  742  786
  742  743
  743  744
  743  786
  744  788
  745  833
  745  746
  746  747
  746  833
  747  748
  747  790
  748  791
  749  750
  749  791
  750  792
  751  839
  751  794
  751  793
  752  794
  752  753
  753  796
  753  754
  755  842
  755  756
  755  798
  756  798
  757  758
  757  799
  757 2222
  758  800
  759  802
  759  801
  760  803
  760  761
  760  802
  761  805
  761  803
  762  807
  762  806
  762  805
  763  764
  764  808
  765 2225
  765  810
  765  766
  765  809
  766  811
  766  767
  767  812
  767  811
  768  813
  768  769
  769  770
  770  771
  770  814
  771  815
  772 2216
  772  817
  772  816
  773 2217
  773 2226
  773  818
  773 2216
  774  819
  774  775
  774  818
  775  820
  775  821
  776  821
  777  866
  777  778
  777  822
  778  866
  779  824
  779  823
  780  824
  781  825
  783  827
  783  826
  784  827
  785  786
  785  830
  786  787
  788  874
  788  832
  790  835
  791  837
  791  836
  792  879
  792  838
  792  837
  792  793
  793  839
  793  838
  794  795
  794  840
  795  796
  796  841
  796  797
  797  841
  798  843
  798  799
  798  842
  799  844
  800  845
  800  801
  802  803
  802  846
  803  847
  803  804
  804  890
  804  848
  804  805
  804  847
  805  848
  806  891
  806  849
  807  808
  807  850
  808  809
  809 2225
  809  851
  810  852
  810  811
  810 2225
  811  852
  811  853
  812  855
  812  813
  813  814
  814  815
  814  855
  815  816
  815  856
  816  817
  816  857
  817  858
  817  859
  817  860
  818  819
  818 2226
  819  863
  819  820
  819  862
  820  863
  821  822
  821  863
  822  865
  823  824
  823  866
  824  868
  824  825
  824  867
  825  908
  825  869
  825  868
  825  826
  826  827
  826  869
  827  871
  827  870
  830  913
  830  872
  830  831
  831  915
  831  832
  831  873
  832  915
  832  874
  833  834
  834  876
  834  835
  835  919
  835  877
  835  876
  836  877
  837  879
  837  878
  838  880
  838  839
  839  880
  839  881
  840  883
  840  881
  841  884
  841  883
  842  885
  842  843
  842  884
  843  886
  843  885
  844  887
  845  888
  845  846
  845  887
  847  890
  847  931
  847  889
  848  891
  848  890
  849  850
  850  892
  850  851
  851  893
  852 2225
  852  937
  852  895
  852 2224
  853  895
  853  854
  854  896
  854  855
  855  856
  856  857
  856  897
  857  897
  857  858
  858  859
  858  898
  859  942
  859  900
  859  899
  860 2217
  860  900
  860  861
  861 2226
  861 2217
  861  901
  861  900
  862  945
  862  902
  863  864
  863  903
  864  905
  864  904
  865  866
  865  905
  866  906
  866  867
  867 2193
  867  868
  868  908
  868 2193
  869  909
  869  870
  869  908
  870  911
  870  910
  870  909
  872  913
  873  915
  873  914
  873  913
  874  875
  874  916
  874  915
  875  876
  876  917
  877  920
  877  919
  878  920
  879  921
  879  880
  880  963
  880  881
  880  922
  881  922
  881  882
  882  924
  882  883
  882  923
  883  884
  883  925
  883  924
  884  885
  885  967
  885  926
  885  925
  886  928
  887  888
  887  928
  888  889
  888  929
  888  930
  890  932
  890  891
  891  932
  891  933
  891  892
  892  893
  893  934
  893  894
  894  937
  894 2224
  894  935
  895  939
  896 1019
  896  897
  896  939
  897  940
  897  898
  898  899
  898  940
  899  941
  899  942
  900  943
  900  901
  900  942
  901  902
  901 2226
  902  944
  902 2226
  903  986
  903  946
  903  945
  904  947
  904  946
  906  950
  906  948
  907  950
  907 2193
  908  909
  908  952
  909 2182
  909  953
  909  910
  909  952
  910  954
  911  954
  913  957
  913  956
  914  958
  914  957
  915  916
  915  958
  916  999
  916  998
  916  959
  916  917
  916  958
  917  959
  917  918
  918 1000
  918  919
  918  960
  918  959
  919  920
  920  961
  920  960
  921  963
  921  962
  922  964
  922  923
  923 1005
  923  965
  923  964
  924  966
  924  965
  926  968
  926  927
  926  967
  927  928
  928  929
  928  969
  929  930
  929  970
  930  971
  930  972
  930  931
  931  974
  931  932
  932  974
  933  934
  934  935
  934  975
  935  976
  935  936
  936  977
  936  976
  936  937
  937 2224
  937  978
  937  977
  937  938
  938  939
  938  979
  938  978
  939 1019
  939  979
  940  941
  940  981
  940  980
  941 1022
  941 1021
  941  981
  941  982
  941  942
  942  982
  943  984
  943  983
  944  985
  944  984
  945  985
  946  987
  947  948
  948 1028
  948  949
  948  987
  949  989
  949  988
  949  950
  950  990
  950  989
  951 2193
  951  991
  951  952
  952 2182
  953  994
  953  954
  953 2182
  954  995
  954  994
  956  997
  957 1038
  957  997
  958 1038
  958  998
  959 1000
  959  999
  960 1042
  960 1001
  960  961
  960 1000
  961 1003
  961  962
  961 1002
  961 1001
  963 1004
  963 1045
  963 1003
  964 1005
  964 1004
  965 1006
  965 1005
  965  966
  966 1007
  966 1006
  967 1008
  967  968
  967 1007
  968 1009
  968  969
  969  970
  969 1010
  970 1011
  971  972
  971 1011
  972 1013
  972  973
  973 1056
  973  974
  973 1013
  974 1057
  974 1056
  974 1014
  975 1059
  975 1058
  975 1015
  975 1014
  976 1016
  976  977
  976 1015
  977 1016
  977  978
  977 1017
  978 1017
  978  979
  979 1019
  980 1020
  980  981
  980 1019
  981 1020
  981 1021
  982 1067
  982 1023
  982  983
  982 1022
  983 1024
  983 1023
  984 1024
  985 1025
  986 1027
  987 1027
  987 1072
  987 1028
  988 1029
  988  989
  988 1028
  989  990
  989 1029
  990 1030
  990 2192
  991 2192
  991 1033
  992 2182
  993 2184
  993 2182
  994 1036
  994 1035
  997 1082
  997 1037
  997 1038
  998 1039
  998  999
  998 1038
  999 1041
  999 1039
 1000 1042
 1000 1086
 1001 1002
 1001 1042
 1002 1088
 1002 1044
 1002 1003
 1003 1045
 1003 1044
 1004 1046
 1004 1005
 1004 1045
 1005 1006
 1005 1046
 1006 1048
 1006 1007
 1007 1048
 1007 1008
 1008 1051
 1008 1050
 1009 1052
 1009 1010
 1009 1051
 1010 1011
 1010 1053
 1011 1053
 1011 1012
 1012 1013
 1013 1055
 1013 1056
 1013 1054
 1014 1102
 1014 1058
 1014 1057
 1015 1016
 1015 1060
 1015 1059
 1016 1061
 1016 1060
 1017 1062
 1017 1061
 1018 1063
 1018 1019
 1018 1062
 1019 1064
 1019 1020
 1020 1064
 1021 1066
 1021 1022
 1022 1067
 1023 1069
 1023 1068
 1023 1067
 1024 1069
 1024 1025
 1025 1026
 1025 1071
 1026 1027
 1027 1117
 1027 1071
 1027 1072
 1028 1029
 1028 1072
 1029 1030
 1029 1073
 1031 1075
 1031 1032
 1031 2192
 1032 1077
 1032 1033
 1032 1076
 1033 1077
 1033 1034
 1034 2184
 1034 1078
 1034 1077
 1034 2183
 1035 2184
 1035 1079
 1035 1036
 1035 1078
 1036 1079
 1037 1082
 1038 1083
 1039 1040
 1039 1084
 1040 1085
 1040 1041
 1041 1086
 1041 1131
 1042 1133
 1042 1043
 1042 1087
 1043 1088
 1044 1089
 1044 1045
 1045 1089
 1045 1090
 1046 1092
 1046 1091
 1047 1093
 1048 1095
 1048 1093
 1048 1049
 1048 1094
 1049 1050
 1049 1096
 1049 1095
 1050 1142
 1050 1096
 1050 1097
 1050 1051
 1051 1097
 1051 1052
 1052 1143
 1052 1144
 1052 1098
 1052 1053
 1052 1097
 1053 1054
 1053 1098
 1054 1098
 1054 1099
 1054 1055
 1055 1100
 1055 1056
 1055 1099
 1056 1057
 1057 1102
 1058 1103
 1058 1059
 1059 1060
 1059 1104
 1060 1104
 1060 1105
 1061 1106
 1061 1062
 1062 1108
 1063 1109
 1063 1064
 1064 1156
 1064 1065
 1064 1109
 1065 1111
 1066 1111
 1066 1067
 1067 1112
 1067 1068
 1068 1069
 1068 1113
 1068 1114
 1069 1115
 1069 1070
 1070 1116
 1070 1071
 1071 1116
 1071 1117
 1072 1118
 1073 1120
 1074 1075
 1075 1076
 1075 1121
 1075 1122
 1076 1077
 1076 1122
 1076 1123
 1077 1124
 1077 1078
 1078 1125
 1078 1079
 1078 2184
 1079 1080
 1080 1125
 1081 1128
 1083 1128
 1084 1130
 1085 1131
 1085 1130
 1086 1133
 1086 1132
 1087 1134
 1088 1135
 1088 1134
 1088 1089
 1089 1090
 1089 1135
 1090 1091
 1090 1136
 1091 1092
 1092 1138
 1093 2218
 1093 1138
 1094 1139
 1094 1095
 1095 1096
 1095 1139
 1096 1142
 1096 1140
 1097 1143
 1097 1142
 1098 1146
 1098 1099
 1098 1144
 1099 1147
 1099 1146
 1100 1101
 1100 1147
 1101 1102
 1101 1148
 1101 1149
 1102 1150
 1102 1103
 1103 1151
 1103 1104
 1104 1105
 1105 1152
 1105 1151
 1106 1107
 1106 1152
 1107 1108
 1108 1109
 1108 1153
 1109 1156
 1109 1155
 1110 1111
 1110 1157
 1110 1156
 1111 1112
 1112 1158
 1112 1113
 1113 1199
 1113 2223
 1113 1114
 1114 1159
 1114 1199
 1114 1115
 1115 1116
 1115 1159
 1116 1159
 1116 1161
 1117 1118
 1117 1162
 1118 1119
 1118 1163
 1119 1120
 1119 1164
 1120 1121
 1121 1165
 1121 1122
 1121 1164
 1122 1166
 1122 1165
 1123 1168
 1125 1208
 1125 1207
 1125 1169
 1125 1168
 1127 1171
 1127 1128
 1128 1171
 1128 1129
 1128 1172
 1129 1173
 1129 1130
 1129 1172
 1131 1174
 1132 1175
 1133 1175
 1134 1177
 1134 2203
 1134 1135
 1134 1176
 1135 1177
 1135 1136
 1136 1137
 1137 1179
 1138 1180
 1139 2218
 1139 1140
 1139 1181
 1140 1181
 1140 1141
 1141 1183
 1142 2227
 1142 1183
 1143 1144
 1143 2227
 1144 1145
 1144 1184
 1145 1226
 1145 1186
 1145 1146
 1146 1186
 1146 1147
 1147 1187
 1148 1187
 1149 1150
 1149 1188
 1150 1191
 1150 1151
 1150 1190
 1151 1191
 1151 1152
 1152 2219
 1152 1153
 1153 2219
 1153 1193
 1153 1154
 1154 1194
 1155 1195
 1155 1194
 1155 1156
 1156 1195
 1157 1239
 1157 1197
 1158 2223
 1158 1197
 1158 1198
 1159 1200
 1159 1160
 1159 1199
 1160 1243
 1160 1161
 1160 1201
 1160 1200
 1161 1201
 1161 1162
 1162 1202
 1163 1246
 1163 1245
 1163 1203
 1163 1164
 1163 1202
 1164 1165
 1165 1248
 1165 1247
 1165 1204
 1165 1203
 1166 1205
 1166 1167
 1167 1205
 1167 1206
 1167 1168
 1168 1207
 1168 1206
 1169 1208
 1171 1211
 1171 1210
 1172 1212
 1172 1173
 1173 1213
 1173 1174
 1173 1212
 1174 1256
 1174 1258
 1174 1175
 1174 1257
 1174 1213
 1175 1258
 1175 1176
 1175 1214
 1176 1214
 1176 1215
 1176 2203
 1177 2203
 1177 1217
 1177 1178
 1178 1218
 1178 1179
 1179 1263
 1179 1180
 1179 1219
 1180 1264
 1180 1220
 1180 1219
 1180 2218
 1181 1220
 1181 1221
 1181 2218
 1182 1222
 1182 1221
 1183 2227
 1183 1223
 1183 1222
 1184 1185
 1184 1224
 1184 2227
 1185 1226
 1186 1227
 1186 1187
 1186 1228
 1187 1188
 1187 1228
 1188 1229
 1188 1189
 1189 1190
 1190 1191
 1190 1231
 1191 1275
 1191 1276
 1191 1232
 1191 1231
 1192 1233
 1193 1194
 1193 1234
 1194 1236
 1194 1237
 1194 1195
 1195 1196
 1195 1237
 1196 1239
 1197 1198
 1198 1240
 1199 2223
 1199 1242
 1199 1241
 1200 1243
 1200 1242
 1201 1286
 1201 1244
 1201 1202
 1201 1243
 1202 1245
 1202 1244
 1203 1288
 1203 1247
 1203 1246
 1204 1205
 1204 1248
 1205 1291
 1205 1249
 1205 1248
 1206 1249
 1206 1250
 1208 1251
 1209 1252
 1211 1255
 1211 1295
 1211 1254
 1211 1212
 1212 1255
 1212 1213
 1213 1255
 1214 1215
 1214 1260
 1214 1258
 1215 1261
 1215 2203
 1216 2203
 1216 1217
 1218 1262
 1219 1264
 1220 2218
 1220 1265
 1220 1221
 1221 1265
 1222 2209
 1222 1267
 1222 1223
 1223 1267
 1223 2227
 1223 1224
 1224 1225
 1225 1226
 1225 1268
 1226 1270
 1227 1228
 1227 1270
 1228 1270
 1228 1271
 1229 1230
 1229 1271
 1230 1274
 1230 1272
 1231 1311
 1231 1275
 1231 1274
 1232 1277
 1232 1276
 1232 1233
 1233 2220
 1233 1277
 1234 1235
 1236 1280
 1236 1237
 1236 1279
 1237 1238
 1237 1280
 1238 1318
 1238 1281
 1238 1239
 1239 1282
 1240 1284
 1240 1283
 1240 1241
 1240 2223
 1241 1284
 1241 2223
 1242 2228
 1243 1326
 1243 1325
 1243 1286
 1244 1245
 1244 1286
 1245 1246
 1246 1287
 1247 1290
 1247 1248
 1247 1288
 1248 1291
 1249 1332
 1249 1331
 1249 1291
 1250 1333
 1250 1332
 1250 1251
 1251 1333
 1251 1252
 1251 1292
 1252 1293
 1252 1292
 1252 1253
 1254 1295
 1255 1256
 1255 1295
 1255 1296
 1255 1337
 1256 1297
 1256 1257
 1257 1258
 1258 1298
 1258 1259
 1259 1342
 1259 1299
 1261 1262
 1261 1299
 1262 1301
 1262 1302
 1262 1263
 1263 1302
 1264 1346
 1264 1304
 1264 1265
 1264 1303
 1265 1305
 1265 1304
 1266 2209
 1266 1305
 1267 1349
 1267 1307
 1267 2209
 1268 1269
 1268 1307
 1269 1309
 1269 1308
 1270 1353
 1270 1352
 1270 1271
 1270 1309
 1271 1354
 1271 1310
 1271 1353
 1272 1310
 1273 1310
 1274 1356
 1274 2213
 1274 1311
 1275 1312
 1275 1276
 1276 1313
 1276 1277
 1277 1314
 1277 1313
 1278 1314
 1278 1315
 1278 1279
 1278 2220
 1279 1280
 1279 1315
 1280 1318
 1280 1317
 1281 1320
 1282 1283
 1282 1320
 1283 1321
 1283 1284
 1283 1320
 1283 1322
 1284 1323
 1284 1322
 1285 2228
 1285 1325
 1286 1287
 1286 1326
 1287 1288
 1287 1327
 1288 1289
 1289 1290
 1289 1328
 1290 1329
 1290 1291
 1291 1330
 1292 1335
 1292 1334
 1292 1333
 1295 1337
 1295 1336
 1297 1339
 1298 1340
 1299 1343
 1299 1300
 1299 1342
 1300 1387
 1300 1344
 1300 1301
 1300 1343
 1302 1389
 1302 1303
 1302 1345
 1303 1390
 1303 1389
 1303 1346
 1304 1305
 1304 1346
 1305 1306
 1306 1348
 1306 1347
 1307 1308
 1307 1349
 1308 1351
 1309 1352
 1310 1355
 1310 2213
 1310 1354
 1311 1357
 1312 1313
 1312 1357
 1313 1358
 1313 1314
 1314 2220
 1314 1403
 1314 1359
 1314 1358
 1315 1316
 1315 1360
 1315 1359
 1317 1407
 1317 1406
 1317 1318
 1317 1361
 1318 1319
 1318 1407
 1319 1362
 1319 1320
 1320 1363
 1321 1364
 1321 1365
 1321 1322
 1322 1366
 1322 1365
 1323 1324
 1323 1366
 1323 2228
 1324 1368
 1325 1326
 1325 1369
 1325 1368
 1326 1370
 1326 1369
 1327 1371
 1327 1370
 1328 1372
 1329 1373
 1330 2196
 1330 1331
 1330 1373
 1331 1332
 1331 1374
 1332 1333
 1332 1375
 1333 1376
 1333 1334
 1334 1335
 1334 1377
 1335 1378
 1337 1380
 1338 1381
 1338 1339
 1339 1383
 1339 1340
 1339 1382
 1340 1385
 1340 1341
 1341 1342
 1341 1385
 1343 1426
 1343 1386
 1344 1388
 1344 1345
 1344 1387
 1346 1391
 1346 1390
 1347 1391
 1348 1393
 1348 1349
 1348 2209
 1349 2209
 1349 1393
 1349 1394
 1350 1351
 1350 1394
 1351 1395
 1352 1396
 1353 1397
 1353 1354
 1353 1396
 1354 1398
 1355 1399
 1356 2213
 1356 1357
 1356 1401
 1356 2212
 1357 1402
 1357 1358
 1358 1403
 1359 1404
 1359 1403
 1360 2211
 1360 1405
 1360 1404
 1361 1406
 1361 1405
 1362 1449
 1363 2229
 1363 1450
 1363 1364
 1363 1408
 1364 2229
 1364 1409
 1364 1365
 1365 1409
 1365 1366
 1366 1410
 1367 1410
 1367 1368
 1368 1412
 1368 1369
 1369 1413
 1369 1370
 1370 1414
 1370 1413
 1371 1415
 1371 1372
 1372 1416
 1372 1415
 1372 1373
 1373 2194
 1373 1416
 1374 1417
 1375 1418
 1377 1419
 1377 1418
 1378 1420
 1380 1381
 1381 1463
 1381 1422
 1381 1421
 1381 1382
 1381 1423
 1382 1423
 1382 1383
 1383 1424
 1383 1423
 1383 1384
 1384 1466
 1384 1385
 1384 1424
 1385 1466
 1385 1425
 1385 1386
 1387 1469
 1387 1388
 1387 1426
 1388 1427
 1388 1428
 1388 1389
 1389 1429
 1389 1390
 1389 1428
 1390 1430
 1390 1429
 1391 1431
 1391 1430
 1392 1431
 1392 1393
 1393 1433
 1393 1394
 1394 1435
 1394 1433
 1395 1396
 1395 1436
 1396 1437
 1396 1436
 1396 1397
 1397 1478
 1397 1398
 1397 1437
 1398 1478
 1398 1438
 1398 1399
 1399 1439
 1399 2212
 1400 1439
 1400 1401
 1401 1441
 1402 1441
 1403 1443
 1403 1442
 1403 1404
 1403 1444
 1404 2211
 1404 1444
 1405 1445
 1405 2211
 1406 1485
 1406 1407
 1406 1447
 1407 2207
 1407 1447
 1408 1450
 1408 1449
 1409 1451
 1409 1490
 1409 1452
 1409 2229
 1410 1452
 1411 1491
 1411 1412
 1411 1452
 1412 1454
 1413 1494
 1413 1414
 1413 1454
 1413 1495
 1414 1455
 1414 1495
 1414 1415
 1415 1455
 1415 1456
 1416 1457
 1417 1499
 1417 2197
 1417 1458
 1417 1418
 1418 1459
 1418 1458
 1419 1461
 1419 1460
 1419 1420
 1419 1459
 1421 1463
 1422 1423
 1422 1464
 1423 1465
 1423 1424
 1424 1466
 1425 1426
 1425 1467
 1425 1466
 1427 1470
 1427 1428
 1427 1469
 1428 1429
 1428 1470
 1429 1472
 1429 1430
 1430 1473
 1430 1472
 1431 1474
 1432 1433
 1432 1474
 1433 1476
 1433 1434
 1434 1435
 1436 1520
 1436 1521
 1436 1477
 1437 1478
 1437 1521
 1438 1479
 1438 1439
 1438 1478
 1439 1480
 1439 1479
 1440 1481
 1440 1480
 1441 1482
 1441 1481
 1441 1442
 1442 1482
 1442 1443
 1443 1527
 1443 1444
 1443 1482
 1444 2210
 1445 1484
 1445 2210
 1446 1485
 1446 1484
 1447 1448
 1447 1485
 1449 2207
 1449 1487
 1450 1489
 1450 1488
 1451 2229
 1451 1490
 1451 1489
 1452 1491
 1452 1490
 1453 1493
 1453 1491
 1454 1494
 1454 1493
 1455 1536
 1455 1495
 1455 1496
 1456 1538
 1456 1497
 1456 1496
 1456 1457
 1457 2195
 1457 1498
 1457 1497
 1458 1542
 1458 1500
 1458 1459
 1458 1499
 1459 1500
 1459 1460
 1459 1501
 1460 1502
 1460 1501
 1461 1502
 1462 1505
 1463 1505
 1463 1506
 1464 1506
 1465 1508
 1465 1507
 1466 1549
 1466 1550
 1466 1467
 1466 1509
 1466 1508
 1467 1509
 1467 1510
 1467 1468
 1468 1511
 1468 1469
 1469 1470
 1469 1511
 1470 1471
 1470 1511
 1471 1512
 1471 1472
 1472 1514
 1472 1473
 1472 1515
 1473 1515
 1473 1474
 1474 1557
 1474 1516
 1475 1476
 1475 1516
 1475 1517
 1476 1518
 1476 1477
 1477 1519
 1478 1479
 1478 1521
 1479 1522
 1479 1480
 1480 1523
 1481 1525
 1482 1527
 1482 1526
 1483 1568
 1483 1528
 1483 2210
 1483 1527
 1484 1569
 1485 1570
 1485 1529
 1486 1487
 1486 1530
 1487 1531
 1487 1530
 1488 1574
 1488 1573
 1488 1531
 1489 1532
 1489 1574
 1489 2229
 1490 1533
 1490 1532
 1491 1533
 1492 1534
 1492 1493
 1492 1533
 1493 2202
 1493 1494
 1494 1495
 1494 1535
 1495 1536
 1496 1537
 1496 1536
 1497 1539
 1497 1498
 1497 1538
 1498 2197
 1498 1499
 1498 2195
 1499 2197
 1499 1540
 1500 1501
 1500 1542
 1501 1543
 1501 2230
 1501 2231
 1502 1543
 1503 1543
 1504 1505
 1505 1545
 1505 1506
 1506 1547
 1506 1507
 1506 1548
 1507 1508
 1507 1548
 1508 1548
 1509 1590
 1509 1510
 1509 1552
 1509 1551
 1510 1552
 1510 1553
 1510 1511
 1511 1512
 1512 1553
 1512 1513
 1513 1556
 1513 1514
 1513 1554
 1514 1515
 1515 1595
 1515 1557
 1515 1556
 1516 1596
 1516 1557
 1517 1559
 1517 1558
 1518 1560
 1518 1519
 1518 1559
 1519 1520
 1519 1560
 1519 1561
 1520 1562
 1520 1561
 1520 1521
 1521 1563
 1521 1562
 1522 1602
 1522 1523
 1522 1563
 1523 1524
 1523 1564
 1525 1566
 1525 1526
 1525 1565
 1526 1567
 1526 1527
 1526 1566
 1527 1567
 1528 1607
 1528 1606
 1528 1569
 1528 1568
 1530 1571
 1530 1531
 1531 1573
 1531 1572
 1532 1575
 1532 1574
 1533 1613
 1533 1575
 1534 1616
 1534 2202
 1534 1576
 1535 1577
 1535 1536
 1536 1619
 1536 1618
 1536 1537
 1537 1578
 1537 1619
 1538 1578
 1539 1579
 1540 1580
 1541 1580
 1541 1542
 1542 2232
 1542 2231
 1543 2230
 1543 1583
 1543 1582
 1544 1583
 1545 1586
 1546 1547
 1547 1548
 1547 1588
 1548 1549
 1549 1589
 1550 1589
 1551 1590
 1551 1589
 1552 1591
 1552 1553
 1553 1554
 1553 1591
 1554 1592
 1554 1555
 1555 1556
 1555 1593
 1556 1595
 1557 1638
 1557 1595
 1558 1640
 1558 1596
 1559 1641
 1559 1598
 1560 1561
 1560 1598
 1560 1599
 1561 1562
 1562 1600
 1562 1563
 1563 1601
 1563 1600
 1564 1646
 1564 1565
 1564 1602
 1565 1603
 1565 1566
 1566 1567
 1566 1605
 1566 1604
 1567 1605
 1568 1605
 1569 1608
 1569 1570
 1569 1607
 1570 1653
 1570 1608
 1571 1609
 1571 1572
 1572 1654
 1572 1610
 1572 1609
 1572 1573
 1573 1574
 1573 1611
 1574 1611
 1575 1613
 1576 1613
 1577 2202
 1577 1618
 1577 1661
 1578 1664
 1578 1665
 1578 1620
 1578 1579
 1578 1619
 1579 1621
 1579 1580
 1579 1620
 1580 1622
 1581 1623
 1583 1670
 1583 1625
 1583 1624
 1585 1586
 1585 1627
 1586 1627
 1586 1628
 1586 1587
 1588 1629
 1589 1631
 1589 1630
 1590 1633
 1590 1591
 1590 1632
 1590 1631
 1591 1633
 1592 1635
 1592 1593
 1592 1633
 1593 1594
 1594 1637
 1594 1635
 1594 1595
 1595 1638
 1596 1639
 1596 1638
 1597 1641
 1597 1640
 1598 1599
 1598 1641
 1599 1643
 1600 1689
 1600 1688
 1600 1644
 1600 1601
 1600 1643
 1601 1644
 1602 1690
 1603 1647
 1603 1646
 1604 1648
 1604 1605
 1604 1647
 1605 1606
 1605 1648
 1606 1649
 1606 1607
 1607 1651
 1607 1650
 1608 1651
 1609 1654
 1609 1653
 1610 1700
 1610 1611
 1610 1654
 1611 1701
 1611 1655
 1611 1656
 1612 1656
 1612 1613
 1613 1614
 1614 1658
 1614 1615
 1614 1657
 1615 1658
 1616 1705
 1616 1660
 1616 1617
 1616 2202
 1616 1659
 1617 1661
 1618 1619
 1618 1662
 1619 1662
 1619 1663
 1620 1710
 1620 1666
 1620 1665
 1621 1667
 1621 1622
 1622 1668
 1622 1667
 1622 1623
 1623 1713
 1623 1669
 1623 1668
 1623 2232
 1624 1714
 1624 1670
 1624 1669
 1625 1670
 1626 1673
 1627 1673
 1627 1628
 1628 1629
 1628 1674
 1628 1673
 1629 1675
 1629 1674
 1630 1675
 1631 1677
 1631 1720
 1632 1721
 1632 1720
 1632 1633
 1633 1722
 1633 1678
 1633 1721
 1634 1723
 1634 1635
 1635 1636
 1635 1679
 1637 1681
 1638 1683
 1638 1682
 1638 1639
 1639 1684
 1639 1683
 1640 1684
 1641 1686
 1642 1686
 1643 1687
 1644 1690
 1644 1689
 1645 1691
 1645 1646
 1646 1692
 1647 1735
 1647 1694
 1648 1649
 1648 1694
 1649 1694
 1649 1695
 1650 1651
 1650 1695
 1651 1697
 1651 1696
 1652 1698
 1652 1697
 1653 1698
 1653 1654
 1654 1699
 1654 1700
 1655 1701
 1655 1700
 1656 1702
 1656 1701
 1657 1658
 1657 1702
 1658 1704
 1658 1703
 1659 1705
 1659 1704
 1660 1706
 1661 1707
 1661 1662
 1662 1663
 1662 1707
 1663 1708
 1663 1664
 1664 1665
 1665 1710
 1666 1711
 1666 1667
 1666 1710
 1667 1712
 1667 1711
 1668 1752
 1668 1712
 1669 1714
 1669 1713
 1670 1715
 1670 1714
 1673 1755
 1673 1716
 1673 1717
 1674 1675
 1674 1717
 1675 1718
 1675 1676
 1676 1677
 1676 1718
 1677 1720
 1677 1719
 1678 1761
 1678 1723
 1678 1722
 1679 1680
 1679 1723
 1680 1726
 1680 1681
 1680 1724
 1681 1726
 1681 1682
 1682 1683
 1682 1727
 1682 1726
 1683 1727
 1683 1684
 1684 1767
 1684 1728
 1685 1729
 1686 1730
 1686 1687
 1686 1729
 1687 1688
 1687 1730
 1688 1731
 1688 1730
 1688 1689
 1689 1690
 1689 1732
 1689 1731
 1690 1772
 1690 1732
 1690 1691
 1691 1733
 1691 1772
 1692 1693
 1692 1733
 1693 1735
 1694 1736
 1694 1695
 1695 1696
 1695 1736
 1696 1697
 1697 1737
 1698 1739
 1699 1780
 1699 1779
 1699 1700
 1699 1740
 1699 1739
 1700 1740
 1701 1742
 1701 1702
 1702 2201
 1703 2201
 1703 1704
 1704 1743
 1705 1744
 1706 1786
 1706 1746
 1706 1745
 1707 1747
 1707 1708
 1707 1746
 1708 1747
 1708 1709
 1709 1749
 1709 1748
 1710 1750
 1710 1749
 1710 1711
 1711 1751
 1711 1712
 1711 1750
 1712 1791
 1712 1751
 1713 1794
 1713 1793
 1713 1752
 1714 1753
 1714 1794
 1716 1755
 1717 1756
 1717 1718
 1718 1757
 1718 1756
 1718 1719
 1719 1758
 1719 1720
 1719 1757
 1720 1721
 1720 1760
 1720 1758
 1721 1722
 1722 1760
 1723 1762
 1723 1761
 1724 1725
 1724 1762
 1725 1764
 1726 1805
 1726 1765
 1726 1727
 1726 1764
 1727 1765
 1728 1767
 1728 1765
 1729 1730
 1729 1768
 1730 1731
 1730 1768
 1730 1770
 1731 1771
 1732 1772
 1733 1773
 1733 1734
 1733 1772
 1734 1735
 1735 1815
 1735 1814
 1735 1736
 1736 1816
 1736 1815
 1736 1775
 1737 1738
 1737 1775
 1737 1777
 1738 1778
 1739 1779
 1739 1778
 1740 1741
 1740 1780
 1741 1782
 1741 1742
 1742 2201
 1742 1782
 1743 1744
 1743 1784
 1744 1745
 1746 1826
 1746 1747
 1746 1786
 1747 1827
 1747 1787
 1747 1826
 1748 1828
 1749 1829
 1749 1789
 1749 1750
 1750 1789
 1751 1790
 1752 1792
 1752 1791
 1753 1794
 1755 1837
 1755 1796
 1756 1798
 1756 1757
 1756 1797
 1757 1758
 1757 1798
 1758 1799
 1758 1759
 1759 1800
 1759 1760
 1759 1799
 1760 1842
 1760 1801
 1760 1761
 1761 1762
 1761 1801
 1762 2188
 1762 1802
 1763 1764
 1763 2188
 1764 1804
 1764 1805
 1765 1806
 1765 1805
 1766 1767
 1766 1806
 1767 1808
 1768 1809
 1768 1769
 1768 1808
 1769 1809
 1769 1770
 1769 1810
 1770 1811
 1770 1771
 1771 1811
 1771 1772
 1772 1813
 1772 1773
 1773 2186
 1773 1813
 1774 2186
 1774 1814
 1775 1817
 1775 1816
 1776 1817
 1776 1777
 1777 1819
 1778 1819
 1779 1820
 1779 1780
 1780 1860
 1780 1820
 1780 1821
 1781 1821
 1781 1782
 1782 1863
 1782 1783
 1782 2201
 1783 1864
 1783 1863
 1783 1823
 1783 2201
 1784 1823
 1784 2201
 1785 1786
 1785 1823
 1785 1825
 1786 1826
 1786 1825
 1787 1828
 1787 1827
 1788 1829
 1788 1828
 1789 1790
 1789 1829
 1790 1791
 1790 1831
 1791 1874
 1791 1832
 1791 1831
 1792 1832
 1793 1833
 1794 1834
 1795 1834
 1796 1837
 1797 1837
 1798 1840
 1798 1839
 1799 1840
 1800 1842
 1800 1841
 1801 1886
 1801 1843
 1801 1842
 1802 1843
 1803 1845
 1803 2188
 1804 1846
 1804 1805
 1804 1845
 1805 1890
 1805 1806
 1805 1846
 1806 1847
 1807 1847
 1808 1848
 1808 1849
 1808 1809
 1809 1894
 1809 1849
 1810 1896
 1810 1811
 1810 1851
 1810 1850
 1811 1851
 1811 1852
 1812 1813
 1812 1852
 1813 2186
 1813 1898
 1814 1815
 1814 1855
 1815 1856
 1815 1816
 1816 1856
 1817 1857
 1818 1857
 1818 1819
 1819 1859
 1819 1820
 1820 1905
 1820 1860
 1820 1859
 1821 1861
 1821 1822
 1821 1860
 1822 1863
 1823 1865
 1823 1864
 1824 1867
 1824 1865
 1825 1868
 1825 1867
 1825 1826
 1826 1869
 1826 1827
 1827 1870
 1827 1869
 1828 1871
 1829 1830
 1829 2187
 1830 1873
 1831 1874
 1831 1873
 1832 1875
 1832 1833
 1833 1877
 1833 1876
 1833 1834
 1834 1878
 1834 1877
 1836 1880
 1837 1880
 1837 1881
 1837 1838
 1838 1839
 1838 1882
 1838 1881
 1839 1882
 1839 1883
 1839 1840
 1840 1883
 1840 1841
 1841 1885
 1842 1886
 1843 1887
 1843 1886
 1843 2188
 1844 1887
 1844 1888
 1845 1932
 1845 1888
 1846 1890
 1846 1889
 1847 1891
 1847 1890
 1848 1893
 1848 1891
 1849 1894
 1849 1893
 1850 1894
 1851 1852
 1852 1853
 1852 1896
 1852 1939
 1853 1897
 1853 1898
 1854 1899
 1854 1901
 1854 1855
 1855 1856
 1855 1902
 1856 1902
 1856 1857
 1857 1903
 1857 1945
 1857 1902
 1858 1904
 1859 1905
 1859 1904
 1860 1906
 1860 1861
 1860 1905
 1861 1907
 1861 1906
 1862 1908
 1863 1908
 1863 1864
 1864 1909
 1864 1908
 1865 1910
 1865 1866
 1866 1912
 1867 1912
 1867 1868
 1868 1869
 1868 1913
 1868 1956
 1868 1912
 1869 1913
 1869 1870
 1870 1871
 1870 1915
 1870 1914
 1871 1958
 1871 1916
 1871 1915
 1872 2187
 1872 1917
 1873 1918
 1873 1917
 1873 1874
 1874 1875
 1874 1919
 1874 1918
 1875 1920
 1875 1919
 1875 1876
 1876 1877
 1876 1920
 1877 1922
 1877 1921
 1880 1966
 1880 1924
 1880 1923
 1881 1967
 1881 1924
 1881 1925
 1882 1883
 1882 1925
 1883 1968
 1883 1926
 1883 1925
 1884 1885
 1885 1928
 1886 1929
 1886 1930
 1886 1928
 1886 1887
 1887 1930
 1888 1932
 1889 1933
 1889 1890
 1889 1932
 1890 1933
 1890 1891
 1891 1935
 1891 1934
 1892 1935
 1892 1893
 1893 1937
 1893 1894
 1894 1895
 1894 1937
 1896 1984
 1896 1983
 1896 1938
 1896 1939
 1897 1985
 1897 1939
 1898 1986
 1898 1941
 1898 1899
 1898 2186
 1899 2186
 1899 1941
 1900 2206
 1900 1901
 1901 1943
 1902 1944
 1902 1943
 1902 1945
 1903 1946
 1903 1945
 1904 1948
 1904 1905
 1904 1947
 1905 2189
 1905 1948
 1906 1907
 1906 1950
 1906 1949
 1907 1952
 1908 1952
 1908 1953
 1908 1909
 1909 1953
 1909 1910
 1910 1954
 1910 1953
 1911 1955
 1911 1954
 1912 2181
 1912 1955
 1913 1914
 1913 1956
 1914 1915
 1915 1958
 1915 1957
 1916 1917
 1916 1958
 1917 1960
 1917 1918
 1918 2005
 1918 1960
 1918 1919
 1919 1920
 1920 1962
 1920 1961
 1921 1963
 1922 1963
 1923 1966
 1924 1967
 1925 1968
 1925 1967
 1926 1969
 1926 1968
 1926 1927
 1927 1928
 1927 1969
 1928 1929
 1928 1971
 1929 1930
 1929 1971
 1930 1972
 1930 1974
 1930 1973
 1931 1932
 1932 1975
 1932 1933
 1933 1977
 1933 1975
 1933 1934
 1934 1978
 1934 1935
 1935 2020
 1935 1979
 1935 1978
 1936 1980
 1937 1938
 1937 1980
 1937 1981
 1938 1981
 1938 1983
 1939 1984
 1940 1986
 1940 1985
 1941 2028
 1941 2027
 1941 2206
 1941 1986
 1942 2206
 1943 1988
 1943 1987
 1943 1944
 1944 1989
 1944 1945
 1944 1988
 1945 1989
 1945 1990
 1947 1991
 1947 1990
 1948 2189
 1948 1991
 1949 1950
 1949 2189
 1950 2035
 1950 1951
 1950 1992
 1951 1994
 1952 1995
 1952 1994
 1952 1953
 1953 1997
 1953 1954
 1953 1995
 1954 1997
 1955 1999
 1955 1998
 1956 2000
 1956 1957
 1956 1999
 1957 2001
 1957 2042
 1957 2000
 1958 1959
 1958 2002
 1958 2001
 1959 2004
 1960 2005
 1960 2004
 1961 2006
 1961 2005
 1961 1962
 1962 1963
 1962 2008
 1962 2007
 1963 2009
 1963 2008
 1966 2011
 1966 2010
 1967 2053
 1967 2012
 1967 2011
 1968 2013
 1968 1969
 1969 2055
 1969 2014
 1969 1970
 1969 2013
 1970 2015
 1971 2058
 1971 2016
 1971 1972
 1971 2015
 1972 1973
 1973 2060
 1973 2016
 1974 2060
 1974 1975
 1975 2018
 1975 1976
 1976 2064
 1976 1977
 1976 2019
 1976 2018
 1977 1978
 1978 2020
 1978 2019
 1980 2021
 1980 1981
 1981 2022
 1981 2023
 1981 2021
 1983 2024
 1983 2023
 1984 2025
 1984 1985
 1984 2024
 1985 2025
 1986 2072
 1986 2027
 1987 2074
 1987 1988
 1988 2075
 1988 2030
 1989 2031
 1989 2030
 1990 2031
 1990 1991
 1991 2189
 1991 2033
 1992 2035
 1993 1994
 1993 2035
 1994 2037
 1994 1995
 1995 2037
 1995 1996
 1996 2039
 1996 1997
 1997 2039
 1998 2039
 1999 2086
 1999 2041
 1999 2000
 1999 2181
 2000 2041
 2001 2002
 2002 2044
 2002 2043
 2003 2004
 2003 2044
 2004 2046
 2004 2005
 2005 2048
 2005 2047
 2005 2006
 2006 2007
 2006 2048
 2007 2008
 2008 2050
 2008 2049
 2009 2050
 2011 2097
 2011 2053
 2011 2052
 2012 2013
 2012 2053
 2013 2101
 2013 2055
 2014 2015
 2014 2057
 2014 2105
 2015 2058
 2015 2057
 2016 2060
 2016 2058
 2017 2061
 2017 2060
 2018 2061
 2018 2062
 2018 2063
 2019 2064
 2020 2066
 2020 2065
 2021 2022
 2021 2067
 2021 2066
 2022 2067
 2022 2023
 2023 2069
 2023 2024
 2024 2070
 2024 2025
 2025 2071
 2025 2026
 2026 2072
 2027 2073
 2027 2072
 2027 2028
 2028 2074
 2028 2206
 2029 2136
 2029 2074
 2030 2031
 2030 2075
 2031 2077
 2031 2032
 2031 2076
 2033 2034
 2033 2079
 2033 2080
 2033 2078
 2033 2189
 2034 2035
 2034 2189
 2035 2080
 2035 2036
 2036 2082
 2037 2083
 2037 2038
 2037 2082
 2038 2039
 2039 2085
 2039 2084
 2039 2040
 2039 2083
 2040 2086
 2041 2042
 2041 2087
 2041 2086
 2042 2088
 2042 2043
 2043 2044
 2044 2089
 2044 2088
 2045 2091
 2045 2089
 2045 2046
 2046 2047
 2047 2092
 2047 2091
 2047 2048
 2048 2092
 2048 2049
 2049 2094
 2049 2050
 2050 2095
 2050 2094
 2053 2099
 2053 2054
 2053 2097
 2054 2101
 2054 2099
 2055 2103
 2055 2056
 2055 2101
 2056 2105
 2056 2103
 2057 2107
 2057 2105
 2058 2059
 2058 2107
 2059 2110
 2059 2108
 2059 2060
 2060 2112
 2060 2110
 2061 2062
 2061 2112
 2062 2063
 2062 2113
 2063 2116
 2063 2114
 2063 2064
 2064 2118
 2064 2065
 2064 2116
 2065 2119
 2065 2066
 2066 2121
 2066 2067
 2066 2119
 2067 2123
 2067 2121
 2067 2068
 2068 2125
 2068 2069
 2068 2123
 2069 2127
 2069 2070
 2069 2125
 2070 2129
 2070 2127
 2070 2071
 2071 2131
 2071 2072
 2071 2129
 2072 2132
 2073 2134
 2073 2074
 2073 2132
 2074 2206
 2074 2136
 2074 2134
 2075 2138
 2075 2076
 2075 2136
 2076 2139
 2076 2077
 2077 2141
 2077 2078
 2077 2139
 2078 2143
 2078 2141
 2078 2079
 2079 2145
 2079 2080
 2079 2143
 2080 2147
 2080 2145
 2080 2081
 2081 2149
 2081 2082
 2081 2147
 2082 2151
 2082 2083
 2082 2149
 2083 2153
 2083 2084
 2083 2151
 2084 2155
 2084 2153
 2085 2157
 2085 2086
 2085 2155
 2086 2159
 2086 2157
 2087 2161
 2087 2088
 2087 2159
 2088 2163
 2088 2161
 2088 2089
 2089 2164
 2089 2163
 2090 2166
 2090 2091
 2090 2164
 2091 2168
 2091 2166
 2092 2170
 2092 2093
 2092 2168
 2093 2172
 2093 2094
 2093 2170
 2094 2174
 2094 2172
 2094 2095
 2185 2221
 2190 2191
 2195 2196
 2195 2197
 2196 2197
 2210 2211
 2219 2220
 2224 2225
 2230 2231
 2231 2232
