    2  126
    2   82
    3   82
    4   83
    4   82
    6   84
    6   83
    8   84
    9   86
    9   85
   11  130
   11   87
   11   86
   13   87
   14   88
   14   89
   16  132
   16   90
   16   89
   18   91
   18   90
   19   92
   21   93
   21   92
   22   93
   23   94
   23   93
   25   94
   25   95
   27   96
   27   95
   28   96
   29   97
   29   96
   31   98
   31   97
   33  140
   33   99
   33   98
   34  100
   34   99
   36  101
   36  100
   38  102
   38  101
   39  102
   40  102
   40  103
   42  146
   42  104
   42  103
   44  105
   44  104
   46  106
   46  105
   48  106
   48  107
   50  150
   50  108
   50  107
   52  108
   53  110
   53  109
   55  111
   55  110
   57  153
   57  111
   57  112
   59  112
   59  113
   61  113
   61  114
   62  114
   62  115
   64  115
   64  116
   66  117
   66  116
   67  117
   68  118
   68  117
   70  119
   70  118
   71  120
   71  119
   73  121
   73  120
   75  122
   75  121
   77  123
   77  122
   79  165
   79  123
   81  126
   82  127
   82  126
   83  128
   83   84
   84   85
   85 2258
   85  129
   85   86
   87   88
   87  130
   88  174
   88   89
   88  173
   88  131
   90   91
   90  132
   91  134
   91   92
   91  133
   93  136
   93   94
   93  135
   94  137
   94   95
   96  182
   96  181
   96   97
   96  138
   97   98
   98  140
   98  139
   99  141
   99  140
  100  101
  101  102
  101  142
  102  144
  102  143
  103  146
  103  144
  104  147
  104  105
  105  106
  106  147
  106  107
  107  150
  107  148
  108  194
  108  109
  108  150
  109  110
  109  194
  110  196
  110  195
  110  151
  110  152
  110  111
  111  153
  112  113
  112  153
  113  155
  113  154
  114  115
  115  116
  115  155
  115  157
  117  159
  117  158
  117  118
  118  119
  119  161
  119  160
  120 2257
  120  121
  121 2257
  121  122
  122  162
  122  123
  123  165
  123  164
  123  163
  124  165
  125  168
  126  169
  126  168
  126  127
  127  128
  127  169
  128 2258
  129  130
  129 2258
  130  131
  130  172
  131  173
  131  172
  132  133
  132 2266
  132  174
  133 2266
  133  134
  133  175
  134  135
  135  178
  135  177
  135  136
  136 2261
  136  137
  136  178
  137  138
  137 2261
  137  179
  138  179
  139  225
  139  183
  139  140
  139  182
  140  141
  140  183
  141  185
  141  142
  142  186
  142  143
  143  188
  143  144
  143  187
  144  188
  145  190
  145  146
  146  147
  146  190
  147  232
  147  233
  147  148
  147  191
  148  149
  149  192
  150  235
  150  194
  150  193
  152  196
  153  239
  153  154
  153  197
  154  240
  154  198
  154  155
  154  239
  155  198
  155  156
  156  199
  156  286
  156  157
  156  242
  157  158
  157  199
  158  202
  158  159
  158  201
  159  203
  159  160
  160  161
  160  203
  162  205
  162  206
  162  163
  162 2257
  164  207
  164  165
  164  206
  165  209
  165  208
  168  210
  168  212
  168  211
  168  169
  169  213
  169  254
  169  212
  169  170
  170 2258
  171 2258
  171  172
  171  214
  171  215
  172  215
  172  173
  173  216
  173  215
  175  219
  175  218
  175 2266
  176  177
  176  219
  177  221
  177  178
  178 2261
  178  263
  178  221
  179  222
  179 2261
  180  181
  181  268
  181  224
  181  223
  181  182
  182  225
  183  226
  183  225
  185  272
  185  186
  185  226
  186  227
  186  187
  187  228
  187  227
  187  188
  188  189
  188  229
  188  228
  189  229
  190  231
  190  230
  190  191
  191  231
  191  232
  192  193
  192  234
  192  233
  193  279
  193  234
  193  235
  194  237
  194  235
  195  196
  195  237
  196  238
  196  197
  198  241
  198  240
  199  287
  199  243
  199  286
  200  201
  201  244
  201  202
  201  243
  202  244
  202  203
  203  290
  203  246
  203  204
  203  245
  204  292
  204 2257
  205  248
  205  206
  205  247
  206  249
  206  207
  206  248
  207  250
  207  249
  207  208
  208  295
  208  251
  208  250
  210  253
  211  253
  211  212
  212  254
  213  256
  213  254
  214  257
  214  256
  214 2258
  215  258
  215  257
  216  259
  216  217
  217 2302
  217 2266
  218  261
  218 2266
  218 2302
  219  220
  220  221
  220  262
  221  263
  221  262
  222  223
  223  266
  224  269
  224  225
  224  268
  225  271
  225  270
  225  269
  227  273
  227  228
  227  272
  228  274
  228  273
  229  274
  231  319
  231  276
  231  232
  231  275
  232  319
  232  277
  233  277
  234  279
  234  278
  235  280
  235  279
  236  237
  236  281
  237  238
  238  323
  238  282
  238  239
  238  281
  239  284
  239  240
  240  284
  241  285
  244  330
  244  245
  244  289
  245  331
  245  330
  245  290
  246  332
  246  291
  247  293
  247  248
  247  292
  247 2257
  248  249
  248  293
  249  250
  250  294
  251  295
  253  297
  254  299
  254  255
  255  300
  255  299
  255  256
  256  301
  256  300
  256  257
  257  342
  257  302
  257  258
  257  301
  258  302
  258  303
  259  304
  259  303
  259  260
  261 2302
  261  348
  261  306
  261  305
  262  307
  262  263
  262  306
  263  308
  263  307
  264  308
  264 2261
  265 2261
  265  266
  266  309
  266  267
  267  311
  267  268
  267  310
  268  311
  268  269
  269  270
  269  311
  270  271
  270  312
  271  272
  272  315
  272  314
  273  315
  273  274
  274  316
  274  275
  274  315
  275  316
  276  319
  276  318
  277  320
  277  319
  278  361
  279  361
  279  280
  280  362
  280  321
  280  361
  281  321
  282  364
  282  283
  282  324
  282  323
  283  324
  283  284
  284  325
  284  285
  285  286
  285  326
  286  287
  287  328
  287  288
  287  327
  288  289
  288  329
  290  332
  290  331
  292  334
  292  333
  293  335
  293  334
  294  336
  295  337
  295  336
  297  298
  298  339
  298  338
  298  299
  299  340
  299  339
  299  300
  300  340
  300  301
  301  342
  302  380
  302  343
  302  342
  303  345
  303  304
  304  305
  305  348
  305  347
  305  346
  305 2302
  306  307
  307  350
  307  349
  308  387
  308  351
  309  310
  309  352
  309  351
  310  352
  311 2271
  311  354
  311  353
  311  312
  312  391
  312  355
  313  314
  314  392
  315 2279
  315  356
  315  394
  315  316
  316  357
  316  356
  316  358
  317  359
  317  318
  318  397
  318  359
  318  319
  319  320
  319  397
  321  363
  321  322
  322  402
  322  363
  322  323
  323  402
  324  325
  324  365
  324  364
  325  366
  325  365
  325  326
  326  367
  326  366
  327  408
  327  328
  327  367
  328  368
  328  408
  329  330
  329  368
  330  411
  330  331
  330  369
  331  370
  331  411
  332  333
  333  334
  333  371
  334  414
  334  372
  334  371
  334  335
  335  373
  335  336
  335  372
  336  416
  336  374
  336  373
  337  374
  339  419
  339  377
  339  376
  339  340
  340  377
  340  341
  341  421
  342  379
  342  380
  343  381
  343  344
  343  380
  344  423
  344  382
  344  345
  345  346
  346  384
  346  383
  347  348
  347  385
  347  384
  348  349
  349  386
  349  350
  349  385
  350  428
  350  387
  352  353
  352  389
  352  388
  354  390
  354  391
  354 2271
  355  432
  355  392
  356  435
  356  395
  356  394
  357  396
  357  395
  359  438
  359  397
  359  396
  360  361
  361  399
  361  362
  362  441
  362  400
  362  399
  363  402
  364  404
  364  403
  364  365
  364  402
  365  405
  365  404
  366  367
  366  405
  368  409
  368  408
  369  411
  369  410
  369  409
  370  413
  370  371
  371  414
  371  413
  372  415
  372  414
  373  415
  374  417
  376  419
  377  378
  377  419
  378  461
  378  421
  379  422
  379  380
  379  421
  380  462
  380  381
  381  463
  381  423
  381  462
  382  424
  382  383
  382  423
  384  426
  384  385
  384  425
  385  426
  385  386
  386  469
  386  428
  386  427
  387  429
  387  428
  388  389
  388  430
  388  429
  389 2272
  389  430
  390 2271
  390  474
  390  391
  390  431
  391 2281
  391  432
  392  432
  392  393
  393  394
  393 2279
  393  433
  394  434
  394  435
  395  436
  395  435
  395  437
  397  398
  397  439
  397  438
  398  399
  399  441
  399  440
  400  442
  400  401
  400  441
  402  444
  403  446
  403  445
  403  404
  404  447
  404  446
  405  447
  406  407
  407  408
  407  489
  408  449
  408  448
  409 2289
  409  449
  410 2289
  410  411
  410  451
  410  450
  411  451
  411  412
  412  413
  412  452
  412  453
  412  451
  413  414
  413  453
  414  455
  414  415
  415 2259
  415  455
  416  499
  416  498
  416  456
  416 2259
  416  417
  418  419
  418  458
  419  420
  419  458
  421  422
  422  506
  422  462
  423  464
  423  463
  424  425
  425  466
  426  467
  426  427
  426  468
  427  512
  427  469
  427  468
  428  470
  428  471
  428  469
  430 2272
  430  473
  430  472
  430  431
  431  517
  431  474
  431  473
  431 2271
  432 2280
  432 2281
  433  434
  433  475
  434  522
  434  477
  434  476
  435  523
  435  522
  435  436
  436  478
  436  523
  437  438
  438  439
  438  480
  439  482
  439  480
  440  483
  440  441
  440  482
  441  484
  441  483
  442  530
  442  443
  443  444
  444  485
  444  445
  445  446
  445  486
  446  533
  446  487
  446  488
  447  488
  447  489
  448  492
  448  449
  448  491
  448  490
  450  539
  450  451
  450  493
  451  494
  451  539
  452  453
  452  494
  453  495
  453  454
  454  455
  454  496
  455 2259
  456  499
  458  501
  458  502
  459  460
  460  461
  460  503
  460  502
  460  504
  461  505
  462  507
  462  463
  463  508
  463  464
  464  509
  464  465
  464  553
  464  508
  465  466
  466  467
  466  510
  467  511
  468  512
  468  511
  469  513
  469  512
  470  514
  470  513
  471  472
  472  516
  472  515
  473  517
  473  516
  474 2281
  474  518
  474  517
  475  520
  476  520
  477  521
  477  522
  478  479
  478  524
  478  525
  479  526
  479  480
  480  481
  480  527
  480  526
  481  528
  481  482
  483  571
  483  528
  483  484
  484  571
  484  529
  485  486
  485  531
  485  530
  486  487
  486  531
  486  532
  487  532
  487  574
  487  533
  488  534
  488  533
  489  490
  489 2295
  490  536
  490 2295
  491  537
  491  536
  491  492
  492 2289
  493  581
  493  539
  493  538
  494  540
  494  539
  496  542
  496  541
  497 2259
  497  585
  497  543
  498  586
  498  545
  498 2259
  499  546
  501  548
  501  502
  502  548
  503  590
  503  549
  503  504
  503  548
  504  549
  504  505
  505  592
  505  549
  506  550
  506  592
  507  550
  508  552
  508  553
  508  551
  509  554
  510  554
  510  511
  511  512
  511  556
  511  555
  512  556
  512  557
  513  558
  513  557
  514  515
  515  559
  516  560
  516  517
  517  561
  517  560
  518  562
  518  561
  519 2280
  519  563
  519  562
  519  520
  520  563
  520  521
  521  564
  522  565
  522  523
  523  609
  523  524
  523  566
  523  565
  524  567
  524  566
  526  569
  526  568
  526  527
  526  567
  527  570
  527  569
  528  571
  528  570
  529  530
  529  572
  531  573
  531  572
  532  573
  532  574
  533  575
  533  574
  534  576
  534  535
  535 2296
  535  577
  536 2295
  536  578
  536  537
  537  580
  537  578
  537  538
  538 2289
  539  582
  539  581
  540  583
  540  541
  541  584
  541  583
  541  542
  542  585
  542  584
  543  631
  543  544
  543  585
  544  631
  544  586
  544 2260
  545  587
  545  546
  545  586
  547  589
  548  589
  548  590
  549  592
  549  590
  550  551
  550  593
  550  592
  551  593
  551  594
  551  552
  552  595
  552  553
  553  596
  553  554
  553  595
  554  555
  555  598
  555  599
  555  556
  556  600
  556  599
  557  601
  557  600
  558  559
  559  603
  559  560
  559  602
  560  604
  560  603
  560  561
  561  605
  561  604
  563  607
  563  606
  563  564
  564  651
  564  608
  564  607
  565  609
  565  652
  565  608
  566  610
  566  609
  568  612
  568  611
  568  569
  569  612
  570  614
  571  615
  571 2285
  571  614
  572  615
  573  618
  573  617
  574  618
  574  619
  574  575
  575  620
  575  619
  575  576
  576  622
  576  577
  577 2295
  578  579
  578  623
  578  624
  579  624
  579  580
  579  625
  580  667
  580  626
  580  581
  581  627
  581  626
  581  582
  582  583
  582  627
  583  584
  583  627
  584  630
  584  585
  584  628
  585  631
  586  587
  586  631
  587  632
  588  589
  588  635
  589  590
  590  636
  590  591
  591  637
  591  592
  592  637
  593  594
  593  638
  594  640
  595  640
  595  596
  596  641
  596  597
  596  640
  597  598
  598  599
  598  642
  598  643
  599  644
  599  600
  599  643
  600  645
  601  646
  602  689
  602  646
  603  604
  603  690
  604  692
  604  647
  604  648
  605  649
  605  648
  606  649
  607  651
  607  650
  608  651
  609  696
  609  653
  609  652
  610  611
  611  654
  611  655
  611  612
  612  613
  612  655
  613  698
  613  656
  613  655
  614 2285
  614  657
  614  656
  615  616
  616  617
  616  659
  617  660
  617  701
  618  661
  619  662
  619  661
  619  620
  620  621
  620  663
  620  662
  621  663
  621  622
  622  664
  622  663
  623  665
  623  664
  624  666
  624  665
  624  625
  625  708
  625  707
  625  667
  625  666
  626  668
  626  667
  627  669
  627  668
  628  711
  628  670
  629  671
  629  712
  630  672
  632  674
  632  673
  633  674
  635  676
  635  678
  637  719
  637  680
  637  679
  639  680
  640  683
  640  682
  640  641
  641  642
  641  683
  642  684
  642  643
  642  683
  643  685
  643  684
  644  686
  644  685
  645  687
  645  646
  646  689
  647  691
  647  692
  647  690
  648 2303
  648  692
  649  650
  650  693
  651  737
  651  694
  651  695
  652  696
  652  695
  653  740
  653  654
  655  697
  655  698
  657  745
  657  658
  657  699
  657 2285
  658  659
  658  746
  658 2285
  659  660
  660  700
  661  749
  661  662
  661  701
  662  703
  662  663
  662  702
  663  704
  665  706
  665  705
  666  707
  666  706
  667  709
  667  708
  668 2286
  668  710
  669  758
  669  711
  669  710
  670  759
  670  712
  670  711
  671  713
  671  672
  671  712
  672  760
  672  713
  672  673
  673  761
  673  714
  673  760
  673  674
  674  715
  674  714
  676  677
  676  717
  677  717
  677  678
  677  718
  678  766
  678  679
  678  718
  679  766
  679  719
  680  720
  680  681
  680  719
  681  721
  681  682
  681  720
  682  721
  682  722
  683  723
  683  722
  684  725
  684  723
  684  724
  684  685
  685  725
  686  726
  686  727
  686  687
  687  728
  687  688
  687  727
  689  690
  689  729
  690  729
  690  730
  691  732
  691  692
  691  731
  692  732
  692  733
  693  736
  693  735
  693  734
  694  736
  695  738
  695  696
  695  737
  696  738
  696  739
  697  698
  697  740
  698  743
  698  699
  698  742
  699  745
  700  748
  700  746
  701  748
  702  750
  702  703
  702  749
  703  751
  703  750
  704  752
  704  705
  706  753
  707  754
  707  755
  707  708
  708  800
  708  709
  708  755
  709 2286
  709  756
  710  757
  710 2286
  711  758
  712  804
  712  713
  712  759
  713  760
  714  807
  714  762
  714  761
  716  764
  717  764
  718  766
  718  765
  718  764
  719  767
  719  720
  719  766
  720  768
  720  721
  721  769
  721  722
  721  768
  722  771
  722  723
  723  724
  724  772
  724  725
  725  817
  725  772
  725  773
  725  726
  726  774
  726  773
  727  774
  728  776
  729  730
  729  776
  730  821
  730  731
  731  777
  731  778
  731  732
  732  778
  733  824
  733 2303
  733  778
  734 2303
  735  781
  735  736
  735  780
  736  827
  736  782
  736  781
  737  782
  738  830
  738  784
  738  739
  738  783
  739  785
  739  740
  740  741
  741  787
  741  742
  741  786
  742  787
  742  743
  743  744
  744  789
  744  788
  744  745
  745  790
  745  746
  746  747
  747  792
  747  793
  747  748
  748  749
  749  793
  750  795
  750  794
  751 2297
  751  796
  751  795
  752  753
  752  796
  753  797
  753  798
  753  754
  754  798
  754  755
  755  799
  755  798
  756  801
  756 2286
  756  800
  757  802
  757  801
  757 2286
  758  802
  759  850
  759  803
  759  802
  760  761
  760  805
  761  806
  762  807
  764  809
  764  810
  764  765
  765  766
  765  810
  766  812
  767  860
  768  769
  768  813
  768  860
  769  770
  769  814
  770  815
  771  772
  771  815
  772  816
  773  866
  773  818
  773  817
  774  818
  774  775
  775  820
  775  776
  777  823
  777  778
  777  822
  777  821
  778  823
  779  780
  779 2303
  780  825
  781  827
  781  826
  782  783
  782  827
  783  828
  784  832
  784  785
  784  830
  785  786
  786  787
  786  833
  787 2307
  787  835
  787  788
  787  834
  788  789
  789  837
  789  836
  789  790
  790  791
  790  838
  791  792
  792  793
  792  839
  793  794
  793  840
  794  841
  794  795
  795 2297
  795  842
  795  841
  796  797
  797  798
  797  844
  797  843
  798  799
  798  844
  798  845
  799  846
  799  800
  800  847
  801  849
  801  802
  801  848
  802  850
  803  851
  803  850
  804  851
  805  852
  807  854
  807  853
  808  854
  809  810
  809  857
  810  811
  811  858
  812  906
  812  859
  813  861
  814  862
  815  864
  815  863
  816  911
  816  865
  816  864
  816  817
  817  866
  817  865
  818  819
  819  867
  819  868
  819  820
  820  821
  821  868
  822  870
  822  869
  822  823
  823  871
  823  870
  824  825
  824  871
  825  826
  826  872
  827  828
  827  873
  828  873
  828  874
  828  829
  829  875
  829  830
  829  874
  830  831
  831  876
  831  832
  831  875
  832  833
  832  877
  833  834
  834  878
  835  879
  835  836
  835 2307
  836  837
  836  879
  836  880
  837  882
  837  838
  838  839
  839  840
  839  882
  840  841
  840  883
  841  842
  841  884
  842  887
  842  885
  842  886
  843 2298
  843  844
  844  936
  844  935
  844  888
  844  845
  845  890
  845  889
  846  890
  846  891
  847  848
  847  891
  848  849
  849  894
  849  892
  850  851
  850  894
  851  897
  851  896
  851  852
  851  895
  852  942
  852  898
  852  897
  852  853
  853  899
  853  854
  853  898
  854  901
  854  900
  857  947
  857  902
  858  859
  858  903
  859  904
  859  906
  861  862
  861  908
  862  953
  862  908
  862  909
  863  909
  864  911
  864  910
  865  912
  865  866
  866  912
  866  913
  867  915
  867  913
  868  916
  868  915
  869  917
  869  870
  869  916
  870  918
  870  917
  871  919
  872  873
  872  919
  873  920
  874  922
  874  965
  874  921
  875  923
  875  922
  876  877
  876  923
  877  924
  877  878
  878 2308
  878 2306
  878  925
  879  927
  879  880
  879 2306
  880  881
  881  882
  881  930
  881  928
  882  931
  882  883
  883  884
  884  931
  884  885
  885  886
  885  932
  886  977
  886  934
  886  933
  887 2297
  887  934
  887  888
  888 2298
  888  935
  888  934
  889  980
  889  890
  890  891
  891  938
  891  937
  892  939
  892  938
  893  894
  893  939
  894  940
  894  895
  895 2274
  895  896
  896  897
  896 2274
  897  942
  898  987
  898  943
  898  942
  899  943
  899  900
  900  945
  900  944
  900  943
  902  947
  903  948
  903  949
  903  904
  903  947
  904  949
  904  905
  905  906
  905  950
  905  949
  906  950
  906  907
  907  908
  908  951
  909  954
  909  953
  910  954
  911  955
  912 1000
  912  913
  912  955
  913  956
  913  914
  914  958
  914  915
  914  957
  915  916
  915  959
  916  917
  917 1005
  917  960
  917  959
  918  962
  919  920
  919  962
  920  921
  920  963
  921  964
  922  966
  922  923
  922  965
  923  967
  923  924
  924  925
  925  968
  925  926
  926  971
  926 2306
  926  969
  927  928
  927 2306
  927  971
  928  929
  928  971
  929  930
  929  973
  930  931
  930  973
  930  975
  931  932
  932  976
  932  933
  932  975
  933  976
  933  977
  934  935
  934  978
  934  977
  935  979
  936  980
  936  979
  937 1029
  937  981
  938  982
  938  981
  940  985
  940  983
  941  985
  941 2274
  942  987
  943 2263
  943  988
  943  944
  943  987
  944  989
  945  989
  947  992
  947  991
  948  993
  948  992
  949  994
  949  950
  949  993
  950  951
  950  995
  950  994
  951  996
  951  952
  952 1044
  952  996
  952  953
  952  997
  953  997
  953  954
  954  998
  954  997
  955 1000
  955  999
  956 1001
  956  957
  956 1000
  957 1003
  957 1002
  957 1001
  958  959
  958 1004
  958 1003
  960 1006
  960  961
  960 1005
  961 1007
  961  962
  962  963
  963  964
  963 1008
  964 1009
  964  965
  965 1010
  965  966
  966  967
  966 1012
  967 1014
  967 1013
  967  968
  967 1012
  968 1063
  968 1015
  968  969
  968 1014
  969  970
  970 1016
  970 1015
  970  971
  971 1017
  971 1016
  971  972
  972  973
  972 1017
  973 1019
  973 1018
  973  974
  974 1020
  974  975
  974 1021
  974 1019
  975 1023
  975 1022
  975 1021
  975  976
  976  977
  976 1023
  977 1024
  977  978
  978 1027
  978 1026
  978 1025
  979 1028
  979 1027
  980 1029
  980 1028
  981 1030
  982  983
  983 1076
  983  984
  983 1030
  984 1032
  984 1031
  984  985
  985 1033
  985 1032
  986 2274
  986 1034
  986  987
  987 2263
  988 1037
  988  989
  988 2263
  989 1038
  989 1037
  991 1040
  992 1086
  992 1040
  992 1041
  993 1086
  993 1042
  994  995
  994 1043
  994 1042
  995 1043
  995  996
  996 1044
  996 1043
  997 1090
  997 1045
  997  998
  998 1047
  998  999
  998 1046
  998 1045
  999 1047
 1000 1048
 1000 1047
 1001 1050
 1001 1049
 1002 1050
 1002 1051
 1002 1003
 1003 1004
 1003 1051
 1004 1052
 1004 1051
 1005 1053
 1005 1006
 1005 1052
 1006 1054
 1006 1007
 1007 1008
 1007 1055
 1008 1056
 1009 1010
 1009 1056
 1010 1058
 1010 1011
 1011 1060
 1011 1059
 1011 1012
 1011 1058
 1012 1105
 1012 1060
 1012 1061
 1012 1013
 1013 1061
 1014 1107
 1014 1106
 1014 1063
 1014 1062
 1015 1064
 1015 1016
 1015 1063
 1016 1110
 1016 1064
 1016 1065
 1017 1066
 1017 1018
 1018 1019
 1018 1067
 1018 1066
 1019 1067
 1020 1067
 1020 1114
 1020 1068
 1022 1115
 1022 1068
 1022 1069
 1022 1023
 1023 1070
 1023 1069
 1025 1117
 1025 1071
 1025 1026
 1025 1070
 1026 1071
 1026 1027
 1027 1072
 1028 1073
 1029 1075
 1030 1075
 1030 1122
 1030 1076
 1031 1077
 1031 1032
 1031 1076
 1032 1033
 1032 1077
 1033 1078
 1033 1079
 1034 2273
 1034 1081
 1035 2263
 1036 2265
 1036 2263
 1037 1084
 1037 1083
 1040 1132
 1040 1085
 1041 1132
 1041 1086
 1042 1087
 1042 1043
 1042 1086
 1043 1089
 1043 1087
 1044 1136
 1044 1090
 1045 1091
 1045 1046
 1046 1138
 1046 1092
 1047 1092
 1047 1048
 1048 1093
 1048 1049
 1049 1141
 1049 1094
 1049 1093
 1050 1095
 1050 1051
 1050 1094
 1051 1096
 1051 1095
 1052 1096
 1052 1053
 1053 1099
 1053 1098
 1054 1100
 1054 1055
 1054 1099
 1055 1056
 1055 1101
 1056 1057
 1057 1102
 1057 1058
 1057 1101
 1058 1059
 1058 1103
 1058 1102
 1059 1103
 1059 1104
 1060 1104
 1060 1105
 1061 1153
 1061 1106
 1061 1105
 1062 1106
 1063 1109
 1063 1064
 1063 1107
 1064 1110
 1064 1109
 1065 1111
 1065 1066
 1065 1110
 1066 1113
 1066 1067
 1066 1111
 1067 1114
 1068 1115
 1068 1114
 1069 1116
 1069 1070
 1069 1115
 1070 1117
 1070 1116
 1071 1119
 1071 1117
 1072 1119
 1072 1073
 1073 1074
 1073 1120
 1073 1121
 1074 1075
 1074 1121
 1075 1169
 1075 1122
 1076 1077
 1076 1122
 1077 1124
 1077 1123
 1079 1126
 1079 1125
 1079 1080
 1079 2273
 1080 1127
 1080 1081
 1080 1126
 1081 1127
 1081 1082
 1082 2265
 1082 1128
 1082 1127
 1082 2264
 1083 2265
 1083 1129
 1083 1084
 1083 1128
 1084 1129
 1085 1132
 1086 1133
 1087 1088
 1087 1134
 1088 1089
 1088 1135
 1089 1136
 1089 1183
 1090 1185
 1090 1091
 1090 1137
 1091 1138
 1092 1139
 1092 1093
 1093 1141
 1093 1140
 1094 1142
 1094 1095
 1095 1096
 1095 1143
 1096 1145
 1096 1097
 1096 1144
 1097 1098
 1097 1146
 1097 1145
 1098 1194
 1098 1146
 1098 1147
 1098 1099
 1099 1100
 1100 1149
 1100 1148
 1100 1101
 1100 1147
 1101 1102
 1101 1149
 1102 1149
 1102 1150
 1102 1103
 1103 1104
 1103 1152
 1103 1150
 1104 1105
 1105 1153
 1105 1152
 1106 1154
 1106 1153
 1107 1108
 1107 1154
 1108 1155
 1109 1156
 1109 1155
 1110 1157
 1110 1111
 1111 1159
 1111 1112
 1112 1113
 1113 1160
 1113 1114
 1114 1161
 1114 1115
 1115 1163
 1115 1116
 1115 1162
 1116 1163
 1117 1118
 1117 1163
 1118 1119
 1118 1165
 1118 1166
 1118 1164
 1119 1167
 1119 1120
 1119 1166
 1120 1168
 1120 1167
 1121 1168
 1121 1169
 1122 1170
 1123 1172
 1124 1125
 1124 1173
 1125 1126
 1125 1173
 1125 1174
 1126 1127
 1126 1175
 1127 1176
 1127 1128
 1128 1177
 1128 1129
 1128 2265
 1129 1130
 1130 1177
 1131 1180
 1133 1180
 1134 1182
 1135 1183
 1135 1182
 1136 1185
 1136 1184
 1137 1186
 1138 1187
 1138 1186
 1139 1188
 1139 1140
 1139 1187
 1140 1141
 1140 1189
 1141 1142
 1142 1143
 1142 1190
 1143 2299
 1143 1191
 1144 1191
 1144 1145
 1145 1192
 1145 1146
 1145 1191
 1146 1194
 1146 1192
 1147 1195
 1147 1148
 1147 1194
 1148 1195
 1148 1149
 1148 1196
 1149 1196
 1149 1198
 1149 1150
 1150 1199
 1150 1198
 1151 1152
 1151 1199
 1152 1153
 1152 1200
 1152 1201
 1153 1202
 1153 1154
 1154 1203
 1154 1155
 1155 1156
 1155 1203
 1156 1203
 1156 1157
 1157 1158
 1157 1204
 1158 1159
 1159 1160
 1159 1205
 1160 1161
 1160 1206
 1161 1208
 1161 1162
 1162 1210
 1162 1163
 1162 1209
 1163 1164
 1164 1211
 1164 1165
 1165 1166
 1165 1212
 1165 1211
 1166 1256
 1166 1212
 1166 1167
 1167 1213
 1168 1214
 1168 1215
 1169 1170
 1170 1171
 1170 1216
 1170 1217
 1171 1217
 1171 1172
 1171 1218
 1172 1218
 1172 1173
 1173 1219
 1174 1220
 1174 1219
 1175 1222
 1177 1267
 1177 1266
 1177 1223
 1177 1222
 1179 1225
 1179 1180
 1180 1225
 1180 1181
 1180 1226
 1181 1227
 1181 1182
 1181 1226
 1183 1228
 1184 1229
 1185 1229
 1186 1231
 1186 2284
 1186 1230
 1187 1231
 1187 1232
 1187 1188
 1188 1189
 1189 1233
 1189 1234
 1190 2299
 1190 1234
 1191 1192
 1191 1235
 1192 1236
 1192 1235
 1192 1193
 1193 1238
 1193 1194
 1194 1239
 1194 1195
 1195 1196
 1196 1197
 1196 1239
 1197 1241
 1197 1198
 1197 1240
 1198 1241
 1198 1199
 1199 1200
 1200 1242
 1201 1202
 1201 1243
 1202 1246
 1202 1203
 1202 1244
 1203 1246
 1203 1247
 1204 2300
 1204 1247
 1205 2300
 1205 1248
 1205 1206
 1206 1249
 1206 1207
 1207 1249
 1207 1208
 1208 1251
 1208 1209
 1209 1210
 1210 1253
 1210 1211
 1210 1251
 1211 2305
 1211 1254
 1212 2304
 1212 1255
 1212 1256
 1213 1257
 1213 1214
 1213 1302
 1213 1256
 1214 1303
 1214 1257
 1214 1258
 1215 1258
 1215 1216
 1216 1259
 1217 1307
 1217 1306
 1217 1260
 1217 1259
 1218 1261
 1219 1263
 1219 1261
 1220 1264
 1220 1221
 1221 1265
 1221 1264
 1221 1222
 1222 1266
 1222 1265
 1223 1267
 1225 1270
 1225 1269
 1226 1271
 1226 1227
 1227 1272
 1227 1228
 1227 1271
 1228 1318
 1228 1320
 1228 1229
 1228 1319
 1228 1272
 1229 1320
 1229 1230
 1229 1273
 1230 1273
 1230 1274
 1230 2284
 1231 2284
 1231 1276
 1231 1232
 1232 1277
 1232 1233
 1233 1325
 1233 1278
 1234 1326
 1234 1279
 1234 1278
 1235 1280
 1235 1236
 1235 2299
 1236 1280
 1237 1281
 1237 1238
 1237 1280
 1238 1283
 1238 1282
 1238 1239
 1239 1283
 1239 1240
 1240 1285
 1241 1286
 1241 1242
 1241 1287
 1242 1243
 1242 1287
 1243 1288
 1243 1244
 1244 1245
 1245 1246
 1245 1291
 1245 1289
 1246 1292
 1246 1247
 1246 1291
 1247 1292
 1247 1293
 1248 1249
 1248 1294
 1249 1296
 1249 1297
 1249 1250
 1250 1298
 1250 1251
 1251 1252
 1252 1299
 1252 1253
 1253 1254
 1254 1300
 1255 1301
 1255 1256
 1256 1302
 1257 1303
 1257 1302
 1258 1305
 1258 1304
 1258 1259
 1258 1303
 1259 1306
 1259 1305
 1260 1351
 1260 1308
 1260 1261
 1260 1307
 1261 1308
 1261 1262
 1262 1309
 1262 1263
 1262 1308
 1263 1309
 1263 1264
 1264 1311
 1265 1311
 1265 1312
 1267 1313
 1268 1314
 1270 1317
 1270 1359
 1270 1316
 1270 1271
 1271 1317
 1271 1272
 1272 1317
 1273 1274
 1273 1322
 1273 1320
 1274 1323
 1274 2284
 1275 2284
 1275 1276
 1276 1324
 1277 1324
 1278 1326
 1279 2299
 1279 1327
 1279 1280
 1280 1327
 1281 1329
 1281 1282
 1281 1328
 1282 1330
 1282 1283
 1283 1284
 1284 1285
 1284 1330
 1285 1332
 1285 1286
 1286 1287
 1287 1332
 1287 1288
 1288 1289
 1288 1333
 1289 1336
 1289 1334
 1289 1290
 1290 1337
 1290 1336
 1291 1337
 1291 1338
 1292 1338
 1292 1293
 1293 2300
 1293 1339
 1294 1295
 1294 1340
 1295 1296
 1296 1342
 1296 1297
 1297 1343
 1297 1342
 1297 1298
 1298 1344
 1298 1343
 1298 1299
 1299 1346
 1299 1345
 1300 1347
 1300 1346
 1300 1301
 1300 2304
 1301 2304
 1301 1302
 1301 1348
 1303 1393
 1303 1304
 1303 1348
 1304 1394
 1304 1305
 1305 1306
 1305 1349
 1306 1307
 1307 1350
 1308 1352
 1308 1353
 1308 1351
 1309 1354
 1309 1310
 1309 1353
 1310 1311
 1310 1354
 1311 1399
 1311 1355
 1311 1354
 1312 1401
 1312 1355
 1312 1313
 1313 1356
 1313 1314
 1313 1401
 1314 1357
 1314 1356
 1314 1315
 1316 1359
 1317 1318
 1317 1359
 1317 1360
 1317 1405
 1318 1361
 1318 1319
 1319 1320
 1320 1362
 1320 1321
 1321 1410
 1321 1363
 1323 1363
 1324 1365
 1324 1325
 1324 1366
 1325 1366
 1325 1367
 1326 1414
 1326 1368
 1326 1327
 1326 1367
 1327 1368
 1327 1328
 1328 2290
 1328 1369
 1329 1371
 1329 1330
 1329 2290
 1330 1373
 1330 1331
 1331 1374
 1331 1373
 1332 1420
 1332 1375
 1332 1333
 1332 1374
 1333 1376
 1333 1334
 1333 1375
 1334 1335
 1335 1336
 1335 1377
 1336 1378
 1336 1379
 1337 1380
 1337 1338
 1338 1381
 1338 1339
 1339 2301
 1339 1381
 1340 1382
 1340 1383
 1340 2301
 1341 1342
 1341 1383
 1342 1386
 1342 1385
 1343 1387
 1344 1388
 1345 1346
 1345 1388
 1346 1389
 1346 1347
 1346 1390
 1347 1390
 1347 1348
 1348 1393
 1348 1391
 1349 1395
 1349 1394
 1350 1351
 1350 1395
 1351 1352
 1352 1353
 1352 1396
 1353 1397
 1353 1354
 1354 1399
 1355 1401
 1355 1399
 1356 1403
 1356 1402
 1356 1401
 1359 1405
 1359 1404
 1361 1407
 1362 1408
 1363 1411
 1363 1364
 1363 1410
 1364 1455
 1364 1412
 1364 1365
 1364 1411
 1366 1457
 1366 1413
 1367 1458
 1367 1457
 1367 1414
 1368 1369
 1368 1414
 1369 1370
 1370 2290
 1370 1415
 1370 1416
 1371 2290
 1371 1372
 1371 1417
 1372 1417
 1372 1373
 1373 1419
 1374 1420
 1375 1421
 1375 1376
 1376 1422
 1376 1421
 1377 1423
 1377 2294
 1378 1379
 1378 2294
 1379 1425
 1379 1380
 1380 1381
 1381 1426
 1381 1382
 1382 2301
 1382 1471
 1382 1427
 1382 1426
 1383 1384
 1383 1428
 1383 1427
 1384 1385
 1385 1475
 1385 1474
 1385 1386
 1386 1387
 1386 1475
 1387 1430
 1387 1388
 1388 1431
 1389 1432
 1389 1433
 1389 1390
 1390 1434
 1390 1433
 1391 1392
 1391 1434
 1392 1436
 1392 1393
 1393 1394
 1393 1437
 1394 1438
 1394 1437
 1395 1439
 1395 1438
 1396 1440
 1397 1441
 1398 2277
 1398 1399
 1398 1441
 1399 1400
 1399 1442
 1400 1401
 1400 1443
 1401 1444
 1401 1402
 1402 1403
 1402 1445
 1403 1446
 1405 1448
 1406 1449
 1406 1407
 1407 1451
 1407 1408
 1407 1450
 1408 1453
 1408 1409
 1409 1410
 1409 1453
 1411 1497
 1411 1454
 1412 1456
 1412 1413
 1412 1455
 1413 1456
 1414 1459
 1414 1458
 1415 1459
 1416 1461
 1416 1417
 1417 1418
 1417 1461
 1418 1419
 1418 1462
 1419 1464
 1419 1463
 1420 1464
 1420 1421
 1421 1465
 1421 1422
 1422 1466
 1422 1423
 1422 1465
 1423 1467
 1423 1466
 1424 2294
 1424 1425
 1424 1469
 1424 2293
 1425 1470
 1425 1426
 1426 1471
 1427 1472
 1428 2292
 1428 1473
 1428 1472
 1429 1474
 1429 1473
 1430 1476
 1431 1478
 1431 1477
 1431 1432
 1432 1479
 1432 1478
 1432 1433
 1433 1480
 1433 1434
 1434 1480
 1435 1480
 1435 1436
 1436 1482
 1436 1437
 1437 1483
 1437 1438
 1438 1484
 1438 1483
 1439 1485
 1439 1440
 1440 1486
 1440 1485
 1440 1441
 1441 2275
 1441 1486
 1442 1487
 1443 1488
 1444 1488
 1445 1489
 1446 1490
 1448 1449
 1449 1536
 1449 1492
 1449 1491
 1449 1450
 1449 1493
 1450 1493
 1450 1451
 1451 1494
 1451 1493
 1451 1452
 1452 1495
 1452 1453
 1452 1494
 1453 1496
 1453 1495
 1453 1454
 1455 1542
 1455 1497
 1456 1498
 1456 1457
 1457 1500
 1457 1458
 1457 1499
 1458 1501
 1458 1500
 1459 1502
 1459 1501
 1460 1502
 1460 1461
 1461 1504
 1461 1462
 1462 1506
 1462 1504
 1463 1507
 1464 1508
 1464 1507
 1464 1465
 1465 1509
 1465 1466
 1465 1508
 1466 1510
 1466 1509
 1467 1511
 1467 1510
 1467 2293
 1468 1511
 1468 1469
 1469 1513
 1470 1514
 1470 1471
 1470 1513
 1471 1515
 1471 1514
 1471 1516
 1471 1472
 1472 2292
 1472 1516
 1473 1517
 1473 2292
 1474 1558
 1474 1475
 1474 1519
 1475 2288
 1475 1519
 1476 2288
 1476 1521
 1476 1477
 1477 1522
 1477 1521
 1478 1479
 1478 1522
 1479 1524
 1479 1480
 1479 1522
 1479 1523
 1480 1524
 1481 1564
 1481 1482
 1481 1524
 1482 1526
 1482 1483
 1483 1527
 1483 1484
 1484 1528
 1484 1568
 1484 1485
 1484 1527
 1485 1528
 1485 1529
 1486 1530
 1487 1572
 1487 2278
 1487 1531
 1487 1488
 1488 1532
 1488 1531
 1489 1534
 1489 1533
 1489 1490
 1489 1532
 1491 1536
 1492 1493
 1492 1537
 1493 1538
 1493 1494
 1494 1539
 1494 1495
 1495 1496
 1496 1497
 1496 1540
 1496 1539
 1497 1540
 1498 1543
 1498 1542
 1498 1499
 1499 1500
 1499 1544
 1499 1543
 1500 1545
 1500 1544
 1501 1546
 1501 1545
 1502 1547
 1502 1546
 1503 1504
 1503 1547
 1504 1549
 1504 1505
 1505 1506
 1506 1550
 1507 1593
 1507 1594
 1507 1508
 1507 1550
 1508 1594
 1509 1552
 1509 1510
 1510 1552
 1511 1553
 1511 1552
 1512 1554
 1512 1553
 1513 1555
 1513 1554
 1514 1555
 1514 1515
 1515 1600
 1515 1516
 1515 1555
 1516 2291
 1517 1557
 1517 2291
 1518 1558
 1518 1557
 1519 1520
 1519 1558
 1521 1604
 1521 1560
 1522 1562
 1522 1523
 1522 1561
 1523 1563
 1523 1562
 1524 1564
 1524 1563
 1525 1526
 1525 1566
 1525 1564
 1526 1567
 1526 1527
 1527 1568
 1528 1610
 1528 1568
 1528 1569
 1529 1612
 1529 1570
 1529 1569
 1529 1530
 1530 2276
 1530 1571
 1530 1570
 1531 1616
 1531 1573
 1531 1532
 1531 1572
 1532 1573
 1532 1533
 1532 1574
 1533 1575
 1533 1574
 1534 1575
 1535 1578
 1536 1578
 1536 1579
 1537 1579
 1538 1581
 1538 1580
 1539 1623
 1539 1624
 1539 1582
 1539 1581
 1540 1582
 1540 1583
 1540 1541
 1541 1584
 1541 1583
 1541 1542
 1542 1543
 1542 1584
 1543 1544
 1543 1584
 1544 1585
 1544 1545
 1545 1587
 1545 1546
 1545 1588
 1546 1588
 1547 1632
 1547 1589
 1548 1549
 1548 1589
 1548 1590
 1549 1591
 1550 1592
 1551 1552
 1551 1594
 1552 1595
 1552 1553
 1553 1596
 1554 1599
 1554 1598
 1555 1600
 1555 1599
 1556 1601
 1556 1557
 1556 2291
 1556 1600
 1557 1644
 1557 1601
 1558 1645
 1558 1602
 1559 1560
 1559 1603
 1560 1604
 1560 1603
 1561 1648
 1561 1562
 1561 1605
 1561 1604
 1562 1649
 1562 1605
 1563 1607
 1563 1606
 1564 1607
 1565 1608
 1565 1566
 1565 1607
 1566 2283
 1566 1567
 1567 1568
 1567 1609
 1568 1610
 1569 1611
 1569 1610
 1570 1613
 1570 1571
 1570 1612
 1571 2278
 1571 1572
 1571 2276
 1572 2278
 1572 1614
 1573 1574
 1573 1616
 1574 1658
 1574 1617
 1576 1617
 1577 1578
 1578 1619
 1578 1579
 1579 1621
 1579 1580
 1579 1622
 1580 1581
 1580 1622
 1581 1622
 1582 1666
 1582 1626
 1582 1625
 1583 1626
 1583 1627
 1583 1584
 1584 1585
 1585 1627
 1585 1586
 1586 1630
 1586 1587
 1586 1628
 1587 1631
 1587 1588
 1588 1632
 1588 1631
 1589 1673
 1589 1632
 1590 1634
 1590 1633
 1591 1635
 1591 1592
 1591 1634
 1592 1593
 1592 1635
 1592 1636
 1593 1637
 1593 1636
 1593 1594
 1594 1638
 1594 1637
 1595 1679
 1595 1596
 1595 1638
 1596 1680
 1596 1597
 1596 1639
 1598 1641
 1598 1599
 1598 1640
 1599 1642
 1599 1600
 1600 1642
 1601 1685
 1601 1644
 1601 1643
 1603 1646
 1604 1648
 1604 1647
 1605 1648
 1606 1650
 1606 1649
 1607 1691
 1607 1650
 1608 2283
 1608 1652
 1608 1651
 1609 1653
 1609 1610
 1610 1697
 1610 1696
 1610 1611
 1611 1654
 1611 1697
 1612 1654
 1613 1655
 1614 1656
 1614 1655
 1615 1656
 1615 1616
 1616 1658
 1617 1659
 1617 1618
 1617 1658
 1618 1659
 1619 1662
 1620 1621
 1621 1622
 1621 1664
 1622 1623
 1623 1665
 1624 1665
 1625 1666
 1625 1665
 1626 1667
 1626 1627
 1627 1628
 1627 1667
 1628 1668
 1628 1629
 1629 1630
 1629 1669
 1630 1671
 1630 1631
 1631 1672
 1631 1632
 1632 1672
 1633 1718
 1633 1673
 1634 1719
 1634 1675
 1635 1636
 1635 1675
 1635 1676
 1636 1637
 1637 1677
 1637 1638
 1638 1678
 1638 1677
 1639 1680
 1639 1679
 1640 1681
 1640 1641
 1640 1680
 1641 1683
 1641 1642
 1641 1682
 1642 1683
 1643 1683
 1644 1686
 1644 1645
 1644 1685
 1645 1731
 1645 1686
 1646 1687
 1646 1647
 1647 1732
 1647 1688
 1647 1687
 1647 1648
 1648 1649
 1648 1689
 1649 1689
 1650 1691
 1651 1691
 1652 1695
 1652 2283
 1652 1694
 1653 2283
 1653 1696
 1653 1739
 1654 1742
 1654 1743
 1654 1698
 1654 1655
 1654 1697
 1655 1699
 1655 1698
 1656 1700
 1657 1701
 1659 1748
 1659 1703
 1659 1702
 1661 1662
 1661 1705
 1662 1705
 1662 1706
 1662 1663
 1664 1753
 1664 1707
 1665 1709
 1665 1708
 1666 1711
 1666 1667
 1666 1710
 1666 1709
 1667 1711
 1668 1713
 1668 1669
 1668 1711
 1669 1670
 1670 1715
 1670 1713
 1670 1671
 1671 1716
 1671 1672
 1672 1716
 1673 1717
 1673 1716
 1674 1719
 1674 1718
 1675 1676
 1675 1719
 1676 1721
 1677 1768
 1677 1767
 1677 1722
 1677 1678
 1677 1721
 1678 1722
 1679 1769
 1680 1723
 1681 1725
 1681 1724
 1682 1726
 1682 1683
 1682 1725
 1683 1727
 1683 1726
 1684 1727
 1684 1685
 1685 1729
 1685 1728
 1686 1729
 1687 1732
 1687 1731
 1688 1779
 1688 1689
 1688 1732
 1689 1780
 1689 1733
 1689 1734
 1690 1734
 1690 1691
 1691 1692
 1692 1736
 1692 1693
 1692 1735
 1693 1736
 1694 1784
 1694 1738
 1694 1695
 1694 1737
 1695 1739
 1696 1697
 1696 1740
 1697 1740
 1697 1741
 1698 1789
 1698 1744
 1698 1743
 1699 1745
 1699 1700
 1700 1746
 1700 1745
 1700 1701
 1701 1792
 1701 1747
 1701 1746
 1702 1793
 1702 1748
 1702 1747
 1703 1748
 1704 1751
 1705 1751
 1705 1706
 1706 1707
 1706 1752
 1706 1751
 1707 1753
 1707 1752
 1708 1753
 1709 1755
 1709 1799
 1710 1799
 1710 1711
 1710 1756
 1711 1757
 1711 1756
 1712 1802
 1712 1713
 1713 1714
 1713 1758
 1715 1760
 1716 1762
 1716 1761
 1716 1717
 1717 1763
 1717 1762
 1718 1763
 1719 1765
 1720 1765
 1721 1767
 1721 1766
 1722 1769
 1722 1768
 1723 1770
 1723 1724
 1724 1771
 1725 1815
 1725 1773
 1726 1727
 1726 1773
 1727 1773
 1727 1774
 1728 1729
 1728 1774
 1729 1776
 1729 1775
 1730 1777
 1730 1776
 1731 1777
 1731 1732
 1732 1778
 1732 1779
 1733 1780
 1733 1779
 1734 1781
 1734 1780
 1735 1736
 1735 1781
 1736 1783
 1736 1782
 1737 1784
 1737 1783
 1738 1785
 1739 1786
 1739 1740
 1740 1741
 1740 1786
 1741 1787
 1741 1742
 1742 1743
 1743 1789
 1744 1790
 1744 1745
 1744 1789
 1745 1791
 1745 1790
 1746 1832
 1746 1791
 1747 1793
 1747 1792
 1748 1794
 1748 1793
 1751 1835
 1751 1795
 1751 1796
 1753 1797
 1753 1754
 1754 1798
 1754 1755
 1754 1797
 1755 1799
 1755 1798
 1756 1757
 1756 1801
 1756 1799
 1757 1841
 1757 1802
 1757 1801
 1758 1759
 1758 1802
 1759 1805
 1759 1760
 1759 1803
 1760 1805
 1760 1761
 1761 1762
 1761 1806
 1761 1805
 1762 1806
 1762 1763
 1763 1847
 1763 1807
 1764 1808
 1765 1809
 1765 1766
 1765 1808
 1766 1767
 1766 1809
 1767 1810
 1767 1768
 1768 1769
 1768 1811
 1768 1810
 1769 1812
 1769 1811
 1769 1770
 1770 1813
 1770 1812
 1771 1772
 1771 1813
 1772 1815
 1773 1816
 1773 1774
 1774 1775
 1774 1816
 1775 1776
 1776 1817
 1777 1819
 1778 1860
 1778 1859
 1778 1779
 1778 1820
 1778 1819
 1779 1820
 1780 1822
 1780 1781
 1781 2282
 1781 1822
 1782 2282
 1782 1783
 1783 1823
 1784 1824
 1785 1866
 1785 1826
 1785 1825
 1786 1827
 1786 1787
 1786 1826
 1787 1827
 1787 1788
 1788 1829
 1788 1828
 1789 1830
 1789 1829
 1789 1790
 1790 1831
 1790 1791
 1790 1830
 1791 1871
 1791 1831
 1792 1874
 1792 1873
 1792 1832
 1793 1833
 1793 1874
 1795 1835
 1796 1836
 1796 1797
 1796 1835
 1797 1836
 1798 1838
 1798 1799
 1798 1837
 1799 1800
 1799 1840
 1799 1838
 1800 1801
 1801 1841
 1802 1842
 1802 1841
 1803 1804
 1803 1842
 1804 1844
 1805 1885
 1805 1845
 1805 1806
 1805 1844
 1806 1845
 1807 1847
 1807 1845
 1808 1809
 1808 1848
 1809 1850
 1809 1810
 1809 1848
 1810 1851
 1811 1852
 1811 1812
 1812 1853
 1812 1852
 1813 1814
 1813 1853
 1814 1815
 1815 1895
 1815 1894
 1815 1816
 1816 1896
 1816 1895
 1816 1855
 1817 1818
 1817 1855
 1817 1857
 1818 1858
 1819 1859
 1819 1858
 1820 1821
 1820 1860
 1821 1862
 1822 2282
 1822 1862
 1823 1824
 1823 1864
 1824 1825
 1826 1906
 1826 1827
 1826 1866
 1827 1907
 1827 1867
 1827 1906
 1828 1908
 1829 1909
 1829 1869
 1830 1870
 1830 1869
 1831 1870
 1832 1872
 1832 1871
 1833 1874
 1835 1917
 1835 1876
 1836 1878
 1836 1837
 1836 1877
 1837 1920
 1837 1838
 1837 1878
 1838 1879
 1838 1839
 1839 1880
 1839 1840
 1839 1879
 1840 1922
 1840 1881
 1840 1841
 1841 1842
 1841 1881
 1842 2269
 1842 1882
 1843 1844
 1843 2269
 1844 1884
 1844 1885
 1845 1886
 1845 1885
 1846 1847
 1846 1886
 1847 1888
 1848 1889
 1848 1849
 1848 1888
 1849 1889
 1849 1850
 1849 1890
 1850 1891
 1850 1851
 1851 1891
 1851 1852
 1852 1893
 1852 1853
 1853 2267
 1853 1893
 1854 2267
 1854 1894
 1855 1897
 1855 1896
 1856 1897
 1856 1857
 1857 1899
 1858 1899
 1859 1900
 1859 1860
 1860 1940
 1860 1900
 1860 1901
 1861 1901
 1861 1862
 1862 1943
 1862 1863
 1862 2282
 1863 1944
 1863 1943
 1863 1903
 1863 2282
 1864 1903
 1864 2282
 1865 1866
 1865 1903
 1865 1905
 1866 1906
 1866 1905
 1867 1908
 1867 1907
 1868 1909
 1868 1908
 1869 1870
 1869 1909
 1870 1871
 1870 1911
 1871 1954
 1871 1912
 1871 1911
 1872 1912
 1873 1913
 1874 1914
 1874 1913
 1875 1914
 1876 1917
 1877 1917
 1878 1920
 1878 1919
 1879 1920
 1880 1922
 1880 1921
 1881 1966
 1881 1923
 1881 1922
 1882 1923
 1883 1925
 1883 2269
 1884 1926
 1884 1885
 1884 1925
 1885 1886
 1885 1927
 1885 1926
 1886 1927
 1887 1927
 1888 1928
 1888 1929
 1888 1889
 1889 1974
 1889 1929
 1890 1976
 1890 1931
 1890 1930
 1891 1931
 1891 1932
 1891 1892
 1892 1893
 1892 1932
 1893 2267
 1893 1978
 1894 1895
 1894 1935
 1895 1936
 1895 1896
 1896 1936
 1897 1937
 1898 1937
 1898 1899
 1899 1939
 1899 1900
 1900 1985
 1900 1940
 1900 1939
 1901 1941
 1901 1902
 1901 1940
 1902 1943
 1903 1945
 1903 1944
 1904 1947
 1904 1945
 1905 1948
 1905 1947
 1905 1906
 1906 1949
 1906 1907
 1907 1950
 1907 1949
 1908 1951
 1909 1910
 1909 2268
 1910 1953
 1911 1954
 1911 1953
 1912 1913
 1913 1957
 1913 1956
 1913 1955
 1914 1958
 1914 1957
 1916 1960
 1917 1960
 1917 1961
 1917 1918
 1918 1919
 1918 1962
 1918 1961
 1919 1962
 1919 1963
 1919 1920
 1920 1963
 1920 1921
 1921 1965
 1922 1966
 1923 1967
 1923 1966
 1923 2269
 1924 1967
 1924 1968
 1925 2012
 1925 1968
 1925 1926
 1926 1969
 1927 1971
 1927 1970
 1928 1973
 1928 1971
 1929 1974
 1929 1973
 1930 1974
 1931 1932
 1932 1933
 1932 1976
 1932 2019
 1933 1977
 1933 1978
 1934 1979
 1934 1981
 1934 1935
 1935 1936
 1935 1982
 1936 1982
 1936 1937
 1937 1983
 1937 2026
 1937 1982
 1938 1984
 1939 1985
 1939 1984
 1940 1986
 1940 1941
 1940 1985
 1941 1987
 1941 1986
 1942 1988
 1943 1988
 1943 1944
 1944 1989
 1944 1988
 1945 1990
 1945 1946
 1946 1992
 1947 1992
 1947 1948
 1948 1949
 1948 1993
 1948 2037
 1948 1992
 1949 1993
 1949 1950
 1950 1951
 1950 1995
 1950 1994
 1951 2039
 1951 1996
 1951 1995
 1952 2268
 1952 1997
 1953 1998
 1953 1997
 1953 1954
 1954 1955
 1954 1999
 1954 1998
 1955 2000
 1955 1999
 1955 1956
 1956 1957
 1956 2000
 1957 2002
 1957 2001
 1960 2047
 1960 2004
 1960 2003
 1961 2048
 1961 2004
 1961 2005
 1962 1963
 1962 2005
 1963 2049
 1963 2006
 1963 2005
 1964 1965
 1964 2006
 1965 2008
 1966 2009
 1966 2010
 1966 2008
 1966 1967
 1967 2010
 1968 2012
 1969 2013
 1969 1970
 1969 2012
 1970 2013
 1970 1971
 1971 2015
 1971 2014
 1972 2015
 1972 1973
 1973 2017
 1973 1974
 1974 1975
 1974 2017
 1976 2065
 1976 2064
 1976 2018
 1976 2019
 1977 2066
 1977 2019
 1978 2021
 1978 2022
 1978 1979
 1978 2267
 1979 2267
 1979 2022
 1980 2287
 1980 1981
 1981 2024
 1982 2025
 1982 2024
 1982 2026
 1983 2027
 1983 2026
 1984 2029
 1984 1985
 1984 2028
 1985 2270
 1985 2029
 1986 1987
 1986 2031
 1986 2030
 1987 2033
 1988 2033
 1988 2034
 1988 1989
 1989 2034
 1989 1990
 1990 2035
 1990 2034
 1991 2036
 1991 2035
 1992 2262
 1992 2036
 1993 1994
 1993 2037
 1994 1995
 1995 2039
 1995 2038
 1996 1997
 1996 2039
 1997 2041
 1997 1998
 1998 2086
 1998 2041
 1998 1999
 1999 2000
 2000 2043
 2000 2042
 2001 2044
 2002 2044
 2003 2047
 2004 2048
 2005 2049
 2005 2048
 2006 2050
 2006 2049
 2007 2008
 2007 2050
 2008 2009
 2008 2052
 2009 2010
 2009 2052
 2010 2053
 2010 2055
 2010 2054
 2011 2012
 2012 2013
 2012 2056
 2013 2058
 2013 2056
 2013 2014
 2014 2059
 2014 2015
 2015 2101
 2015 2060
 2015 2059
 2016 2061
 2017 2018
 2017 2061
 2017 2062
 2018 2062
 2018 2064
 2019 2065
 2020 2067
 2020 2066
 2021 2022
 2021 2067
 2022 2109
 2022 2108
 2022 2067
 2022 2287
 2023 2287
 2024 2069
 2024 2068
 2024 2025
 2025 2070
 2025 2026
 2025 2069
 2026 2070
 2026 2071
 2028 2072
 2028 2071
 2029 2270
 2029 2072
 2030 2031
 2030 2270
 2031 2116
 2031 2032
 2031 2073
 2032 2075
 2033 2076
 2033 2075
 2033 2034
 2034 2078
 2034 2035
 2034 2076
 2035 2078
 2036 2080
 2036 2079
 2037 2081
 2037 2038
 2037 2080
 2038 2082
 2038 2123
 2038 2081
 2039 2040
 2039 2083
 2039 2082
 2040 2085
 2041 2086
 2041 2085
 2042 2087
 2042 2086
 2042 2043
 2043 2044
 2043 2089
 2043 2088
 2044 2090
 2044 2089
 2047 2092
 2047 2091
 2048 2134
 2048 2093
 2048 2092
 2049 2094
 2049 2050
 2050 2136
 2050 2095
 2050 2051
 2050 2094
 2051 2096
 2052 2139
 2052 2097
 2052 2053
 2052 2096
 2053 2054
 2054 2141
 2054 2055
 2055 2141
 2055 2056
 2056 2099
 2056 2057
 2057 2145
 2057 2058
 2057 2100
 2057 2099
 2059 2146
 2059 2101
 2059 2100
 2061 2102
 2061 2062
 2062 2103
 2062 2104
 2062 2102
 2064 2105
 2064 2104
 2065 2106
 2065 2066
 2065 2105
 2066 2106
 2067 2153
 2067 2108
 2068 2155
 2068 2069
 2069 2156
 2069 2111
 2070 2112
 2070 2111
 2071 2112
 2071 2072
 2072 2270
 2072 2114
 2073 2116
 2074 2075
 2074 2116
 2075 2118
 2075 2076
 2076 2118
 2076 2077
 2077 2120
 2077 2078
 2078 2120
 2079 2120
 2080 2167
 2080 2122
 2080 2081
 2080 2262
 2081 2122
 2082 2083
 2083 2125
 2083 2124
 2084 2085
 2084 2125
 2085 2127
 2085 2086
 2086 2129
 2086 2128
 2086 2087
 2087 2088
 2087 2129
 2088 2089
 2089 2131
 2089 2130
 2090 2131
 2092 2178
 2092 2134
 2092 2133
 2093 2094
 2093 2134
 2094 2182
 2094 2136
 2095 2096
 2095 2138
 2095 2186
 2096 2139
 2096 2138
 2097 2141
 2097 2139
 2098 2142
 2098 2141
 2099 2142
 2099 2143
 2099 2144
 2100 2145
 2101 2147
 2101 2146
 2102 2103
 2102 2148
 2102 2147
 2103 2148
 2103 2104
 2104 2150
 2104 2105
 2105 2151
 2105 2106
 2106 2152
 2106 2107
 2107 2153
 2108 2154
 2108 2153
 2108 2109
 2109 2155
 2109 2287
 2110 2217
 2110 2155
 2111 2112
 2111 2156
 2112 2158
 2112 2113
 2112 2157
 2114 2115
 2114 2160
 2114 2161
 2114 2159
 2114 2270
 2115 2116
 2115 2270
 2116 2161
 2116 2117
 2117 2163
 2118 2164
 2118 2119
 2118 2163
 2119 2120
 2120 2166
 2120 2165
 2120 2121
 2120 2164
 2121 2167
 2122 2123
 2122 2168
 2122 2167
 2123 2169
 2123 2124
 2124 2125
 2125 2170
 2125 2169
 2126 2172
 2126 2170
 2126 2127
 2127 2128
 2128 2173
 2128 2172
 2128 2129
 2129 2173
 2129 2130
 2130 2175
 2130 2131
 2131 2176
 2131 2175
 2134 2180
 2134 2135
 2134 2178
 2135 2182
 2135 2180
 2136 2184
 2136 2137
 2136 2182
 2137 2186
 2137 2184
 2138 2188
 2138 2186
 2139 2140
 2139 2188
 2140 2191
 2140 2189
 2140 2141
 2141 2193
 2141 2191
 2142 2143
 2142 2193
 2143 2144
 2143 2194
 2144 2197
 2144 2195
 2144 2145
 2145 2199
 2145 2146
 2145 2197
 2146 2200
 2146 2147
 2147 2202
 2147 2148
 2147 2200
 2148 2204
 2148 2202
 2148 2149
 2149 2206
 2149 2150
 2149 2204
 2150 2208
 2150 2151
 2150 2206
 2151 2210
 2151 2208
 2151 2152
 2152 2212
 2152 2153
 2152 2210
 2153 2213
 2154 2215
 2154 2155
 2154 2213
 2155 2287
 2155 2217
 2155 2215
 2156 2219
 2156 2157
 2156 2217
 2157 2220
 2157 2158
 2158 2222
 2158 2159
 2158 2220
 2159 2224
 2159 2222
 2159 2160
 2160 2226
 2160 2161
 2160 2224
 2161 2228
 2161 2226
 2161 2162
 2162 2230
 2162 2163
 2162 2228
 2163 2232
 2163 2164
 2163 2230
 2164 2234
 2164 2165
 2164 2232
 2165 2236
 2165 2234
 2166 2238
 2166 2167
 2166 2236
 2167 2240
 2167 2238
 2168 2242
 2168 2169
 2168 2240
 2169 2244
 2169 2242
 2169 2170
 2170 2245
 2170 2244
 2171 2247
 2171 2172
 2171 2245
 2172 2249
 2172 2247
 2173 2251
 2173 2174
 2173 2249
 2174 2253
 2174 2175
 2174 2251
 2175 2255
 2175 2253
 2175 2176
 2266 2302
 2271 2272
 2276 2277
 2276 2278
 2277 2278
 2291 2292
 2297 2298
 2300 2301
 2304 2305
 2306 2307
 2307 2308
