    2  126
    2   82
    3   82
    4   83
    4   82
    6   84
    6   83
    8   84
    9   86
    9   85
   11  130
   11   87
   11   86
   13   87
   14   88
   14   89
   16  132
   16   90
   16   89
   18   91
   18   90
   19   92
   21   93
   21   92
   22   93
   23   94
   23   93
   25   94
   25   95
   27   96
   27   95
   28   96
   29   97
   29   96
   31   98
   31   97
   33  140
   33   99
   33   98
   34  100
   34   99
   36  101
   36  100
   38  102
   38  101
   39  102
   40  102
   40  103
   42  146
   42  104
   42  103
   44  105
   44  104
   46  106
   46  105
   48  106
   48  107
   50  150
   50  108
   50  107
   52  108
   53  110
   53  109
   55  111
   55  110
   57  153
   57  111
   57  112
   59  112
   59  113
   61  113
   61  114
   62  114
   62  115
   64  115
   64  116
   66  117
   66  116
   67  117
   68  118
   68  117
   70  119
   70  118
   71  120
   71  119
   73  121
   73  120
   75  122
   75  121
   77  123
   77  122
   79  165
   79  123
   81  126
   82  127
   82  126
   83  128
   83   84
   84 2371
   84   85
   85 2371
   85  129
   85   86
   87   88
   87  130
   88  174
   88   89
   88  131
   90   91
   90  132
   91  134
   91   92
   91  133
   93  136
   93   94
   93  135
   94  137
   94   95
   96  182
   96  181
   96   97
   96  138
   97   98
   98  140
   98  139
   99  141
   99  140
  100  101
  101  102
  101  142
  102  144
  102  143
  103  146
  103  144
  104  147
  104  105
  105  106
  106  147
  106  107
  107  150
  107  148
  108  195
  108  109
  108  150
  109  110
  109  195
  110  197
  110  196
  110  151
  110  152
  110  111
  111  153
  112  113
  112  153
  113  155
  113  154
  114  115
  115  116
  115  155
  115  157
  117  159
  117  158
  117  118
  118  119
  119  161
  119  160
  120 2370
  120  121
  121 2370
  121  122
  122  162
  122  123
  123  165
  123  164
  123  163
  124  165
  125  168
  126  169
  126  168
  126  127
  127  128
  127  169
  129  130
  129 2371
  130  131
  130  172
  131  173
  131  172
  132  133
  132 2379
  132  174
  133 2379
  133  134
  133  175
  134  135
  135  178
  135  177
  135  136
  136 2374
  136  137
  137  138
  137 2374
  137  179
  138  179
  139  140
  139  182
  140  141
  140  183
  140  184
  141  186
  141  142
  142  143
  142  187
  143  189
  143  144
  143  188
  144  189
  145  191
  145  146
  146  147
  146  191
  147  235
  147  236
  147  148
  147  192
  148  149
  149  193
  150  238
  150  195
  150  194
  152  197
  153  199
  153  154
  153  198
  154  243
  154  155
  154  199
  154  200
  155  156
  156  201
  156  292
  156  157
  156  245
  157  158
  157  201
  158  204
  158  159
  158  203
  159  205
  159  160
  160  161
  160  205
  162  207
  162  208
  162  163
  162 2370
  164  209
  164  165
  164  208
  165  211
  165  210
  168  212
  168  214
  168  213
  168  169
  169  215
  169  257
  169  214
  169  170
  170 2371
  171 2371
  171  172
  171  216
  171  217
  172  217
  172  173
  173  218
  173  174
  173  217
  175  221
  175  220
  175 2379
  176  177
  176  221
  177  223
  177  178
  178 2374
  178  268
  178  267
  178  223
  179  224
  179 2374
  180  181
  181  272
  181  226
  181  225
  181  182
  182  183
  183  227
  183  184
  183  226
  184  228
  184  227
  186  187
  186  228
  187  229
  187  188
  188  230
  188  229
  188  189
  189  190
  189  231
  189  230
  190  231
  191  233
  191  232
  191  192
  192  235
  192  233
  193  194
  193  237
  193  236
  194  284
  194  237
  194  238
  195  240
  195  238
  196  197
  196  240
  197  241
  197  198
  199  242
  199  243
  200  244
  200  245
  200  243
  201  293
  201  246
  201  292
  202  203
  203  247
  203  204
  203  246
  204  247
  204  205
  205  297
  205  249
  205  206
  205  248
  206  299
  206 2370
  207  251
  207  208
  207  250
  208  252
  208  209
  208  251
  209  253
  209  252
  209  210
  210  302
  210  254
  210  253
  212  256
  213  256
  214  257
  214  256
  215  259
  215  257
  216  260
  216  259
  216 2371
  217  261
  217  260
  218  262
  218  219
  219 2379
  220  264
  220  265
  220 2379
  220  263
  221  222
  222  266
  222  223
  223  266
  224  225
  225  270
  226  227
  226  272
  227  275
  227  274
  227  273
  228  276
  229  277
  229  230
  229  276
  230  278
  230  277
  231  278
  233  280
  233  234
  233  279
  234  281
  234  280
  234  235
  235  282
  235  281
  237  284
  237  283
  238  285
  238  284
  239  286
  239  240
  240  286
  240  241
  241  332
  241  288
  241  242
  241  287
  242  290
  242  243
  243  290
  244  291
  247  248
  247  296
  247  295
  248  296
  248  297
  249  343
  249  298
  250  300
  250  251
  250  299
  250 2370
  251  252
  251  300
  252  253
  253  301
  254  302
  256  304
  256  305
  257  306
  257  258
  258  307
  258  306
  258  259
  259  260
  260  310
  260  261
  260  309
  261  310
  261  311
  262  312
  262  311
  262  263
  263 2379
  264  314
  264  265
  264  313
  265  314
  265  315
  266  316
  266  267
  266  315
  267  317
  267  316
  267  268
  268  317
  268 2374
  269 2374
  269  270
  270  318
  270  271
  271  272
  271  319
  272  320
  272  273
  273  321
  273  274
  273  320
  274  275
  274  321
  275  276
  276  324
  276  323
  277  324
  277  278
  278  325
  278  279
  278  324
  280  328
  280  327
  280  281
  281  328
  282  329
  282  283
  282  328
  283  375
  284  375
  284  285
  285  376
  285  330
  285  375
  286  331
  286  330
  288  379
  288  289
  288  332
  289  333
  289  334
  289  290
  290  335
  290  291
  291  292
  292  293
  292  336
  293  338
  293  337
  293  294
  294  295
  294  339
  296  341
  296  340
  297  342
  297  343
  297  341
  299  345
  299  344
  300  346
  300  345
  301  347
  301  346
  302  348
  302  347
  305  350
  305  349
  305  306
  306  351
  306  350
  306  307
  307  352
  307  351
  307  308
  308  353
  308  309
  308  352
  309  354
  309  353
  309  310
  310  355
  310  354
  311  357
  311  312
  312  313
  313  358
  313  314
  314  360
  314  359
  315  316
  316  362
  316  361
  317  404
  317  363
  318  319
  318  364
  318  363
  319  364
  319  320
  320 2384
  320  365
  320  321
  321  408
  321  367
  321  366
  322  368
  323  368
  324 2394
  324  325
  324  369
  324  411
  325  370
  325  371
  325  326
  326  327
  327  372
  327  373
  327  328
  328  374
  328  373
  330  331
  331  332
  331  377
  332  378
  333  422
  333  334
  333  380
  333  379
  334  380
  334  335
  335  381
  335  336
  336  382
  337  383
  337  338
  337  382
  338  427
  338  384
  338  383
  339  340
  339  384
  340  341
  340  385
  341  386
  341  342
  342  430
  342  387
  342  386
  343  344
  344  345
  344  388
  345  433
  345  389
  345  388
  345  346
  346  390
  346  389
  347  435
  347  391
  347  390
  348  391
  350  438
  350  394
  350  393
  350  351
  351  394
  351  352
  352  440
  353  396
  353  397
  354  398
  354  355
  354  397
  355  398
  355  356
  356  399
  356  357
  357  358
  358  400
  358  359
  359  360
  359  402
  359  401
  360  361
  361  403
  361  362
  361  402
  362  447
  362  404
  364  365
  364  405
  364  406
  366  407
  366  408
  366 2384
  367  452
  367  409
  368  410
  368  409
  369  455
  369  412
  369  411
  369  370
  370  413
  370  412
  371  372
  372  373
  372  413
  373  415
  373  414
  374  375
  375  417
  375  376
  376  418
  376  417
  377  420
  377  378
  377  419
  378  420
  378  379
  379  420
  380  424
  380  381
  380  422
  381  425
  381  382
  383  427
  383  426
  384  428
  385  386
  385  428
  386  429
  386  430
  387  432
  387  388
  388  433
  388  432
  389  434
  389  433
  390  434
  391  478
  391  436
  393  438
  394  395
  394  438
  395  484
  395  440
  396  441
  396  397
  396  440
  397  486
  397  398
  398  442
  398  487
  398  486
  399  443
  399  400
  399  442
  400  401
  401  402
  401  444
  402  445
  402  403
  403  493
  403  447
  403  446
  404  448
  405  406
  405  449
  405  448
  406 2385
  406  449
  407 2384
  407  451
  407  499
  407  450
  408 2396
  408  452
  409  410
  410  411
  410 2394
  410  453
  411  454
  412  456
  412  455
  412  457
  413  414
  414  459
  414  458
  414  415
  415  460
  415  416
  416  417
  417  462
  417  461
  418  463
  418  419
  418  462
  420  421
  420  465
  421  467
  421  466
  421  422
  422  423
  423  468
  423  424
  423  467
  424  425
  424  468
  425  469
  425  426
  426  427
  427  470
  427  471
  428  429
  428  471
  429  473
  429  430
  429  472
  430  431
  431  432
  431  474
  431  475
  431  473
  432  433
  432  475
  433  477
  433  434
  434 2372
  434  477
  435  478
  435 2372
  436  478
  437  438
  437  481
  438  439
  438  481
  440  441
  441  535
  441  485
  442  443
  442  487
  442  488
  443  488
  443  444
  444  490
  444  445
  445  491
  445  492
  445  446
  446  541
  446  493
  446  492
  447  495
  447  448
  449 2385
  449  496
  449  450
  450  499
  450  497
  450 2384
  451 2396
  451  499
  452 2395
  452  500
  453  454
  453  500
  454  501
  454  455
  455  503
  455  456
  456  552
  456  504
  456  503
  457  458
  458  459
  458  506
  459  507
  459  506
  459  460
  460  508
  460  507
  461  462
  461  508
  462  463
  462  509
  463  511
  463  464
  463  510
  464  465
  465  512
  465  466
  466  515
  466  467
  466  514
  466  513
  467  468
  468  516
  468  517
  469  518
  469  517
  470  520
  470  471
  470  518
  471  472
  472  473
  472  520
  472  522
  473  522
  473  523
  473  474
  474  475
  474  523
  475  524
  475  476
  476  477
  476  525
  477 2372
  478  479
  478  527
  478 2372
  479  528
  481  530
  481  531
  482  483
  483  484
  483  532
  483  531
  483  533
  485  536
  485  486
  486  536
  486  487
  487  537
  488  538
  488  489
  488  537
  488  585
  489  586
  489  538
  489  490
  489  539
  490  540
  490  491
  491  540
  491  492
  492  540
  493  542
  493  494
  493  541
  494  543
  494  495
  494  542
  495  496
  496  497
  496  544
  497  545
  497  498
  498  499
  498  546
  498  545
  499  547
  499  546
  499 2395
  500  549
  501  502
  501  549
  502  550
  502  551
  503  551
  504  505
  504  553
  504  552
  504  554
  505  506
  506  507
  506  555
  507  556
  507  557
  507  558
  508  509
  509  559
  509  558
  509  510
  510  605
  510  560
  510  559
  511  561
  511  560
  512  562
  512  513
  512  561
  513  562
  513  514
  513  563
  514  609
  514  564
  514  515
  515  516
  516  517
  516  564
  517  612
  517  567
  517  565
  517  566
  517  518
  518  519
  518  567
  519  568
  519  567
  519  520
  520  569
  520  521
  520  568
  521  616
  521  522
  521  570
  521  569
  522  570
  523  571
  523  570
  524  572
  525  573
  526 2372
  526  574
  527  621
  527  576
  527 2372
  528  577
  530  579
  530  531
  531  579
  532  581
  532  626
  532  533
  532  580
  533  581
  533  534
  534  628
  534  581
  534  535
  535  628
  536  582
  537  584
  537  583
  538  586
  539  587
  539  540
  539  586
  540  541
  540  588
  541  588
  541  589
  542  590
  542  543
  543  544
  543  591
  544  592
  544  545
  545  546
  545  592
  546  593
  546  592
  547  594
  548 2395
  548  595
  548  594
  548  549
  549  550
  550  597
  550  551
  550  598
  550  596
  551  598
  551  552
  552  646
  552  553
  553  600
  553  599
  554  600
  554  555
  555  602
  555  601
  555  556
  555  600
  556  557
  556  603
  556  602
  557  558
  558  559
  559  651
  559  604
  560  607
  560  561
  560  606
  560  605
  561  562
  562  608
  562  607
  563  608
  563  609
  564  610
  564  565
  564  609
  565  611
  565  610
  565  566
  566  612
  566  611
  567  568
  567  612
  568  615
  568  614
  568  569
  569  616
  570  617
  570  616
  571  618
  571  572
  572  619
  572  573
  573  620
  573  619
  574  669
  574  575
  574  620
  575  669
  575  621
  575 2373
  576  622
  576  577
  576  621
  577  622
  578  625
  579  625
  579  580
  580  626
  580  625
  581  627
  581  628
  582  676
  582  583
  582  629
  582  628
  583  629
  583  630
  584  631
  584  585
  584  630
  585  632
  585  586
  585  631
  586  587
  586  632
  586  634
  587  635
  587  588
  588  636
  588  589
  589  637
  589  636
  589  590
  590  638
  590  684
  590  591
  590  637
  591  639
  591  592
  591  638
  592  639
  592  593
  593  594
  593  641
  593  687
  593  640
  594  689
  594  641
  594  642
  594  595
  595  643
  595  642
  595  596
  596  691
  596  644
  596  597
  596  643
  597  598
  597  644
  598  692
  598  645
  599  647
  599  646
  599  600
  600  601
  600  648
  601  649
  601  648
  602  603
  603  697
  603  651
  603  649
  603  604
  604  651
  605  652
  605  651
  606  607
  606  652
  607  608
  607  653
  607  655
  608  609
  608  655
  609  656
  609  657
  610  658
  610  657
  610  611
  611  660
  611  612
  611  658
  612  706
  612  661
  612  613
  614  662
  614  615
  615  710
  615  664
  615  663
  615  616
  616  665
  616  617
  617  618
  617  665
  618  666
  618  619
  619  667
  619  620
  619  666
  620  669
  620  668
  621  622
  621  669
  622  670
  623  670
  624  625
  624  673
  625  626
  626  674
  626  627
  627  675
  627  628
  628  676
  629  677
  630  677
  630  678
  631  678
  631  632
  632  679
  632  678
  633  634
  634  635
  634  680
  634  681
  635  636
  635  681
  635  683
  636  683
  637  684
  637  683
  638  685
  638  733
  638  639
  638  684
  639  640
  639  685
  640  686
  640  736
  640  687
  641  689
  641  687
  642  690
  642  689
  643  691
  644  691
  645  740
  645  691
  646  741
  646  693
  646  647
  646  692
  647  694
  647  693
  648  695
  648  649
  649  696
  649  650
  649  695
  650  697
  650  696
  651  699
  651  697
  651  652
  652  699
  653  654
  653  700
  653  699
  654  655
  654  700
  654  701
  654  702
  655  749
  655  703
  655  702
  657  704
  657  703
  657  658
  658  705
  658  704
  659  705
  659  660
  660  705
  661  707
  661  662
  661  706
  662  708
  662  707
  662  663
  663  709
  663  710
  663  708
  664  665
  664  711
  664  710
  665  712
  665  711
  665  666
  666  714
  666  713
  666  712
  667  760
  667  715
  668  716
  669  717
  669  716
  670  718
  670  717
  671  718
  673  720
  674  722
  675  723
  676  724
  677  725
  677  724
  678  727
  678  726
  678  679
  679  680
  679  727
  680  728
  680  681
  680  727
  681  682
  681  728
  682  730
  682  683
  683  730
  683  684
  684  732
  684  731
  685  686
  685  733
  686  735
  686  736
  686  734
  687  736
  688  783
  688  737
  688  736
  688  689
  689  738
  689  690
  690  785
  690  691
  690  739
  690  738
  691  786
  691  740
  692  741
  692  740
  693  788
  693  694
  693  741
  694  789
  694  743
  694  742
  694  695
  695  744
  695  696
  696  697
  697  745
  697  744
  698  794
  698  746
  698  699
  698  745
  699  747
  699  700
  699  746
  700  795
  700  748
  700  747
  702  797
  702  749
  702  748
  703  750
  703  704
  703  798
  704  705
  704  750
  704  752
  705  706
  706  753
  706  752
  706  707
  707  754
  707  753
  708  754
  709  756
  709  710
  709  755
  710  756
  710  711
  711  712
  711  758
  712  808
  712  759
  712  758
  713  759
  714  809
  714  760
  714  759
  715  761
  715  716
  715  760
  716  810
  716  762
  718  764
  718  763
  718  762
  720  721
  720  766
  721  766
  721  722
  721  767
  722  816
  722  723
  722  767
  723  816
  723  768
  724  769
  724  768
  725  770
  725  726
  725  769
  726  770
  726  727
  727  728
  727  771
  728  774
  728  772
  728  729
  729  730
  730  775
  730  776
  730  774
  731  732
  732  827
  732  778
  732  777
  733  778
  734  780
  734  778
  734  779
  734  735
  735  781
  735  736
  736  783
  736  781
  738  784
  738  785
  738  783
  739  833
  739  786
  739  785
  740  787
  740  741
  741  787
  742  788
  743  744
  743  789
  744  792
  744  745
  744  791
  745  792
  745  794
  746  795
  746  747
  748  797
  748  795
  749  798
  749  797
  750  799
  750  798
  751  846
  751  752
  751  799
  752  802
  752  800
  752  753
  753  754
  753  802
  754  755
  754  803
  755  804
  755  756
  756  851
  756  806
  756  805
  757  807
  757  758
  758  807
  759  808
  760  855
  760  761
  760  809
  761  810
  761  856
  762  811
  762  763
  762  810
  763  858
  763  812
  763  811
  765  814
  766  814
  767  816
  767  815
  767  814
  768  863
  768  817
  768  769
  768  816
  769  818
  769  770
  770  820
  770  819
  770  771
  771  821
  771  772
  772  773
  773  822
  773  774
  773  823
  773  821
  774  823
  774  824
  774  775
  775  825
  775  824
  776  825
  776  777
  777  827
  777  825
  778  827
  779  873
  779  780
  779  828
  779  827
  780  828
  780  829
  780  781
  782  876
  782  830
  782  783
  782  829
  783  830
  783  831
  783  784
  785  879
  785  832
  786  834
  786  787
  786  833
  787  882
  787  835
  787  834
  788  836
  788  789
  788  835
  789  836
  789  837
  789  790
  790  838
  790  791
  790  837
  791  838
  791  792
  792  839
  792  838
  793  840
  793  839
  793  794
  794  841
  794  795
  795  842
  795  796
  795  843
  795  841
  796  843
  796  844
  796  797
  797  798
  798  845
  798  844
  800  847
  800  801
  800  846
  802  848
  802  803
  802  847
  803  848
  803  849
  804  849
  804  805
  805  851
  805  850
  805  849
  806  900
  806  852
  806  807
  806  851
  807  853
  807  852
  808  853
  809  903
  809  854
  810  811
  810  856
  811  857
  812  858
  814  860
  814  861
  815  862
  815  816
  815  861
  816  863
  817  913
  818  864
  818  913
  819  864
  819  820
  819  865
  820  865
  820  866
  820  821
  821  822
  821  866
  822  823
  822  868
  822  866
  823  869
  823  868
  825  870
  825  826
  826  872
  826  827
  826  870
  827  873
  828  875
  828  829
  828  873
  829  875
  829  876
  830  831
  830  877
  830  876
  831  878
  831  877
  831  832
  832  879
  832  878
  833  880
  833  834
  833  879
  834  881
  834  880
  835  884
  835  836
  835  882
  836  885
  836  884
  837  886
  837  838
  838  887
  838  839
  839  888
  839  840
  840  889
  840  888
  840  841
  841  842
  841  890
  842  891
  842  890
  843  892
  843  844
  844  893
  844  845
  844  892
  845  893
  845  846
  846  894
  846  847
  846  893
  847  940
  847  895
  847  894
  847  848
  848  849
  848  895
  849  850
  849  896
  849  897
  850  898
  850  899
  851  900
  852  948
  852  853
  852  900
  853  903
  853  902
  853  948
  854  904
  854  903
  855  904
  856  905
  856  904
  858  907
  858  906
  859  907
  860  861
  860  910
  861  862
  862  912
  862  911
  863  912
  864  914
  865  963
  865  915
  865  916
  865  866
  866  867
  866  916
  867  965
  867  918
  867  917
  868  919
  868  869
  869  919
  869  870
  870  967
  870  871
  870  920
  870  919
  871  969
  871  872
  872  921
  873  970
  873  921
  874  923
  874  922
  875  924
  875  876
  876  924
  877  974
  877  878
  877  924
  878  925
  878  926
  879  880
  880  926
  880  927
  881  977
  881  928
  881  927
  883  978
  883  929
  883  928
  884  929
  884  885
  884  930
  885  886
  885  931
  886  932
  886  887
  887  888
  887  932
  888  889
  888  932
  889  935
  889  890
  889  934
  890  935
  891  936
  891  892
  891  935
  892  893
  892  936
  893  894
  893  937
  894  938
  894  939
  895  896
  895  942
  895  940
  896  943
  896  991
  896  942
  896  897
  897  898
  897  943
  898  944
  898  945
  899  900
  899  946
  901  948
  901  946
  902  949
  902  948
  903  949
  904  951
  904  950
  905  952
  905  906
  906  953
  906  907
  906  952
  907  955
  907  954
  910 1002
  910  956
  911  957
  912  958
  912  960
  912  959
  913  961
  913  960
  914  915
  914  962
  915 1008
  915  962
  915  963
  916 1009
  916  964
  916  917
  917  964
  918  966
  918  919
  918  965
  919  966
  920  969
  920  968
  920  967
  921  970
  921  969
  922  971
  922  923
  922  970
  923  972
  923  924
  923  971
  924  974
  924  972
  925  975
  925  926
  926  975
  926  976
  926  927
  927  977
  927 1021
  928  978
  928  977
  929  930
  929  978
  930  979
  930  980
  930  931
  931  981
  931  932
  931  982
  931  980
  932  933
  933  983
  933  982
  933  934
  934  935
  934  985
  934  983
  935  986
  935  936
  937  987
  937  986
  937  938
  938  988
  938  939
  938  987
  939 1033
  939  989
  939  988
  940  941
  941  990
  941  989
  943 1036
  943  992
  943  991
  944  945
  945  993
  945  946
  945  992
  946  994
  946  993
  946  947
  947  995
  947  948
  947  994
  948  996
  948  995
  949 2387
  949  950
  949  996
  950  951
  950 2387
  951 1042
  951  997
  952 1043
  952  998
  952  997
  953  998
  953  954
  954 1000
  954  999
  954  998
  956 1002
  957 1003
  957 1004
  957  958
  957 1002
  958 1004
  959  960
  959 1005
  959 1004
  960 1005
  961  962
  961 1006
  961 1005
  962 1006
  963 1008
  964 1055
  964 1054
  964  965
  964 1009
  965 1010
  965 1011
  965  966
  966 1012
  966  967
  966 1056
  967 1013
  967 1012
  967  968
  968 1014
  968 1059
  968 1013
  969 1015
  969  970
  969 1014
  970  971
  971 1062
  971  972
  971 1015
  972 1016
  972 1018
  973 1018
  973  974
  974 1019
  974  975
  974 1018
  975  976
  975 1020
  976 1020
  977  978
  977 1021
  978 1022
  978 1023
  979 1024
  979  980
  980 1025
  980  981
  981 1027
  981  982
  981 1025
  982  983
  983 1028
  983 1029
  983 1027
  984  985
  985  986
  985 1029
  985 1031
  986 1031
  986  987
  987  988
  987 1031
  988 1032
  989  990
  989 1035
  989 1033
  990 1035
  990  991
  991 1035
  992 1086
  992 1037
  992  993
  992 1036
  993  994
  993 1037
  994  995
  994 1038
  995 1041
  995 1040
  995 1039
  996 1041
  996 2387
  997 1043
  997 1042
  998 2376
  998 1044
  998  999
  998 1043
  999 1045
 1000 1045
 1002 1048
 1002 1047
 1003 1049
 1003 1048
 1004 1050
 1004 1049
 1005 1051
 1005 1050
 1006 1052
 1006 1007
 1006 1051
 1007 1102
 1007 1052
 1007 1008
 1007 1053
 1008 1053
 1008 1009
 1009 1054
 1009 1053
 1011 1055
 1012 1013
 1012 1056
 1013 1059
 1013 1057
 1014 1015
 1014 1059
 1015 1060
 1015 1061
 1015 1062
 1016 1063
 1016 1017
 1016 1062
 1017 1064
 1017 1018
 1017 1063
 1018 1019
 1018 1064
 1019 1020
 1019 1065
 1019 1114
 1019 1066
 1020 1066
 1020 1067
 1021 1069
 1021 1067
 1021 1022
 1022 1023
 1023 1071
 1023 1070
 1023 1024
 1023 1069
 1024 1121
 1024 1072
 1024 1025
 1024 1071
 1026 1073
 1026 1072
 1026 1027
 1027 1074
 1027 1073
 1027 1028
 1028 1074
 1029 1076
 1029 1075
 1029 1030
 1030 1077
 1030 1031
 1030 1076
 1031 1080
 1031 1078
 1031 1032
 1032 1033
 1032 1080
 1033 1081
 1033 1034
 1034 1084
 1034 1083
 1034 1035
 1034 1082
 1035 1085
 1035 1036
 1036 1086
 1036 1085
 1037 1087
 1037 1133
 1038 1088
 1038 1087
 1038 1039
 1039 1134
 1039 1040
 1040 1090
 1040 1089
 1041 1090
 1041 1091
 1042 1092
 1042 1043
 1043 2376
 1044 1095
 1044 1045
 1044 2376
 1045 1096
 1045 1095
 1047 1098
 1048 1144
 1048 1098
 1048 1099
 1049 1144
 1049 1100
 1050 1101
 1050 1100
 1051 1101
 1051 1052
 1052 1147
 1052 1102
 1053 1148
 1053 1054
 1053 1102
 1054 1105
 1054 1055
 1054 1104
 1055 1056
 1056 1107
 1056 1106
 1056 1105
 1056 1057
 1057 1058
 1057 1108
 1058 1108
 1058 1109
 1058 1059
 1059 1109
 1060 1110
 1062 1110
 1062 1111
 1062 1063
 1063 1157
 1063 1112
 1063 1111
 1064 1065
 1064 1113
 1065 1114
 1065 1113
 1066 1067
 1066 1116
 1066 1114
 1067 1116
 1068 1118
 1068 1117
 1068 1069
 1068 1116
 1069 1163
 1069 1118
 1069 1119
 1069 1070
 1070 1119
 1071 1165
 1071 1164
 1071 1121
 1071 1120
 1072 1122
 1072 1073
 1072 1121
 1073 1168
 1073 1122
 1073 1123
 1074 1124
 1074 1075
 1075 1076
 1075 1125
 1075 1124
 1076 1125
 1077 1125
 1077 1172
 1077 1126
 1079 1173
 1079 1126
 1079 1127
 1079 1080
 1080 1128
 1080 1127
 1082 1175
 1082 1129
 1082 1083
 1082 1128
 1083 1130
 1083 1129
 1084 1085
 1085 1086
 1085 1130
 1086 1132
 1086 1131
 1086 1133
 1087 1133
 1087 1180
 1087 1134
 1089 1135
 1089 1090
 1089 1134
 1090 1136
 1090 1135
 1091 1136
 1091 1137
 1092 2386
 1092 1139
 1092 1138
 1093 1140
 1093 2376
 1094 1141
 1094 2378
 1094 2376
 1095 1142
 1098 1190
 1098 1143
 1099 1190
 1100 1191
 1100 1145
 1101 1147
 1101 1145
 1101 1146
 1102 1194
 1103 1149
 1103 1148
 1104 1196
 1104 1105
 1104 1150
 1105 1106
 1106 1151
 1106 1150
 1107 1199
 1107 1152
 1107 1151
 1107 1108
 1108 1109
 1108 1152
 1109 1154
 1109 1153
 1109 1110
 1110 1155
 1110 1156
 1110 1154
 1110 1111
 1111 1156
 1112 1158
 1112 1113
 1112 1157
 1113 1114
 1113 1159
 1114 1159
 1114 1115
 1115 1116
 1115 1159
 1116 1161
 1116 1160
 1117 1161
 1117 1162
 1118 1163
 1119 1211
 1119 1164
 1119 1163
 1120 1164
 1121 1167
 1121 1122
 1121 1165
 1122 1215
 1122 1167
 1123 1169
 1123 1124
 1123 1168
 1124 1171
 1124 1125
 1124 1169
 1125 1172
 1125 1171
 1126 1173
 1126 1172
 1127 1174
 1127 1128
 1127 1173
 1128 1175
 1128 1174
 1129 1130
 1129 1177
 1129 1175
 1130 1131
 1131 1132
 1131 1178
 1131 1179
 1131 1177
 1132 1133
 1133 1227
 1133 1179
 1133 1180
 1134 1135
 1134 1181
 1134 1180
 1135 1136
 1136 1183
 1136 1182
 1137 1184
 1137 1183
 1137 1138
 1137 2386
 1138 1185
 1138 1184
 1139 1185
 1139 1140
 1140 2378
 1140 1186
 1140 1185
 1141 2378
 1141 1187
 1141 1142
 1141 1186
 1142 1187
 1143 1190
 1144 1191
 1144 1190
 1145 1146
 1145 1192
 1146 1147
 1146 1193
 1147 1194
 1147 1241
 1148 1243
 1148 1149
 1148 1195
 1148 1194
 1149 1195
 1149 1196
 1150 1197
 1150 1151
 1150 1196
 1151 1197
 1151 1199
 1152 1200
 1152 1199
 1153 1154
 1153 1201
 1154 1203
 1154 1201
 1154 1155
 1155 1156
 1155 1204
 1155 1203
 1156 1252
 1156 1205
 1156 1157
 1157 1158
 1158 1207
 1158 1159
 1158 1205
 1159 1207
 1160 1207
 1160 1208
 1160 1161
 1161 1162
 1161 1210
 1161 1208
 1162 1210
 1162 1163
 1163 1211
 1163 1210
 1164 1212
 1164 1211
 1165 1166
 1166 1213
 1167 1215
 1167 1213
 1168 1216
 1168 1215
 1169 1217
 1169 1170
 1170 1171
 1171 1218
 1171 1172
 1172 1173
 1172 1218
 1173 1221
 1173 1174
 1173 1219
 1174 1221
 1175 1176
 1175 1221
 1176 1177
 1176 1223
 1176 1224
 1176 1222
 1177 1225
 1177 1178
 1177 1224
 1178 1225
 1178 1179
 1179 1226
 1179 1227
 1180 1181
 1180 1227
 1181 1229
 1181 1228
 1181 1230
 1181 1182
 1182 1183
 1182 1231
 1182 1230
 1183 1231
 1183 1232
 1184 1185
 1184 1232
 1185 1186
 1185 1233
 1186 1234
 1186 1187
 1186 2378
 1187 1188
 1188 1235
 1189 1238
 1190 1238
 1191 1238
 1192 1240
 1193 1241
 1193 1240
 1194 1243
 1194 1242
 1195 1196
 1195 1244
 1195 1243
 1196 1244
 1196 1197
 1197 1246
 1197 1245
 1198 1246
 1199 1247
 1199 1200
 1200 1201
 1200 1247
 1201 1294
 1201 1248
 1201 1249
 1202 1249
 1202 1203
 1203 1250
 1203 1204
 1203 1249
 1204 1251
 1204 1250
 1205 1253
 1205 1206
 1205 1252
 1206 1207
 1206 1254
 1207 1254
 1207 1256
 1207 1208
 1208 1257
 1208 1256
 1209 1210
 1210 1302
 1210 1211
 1210 1259
 1211 1259
 1211 1260
 1212 1261
 1212 1213
 1213 1214
 1214 1262
 1214 1261
 1215 1263
 1215 1216
 1215 1262
 1216 1263
 1216 1217
 1217 1218
 1217 1263
 1218 1219
 1218 1264
 1219 1265
 1219 1220
 1220 1268
 1220 1221
 1220 1267
 1220 1266
 1221 1268
 1222 1223
 1223 1270
 1223 1269
 1224 1316
 1224 1270
 1224 1271
 1224 1225
 1225 1226
 1226 1227
 1226 1271
 1226 1272
 1226 1273
 1227 1273
 1227 1274
 1228 1319
 1228 1229
 1228 1274
 1228 1275
 1229 1275
 1229 1276
 1230 1231
 1231 1322
 1231 1277
 1231 1276
 1232 1278
 1232 1277
 1233 1280
 1233 1279
 1234 1281
 1234 1280
 1235 1328
 1235 1282
 1235 1281
 1237 1284
 1237 1238
 1238 1239
 1238 1285
 1239 1286
 1239 1240
 1239 1285
 1240 1287
 1240 1286
 1241 1335
 1241 1287
 1242 1288
 1243 1289
 1243 1244
 1243 1288
 1244 1337
 1244 1290
 1244 1289
 1245 1291
 1245 1246
 1246 1247
 1247 1292
 1247 1248
 1247 1293
 1247 1291
 1248 1294
 1248 1293
 1249 1294
 1250 1296
 1250 1294
 1250 1251
 1251 1297
 1251 1296
 1252 1298
 1252 1253
 1253 1254
 1253 1298
 1254 1299
 1254 1298
 1255 1348
 1255 1300
 1255 1256
 1255 1299
 1256 1300
 1256 1301
 1257 1258
 1257 1301
 1258 1302
 1258 1301
 1259 1260
 1259 1302
 1260 1305
 1260 1261
 1260 1304
 1260 1303
 1261 1305
 1261 1306
 1261 1262
 1262 1263
 1263 1306
 1263 1308
 1263 1264
 1264 1265
 1264 1309
 1264 1308
 1265 1310
 1266 1311
 1266 1267
 1267 1268
 1268 1312
 1268 1313
 1268 1269
 1268 1311
 1269 1313
 1269 1314
 1269 1270
 1270 1315
 1270 1314
 1271 1317
 1271 1272
 1271 1365
 1271 1316
 1272 1366
 1272 1317
 1272 1318
 1273 1318
 1274 1319
 1275 1321
 1275 1276
 1275 1319
 1276 1322
 1276 1321
 1277 1324
 1277 1323
 1277 1322
 1278 1325
 1278 1279
 1278 1324
 1279 1325
 1279 1280
 1280 1326
 1280 1281
 1281 1328
 1282 1328
 1284 1330
 1285 1332
 1286 1332
 1287 1334
 1288 1383
 1288 1336
 1288 1335
 1289 1336
 1289 1337
 1290 1291
 1290 1338
 1290 1339
 1290 1337
 1291 1339
 1291 1292
 1292 1388
 1292 1293
 1292 1341
 1293 1389
 1293 1342
 1293 1294
 1294 1343
 1294 1342
 1296 1392
 1296 1344
 1296 1297
 1296 1343
 1297 1346
 1297 1345
 1297 1298
 1297 1344
 1298 1347
 1298 1299
 1299 1348
 1300 1349
 1300 1301
 1300 1350
 1301 1302
 1301 1351
 1302 1351
 1302 1352
 1303 1304
 1304 1305
 1304 1353
 1304 1352
 1305 1402
 1305 1355
 1305 1306
 1306 1357
 1306 1307
 1306 1355
 1307 1308
 1307 1357
 1308 1357
 1308 1358
 1309 1360
 1309 1358
 1309 1310
 1310 1361
 1310 1311
 1310 1360
 1311 1312
 1312 1361
 1312 1362
 1313 1362
 1314 1315
 1314 1362
 1315 1364
 1315 1363
 1316 1364
 1317 1413
 1317 1366
 1318 1368
 1318 1367
 1318 1319
 1318 1366
 1319 1320
 1319 1368
 1320 1370
 1320 1321
 1321 1417
 1321 1371
 1321 1322
 1322 1371
 1322 1323
 1323 1372
 1323 1371
 1324 1372
 1325 1374
 1325 1373
 1326 1374
 1326 1375
 1328 1376
 1329 1377
 1330 1331
 1331 1380
 1331 1426
 1331 1379
 1331 1332
 1332 1380
 1332 1333
 1333 1334
 1333 1381
 1333 1380
 1334 1335
 1334 1381
 1334 1383
 1334 1382
 1335 1383
 1336 1337
 1336 1385
 1336 1384
 1337 1386
 1337 1338
 1338 1339
 1339 1386
 1340 1387
 1340 1388
 1341 1389
 1342 1343
 1342 1391
 1342 1389
 1343 1391
 1343 1392
 1344 1393
 1344 1392
 1345 1393
 1345 1394
 1345 1346
 1346 1347
 1347 1394
 1348 1396
 1348 1395
 1349 1350
 1350 1396
 1350 1397
 1351 1398
 1351 1352
 1351 1397
 1352 1400
 1352 1399
 1352 1398
 1352 1353
 1353 1447
 1353 1401
 1353 1400
 1354 1401
 1354 1402
 1355 1403
 1355 1402
 1356 1404
 1356 1357
 1356 1403
 1357 1358
 1357 1405
 1358 1405
 1359 1360
 1360 1408
 1360 1406
 1360 1361
 1361 1455
 1361 1409
 1361 1408
 1361 1362
 1362 1411
 1362 1363
 1362 1409
 1363 1412
 1363 1364
 1364 1365
 1364 1413
 1366 1413
 1367 1462
 1367 1414
 1367 1368
 1368 1416
 1368 1415
 1370 1417
 1370 1416
 1371 1418
 1371 1419
 1371 1417
 1372 1420
 1372 1373
 1373 1420
 1374 1467
 1374 1421
 1375 1422
 1375 1376
 1376 1423
 1376 1377
 1376 1422
 1377 1424
 1377 1423
 1377 1378
 1379 1426
 1380 1474
 1380 1381
 1380 1427
 1380 1473
 1381 1428
 1381 1382
 1382 1383
 1383 1429
 1383 1384
 1384 1478
 1384 1430
 1385 1430
 1385 1386
 1386 1432
 1386 1387
 1386 1430
 1387 1432
 1387 1388
 1387 1433
 1388 1433
 1388 1434
 1388 1389
 1389 1483
 1389 1435
 1390 1435
 1391 1436
 1391 1392
 1391 1435
 1392 1437
 1392 1393
 1392 1436
 1393 1394
 1393 1438
 1393 1437
 1394 1395
 1394 1439
 1395 1442
 1395 1440
 1395 1441
 1395 1396
 1396 1489
 1396 1443
 1396 1442
 1396 1397
 1397 1445
 1397 1398
 1397 1443
 1398 1445
 1399 1446
 1399 1445
 1400 1446
 1400 1447
 1401 1448
 1401 1447
 1402 1449
 1402 1403
 1402 1448
 1403 1404
 1403 1449
 1404 1450
 1404 1451
 1404 1405
 1405 1452
 1405 1406
 1405 1451
 1406 1454
 1406 1407
 1406 1452
 1407 1454
 1409 1456
 1409 1455
 1410 1411
 1411 1457
 1411 1412
 1411 1456
 1411 1458
 1412 1459
 1412 1458
 1412 1413
 1413 1414
 1413 1461
 1413 1460
 1413 1459
 1414 1462
 1414 1461
 1415 1416
 1415 1463
 1415 1462
 1416 1464
 1416 1417
 1416 1463
 1417 1418
 1418 1419
 1418 1464
 1418 1465
 1419 1465
 1419 1466
 1419 1420
 1420 1467
 1420 1466
 1421 1468
 1421 1422
 1421 1467
 1422 1470
 1422 1469
 1422 1468
 1423 1471
 1423 1470
 1426 1473
 1426 1472
 1427 1475
 1428 1475
 1428 1476
 1429 1476
 1429 1477
 1430 1479
 1430 1431
 1431 1526
 1431 1479
 1432 1481
 1432 1480
 1432 1433
 1433 1528
 1433 1434
 1433 1482
 1434 1483
 1434 1529
 1435 1484
 1435 1483
 1436 1437
 1437 1438
 1437 1484
 1437 1531
 1438 1485
 1438 1486
 1439 1487
 1439 1486
 1440 1441
 1440 1488
 1440 1487
 1441 1488
 1442 1489
 1443 1490
 1443 1489
 1444 1491
 1444 1445
 1445 1493
 1445 1446
 1445 1491
 1446 1493
 1447 1493
 1447 1494
 1448 1449
 1449 1494
 1449 1450
 1450 1543
 1450 1496
 1450 1495
 1450 1451
 1451 1452
 1451 1498
 1451 1496
 1452 1498
 1453 1454
 1453 1499
 1453 1498
 1454 1501
 1454 1500
 1454 1455
 1454 1499
 1455 1501
 1455 1456
 1456 1502
 1456 1457
 1456 1503
 1456 1501
 1457 1503
 1457 1458
 1458 1505
 1458 1504
 1460 1507
 1460 1506
 1460 1461
 1461 1508
 1461 1507
 1462 1509
 1462 1463
 1463 1464
 1463 1510
 1464 1511
 1464 1465
 1464 1510
 1465 1512
 1465 1511
 1466 2390
 1466 1513
 1466 1512
 1467 1514
 1467 1513
 1468 1469
 1468 1514
 1469 1515
 1469 1470
 1470 1471
 1470 1516
 1471 1517
 1473 1564
 1473 1519
 1474 1520
 1475 1521
 1476 1523
 1476 1522
 1477 1478
 1477 1524
 1478 1525
 1478 1524
 1479 1570
 1479 1526
 1479 1525
 1480 1527
 1480 1526
 1481 1528
 1482 1529
 1482 1528
 1483 1484
 1483 1529
 1484 1531
 1484 1530
 1485 1486
 1485 1531
 1486 1487
 1486 1532
 1486 1533
 1487 1579
 1487 1488
 1487 1533
 1488 1536
 1488 1579
 1488 1489
 1489 1536
 1490 1537
 1490 1491
 1490 1536
 1491 1538
 1492 1539
 1492 1493
 1493 1494
 1493 1541
 1493 1539
 1494 1541
 1494 1542
 1494 1495
 1495 1543
 1495 1542
 1496 1497
 1496 1543
 1497 1544
 1497 1545
 1497 1498
 1498 1499
 1498 1546
 1498 1591
 1499 1547
 1499 1546
 1500 1501
 1501 1548
 1501 1502
 1501 1547
 1502 1550
 1502 1503
 1503 1550
 1503 1504
 1504 1552
 1504 1551
 1505 1506
 1505 1552
 1506 1552
 1507 1554
 1507 1508
 1507 1553
 1508 1555
 1508 1554
 1508 1509
 1509 1601
 1509 1556
 1509 1510
 1509 1555
 1510 1557
 1510 1556
 1511 1558
 1511 1512
 1512 2388
 1512 1558
 1513 1559
 1513 2393
 1513 2391
 1514 1560
 1514 1559
 1515 1560
 1516 1606
 1516 1561
 1517 1562
 1519 1564
 1520 1566
 1520 1521
 1520 1565
 1520 1564
 1521 1566
 1521 1522
 1522 1567
 1522 1566
 1523 1568
 1523 1524
 1523 1567
 1524 1569
 1524 1568
 1525 1570
 1525 1569
 1526 1616
 1526 1527
 1527 1571
 1527 1572
 1527 1528
 1528 1573
 1528 1572
 1529 1574
 1529 1530
 1530 1575
 1530 1531
 1531 1575
 1531 1532
 1532 1577
 1532 1533
 1532 1576
 1533 1578
 1533 1577
 1534 1578
 1534 1579
 1535 1536
 1535 1580
 1535 1579
 1536 1580
 1536 1537
 1537 1627
 1537 1582
 1537 1538
 1537 1581
 1538 1583
 1538 1582
 1538 1539
 1539 1540
 1539 1583
 1540 1585
 1540 1584
 1540 1541
 1541 1542
 1541 1585
 1542 1543
 1542 1586
 1543 1588
 1543 1587
 1543 1589
 1544 1590
 1544 1545
 1545 1591
 1546 1635
 1546 1547
 1546 1592
 1546 1591
 1547 1548
 1547 1592
 1547 1593
 1548 1594
 1548 1593
 1549 1595
 1549 1594
 1550 1551
 1551 1640
 1551 1597
 1551 1552
 1551 1595
 1552 1597
 1552 1553
 1553 1641
 1553 1598
 1553 1554
 1553 1597
 1554 1555
 1554 1598
 1555 1599
 1555 1601
 1556 1646
 1556 1602
 1556 1557
 1557 1558
 1557 1602
 1558 1604
 1558 1603
 1559 2392
 1559 1650
 1559 1605
 1560 1606
 1561 1608
 1561 1607
 1561 1562
 1561 1606
 1563 1610
 1564 1610
 1565 1611
 1565 1610
 1566 1611
 1566 1612
 1567 1613
 1567 1612
 1568 1613
 1568 1569
 1569 1570
 1569 1614
 1570 1616
 1570 1615
 1570 1614
 1571 1616
 1571 1572
 1572 1573
 1572 1618
 1572 1617
 1573 1619
 1573 1574
 1573 1618
 1574 1575
 1574 1620
 1574 1619
 1575 1621
 1575 1576
 1576 1622
 1576 1577
 1576 1621
 1577 1622
 1577 1623
 1578 1579
 1579 1623
 1579 1580
 1580 1581
 1580 1625
 1580 1624
 1581 1627
 1581 1674
 1582 1628
 1582 1627
 1584 1629
 1584 1585
 1584 1628
 1585 1677
 1585 1630
 1585 1629
 1586 1631
 1586 1630
 1587 1588
 1588 1632
 1588 1631
 1589 1632
 1589 1590
 1590 1633
 1590 1591
 1591 1682
 1591 1635
 1591 1634
 1592 1593
 1592 1635
 1593 1636
 1593 1594
 1594 1685
 1594 1595
 1594 1637
 1595 1639
 1595 1638
 1595 1596
 1596 1688
 1596 1639
 1597 1690
 1597 1640
 1598 1599
 1598 1643
 1598 1641
 1599 1644
 1599 1600
 1599 1643
 1600 1644
 1600 1601
 1600 1645
 1601 1646
 1602 1694
 1602 1647
 1602 1646
 1603 1696
 1603 1648
 1603 1604
 1604 1649
 1604 2388
 1604 1648
 1605 1700
 1605 1699
 1605 1651
 1605 1606
 1605 1650
 1606 1651
 1606 1607
 1607 1653
 1607 1652
 1608 1653
 1609 1656
 1610 1656
 1610 1657
 1611 1658
 1611 1657
 1612 1659
 1612 1658
 1613 1708
 1613 1709
 1613 1660
 1614 1615
 1614 1661
 1615 1662
 1615 1663
 1616 1617
 1617 1618
 1617 1663
 1618 1664
 1618 1619
 1619 1620
 1619 1667
 1619 1665
 1620 1667
 1621 1717
 1621 1668
 1621 1622
 1621 1667
 1622 1718
 1622 1623
 1622 1668
 1622 1669
 1623 1671
 1623 1670
 1623 1669
 1623 1624
 1624 1625
 1624 1672
 1624 1671
 1625 1672
 1626 1674
 1626 1672
 1627 1628
 1628 1675
 1628 1676
 1629 1677
 1630 1679
 1630 1631
 1630 1678
 1631 1680
 1631 1632
 1632 1633
 1633 1729
 1633 1680
 1633 1634
 1634 1730
 1634 1682
 1634 1681
 1635 1731
 1635 1683
 1635 1682
 1636 1684
 1636 1637
 1637 1684
 1638 1734
 1638 1639
 1638 1686
 1638 1685
 1639 1686
 1639 1688
 1640 1690
 1640 1689
 1640 1688
 1641 1690
 1642 1691
 1642 1643
 1642 1738
 1643 1644
 1643 1691
 1644 1693
 1644 1692
 1645 1694
 1647 1695
 1647 1696
 1647 1694
 1648 1697
 1648 1649
 1648 1696
 1649 2392
 1649 2389
 1649 1698
 1650 2392
 1650 1698
 1651 1701
 1651 1700
 1652 1702
 1652 1701
 1654 1702
 1655 1656
 1656 1704
 1656 1657
 1657 1706
 1658 1707
 1658 1659
 1659 1660
 1659 1708
 1659 1707
 1660 1708
 1661 1756
 1661 1662
 1661 1711
 1661 1710
 1661 1709
 1662 1711
 1662 1712
 1662 1663
 1663 1664
 1664 1712
 1664 1665
 1665 1715
 1665 1666
 1665 1713
 1666 1716
 1666 1667
 1667 1717
 1668 1763
 1668 1717
 1669 1764
 1669 1719
 1669 1718
 1670 1671
 1671 1672
 1671 1720
 1671 1721
 1672 1723
 1672 1722
 1674 1724
 1674 1723
 1674 1675
 1675 1769
 1675 1725
 1675 1676
 1675 1724
 1676 1770
 1676 1725
 1676 1677
 1676 1726
 1677 1726
 1678 1727
 1678 1679
 1678 1726
 1679 1728
 1679 1680
 1679 1727
 1681 1775
 1681 1774
 1681 1730
 1681 1729
 1682 1731
 1682 1730
 1683 1732
 1683 1731
 1684 1733
 1684 1685
 1685 1734
 1685 1733
 1686 1735
 1686 1734
 1688 1782
 1688 1736
 1688 1735
 1689 1690
 1690 1736
 1690 1737
 1690 1738
 1691 1785
 1691 1739
 1691 1738
 1692 1693
 1693 1694
 1693 1741
 1693 1740
 1693 1739
 1694 1743
 1694 1695
 1694 1741
 1695 1743
 1695 1744
 1696 1744
 1697 1745
 1697 1744
 1698 1746
 1698 1745
 1699 1746
 1699 1700
 1700 1701
 1701 1702
 1701 1747
 1702 1749
 1702 1748
 1702 1703
 1703 1749
 1704 1752
 1705 1706
 1706 1707
 1706 1754
 1707 1754
 1708 1755
 1708 1709
 1709 1710
 1710 1756
 1711 1712
 1712 1713
 1712 1758
 1712 1757
 1713 1759
 1713 1758
 1713 1714
 1714 1715
 1714 1760
 1714 1759
 1715 1761
 1715 1760
 1715 1716
 1716 1762
 1716 1761
 1717 1763
 1718 1764
 1718 1763
 1719 1811
 1719 1765
 1719 1720
 1719 1764
 1720 1721
 1721 1765
 1721 1766
 1722 1723
 1723 1767
 1723 1724
 1723 1766
 1724 1769
 1724 1767
 1725 1816
 1725 1770
 1726 1817
 1726 1727
 1726 1770
 1727 1773
 1727 1728
 1727 1771
 1728 1729
 1728 1773
 1729 1773
 1729 1774
 1730 1731
 1730 1775
 1731 1824
 1731 1778
 1731 1732
 1731 1776
 1732 1733
 1733 1779
 1733 1778
 1733 1734
 1734 1735
 1734 1781
 1735 1781
 1735 1782
 1736 1783
 1736 1737
 1736 1782
 1737 1783
 1737 1738
 1738 1785
 1739 1787
 1739 1740
 1739 1786
 1739 1785
 1740 1787
 1741 1833
 1741 1742
 1741 1787
 1742 1789
 1742 1788
 1742 1743
 1743 1789
 1744 1836
 1744 1837
 1744 1790
 1744 1789
 1745 1791
 1745 1790
 1746 1792
 1746 1791
 1747 1793
 1748 1794
 1749 1842
 1749 1795
 1751 1752
 1751 1797
 1752 1797
 1752 1798
 1752 1753
 1753 1798
 1754 1847
 1754 1799
 1755 1801
 1755 1800
 1756 1803
 1756 1757
 1756 1802
 1756 1801
 1757 1758
 1758 1805
 1758 1759
 1758 1803
 1759 1760
 1759 1805
 1760 1807
 1760 1805
 1760 1761
 1761 1808
 1761 1807
 1762 1763
 1763 1809
 1763 1808
 1764 1811
 1764 1810
 1765 1766
 1765 1812
 1765 1811
 1766 1812
 1766 1813
 1766 1767
 1767 1815
 1767 1768
 1767 1813
 1768 1815
 1769 1866
 1769 1816
 1770 1816
 1771 1818
 1771 1772
 1771 1817
 1772 1819
 1772 1773
 1773 1774
 1773 1820
 1774 1820
 1774 1775
 1775 1776
 1775 1821
 1776 1777
 1776 1822
 1777 1824
 1778 1779
 1778 1825
 1778 1824
 1779 1825
 1779 1826
 1780 1827
 1780 1781
 1781 1877
 1781 1782
 1781 1827
 1782 1828
 1782 1829
 1783 1829
 1784 1830
 1784 1785
 1784 1829
 1785 1830
 1785 1786
 1786 1832
 1786 1787
 1786 1831
 1787 1833
 1788 1789
 1788 1834
 1788 1833
 1789 1836
 1789 1834
 1790 1886
 1790 1838
 1790 1837
 1791 1839
 1791 1838
 1792 1840
 1792 1839
 1792 1793
 1793 1889
 1793 1841
 1793 1840
 1794 1890
 1794 1842
 1794 1841
 1795 1842
 1796 1845
 1797 1845
 1797 1798
 1798 1799
 1798 1845
 1799 1847
 1799 1846
 1800 1848
 1800 1849
 1800 1847
 1801 1802
 1801 1849
 1801 1850
 1802 1851
 1802 1850
 1802 1803
 1803 1852
 1803 1804
 1803 1851
 1804 1853
 1804 1852
 1804 1805
 1805 1806
 1805 1854
 1806 1807
 1806 1856
 1807 1856
 1807 1808
 1807 1857
 1808 1858
 1808 1857
 1808 1809
 1809 1859
 1809 1810
 1809 1858
 1810 1860
 1811 1812
 1811 1862
 1812 1813
 1812 1863
 1813 1864
 1813 1863
 1813 1814
 1814 1865
 1814 1815
 1814 1864
 1815 1866
 1815 1865
 1816 1867
 1816 1817
 1816 1866
 1817 1868
 1818 1870
 1818 1819
 1818 1869
 1819 1820
 1820 1870
 1820 1821
 1821 1822
 1821 1871
 1822 1872
 1822 1823
 1823 1824
 1823 1874
 1823 1873
 1824 1825
 1825 1826
 1825 1875
 1825 1876
 1826 1876
 1826 1827
 1827 1877
 1827 1876
 1828 1878
 1828 1829
 1828 1877
 1829 1830
 1829 1878
 1830 1879
 1830 1831
 1831 1881
 1831 1880
 1832 1926
 1832 1883
 1832 1881
 1833 1883
 1833 1834
 1834 1835
 1834 1883
 1835 1884
 1835 1836
 1836 1837
 1837 1886
 1838 1887
 1838 1886
 1839 1888
 1840 1932
 1840 1888
 1841 1890
 1841 1889
 1842 1891
 1842 1890
 1845 1936
 1845 1892
 1845 1893
 1847 1894
 1847 1848
 1848 1895
 1849 1896
 1849 1895
 1850 1896
 1851 1898
 1851 1852
 1851 1896
 1852 1899
 1852 1898
 1852 1853
 1853 1854
 1854 1899
 1854 1855
 1855 1902
 1855 1900
 1856 1902
 1856 1857
 1857 1858
 1857 1902
 1858 1903
 1858 1859
 1859 1904
 1860 1861
 1860 1904
 1861 1906
 1861 1905
 1861 1862
 1862 1907
 1862 1863
 1863 1864
 1864 1908
 1864 1865
 1865 1866
 1865 1909
 1865 1908
 1866 1909
 1866 1867
 1867 1910
 1867 1868
 1868 1869
 1868 1911
 1869 1913
 1870 1914
 1870 1871
 1871 1872
 1871 1914
 1872 1873
 1872 1916
 1873 1916
 1874 1875
 1874 1918
 1875 1963
 1875 1876
 1875 1918
 1875 1919
 1876 1919
 1877 1921
 1877 1878
 1878 1922
 1878 1921
 1879 1967
 1879 1922
 1879 1880
 1880 1924
 1881 1882
 1881 1924
 1882 1970
 1882 1926
 1883 1927
 1883 1884
 1884 1927
 1884 1885
 1885 1929
 1885 1886
 1885 1928
 1886 1930
 1886 1887
 1887 1975
 1887 1931
 1887 1888
 1887 1930
 1888 1976
 1888 1931
 1889 1933
 1889 1932
 1890 1979
 1890 1934
 1890 1933
 1892 1936
 1893 1937
 1893 1894
 1893 1936
 1894 1938
 1894 1937
 1895 1939
 1895 1896
 1895 1938
 1896 1897
 1896 1941
 1896 1939
 1897 1898
 1898 1942
 1899 1900
 1899 1942
 1900 1901
 1900 1943
 1901 1945
 1901 1902
 1902 1946
 1902 1903
 1903 1904
 1903 1946
 1904 1905
 1904 1947
 1905 1948
 1905 1949
 1906 1907
 1906 1950
 1907 1952
 1907 1908
 1907 1950
 1908 1953
 1909 1910
 1909 1953
 1910 1911
 1910 1954
 1911 1912
 1911 1955
 1912 1913
 1913 1958
 1913 1957
 1913 1914
 1914 2001
 1914 1959
 1914 1958
 1915 1959
 1915 1916
 1916 1917
 1916 1961
 1917 1962
 1918 1963
 1918 1962
 1919 1920
 1919 1964
 1920 1966
 1920 1921
 1921 1922
 1922 1966
 1923 1968
 1923 1924
 1923 1967
 1924 1925
 1925 1970
 1926 2013
 1926 1971
 1926 1927
 1927 1972
 1927 1971
 1928 2015
 1928 1972
 1929 2016
 1929 1974
 1929 1930
 1930 1975
 1931 1975
 1932 1977
 1932 1976
 1932 1933
 1933 1978
 1934 1979
 1936 2024
 1936 1981
 1937 1983
 1937 1982
 1938 2027
 1938 1939
 1938 1983
 1939 1984
 1939 1940
 1940 1985
 1940 1941
 1940 1984
 1941 2029
 1941 1986
 1941 1942
 1942 1943
 1942 1986
 1943 1944
 1943 1987
 1944 1945
 1944 2382
 1945 1989
 1945 1946
 1946 1989
 1946 1947
 1947 1990
 1947 1948
 1948 1991
 1949 1950
 1949 1993
 1950 1994
 1950 1951
 1951 1994
 1951 1952
 1951 1995
 1952 1996
 1952 1953
 1953 1996
 1953 1954
 1954 1955
 1954 1997
 1955 2380
 1955 1998
 1956 2380
 1956 1999
 1957 2000
 1957 1999
 1957 1958
 1958 2001
 1959 2002
 1959 2001
 1960 2002
 1960 1961
 1961 2004
 1962 2004
 1962 2005
 1963 2005
 1963 1964
 1963 2006
 1964 2006
 1964 1965
 1965 2007
 1965 1966
 1966 2052
 1966 2009
 1966 1967
 1967 2009
 1967 1968
 1968 2010
 1969 2012
 1969 2010
 1970 2013
 1970 2012
 1971 2014
 1971 1972
 1972 2014
 1973 2016
 1973 2015
 1974 2017
 1974 1975
 1975 1976
 1975 2018
 1976 2063
 1976 2019
 1976 2018
 1977 2019
 1978 2020
 1979 2021
 1979 2020
 1980 2021
 1981 2024
 1982 2024
 1983 2027
 1983 2026
 1984 2027
 1985 2029
 1985 2028
 1986 2030
 1986 1987
 1986 2029
 1987 2031
 1988 2033
 1988 2382
 1989 2034
 1989 1990
 1989 2033
 1990 1991
 1990 2035
 1990 2034
 1991 2035
 1992 1993
 1992 2035
 1993 2037
 1993 1994
 1994 2084
 1994 2037
 1995 2086
 1995 2039
 1995 2038
 1996 2039
 1996 2040
 1996 1997
 1997 1998
 1997 2040
 1998 2042
 1998 2380
 1999 2000
 1999 2044
 2000 2045
 2000 2001
 2001 2045
 2002 2046
 2002 2045
 2003 2046
 2003 2004
 2004 2048
 2005 2096
 2005 2049
 2005 2048
 2005 2006
 2006 2049
 2007 2050
 2007 2008
 2007 2049
 2008 2052
 2009 2053
 2009 2052
 2010 2053
 2010 2011
 2011 2056
 2011 2054
 2012 2057
 2012 2056
 2012 2013
 2013 2058
 2013 2014
 2014 2015
 2014 2059
 2015 2060
 2015 2059
 2016 2017
 2016 2381
 2017 2062
 2018 2063
 2018 2062
 2019 2064
 2019 2020
 2020 2066
 2020 2065
 2021 2067
 2021 2066
 2023 2069
 2024 2069
 2024 2070
 2024 2025
 2025 2026
 2025 2071
 2025 2070
 2026 2071
 2026 2072
 2026 2027
 2027 2072
 2027 2028
 2028 2074
 2029 2075
 2029 2030
 2030 2031
 2030 2075
 2031 2077
 2031 2076
 2031 2382
 2032 2077
 2032 2078
 2033 2079
 2033 2034
 2033 2123
 2033 2078
 2034 2079
 2035 2081
 2035 2080
 2036 2083
 2036 2081
 2037 2084
 2037 2083
 2038 2084
 2039 2040
 2040 2041
 2040 2086
 2040 2130
 2041 2087
 2041 2088
 2042 2089
 2042 2380
 2042 2088
 2043 2089
 2043 2091
 2043 2044
 2044 2045
 2044 2092
 2045 2093
 2045 2046
 2046 2137
 2046 2094
 2046 2093
 2047 2095
 2048 2096
 2048 2095
 2049 2097
 2049 2050
 2049 2096
 2050 2098
 2050 2097
 2051 2099
 2052 2099
 2052 2053
 2053 2100
 2053 2099
 2054 2101
 2054 2055
 2055 2103
 2056 2103
 2056 2057
 2057 2058
 2057 2104
 2057 2148
 2057 2103
 2058 2104
 2058 2059
 2059 2060
 2059 2106
 2060 2150
 2060 2381
 2060 2106
 2061 2381
 2061 2108
 2062 2109
 2062 2108
 2062 2063
 2063 2064
 2063 2110
 2063 2109
 2064 2111
 2064 2110
 2064 2065
 2065 2066
 2065 2111
 2066 2113
 2066 2112
 2069 2159
 2069 2115
 2069 2114
 2070 2160
 2070 2115
 2070 2116
 2071 2072
 2071 2116
 2072 2161
 2072 2117
 2072 2116
 2073 2074
 2073 2117
 2074 2119
 2075 2120
 2075 2119
 2075 2076
 2076 2121
 2076 2077
 2077 2121
 2078 2123
 2079 2124
 2079 2123
 2080 2124
 2080 2081
 2081 2126
 2081 2082
 2082 2126
 2082 2083
 2083 2128
 2083 2084
 2084 2085
 2084 2128
 2086 2177
 2086 2176
 2086 2129
 2086 2130
 2087 2178
 2087 2130
 2088 2132
 2088 2133
 2088 2089
 2089 2380
 2089 2133
 2090 2091
 2091 2135
 2091 2092
 2092 2135
 2092 2093
 2093 2137
 2094 2138
 2094 2137
 2095 2140
 2095 2096
 2095 2139
 2096 2383
 2096 2140
 2097 2098
 2097 2142
 2097 2141
 2098 2144
 2099 2144
 2099 2145
 2099 2100
 2100 2145
 2100 2101
 2101 2146
 2101 2145
 2102 2147
 2102 2146
 2103 2375
 2103 2147
 2104 2105
 2104 2148
 2105 2106
 2106 2150
 2106 2149
 2107 2108
 2107 2150
 2108 2152
 2108 2109
 2109 2199
 2109 2152
 2109 2110
 2110 2154
 2110 2111
 2111 2155
 2111 2154
 2112 2156
 2113 2156
 2114 2159
 2115 2160
 2116 2161
 2116 2160
 2117 2162
 2117 2161
 2118 2119
 2118 2162
 2119 2120
 2119 2164
 2120 2121
 2120 2164
 2121 2122
 2121 2167
 2121 2166
 2122 2123
 2123 2124
 2123 2168
 2124 2170
 2124 2168
 2124 2125
 2125 2171
 2125 2126
 2126 2214
 2126 2172
 2126 2171
 2127 2173
 2128 2129
 2128 2173
 2128 2174
 2129 2174
 2129 2176
 2130 2177
 2131 2179
 2131 2178
 2132 2133
 2132 2180
 2132 2179
 2133 2180
 2133 2134
 2134 2135
 2134 2180
 2135 2182
 2135 2136
 2136 2183
 2136 2137
 2136 2182
 2137 2183
 2137 2138
 2139 2185
 2139 2184
 2140 2383
 2140 2185
 2141 2142
 2141 2383
 2142 2229
 2142 2143
 2142 2186
 2143 2188
 2144 2189
 2144 2188
 2144 2145
 2145 2191
 2145 2146
 2145 2189
 2146 2191
 2147 2193
 2147 2192
 2148 2194
 2148 2149
 2148 2193
 2149 2195
 2149 2236
 2149 2194
 2150 2151
 2150 2196
 2150 2195
 2151 2198
 2152 2199
 2152 2198
 2153 2200
 2153 2199
 2153 2154
 2154 2155
 2155 2156
 2155 2202
 2155 2201
 2156 2203
 2156 2202
 2159 2205
 2159 2204
 2160 2247
 2160 2206
 2160 2205
 2161 2207
 2161 2162
 2162 2250
 2162 2208
 2162 2163
 2162 2207
 2163 2209
 2164 2252
 2164 2210
 2164 2165
 2164 2209
 2165 2166
 2166 2254
 2166 2167
 2167 2254
 2167 2168
 2168 2212
 2168 2169
 2169 2258
 2169 2170
 2169 2213
 2169 2212
 2171 2259
 2171 2214
 2171 2213
 2172 2215
 2172 2214
 2173 2215
 2173 2174
 2174 2216
 2174 2217
 2174 2215
 2176 2218
 2176 2177
 2176 2217
 2177 2219
 2177 2178
 2178 2219
 2179 2266
 2179 2221
 2179 2180
 2180 2221
 2180 2181
 2181 2268
 2181 2182
 2181 2222
 2182 2224
 2182 2223
 2183 2225
 2183 2224
 2184 2225
 2184 2185
 2185 2383
 2185 2227
 2186 2229
 2187 2188
 2187 2229
 2188 2231
 2188 2189
 2189 2231
 2189 2190
 2190 2233
 2190 2191
 2191 2233
 2192 2233
 2193 2280
 2193 2235
 2193 2194
 2193 2375
 2194 2235
 2196 2238
 2196 2237
 2196 2197
 2197 2198
 2197 2238
 2198 2240
 2198 2199
 2199 2242
 2199 2241
 2199 2200
 2200 2201
 2200 2242
 2201 2202
 2202 2244
 2202 2243
 2203 2244
 2205 2291
 2205 2247
 2205 2246
 2206 2207
 2206 2247
 2207 2295
 2207 2249
 2208 2209
 2208 2251
 2208 2299
 2209 2252
 2209 2251
 2210 2254
 2210 2252
 2211 2255
 2211 2212
 2211 2254
 2212 2255
 2212 2256
 2213 2258
 2214 2259
 2215 2216
 2215 2260
 2216 2261
 2216 2217
 2217 2263
 2217 2218
 2218 2264
 2218 2219
 2219 2265
 2219 2220
 2220 2266
 2221 2267
 2221 2266
 2221 2222
 2222 2268
 2223 2330
 2223 2268
 2224 2225
 2224 2269
 2225 2272
 2225 2226
 2225 2270
 2226 2227
 2227 2228
 2227 2274
 2227 2272
 2227 2383
 2228 2229
 2228 2383
 2229 2274
 2229 2230
 2230 2231
 2230 2276
 2231 2277
 2231 2232
 2232 2233
 2233 2279
 2233 2278
 2233 2234
 2233 2277
 2234 2280
 2235 2236
 2235 2281
 2235 2280
 2236 2282
 2236 2237
 2237 2238
 2238 2283
 2238 2282
 2239 2285
 2239 2283
 2239 2240
 2240 2241
 2241 2286
 2241 2285
 2241 2242
 2242 2286
 2242 2243
 2243 2288
 2243 2244
 2244 2289
 2244 2288
 2247 2293
 2247 2248
 2247 2291
 2248 2295
 2248 2293
 2249 2297
 2249 2250
 2249 2295
 2250 2299
 2250 2297
 2251 2301
 2251 2299
 2252 2253
 2252 2301
 2253 2304
 2253 2302
 2253 2254
 2254 2306
 2254 2304
 2255 2256
 2255 2306
 2256 2257
 2256 2307
 2257 2310
 2257 2308
 2257 2258
 2258 2312
 2258 2259
 2258 2310
 2259 2313
 2259 2260
 2260 2315
 2260 2261
 2260 2313
 2261 2317
 2261 2315
 2261 2262
 2262 2319
 2262 2263
 2262 2317
 2263 2321
 2263 2264
 2263 2319
 2264 2323
 2264 2321
 2264 2265
 2265 2325
 2265 2266
 2265 2323
 2266 2326
 2267 2328
 2267 2268
 2267 2326
 2268 2330
 2268 2328
 2269 2332
 2269 2270
 2269 2330
 2270 2333
 2270 2271
 2271 2335
 2271 2272
 2271 2333
 2272 2337
 2272 2335
 2272 2273
 2273 2339
 2273 2274
 2273 2337
 2274 2341
 2274 2339
 2274 2275
 2275 2343
 2275 2276
 2275 2341
 2276 2345
 2276 2277
 2276 2343
 2277 2347
 2277 2278
 2277 2345
 2278 2349
 2278 2347
 2279 2351
 2279 2280
 2279 2349
 2280 2353
 2280 2351
 2281 2355
 2281 2282
 2281 2353
 2282 2357
 2282 2355
 2282 2283
 2283 2358
 2283 2357
 2284 2360
 2284 2285
 2284 2358
 2285 2362
 2285 2360
 2286 2364
 2286 2287
 2286 2362
 2287 2366
 2287 2288
 2287 2364
 2288 2368
 2288 2366
 2288 2289
 2384 2385
 2386 2387
 2388 2389
 2388 2390
 2389 2392
 2390 2391
 2391 2392
 2395 2396
