    2  126
    2   82
    3   82
    4   83
    4   82
    6   84
    6   83
    8   84
    9   86
    9   85
   11  130
   11   87
   11   86
   13   87
   14   88
   14   89
   16  132
   16   90
   16   89
   18   91
   18   90
   19   92
   21   93
   21   92
   22   93
   23   94
   23   93
   25   94
   25   95
   27   96
   27   95
   28   96
   29   97
   29   96
   31   98
   31   97
   33  140
   33   99
   33   98
   34  100
   34   99
   36  101
   36  100
   38  102
   38  101
   39  102
   40  102
   40  103
   42  146
   42  104
   42  103
   44  105
   44  104
   46  106
   46  105
   48  106
   48  107
   50  150
   50  108
   50  107
   52  108
   53  110
   53  109
   55  111
   55  110
   57  153
   57  111
   57  112
   59  112
   59  113
   61  113
   61  114
   62  114
   62  115
   64  115
   64  116
   66  117
   66  116
   67  117
   68  118
   68  117
   70  119
   70  118
   71  120
   71  119
   73  121
   73  120
   75  122
   75  121
   77  123
   77  122
   79  165
   79  123
   81  126
   82  127
   82  126
   83  128
   83   84
   84   85
   85 2282
   85  129
   85   86
   87   88
   87  130
   88  174
   88   89
   88  173
   88  131
   90   91
   90  132
   91  134
   91   92
   91  133
   93  136
   93   94
   93  135
   94  137
   94   95
   96  182
   96  181
   96   97
   96  138
   97   98
   98  140
   98  139
   99  141
   99  140
  100  101
  101  102
  101  142
  102  144
  102  143
  103  146
  103  144
  104  147
  104  105
  105  106
  106  147
  106  107
  107  150
  107  148
  108  194
  108  109
  108  150
  109  110
  109  194
  110  196
  110  195
  110  151
  110  152
  110  111
  111  153
  112  113
  112  153
  113  155
  113  154
  114  115
  115  116
  115  155
  115  157
  117  159
  117  158
  117  118
  118  119
  119  161
  119  160
  120 2281
  120  121
  121 2281
  121  122
  122  162
  122  123
  123  165
  123  164
  123  163
  124  165
  125  168
  126  169
  126  168
  126  127
  127  128
  127  169
  128 2282
  129  130
  129 2282
  130  131
  130  172
  131  173
  131  172
  132  133
  132 2290
  132  174
  133 2290
  133  134
  133  175
  134  135
  135  178
  135  177
  135  136
  136 2285
  136  137
  136  178
  137  138
  137 2285
  137  179
  138  179
  139  225
  139  183
  139  140
  139  182
  140  141
  140  183
  141  185
  141  142
  142  186
  142  143
  143  188
  143  144
  143  187
  144  188
  145  190
  145  146
  146  147
  146  190
  147  232
  147  233
  147  148
  147  191
  148  149
  149  192
  150  235
  150  194
  150  193
  152  196
  153  239
  153  154
  153  197
  154  240
  154  198
  154  155
  154  239
  155  198
  155  156
  156  199
  156  287
  156  157
  156  242
  157  158
  157  199
  158  202
  158  159
  158  201
  159  203
  159  160
  160  161
  160  203
  162  205
  162  206
  162  163
  162 2281
  164  207
  164  165
  164  206
  165  209
  165  208
  168  210
  168  212
  168  211
  168  169
  169  213
  169  254
  169  212
  169  170
  170 2282
  171 2282
  171  172
  171  214
  171  215
  172  215
  172  173
  173  216
  173  215
  175  219
  175  218
  175 2290
  176  177
  176  219
  177  221
  177  178
  178 2285
  178  263
  178  221
  179  222
  179 2285
  180  181
  181  268
  181  224
  181  223
  181  182
  182  225
  183  226
  183  225
  185  272
  185  186
  185  226
  186  227
  186  187
  187  228
  187  227
  187  188
  188  189
  188  229
  188  228
  189  229
  190  231
  190  230
  190  191
  191  231
  191  232
  192  193
  192  234
  192  233
  193  280
  193  234
  193  235
  194  237
  194  235
  195  196
  195  237
  196  238
  196  197
  198  241
  198  240
  199  288
  199  243
  199  287
  200  201
  201  244
  201  202
  201  243
  202  244
  202  203
  203  291
  203  246
  203  204
  203  245
  204  293
  204 2281
  205  248
  205  206
  205  247
  206  249
  206  207
  206  248
  207  250
  207  249
  207  208
  208  296
  208  251
  208  250
  210  253
  211  253
  211  212
  212  254
  213  256
  213  254
  214  257
  214  256
  214 2282
  215  258
  215  257
  216  259
  216  217
  217 2290
  218  306
  218  261
  218 2290
  218  260
  219  220
  220  221
  220  262
  221  263
  221  262
  222  223
  223  266
  224  269
  224  225
  224  268
  225  271
  225  270
  225  269
  227  273
  227  228
  227  272
  228  274
  228  273
  229  274
  231  277
  231  276
  231  232
  231  275
  232  278
  232  277
  234  280
  234  279
  235  281
  235  280
  236  237
  236  282
  237  238
  238  324
  238  283
  238  239
  238  282
  239  285
  239  240
  240  285
  241  286
  244  332
  244  245
  244  290
  245  333
  245  332
  245  291
  246  334
  246  292
  247  294
  247  248
  247  293
  247 2281
  248  249
  248  294
  249  250
  250  295
  251  296
  253  298
  254  300
  254  255
  255  301
  255  300
  255  256
  256  302
  256  301
  256  257
  257  344
  257  303
  257  258
  257  302
  258  303
  258  304
  259  305
  259  304
  259  260
  260 2290
  261  350
  261  307
  261  306
  262  308
  262  263
  262  307
  263  309
  263  308
  264  309
  264 2285
  265 2285
  265  266
  266  310
  266  267
  267  312
  267  268
  267  311
  268  312
  268  269
  269  270
  269  312
  270  271
  270  313
  271  272
  272  316
  272  315
  273  316
  273  274
  274  317
  274  275
  274  316
  275  317
  276  320
  276  319
  276  277
  277  320
  278  321
  278  279
  278  320
  279  363
  280  363
  280  281
  281  364
  281  322
  281  363
  282  322
  283  366
  283  284
  283  325
  283  324
  284  326
  284  285
  285  327
  285  286
  286  328
  286  287
  287  288
  288  330
  288  329
  288  289
  289  290
  289  331
  291  334
  291  333
  293  336
  293  335
  294  337
  294  336
  295  338
  296  339
  296  338
  298  299
  299  341
  299  340
  299  300
  300  342
  300  341
  300  301
  301  342
  301  302
  302  344
  303  383
  303  345
  303  344
  304  347
  304  305
  305  306
  306  350
  306  349
  306  348
  307  308
  308  352
  308  351
  309  390
  309  353
  310  311
  310  354
  310  353
  311  354
  312 2295
  312  356
  312  355
  312  313
  313  394
  313  357
  314  315
  315  395
  316 2303
  316  358
  316  397
  316  317
  317  359
  317  358
  317  360
  318  361
  318  319
  319  401
  319  400
  319  361
  319  320
  320  321
  320  401
  322  365
  322  323
  323  406
  323  365
  323  324
  324  406
  325  408
  325  326
  325  367
  325  366
  326  367
  326  327
  327  368
  327  367
  327  328
  328  369
  328  368
  329  412
  329  330
  329  369
  330  370
  330  412
  331  332
  331  370
  332  333
  332  371
  333  415
  333  373
  333  372
  334  335
  335  336
  335  374
  336  418
  336  375
  336  374
  336  337
  337  376
  337  338
  337  375
  338  420
  338  377
  338  376
  339  377
  341  423
  341  380
  341  379
  341  342
  342  380
  342  343
  343  425
  344  382
  344  383
  345  384
  345  346
  345  383
  346  427
  346  385
  346  347
  347  348
  348  387
  348  386
  349  350
  349  388
  349  387
  350  351
  351  389
  351  352
  351  388
  352  432
  352  390
  354  355
  354  391
  354  392
  356  393
  356  394
  356 2295
  357  436
  357  395
  358  439
  358  398
  358  397
  359  399
  359  398
  361  400
  361  399
  362  363
  363  403
  363  364
  364  445
  364  404
  364  403
  365  406
  366  408
  366  407
  366  406
  367  409
  367  408
  368  369
  368  409
  370  413
  370  412
  371  372
  371  414
  371  413
  372  414
  372  415
  373  417
  373  374
  374  418
  374  417
  375  419
  375  418
  376  419
  377  421
  379  423
  380  381
  380  423
  381  465
  381  425
  382  426
  382  383
  382  425
  383  466
  383  384
  384  467
  384  427
  384  466
  385  428
  385  386
  385  427
  387  430
  387  388
  387  429
  388  430
  388  389
  389  473
  389  432
  389  431
  390  433
  390  432
  391  392
  391  434
  391  433
  392 2296
  392  434
  393 2305
  393  478
  393  394
  393  435
  394 2305
  394  436
  395  436
  395  396
  396  397
  396 2303
  396  437
  397  438
  397  439
  398  440
  398  439
  398  441
  400  442
  400  401
  401  402
  401  443
  401  442
  402  403
  403  445
  403  444
  404  446
  404  405
  404  445
  406  448
  407  450
  407  449
  407  408
  408  451
  408  450
  409  451
  410  411
  411  412
  411  493
  412  453
  412  452
  413 2314
  413  453
  414 2314
  414  415
  414  455
  414  454
  415  455
  415  416
  416  417
  416  456
  416  457
  416  455
  417  418
  417  457
  418  459
  418  419
  419 2283
  419  459
  420  503
  420  502
  420  460
  420 2283
  420  421
  422  423
  422  462
  423  424
  423  462
  425  426
  426  510
  426  466
  427  468
  427  467
  428  429
  429  470
  430  471
  430  431
  430  472
  431  516
  431  473
  431  472
  432  474
  432  475
  432  473
  434 2296
  434  477
  434  476
  434  435
  435  521
  435  478
  435  477
  435 2295
  436 2304
  436 2305
  437  438
  437  479
  438  526
  438  481
  438  480
  439  527
  439  526
  439  440
  440  482
  440  527
  441  442
  442  443
  442  484
  443  486
  443  484
  444  487
  444  445
  444  486
  445  488
  445  487
  446  534
  446  447
  447  448
  448  489
  448  449
  449  450
  449  490
  450  537
  450  491
  450  492
  451  492
  451  493
  452  496
  452  453
  452  495
  452  494
  454  543
  454  455
  454  497
  455  498
  455  543
  456  457
  456  498
  457  499
  457  458
  458  459
  458  500
  459 2283
  460  503
  462  505
  462  506
  463  464
  464  465
  464  507
  464  506
  464  508
  465  509
  466  511
  466  467
  467  512
  467  468
  468  513
  468  469
  468  557
  468  512
  469  470
  470  471
  470  514
  471  515
  472  516
  472  515
  473  517
  473  516
  474  518
  474  517
  475  476
  476  520
  476  519
  477  521
  477  520
  478 2305
  478  522
  478  521
  479  524
  480  524
  481  525
  481  526
  482  483
  482  528
  482  529
  483  530
  483  484
  484  485
  484  531
  484  530
  485  532
  485  486
  487  575
  487  532
  487  488
  488  575
  488  533
  489  490
  489  535
  489  534
  490  491
  490  535
  490  536
  491  536
  491  578
  491  537
  492  538
  492  537
  493  494
  494  540
  494 2320
  495  541
  495  540
  495  496
  496 2314
  497  585
  497  543
  497  542
  498  544
  498  543
  500  546
  500  545
  501 2283
  501  589
  501  547
  502  590
  502  549
  502 2283
  503  550
  505  552
  505  506
  506  552
  507  594
  507  553
  507  508
  507  552
  508  553
  508  509
  509  596
  509  553
  510  554
  510  596
  511  554
  512  556
  512  557
  512  555
  513  558
  514  558
  514  515
  515  516
  515  560
  515  559
  516  560
  516  561
  517  562
  517  561
  518  519
  519  563
  520  564
  520  521
  521  565
  521  564
  522  566
  522  565
  523 2304
  523  567
  523  566
  523  524
  524  567
  524  525
  525  568
  526  569
  526  527
  527  613
  527  528
  527  570
  527  569
  528  571
  528  570
  530  573
  530  572
  530  531
  530  571
  531  574
  531  573
  532  575
  532  574
  533  534
  533  576
  535  577
  535  576
  536  577
  536  578
  537  579
  537  578
  538  580
  538  539
  539 2321
  539  581
  540  582
  540  541
  540  581
  541  584
  541  582
  541  542
  542 2314
  543  586
  543  585
  544  587
  544  545
  545  588
  545  587
  545  546
  546  589
  546  588
  547  635
  547  548
  547  589
  548  635
  548  590
  548 2284
  549  591
  549  550
  549  590
  551  593
  552  593
  552  594
  553  596
  553  594
  554  555
  554  597
  554  596
  555  597
  555  598
  555  556
  556  599
  556  557
  557  600
  557  558
  557  599
  558  559
  559  602
  559  603
  559  560
  560  604
  560  603
  561  605
  561  604
  562  563
  563  564
  563  606
  564  608
  564  607
  564  565
  565  609
  565  608
  567  611
  567  610
  567  568
  568  655
  568  612
  568  611
  569  613
  569  656
  569  612
  570  614
  570  613
  572  616
  572  615
  572  573
  573  616
  574  618
  575  619
  575 2309
  575  618
  576  619
  577  622
  577  621
  578  622
  578  623
  578  579
  579  624
  579  623
  579  580
  580  626
  580  581
  581 2320
  582  583
  582  627
  582  628
  583  628
  583  584
  583  629
  584  671
  584  630
  584  585
  585  631
  585  630
  585  586
  586  587
  586  631
  587  588
  587  631
  588  634
  588  589
  588  632
  589  635
  590  591
  590  635
  591  636
  592  593
  592  639
  593  594
  594  640
  594  595
  595  641
  595  596
  596  641
  597  598
  597  642
  598  644
  599  644
  599  600
  600  645
  600  601
  600  644
  601  602
  601  645
  602  603
  602  646
  603  648
  603  604
  603  647
  604  649
  605  650
  606  607
  606  693
  606  650
  607  608
  607  694
  608  696
  608  651
  608  652
  609  653
  609  652
  610  653
  611  655
  611  654
  612  655
  613  700
  613  657
  613  656
  614  615
  615  658
  615  616
  616  617
  616  659
  617  702
  617  660
  617  659
  618 2309
  618  660
  619  620
  620  621
  620  663
  621  664
  622  665
  623  666
  623  665
  623  624
  624  625
  624  667
  624  666
  625  667
  625  626
  626  668
  627  668
  628  670
  628  669
  628  629
  629  712
  629  711
  629  671
  629  670
  630  672
  630  671
  631  673
  631  672
  632  715
  632  674
  633  675
  633  716
  634  676
  636  678
  636  677
  637  678
  639  680
  639  682
  641  723
  641  684
  641  683
  643  684
  644  687
  644  686
  645  646
  645  687
  646  688
  646  647
  646  687
  647  648
  647  689
  647  688
  648  690
  648  689
  649  691
  649  650
  651  695
  651  696
  651  694
  652  738
  653  654
  654  697
  655  741
  655  698
  655  699
  656  700
  656  699
  657  744
  657  658
  658  659
  659  701
  659  702
  660  661
  661  749
  661  662
  661  703
  661 2309
  662  663
  662  750
  662 2309
  663  664
  664  705
  664  704
  665  753
  665  705
  666  707
  666  667
  666  706
  666  708
  667  708
  667  668
  668  669
  669  709
  670  710
  671  713
  671  712
  672 2310
  672  714
  673  763
  673  715
  673  714
  674  764
  674  716
  674  715
  675  717
  675  676
  675  716
  676  765
  676  717
  676  677
  677  766
  677  718
  677  765
  677  678
  678  719
  678  718
  680  681
  680  721
  681  721
  681  682
  681  722
  682  771
  682  683
  682  722
  683  771
  683  723
  684  724
  684  685
  684  723
  685  725
  685  686
  685  724
  686  725
  686  726
  687  727
  687  726
  688  729
  688  727
  688  728
  688  689
  689  729
  690  730
  690  731
  690  691
  691  732
  691  692
  692  693
  693  694
  693  733
  694  733
  694  734
  695  736
  695  696
  695  735
  696  738
  696  737
  697  740
  697  739
  697  738
  698  740
  699  700
  699  741
  700  742
  700  743
  701  746
  701  702
  701  744
  702  747
  702  703
  703  749
  704  752
  704  750
  705  752
  706  754
  706  707
  706  753
  707  800
  707  755
  707  754
  708  757
  708  709
  709  710
  710  711
  710  758
  711  759
  711  760
  711  712
  712  805
  712  713
  712  760
  713 2310
  713  761
  714  762
  715  763
  716  809
  716  717
  716  764
  717  765
  718  812
  718  767
  718  766
  720  769
  721  769
  722  771
  722  770
  722  769
  723  772
  723  724
  723  771
  724  773
  724  725
  725  775
  725  774
  725  726
  726  776
  727  776
  727  728
  728  777
  728  729
  729  822
  729  777
  729  778
  729  730
  730  779
  730  778
  731  779
  731  732
  732  781
  733  781
  734  826
  734  735
  734  781
  735  782
  735  783
  735  736
  736  737
  736  783
  737  829
  737  784
  739  740
  739  785
  740  787
  740  786
  741  742
  741  787
  742  789
  742  743
  742  788
  743  790
  743  744
  744  745
  745  792
  745  746
  745  791
  746  792
  746  747
  747  748
  748  794
  748  793
  748  749
  749  795
  749  750
  750  751
  751  797
  751  798
  751  752
  752  753
  753  798
  754  799
  755 2322
  755  801
  755  756
  755  800
  756  801
  756  757
  757  758
  758  802
  758  803
  758  759
  759  803
  759  760
  760  804
  760  803
  761  853
  761 2310
  761  805
  762  807
  762  806
  762 2310
  763  807
  764  808
  765  766
  765  810
  766  811
  767  812
  769  814
  769  815
  769  770
  770  771
  770  815
  771  817
  772  865
  773  774
  773  818
  773  865
  774  775
  774  819
  775  820
  776  777
  776  820
  777  822
  777  821
  778  871
  778  823
  778  822
  779  780
  780  825
  780  781
  780  823
  782  828
  782  783
  782  827
  782  826
  783  828
  783  829
  784  785
  785  830
  785  786
  786  832
  786  831
  787  788
  787  832
  788  835
  788  833
  789  837
  789  790
  789  835
  790  791
  791  792
  791  838
  792  840
  792  793
  792  839
  793  841
  793  794
  794  842
  794  795
  795  796
  795  843
  796  797
  797  798
  797  844
  798  799
  798  845
  799  846
  799  800
  800 2322
  800  847
  800  846
  801  802
  802  803
  802  849
  802  848
  803  804
  803  850
  804  851
  804  805
  805  852
  806  854
  806  807
  806  853
  806 2310
  807  855
  807  900
  808  856
  808  855
  809  856
  810  857
  810  856
  812  859
  812  858
  813  859
  814  815
  814  862
  815  816
  816  863
  817  912
  817  864
  818  866
  819  867
  820  869
  820  868
  821  917
  821  869
  822  870
  823  824
  823  871
  824  872
  824  873
  824  825
  825  826
  826  873
  827  875
  827  874
  827  828
  828  876
  828  875
  829  830
  830  831
  830  876
  831  877
  831  878
  831  832
  832  833
  833  878
  833  834
  834  928
  834  880
  834  835
  834  879
  835  836
  836  929
  836  881
  836  837
  836  880
  837  881
  837  838
  837  882
  838  839
  838  883
  839  884
  839  840
  840  841
  840  884
  841  842
  841  884
  841  885
  842  887
  842  843
  842  885
  842  886
  843  844
  844  845
  844  887
  845  846
  845  889
  845  888
  846  847
  846  889
  847  892
  847  890
  847  891
  848  893
  848 2323
  848  849
  848  894
  849  895
  849  942
  849  894
  849  850
  850  896
  850  895
  851  896
  851  897
  852  853
  852  897
  853  854
  854  899
  854  898
  855  856
  855  901
  855  900
  856  903
  856  902
  856  901
  857  948
  857  904
  857  903
  857  858
  858  905
  858  859
  858  904
  859  907
  859  906
  862  953
  862  908
  863  864
  863  909
  864  910
  864  912
  866  867
  866  914
  867  959
  867  914
  867  915
  868  915
  869  916
  870  918
  870  871
  870  917
  871  918
  871  919
  872  921
  872  920
  872  919
  873  922
  873  921
  874  923
  874  875
  874  922
  875  924
  875  923
  876  925
  877  926
  877  878
  877  925
  878  879
  879  928
  879  972
  879  927
  880  929
  880  928
  881  882
  881  929
  882  930
  882  931
  882  883
  883  932
  883  884
  883  933
  883  931
  884  885
  885  934
  885  933
  885  886
  886  887
  886  936
  886  934
  887  937
  887  936
  887  888
  889  938
  889  937
  889  890
  890  939
  890  891
  890  938
  891  984
  891  940
  891  939
  892 2322
  892  940
  892  893
  893 2323
  893  941
  893  940
  895  987
  895  896
  896  943
  897  944
  897  943
  898  945
  898  944
  899  900
  899  945
  900  946
  900  901
  901 2298
  901  902
  902  903
  902 2298
  903  948
  904  994
  904  949
  904  948
  905  949
  905  906
  906  951
  906  950
  906  949
  908  953
  909  954
  909  955
  909  910
  909  953
  910  955
  910  911
  911  912
  911  956
  911  955
  912  956
  912  913
  913  914
  914  957
  915  960
  915  959
  916 1005
  916  917
  916  960
  917  961
  918  963
  918  919
  918 1007
  918  962
  919  964
  919  963
  919  920
  920  965
  920 1010
  920  964
  921  966
  921  922
  921  965
  922  923
  923 1013
  923  924
  923  966
  924  967
  924  969
  925  970
  925  926
  925  969
  926  927
  926  971
  927  972
  927  971
  928  929
  928  972
  929  973
  929  974
  930  975
  930  931
  931  976
  931  932
  932  978
  932  933
  932  976
  933  934
  934  979
  934  980
  934  978
  935  936
  936  937
  936  980
  936  982
  937  982
  937  938
  938  939
  938  982
  939  983
  940  941
  940  986
  940  984
  941  986
  941  942
  942  987
  942  986
  943 1037
  943  988
  944  989
  944  988
  945  990
  946  992
  947  992
  947 2298
  948  994
  949 2287
  949  995
  949  950
  949  994
  950  996
  951  996
  953  999
  953  998
  954 1000
  954  999
  955 1001
  955  956
  955 1000
  956  957
  956 1002
  956 1001
  957 1003
  957  958
  957 1002
  958 1052
  958 1003
  958  959
  958 1004
  959 1004
  959  960
  960 1005
  960 1004
  961  962
  961 1006
  962 1006
  962 1007
  963  964
  963 1007
  964 1010
  964 1008
  965  966
  965 1010
  966 1011
  966 1012
  966 1013
  967 1014
  967  968
  967 1013
  968 1015
  968  969
  968 1014
  969  970
  969 1015
  970  971
  970 1016
  970 1064
  970 1017
  971 1017
  971 1018
  972 1020
  972 1018
  972  973
  973  974
  974 1022
  974 1021
  974  975
  974 1020
  975 1071
  975 1023
  975  976
  975 1022
  977 1024
  977 1023
  977  978
  978 1025
  978 1024
  978  979
  979 1025
  980 1027
  980 1026
  980  981
  981 1028
  981  982
  981 1027
  982 1031
  982 1029
  982  983
  983  984
  983 1031
  984 1032
  984  985
  985 1035
  985 1034
  985  986
  985 1033
  986 1036
  986  987
  987 1037
  987 1036
  988 1038
  988 1083
  989 1038
  989  990
  990 1084
  990 1039
  990  991
  991 1040
  991  992
  992 1041
  992 1040
  993 2298
  993 1042
  993  994
  994 2287
  995 1045
  995  996
  995 2287
  996 1046
  996 1045
  998 1048
  999 1094
  999 1048
  999 1049
 1000 1094
 1000 1050
 1001 1051
 1001 1050
 1002 1051
 1002 1003
 1003 1052
 1003 1051
 1004 1098
 1004 1053
 1005 1055
 1005 1006
 1005 1054
 1005 1053
 1006 1055
 1007 1057
 1007 1056
 1007 1055
 1007 1008
 1008 1009
 1008 1058
 1008 1057
 1009 1058
 1009 1059
 1009 1010
 1010 1059
 1011 1060
 1013 1060
 1013 1061
 1013 1014
 1014 1107
 1014 1062
 1014 1061
 1015 1016
 1015 1063
 1016 1064
 1016 1063
 1017 1018
 1017 1066
 1017 1064
 1018 1066
 1019 1068
 1019 1067
 1019 1020
 1019 1066
 1020 1113
 1020 1068
 1020 1069
 1020 1021
 1021 1069
 1022 1115
 1022 1114
 1022 1071
 1022 1070
 1023 1072
 1023 1024
 1023 1071
 1024 1118
 1024 1072
 1024 1073
 1025 1074
 1025 1026
 1026 1027
 1026 1075
 1026 1074
 1027 1075
 1028 1075
 1028 1122
 1028 1076
 1030 1123
 1030 1076
 1030 1077
 1030 1031
 1031 1078
 1031 1077
 1033 1125
 1033 1079
 1033 1034
 1033 1078
 1034 1080
 1034 1079
 1035 1036
 1036 1081
 1036 1080
 1037 1082
 1037 1083
 1038 1130
 1038 1084
 1039 1085
 1039 1040
 1039 1084
 1040 1041
 1040 1085
 1041 1086
 1041 1087
 1042 2297
 1042 1089
 1043 2287
 1044 2289
 1044 2287
 1045 1092
 1045 1091
 1048 1140
 1048 1093
 1049 1140
 1050 1141
 1050 1095
 1050 1051
 1051 1097
 1051 1095
 1052 1144
 1052 1098
 1053 1099
 1053 1054
 1054 1146
 1054 1100
 1055 1100
 1055 1056
 1056 1101
 1056 1057
 1057 1149
 1057 1102
 1057 1058
 1058 1059
 1058 1102
 1059 1104
 1059 1103
 1059 1060
 1060 1105
 1060 1106
 1060 1104
 1060 1061
 1061 1106
 1062 1108
 1062 1063
 1062 1107
 1063 1064
 1063 1109
 1064 1109
 1064 1065
 1065 1066
 1065 1109
 1066 1111
 1066 1110
 1067 1111
 1067 1112
 1068 1113
 1069 1161
 1069 1114
 1069 1113
 1070 1114
 1071 1117
 1071 1072
 1071 1115
 1072 1165
 1072 1117
 1073 1119
 1073 1074
 1073 1118
 1074 1121
 1074 1075
 1074 1119
 1075 1122
 1075 1121
 1076 1123
 1076 1122
 1077 1124
 1077 1078
 1077 1123
 1078 1125
 1078 1124
 1079 1080
 1079 1127
 1079 1125
 1080 1081
 1081 1082
 1081 1128
 1081 1129
 1081 1127
 1082 1129
 1083 1177
 1083 1130
 1084 1131
 1084 1130
 1085 1132
 1085 1131
 1086 1133
 1087 1134
 1087 1088
 1087 2297
 1088 1135
 1088 1089
 1088 1134
 1089 1135
 1089 1090
 1090 2289
 1090 1136
 1090 1135
 1090 2288
 1091 2289
 1091 1137
 1091 1092
 1091 1136
 1092 1137
 1093 1140
 1094 1141
 1094 1140
 1095 1096
 1095 1142
 1096 1097
 1096 1143
 1097 1144
 1097 1191
 1098 1193
 1098 1145
 1099 1145
 1099 1146
 1100 1147
 1100 1101
 1101 1149
 1101 1148
 1102 1150
 1102 1149
 1103 1104
 1103 1151
 1103 1150
 1104 1153
 1104 1151
 1104 1105
 1105 1106
 1105 1154
 1105 1153
 1106 1202
 1106 1155
 1106 1107
 1107 1108
 1108 1157
 1108 1109
 1108 1155
 1109 1157
 1110 1157
 1110 1158
 1110 1111
 1111 1112
 1111 1160
 1111 1158
 1112 1160
 1112 1113
 1113 1161
 1113 1160
 1114 1162
 1114 1161
 1115 1116
 1116 1163
 1117 1165
 1117 1163
 1118 1166
 1118 1165
 1119 1167
 1119 1120
 1120 1121
 1121 1168
 1121 1122
 1122 1123
 1122 1168
 1123 1171
 1123 1124
 1123 1169
 1124 1171
 1125 1126
 1125 1171
 1126 1127
 1126 1173
 1126 1174
 1126 1172
 1127 1175
 1127 1128
 1127 1174
 1128 1176
 1128 1175
 1129 1176
 1129 1177
 1130 1178
 1131 1179
 1131 1180
 1132 1133
 1132 1181
 1133 1134
 1133 1181
 1133 1182
 1134 1135
 1134 1182
 1135 1184
 1135 1136
 1136 1185
 1136 1137
 1136 2289
 1137 1138
 1138 1185
 1139 1188
 1141 1188
 1142 1190
 1143 1191
 1143 1190
 1144 1193
 1144 1192
 1145 1194
 1146 1195
 1146 1194
 1147 1196
 1147 1195
 1148 1149
 1148 1197
 1148 1196
 1149 1150
 1150 1151
 1150 1198
 1151 1243
 1151 1198
 1151 1199
 1152 1199
 1152 1153
 1153 1200
 1153 1154
 1153 1199
 1154 1201
 1154 1200
 1155 1203
 1155 1156
 1155 1202
 1156 1157
 1156 1204
 1157 1204
 1157 1206
 1157 1158
 1158 1207
 1158 1206
 1159 1160
 1160 1251
 1160 1161
 1160 1209
 1161 1209
 1161 1210
 1162 1211
 1162 1163
 1163 1164
 1164 1212
 1164 1211
 1165 1213
 1165 1166
 1165 1212
 1166 1213
 1166 1167
 1167 1168
 1167 1213
 1168 1169
 1168 1214
 1169 1215
 1169 1170
 1170 1218
 1170 1171
 1170 1217
 1170 1216
 1171 1218
 1172 1173
 1173 1220
 1173 1219
 1174 1265
 1174 1220
 1174 1221
 1174 1175
 1175 1176
 1176 1221
 1176 1222
 1176 1223
 1177 1178
 1177 1224
 1178 1268
 1178 1179
 1178 1225
 1179 1225
 1179 1226
 1180 1226
 1180 1181
 1181 1270
 1181 1227
 1182 1228
 1182 1227
 1183 1230
 1185 1276
 1185 1275
 1185 1231
 1185 1230
 1187 1233
 1187 1188
 1188 1233
 1188 1189
 1188 1234
 1189 1235
 1189 1190
 1189 1234
 1190 1235
 1191 1236
 1192 1237
 1193 1237
 1194 1239
 1194 2308
 1194 1238
 1195 1239
 1195 1240
 1195 1196
 1196 1197
 1197 1241
 1197 1242
 1198 1243
 1198 1242
 1199 1243
 1200 1245
 1200 1243
 1200 1201
 1201 1246
 1201 1245
 1202 1247
 1202 1203
 1203 1204
 1203 1247
 1204 1248
 1204 1247
 1205 1294
 1205 1249
 1205 1206
 1205 1248
 1206 1249
 1206 1250
 1207 1208
 1207 1250
 1208 1251
 1208 1250
 1209 1210
 1209 1251
 1210 1254
 1210 1211
 1210 1253
 1210 1252
 1211 1254
 1211 1255
 1211 1212
 1212 1213
 1213 1255
 1213 1257
 1213 1214
 1214 1215
 1214 1258
 1214 1257
 1215 1259
 1216 1260
 1216 1217
 1216 1259
 1217 1218
 1218 1261
 1218 1262
 1218 1219
 1218 1260
 1219 1262
 1219 1263
 1219 1220
 1220 1264
 1220 1263
 1221 1266
 1221 1222
 1221 1311
 1221 1265
 1222 1312
 1222 1266
 1222 1267
 1223 1267
 1223 1224
 1224 1268
 1225 1316
 1225 1269
 1226 1270
 1226 1269
 1227 1272
 1228 1273
 1228 1229
 1229 1274
 1229 1273
 1229 1230
 1230 1275
 1230 1274
 1231 1276
 1233 1279
 1233 1278
 1234 1280
 1235 1281
 1235 1236
 1235 1280
 1236 1327
 1236 1329
 1236 1237
 1236 1328
 1236 1281
 1237 1329
 1237 1238
 1237 1282
 1238 1282
 1238 1283
 1238 2308
 1239 2308
 1239 1285
 1239 1240
 1240 1286
 1240 1241
 1241 1334
 1241 1287
 1242 1335
 1242 1288
 1242 1287
 1242 1243
 1243 1289
 1243 1288
 1244 1245
 1244 1289
 1245 1290
 1245 1246
 1245 1289
 1246 1292
 1246 1291
 1246 1247
 1246 1290
 1247 1293
 1247 1248
 1248 1294
 1249 1295
 1249 1250
 1249 1296
 1250 1251
 1250 1297
 1251 1297
 1251 1298
 1252 1253
 1253 1254
 1253 1299
 1253 1298
 1254 1348
 1254 1301
 1254 1255
 1255 1303
 1255 1256
 1255 1301
 1255 1302
 1256 1257
 1256 1303
 1257 1303
 1257 1304
 1258 1305
 1258 1306
 1258 1304
 1258 1259
 1259 1260
 1259 1306
 1260 1261
 1261 1308
 1261 1262
 1262 1308
 1263 1264
 1263 1308
 1264 1310
 1264 1309
 1265 1310
 1266 1359
 1266 1312
 1267 1314
 1267 1313
 1267 1268
 1267 1312
 1268 1315
 1268 1314
 1269 1363
 1269 1317
 1270 1317
 1270 1271
 1271 1318
 1271 1272
 1271 1317
 1272 1318
 1272 1273
 1273 1320
 1273 1319
 1274 1320
 1274 1321
 1276 1322
 1277 1323
 1279 1326
 1279 1371
 1279 1325
 1279 1280
 1280 1326
 1280 1281
 1281 1326
 1282 1283
 1282 1331
 1282 1329
 1283 1332
 1284 2308
 1284 1285
 1285 1333
 1286 1333
 1286 1334
 1287 1335
 1288 1289
 1288 1337
 1288 1335
 1289 1337
 1290 1339
 1290 1291
 1290 1338
 1291 1339
 1291 1340
 1291 1292
 1292 1293
 1293 1341
 1293 1340
 1294 1342
 1294 1341
 1295 1296
 1296 1342
 1296 1343
 1297 1344
 1297 1298
 1297 1343
 1298 1346
 1298 1345
 1298 1344
 1298 1299
 1299 1347
 1299 1300
 1299 1346
 1300 1347
 1300 1348
 1301 1349
 1301 1348
 1302 1303
 1302 1349
 1303 1304
 1303 1351
 1304 1305
 1305 1306
 1305 1351
 1306 1353
 1306 1352
 1306 1307
 1307 1355
 1307 1354
 1308 1357
 1308 1309
 1308 1356
 1308 1355
 1309 1358
 1309 1357
 1309 1310
 1310 1311
 1310 1359
 1312 1359
 1313 1407
 1313 1360
 1313 1314
 1314 1315
 1314 1361
 1315 1362
 1315 1316
 1316 1363
 1316 1362
 1317 1364
 1317 1365
 1318 1366
 1318 1365
 1318 1319
 1319 1366
 1320 1412
 1320 1367
 1321 1414
 1321 1322
 1322 1368
 1322 1323
 1322 1414
 1323 1369
 1323 1368
 1323 1324
 1325 1371
 1326 1327
 1326 1371
 1326 1372
 1326 1418
 1327 1373
 1327 1328
 1328 1329
 1329 1374
 1329 1330
 1330 1423
 1330 1375
 1332 1375
 1332 2308
 1333 1377
 1333 1378
 1334 1378
 1334 1379
 1335 1427
 1335 1380
 1335 1336
 1335 1379
 1336 1380
 1336 1337
 1337 1381
 1337 1380
 1338 2315
 1338 1381
 1339 1383
 1339 1384
 1339 1340
 1340 1341
 1340 1384
 1341 1387
 1341 1386
 1341 1342
 1342 1433
 1342 1388
 1342 1387
 1342 1343
 1343 1389
 1343 1344
 1343 1388
 1344 1345
 1345 1346
 1345 1390
 1346 1391
 1346 1392
 1347 1393
 1347 1348
 1348 1394
 1348 1349
 1348 1393
 1349 1395
 1349 1394
 1350 1395
 1350 1351
 1351 1397
 1351 1352
 1352 1353
 1352 1397
 1352 1398
 1353 1354
 1354 1400
 1355 1401
 1355 1356
 1356 1357
 1357 1402
 1357 1358
 1357 1403
 1358 1404
 1358 1403
 1358 1359
 1359 1360
 1359 1406
 1359 1405
 1359 1404
 1360 1407
 1360 1406
 1361 1408
 1361 1407
 1362 1363
 1362 1408
 1363 1364
 1363 1409
 1364 1365
 1364 1409
 1365 1410
 1365 1366
 1366 1412
 1366 1411
 1367 1414
 1367 1413
 1367 1412
 1368 1416
 1368 1415
 1368 1414
 1371 1418
 1371 1417
 1373 1420
 1374 1421
 1375 1424
 1375 1376
 1375 1423
 1376 1470
 1376 1425
 1376 1377
 1376 1424
 1378 1426
 1379 1473
 1379 1472
 1379 1427
 1380 1381
 1380 1427
 1381 1428
 1382 2315
 1382 1428
 1382 1429
 1383 2315
 1383 1384
 1383 1430
 1384 1430
 1384 1385
 1385 1386
 1385 1432
 1386 1387
 1387 1433
 1388 1389
 1388 1433
 1389 1435
 1389 1434
 1390 2318
 1390 1436
 1390 1435
 1391 1392
 1391 2319
 1392 1438
 1392 1393
 1393 1394
 1394 1439
 1394 1395
 1395 1486
 1395 1440
 1395 1439
 1396 1397
 1396 1441
 1396 1440
 1397 1398
 1398 1399
 1398 1443
 1399 1400
 1399 1444
 1399 1443
 1400 1445
 1400 1401
 1401 1446
 1401 1447
 1402 1447
 1402 1448
 1402 1403
 1403 1449
 1403 1404
 1404 1450
 1404 1405
 1404 1449
 1405 1450
 1405 1406
 1406 1407
 1406 1452
 1407 1453
 1407 1452
 1408 1454
 1408 1453
 1409 1455
 1409 1454
 1410 1456
 1410 1455
 1411 2301
 1411 1412
 1411 1456
 1412 1413
 1412 1457
 1413 1414
 1413 1458
 1414 1459
 1414 1415
 1415 1416
 1415 1460
 1416 1461
 1418 1507
 1418 1463
 1419 1464
 1419 1420
 1420 1466
 1420 1421
 1420 1465
 1421 1468
 1421 1422
 1422 1423
 1422 1468
 1424 1513
 1424 1469
 1425 1471
 1425 1426
 1425 1470
 1426 1471
 1426 1472
 1427 1428
 1427 1473
 1428 1474
 1429 1430
 1429 1475
 1430 1431
 1430 1477
 1431 1432
 1431 1477
 1432 1479
 1432 1478
 1433 1479
 1433 1434
 1434 1435
 1434 1479
 1435 1481
 1435 1436
 1436 1481
 1436 2318
 1437 1438
 1437 1484
 1437 2318
 1438 1485
 1438 1439
 1439 1486
 1440 1487
 1440 1486
 1441 2317
 1441 1487
 1441 1488
 1442 1443
 1442 1489
 1442 1488
 1443 1490
 1443 1444
 1444 1490
 1445 1491
 1445 1492
 1446 1493
 1446 1492
 1446 1447
 1447 1493
 1447 1448
 1448 1495
 1448 1449
 1449 1450
 1450 1495
 1450 1451
 1451 1497
 1451 1452
 1452 1498
 1452 1453
 1453 1544
 1453 1499
 1453 1498
 1454 1500
 1454 1499
 1455 1501
 1455 1500
 1456 2299
 1456 1501
 1457 1502
 1458 1503
 1459 1503
 1460 1549
 1460 1504
 1461 1505
 1463 1507
 1464 1509
 1464 1465
 1464 1508
 1464 1507
 1465 1509
 1465 1466
 1466 1510
 1466 1509
 1466 1467
 1467 1511
 1467 1468
 1467 1510
 1468 1512
 1468 1511
 1468 1469
 1470 1559
 1470 1513
 1471 1514
 1471 1472
 1472 1516
 1472 1473
 1472 1515
 1473 1517
 1473 1516
 1474 1475
 1474 1517
 1475 1518
 1475 1476
 1476 1477
 1476 1519
 1477 1521
 1477 1522
 1478 1479
 1478 1523
 1479 1524
 1479 1480
 1480 1525
 1480 1481
 1480 1524
 1481 1525
 1481 1482
 1482 1483
 1482 1526
 1482 2318
 1483 1527
 1483 1484
 1484 1529
 1484 1485
 1485 1530
 1485 1486
 1486 1531
 1486 1530
 1486 1532
 1487 2316
 1487 1532
 1488 1533
 1488 2317
 1489 1575
 1489 1490
 1489 1535
 1490 2313
 1490 1535
 1491 2313
 1491 1537
 1492 1538
 1492 1537
 1493 1494
 1493 1538
 1494 1540
 1494 1495
 1494 1538
 1494 1539
 1495 1496
 1496 1581
 1496 1497
 1496 1540
 1497 1542
 1497 1498
 1498 1543
 1498 1544
 1499 1545
 1499 1544
 1500 1546
 1500 1545
 1501 1547
 1501 1546
 1502 1589
 1502 2302
 1502 1548
 1502 1503
 1503 1549
 1503 1548
 1504 1551
 1504 1550
 1504 1505
 1504 1549
 1506 1507
 1506 1553
 1507 1508
 1508 1509
 1508 1554
 1509 1555
 1509 1510
 1510 1556
 1510 1511
 1511 1512
 1512 1513
 1512 1557
 1512 1556
 1513 1557
 1514 1560
 1514 1559
 1514 1515
 1515 1516
 1515 1561
 1515 1560
 1516 1517
 1516 1561
 1517 1563
 1517 1562
 1518 1564
 1518 1563
 1519 1520
 1519 1564
 1520 1566
 1520 1521
 1521 1522
 1522 1567
 1523 1610
 1523 1611
 1523 1524
 1523 1567
 1524 1611
 1525 1568
 1525 1526
 1526 1527
 1527 1570
 1527 1569
 1528 1571
 1528 1570
 1529 1572
 1529 1571
 1529 1530
 1530 1531
 1531 1617
 1531 1532
 1531 1572
 1532 2316
 1533 1574
 1533 2316
 1534 1575
 1534 1574
 1535 1536
 1535 1575
 1536 1577
 1537 1621
 1537 1577
 1538 1579
 1538 1539
 1538 1578
 1539 1580
 1539 1579
 1540 1581
 1540 1580
 1541 1542
 1541 1583
 1541 1581
 1542 1584
 1543 1584
 1543 1544
 1543 1585
 1544 1585
 1545 1627
 1545 1585
 1545 1586
 1546 1629
 1546 1586
 1546 1547
 1547 2300
 1547 1588
 1547 1587
 1548 1633
 1548 1590
 1548 1549
 1548 1589
 1549 1590
 1549 1550
 1550 1592
 1550 1591
 1551 1592
 1552 1595
 1553 1595
 1553 1596
 1554 1596
 1555 1597
 1556 1641
 1556 1642
 1556 1599
 1556 1598
 1557 1599
 1557 1600
 1557 1558
 1558 1601
 1558 1600
 1558 1559
 1559 1560
 1559 1601
 1560 1561
 1560 1601
 1561 1602
 1561 1562
 1562 1604
 1562 1563
 1562 1605
 1563 1605
 1564 1650
 1564 1606
 1565 1566
 1565 1606
 1565 1607
 1566 1608
 1567 1609
 1568 1569
 1568 1611
 1569 1612
 1569 1570
 1570 1613
 1571 1616
 1571 1572
 1571 1615
 1572 1617
 1573 1618
 1573 1574
 1573 2316
 1573 1617
 1574 1663
 1574 1618
 1575 1664
 1575 1619
 1576 1620
 1577 1621
 1577 1620
 1578 1667
 1578 1579
 1578 1622
 1578 1621
 1579 1668
 1579 1622
 1580 1624
 1580 1623
 1581 1582
 1582 1625
 1582 1583
 1582 1624
 1583 2307
 1583 1584
 1584 1585
 1584 1626
 1585 1627
 1586 1628
 1586 1627
 1587 1630
 1587 1588
 1587 1629
 1588 2302
 1588 1589
 1588 2300
 1589 2302
 1589 1631
 1590 1634
 1590 1633
 1591 1635
 1591 1634
 1593 1635
 1594 1595
 1595 1637
 1595 1596
 1596 1639
 1596 1597
 1596 1640
 1597 1598
 1597 1640
 1598 1640
 1598 1641
 1599 1685
 1599 1644
 1599 1643
 1600 1644
 1600 1645
 1600 1601
 1601 1602
 1602 1645
 1602 1603
 1603 1648
 1603 1604
 1603 1646
 1604 1649
 1604 1605
 1605 1650
 1605 1649
 1606 1692
 1606 1650
 1607 1652
 1607 1651
 1608 1653
 1608 1609
 1608 1652
 1609 1610
 1609 1653
 1609 1655
 1609 1654
 1610 1656
 1610 1655
 1610 1611
 1611 1657
 1611 1656
 1612 1698
 1612 1613
 1612 1657
 1613 1699
 1613 1658
 1613 1614
 1614 1615
 1615 1660
 1615 1616
 1616 1661
 1616 1617
 1617 1661
 1618 1704
 1618 1663
 1618 1662
 1619 1663
 1620 1665
 1621 1667
 1621 1666
 1622 1667
 1623 1669
 1623 1668
 1624 1710
 1624 1669
 1625 2307
 1625 1671
 1625 1670
 1626 1672
 1626 1627
 1627 1716
 1627 1715
 1627 1628
 1628 1673
 1628 1716
 1629 1673
 1630 1674
 1630 1673
 1631 1675
 1631 1674
 1632 1675
 1632 1633
 1633 1634
 1634 1635
 1634 1676
 1635 1678
 1635 1677
 1635 1636
 1636 1678
 1637 1681
 1638 1639
 1639 1640
 1639 1683
 1640 1641
 1641 1684
 1642 1643
 1642 1684
 1643 1685
 1644 1686
 1644 1645
 1645 1646
 1645 1686
 1646 1687
 1646 1647
 1647 1648
 1647 1688
 1648 1690
 1648 1649
 1649 1691
 1649 1650
 1650 1691
 1651 1737
 1651 1692
 1652 1738
 1652 1694
 1653 1654
 1653 1694
 1654 1655
 1654 1695
 1655 1656
 1656 1696
 1656 1657
 1657 1697
 1657 1696
 1658 1699
 1658 1698
 1659 1700
 1659 1660
 1659 1699
 1660 1702
 1660 1661
 1660 1701
 1661 1702
 1662 1702
 1663 1705
 1663 1704
 1664 1750
 1664 1705
 1665 1706
 1665 1666
 1666 1707
 1666 2312
 1666 1667
 1667 1668
 1667 1708
 1668 1708
 1669 1710
 1670 1711
 1670 1710
 1671 1714
 1671 2307
 1671 1713
 1672 2307
 1672 1715
 1672 1758
 1673 1761
 1673 1762
 1673 1717
 1673 1716
 1674 1718
 1674 1717
 1675 1719
 1676 1720
 1678 1767
 1678 1722
 1678 1721
 1680 1681
 1680 1724
 1681 1724
 1681 1725
 1681 1682
 1683 1772
 1683 1726
 1684 1728
 1684 1727
 1685 1730
 1685 1686
 1685 1729
 1685 1728
 1686 1730
 1687 1732
 1687 1688
 1687 1730
 1688 1689
 1689 1734
 1689 1732
 1689 1690
 1690 1735
 1690 1691
 1691 1735
 1692 1736
 1692 1735
 1693 1738
 1693 1737
 1694 1695
 1694 1739
 1695 1740
 1696 1787
 1696 1786
 1696 1741
 1696 1697
 1696 1740
 1697 1741
 1698 1788
 1699 1742
 1700 1744
 1700 1743
 1701 1745
 1701 1702
 1701 1744
 1702 1746
 1702 1745
 1703 1746
 1703 1704
 1704 1705
 1704 1747
 1705 1748
 1706 1751
 1706 1750
 1706 2312
 1707 1798
 1707 2312
 1707 1708
 1708 1799
 1708 1709
 1708 1753
 1709 1753
 1709 1710
 1710 1711
 1711 1755
 1711 1712
 1712 1755
 1713 1803
 1713 1757
 1713 1714
 1713 1756
 1714 1758
 1715 1716
 1715 1759
 1716 1759
 1716 1760
 1717 1808
 1717 1763
 1717 1762
 1718 1764
 1718 1719
 1719 1765
 1719 1764
 1719 1720
 1720 1811
 1720 1766
 1720 1765
 1721 1812
 1721 1767
 1721 1766
 1722 1767
 1723 1770
 1724 1770
 1724 1725
 1725 1726
 1725 1771
 1725 1770
 1726 1772
 1726 1771
 1727 1772
 1728 1774
 1728 1818
 1729 1818
 1729 1730
 1729 1775
 1730 1776
 1730 1775
 1731 1821
 1731 1732
 1732 1733
 1732 1777
 1733 1779
 1734 1779
 1735 1781
 1735 1780
 1735 1736
 1736 1782
 1736 1781
 1737 1782
 1738 1784
 1739 1784
 1740 1786
 1740 1785
 1741 1788
 1741 1787
 1742 1789
 1742 1743
 1743 1790
 1744 1835
 1744 1792
 1744 1745
 1745 1746
 1746 1792
 1746 1793
 1747 1748
 1747 1793
 1748 1794
 1748 1749
 1749 1796
 1749 1795
 1750 1796
 1750 1751
 1751 2312
 1751 1797
 1751 1798
 1752 1799
 1752 1798
 1753 1800
 1753 1799
 1754 1755
 1754 1800
 1755 1802
 1755 1801
 1756 1803
 1756 1802
 1757 1804
 1758 1805
 1758 1759
 1759 1760
 1759 1805
 1760 1806
 1760 1761
 1761 1762
 1762 1808
 1763 1809
 1763 1764
 1763 1808
 1764 1810
 1765 1852
 1765 1810
 1766 1812
 1766 1811
 1767 1813
 1767 1812
 1770 1856
 1770 1814
 1770 1815
 1772 1816
 1772 1773
 1773 1817
 1773 1774
 1773 1816
 1774 1818
 1774 1817
 1775 1776
 1775 1820
 1775 1818
 1776 1862
 1776 1821
 1776 1820
 1777 1778
 1777 1821
 1778 1824
 1778 1822
 1779 1824
 1779 1780
 1780 1781
 1780 1825
 1780 1824
 1781 1825
 1781 1782
 1782 1827
 1782 1826
 1783 1828
 1783 1827
 1784 1829
 1784 1785
 1784 1828
 1785 1786
 1785 1829
 1786 1830
 1786 1787
 1787 1788
 1787 1831
 1787 1830
 1788 1832
 1788 1831
 1788 1789
 1789 1833
 1789 1832
 1790 1791
 1790 1833
 1791 1835
 1792 1836
 1792 1793
 1793 1794
 1793 1836
 1794 1795
 1795 1837
 1796 1839
 1797 1881
 1797 1880
 1797 1798
 1797 1840
 1797 1839
 1798 2312
 1798 1840
 1799 1842
 1799 1800
 1800 2306
 1800 1842
 1801 2306
 1801 1802
 1802 1843
 1803 1844
 1804 1887
 1804 1846
 1804 1845
 1805 1847
 1805 1806
 1805 1846
 1806 1847
 1806 1807
 1807 1849
 1807 1848
 1808 1850
 1808 1849
 1808 1809
 1809 1891
 1809 1851
 1809 1810
 1809 1850
 1810 1892
 1810 1851
 1811 1853
 1811 1852
 1812 1895
 1812 1854
 1812 1853
 1814 1856
 1815 1857
 1815 1816
 1815 1856
 1816 1857
 1817 1859
 1817 1818
 1817 1858
 1818 1819
 1818 1861
 1818 1859
 1819 1820
 1820 1862
 1821 1863
 1821 1862
 1822 1823
 1822 1863
 1823 1865
 1824 1906
 1824 1866
 1824 1825
 1824 1865
 1825 1866
 1826 1827
 1826 1866
 1827 1908
 1827 1867
 1828 1829
 1828 1869
 1829 1871
 1829 1830
 1829 1869
 1830 1872
 1831 1873
 1831 1832
 1832 1874
 1832 1873
 1833 1834
 1833 1874
 1834 1835
 1835 1916
 1835 1915
 1835 1836
 1836 1917
 1836 1916
 1836 1876
 1837 1838
 1837 1876
 1837 1878
 1838 1879
 1839 1880
 1839 1879
 1840 1841
 1840 1881
 1841 1883
 1842 2306
 1842 1883
 1843 1844
 1843 1885
 1844 1845
 1846 1928
 1846 1847
 1846 1887
 1847 1929
 1847 1888
 1847 1928
 1848 1930
 1849 1931
 1849 1890
 1850 1891
 1850 1890
 1851 1891
 1852 1893
 1852 1892
 1852 1853
 1853 1894
 1854 1895
 1856 1939
 1856 1897
 1857 1899
 1857 1858
 1857 1898
 1858 1942
 1858 1859
 1858 1899
 1859 1900
 1859 1860
 1860 1901
 1860 1861
 1860 1900
 1861 1944
 1861 1902
 1861 1862
 1862 1863
 1862 1902
 1863 2293
 1863 1903
 1864 1865
 1864 2293
 1865 1905
 1865 1906
 1866 1907
 1866 1906
 1867 1907
 1868 1909
 1869 1910
 1869 1870
 1869 1909
 1870 1910
 1870 1871
 1870 1911
 1871 1912
 1871 1872
 1872 1912
 1872 1873
 1873 1914
 1873 1874
 1874 2291
 1874 1914
 1875 2291
 1875 1915
 1876 1918
 1876 1917
 1877 1918
 1877 1878
 1878 1920
 1879 1920
 1880 1922
 1880 1921
 1880 1881
 1881 1923
 1881 1922
 1882 1923
 1882 1883
 1883 1965
 1883 1884
 1883 2306
 1884 1966
 1884 1965
 1884 1925
 1884 2306
 1885 1925
 1885 2306
 1886 1887
 1886 1925
 1886 1927
 1887 1928
 1887 1927
 1888 1930
 1888 1929
 1889 1931
 1889 1930
 1890 1891
 1890 1931
 1891 1892
 1891 1933
 1892 1976
 1892 1934
 1892 1933
 1893 1934
 1894 1935
 1895 1936
 1895 1935
 1896 1936
 1897 1939
 1898 1939
 1899 1942
 1899 1941
 1900 1942
 1901 1944
 1901 1943
 1902 1989
 1902 1945
 1902 1944
 1903 1945
 1904 1947
 1904 2293
 1905 1948
 1905 1906
 1905 1947
 1906 1907
 1906 1949
 1906 1948
 1907 1949
 1908 1949
 1909 1950
 1909 1951
 1909 1910
 1910 1997
 1910 1951
 1911 1999
 1911 1953
 1911 1952
 1912 1953
 1912 1954
 1912 1913
 1913 1914
 1913 1954
 1914 2291
 1914 2001
 1915 1916
 1915 1957
 1916 1958
 1916 1917
 1917 1958
 1918 1959
 1919 1959
 1919 1920
 1920 1961
 1920 1921
 1921 2008
 1921 1962
 1921 1961
 1921 1922
 1922 1962
 1923 1963
 1923 1924
 1923 1962
 1924 1965
 1925 1926
 1925 1966
 1926 1969
 1926 1967
 1927 1970
 1927 1969
 1927 1928
 1928 1971
 1928 1929
 1929 1972
 1929 1971
 1930 1973
 1931 1932
 1931 2292
 1932 1975
 1933 1976
 1933 1975
 1934 1977
 1934 1935
 1935 1979
 1935 1978
 1936 1980
 1936 1979
 1938 1982
 1939 1982
 1939 1983
 1939 1940
 1940 1941
 1940 1984
 1940 1983
 1941 1984
 1941 1985
 1941 1942
 1942 1985
 1942 1943
 1943 1987
 1944 1988
 1944 1989
 1945 1990
 1945 1989
 1945 2293
 1946 1990
 1946 1991
 1947 1992
 1947 1948
 1947 2035
 1947 1991
 1948 1992
 1949 1994
 1949 1993
 1950 1996
 1950 1994
 1951 1997
 1951 1996
 1952 1997
 1953 1954
 1954 1955
 1954 1999
 1954 2042
 1955 2000
 1955 2001
 1956 2002
 1956 2004
 1956 1957
 1957 1958
 1957 2005
 1958 2005
 1958 1959
 1959 2006
 1959 2049
 1959 2005
 1960 2007
 1961 2008
 1961 2007
 1962 2009
 1962 1963
 1962 2008
 1963 2010
 1963 2009
 1964 2011
 1965 2011
 1965 1966
 1966 2012
 1966 2011
 1967 2013
 1967 1968
 1968 2015
 1969 2015
 1969 1970
 1970 1971
 1970 2016
 1970 2060
 1970 2015
 1971 2016
 1971 1972
 1972 1973
 1972 2018
 1972 2017
 1973 2062
 1973 2019
 1973 2018
 1974 2292
 1974 2020
 1975 2021
 1975 2020
 1975 1976
 1976 1977
 1976 2022
 1976 2021
 1977 2023
 1977 2022
 1977 1978
 1978 1979
 1978 2023
 1979 2025
 1979 2024
 1982 2070
 1982 2027
 1982 2026
 1983 2071
 1983 2027
 1983 2028
 1984 1985
 1984 2028
 1985 2072
 1985 2029
 1985 2028
 1986 1987
 1986 2029
 1987 2031
 1988 2032
 1988 2031
 1988 1989
 1989 2033
 1989 1990
 1990 2033
 1991 2035
 1992 2036
 1992 2035
 1993 2036
 1993 1994
 1994 2038
 1994 2037
 1995 2038
 1995 1996
 1996 2040
 1996 1997
 1997 1998
 1997 2040
 1999 2088
 1999 2087
 1999 2041
 1999 2042
 2000 2089
 2000 2042
 2001 2044
 2001 2045
 2001 2002
 2001 2291
 2002 2291
 2002 2045
 2003 2311
 2003 2004
 2004 2047
 2005 2048
 2005 2047
 2005 2049
 2006 2050
 2006 2049
 2007 2052
 2007 2008
 2007 2051
 2008 2294
 2008 2052
 2009 2010
 2009 2054
 2009 2053
 2010 2056
 2011 2056
 2011 2057
 2011 2012
 2012 2057
 2012 2013
 2013 2058
 2013 2057
 2014 2059
 2014 2058
 2015 2286
 2015 2059
 2016 2017
 2016 2060
 2017 2018
 2018 2062
 2018 2061
 2019 2020
 2019 2062
 2020 2064
 2020 2021
 2021 2110
 2021 2064
 2021 2022
 2022 2023
 2023 2066
 2023 2065
 2024 2067
 2025 2067
 2026 2070
 2027 2071
 2028 2072
 2028 2071
 2029 2073
 2029 2072
 2030 2031
 2030 2073
 2031 2032
 2031 2075
 2032 2033
 2032 2075
 2033 2076
 2033 2078
 2033 2077
 2034 2035
 2035 2036
 2035 2079
 2036 2081
 2036 2079
 2036 2037
 2037 2082
 2037 2038
 2038 2125
 2038 2083
 2038 2082
 2039 2084
 2040 2041
 2040 2084
 2040 2085
 2041 2085
 2041 2087
 2042 2088
 2043 2090
 2043 2089
 2044 2045
 2044 2091
 2044 2090
 2045 2311
 2045 2091
 2046 2311
 2047 2093
 2047 2092
 2047 2048
 2048 2094
 2048 2049
 2048 2093
 2049 2094
 2049 2095
 2051 2096
 2051 2095
 2052 2294
 2052 2096
 2053 2054
 2053 2294
 2054 2140
 2054 2055
 2054 2097
 2055 2099
 2056 2100
 2056 2099
 2056 2057
 2057 2102
 2057 2058
 2057 2100
 2058 2102
 2059 2104
 2059 2103
 2060 2105
 2060 2061
 2060 2104
 2061 2106
 2061 2147
 2061 2105
 2062 2063
 2062 2107
 2062 2106
 2063 2109
 2064 2110
 2064 2109
 2065 2111
 2065 2110
 2065 2066
 2066 2067
 2066 2113
 2066 2112
 2067 2114
 2067 2113
 2070 2116
 2070 2115
 2071 2158
 2071 2117
 2071 2116
 2072 2118
 2072 2073
 2073 2160
 2073 2119
 2073 2074
 2073 2118
 2074 2120
 2075 2163
 2075 2121
 2075 2076
 2075 2120
 2076 2077
 2077 2165
 2077 2078
 2078 2165
 2078 2079
 2079 2123
 2079 2080
 2080 2169
 2080 2081
 2080 2124
 2080 2123
 2082 2170
 2082 2125
 2082 2124
 2084 2126
 2084 2085
 2085 2127
 2085 2128
 2085 2126
 2087 2129
 2087 2128
 2088 2130
 2088 2089
 2088 2129
 2089 2130
 2090 2177
 2090 2132
 2090 2091
 2091 2133
 2091 2132
 2092 2179
 2092 2093
 2093 2180
 2093 2135
 2094 2136
 2094 2135
 2095 2136
 2095 2096
 2096 2294
 2096 2138
 2097 2140
 2098 2099
 2098 2140
 2099 2142
 2099 2100
 2100 2142
 2100 2101
 2101 2144
 2101 2102
 2102 2144
 2103 2144
 2104 2191
 2104 2146
 2104 2105
 2104 2286
 2105 2146
 2107 2149
 2107 2148
 2107 2108
 2108 2109
 2108 2149
 2109 2151
 2109 2110
 2110 2153
 2110 2152
 2110 2111
 2111 2112
 2111 2153
 2112 2113
 2113 2155
 2113 2154
 2114 2155
 2116 2202
 2116 2158
 2116 2157
 2117 2118
 2117 2158
 2118 2206
 2118 2160
 2119 2120
 2119 2162
 2119 2210
 2120 2163
 2120 2162
 2121 2165
 2121 2163
 2122 2166
 2122 2165
 2123 2166
 2123 2167
 2123 2168
 2124 2169
 2125 2171
 2125 2170
 2126 2127
 2126 2172
 2126 2171
 2127 2172
 2127 2128
 2128 2174
 2128 2129
 2129 2175
 2129 2130
 2130 2176
 2130 2131
 2131 2177
 2132 2178
 2132 2177
 2132 2133
 2133 2179
 2133 2311
 2134 2241
 2134 2179
 2135 2136
 2135 2180
 2136 2183
 2136 2137
 2136 2181
 2137 2138
 2138 2139
 2138 2185
 2138 2183
 2138 2294
 2139 2140
 2139 2294
 2140 2185
 2140 2141
 2141 2187
 2142 2188
 2142 2143
 2142 2187
 2143 2144
 2144 2190
 2144 2189
 2144 2145
 2144 2188
 2145 2191
 2146 2147
 2146 2192
 2146 2191
 2147 2193
 2147 2148
 2148 2149
 2149 2194
 2149 2193
 2150 2196
 2150 2194
 2150 2151
 2151 2152
 2152 2197
 2152 2196
 2152 2153
 2153 2197
 2153 2154
 2154 2199
 2154 2155
 2155 2200
 2155 2199
 2158 2204
 2158 2159
 2158 2202
 2159 2206
 2159 2204
 2160 2208
 2160 2161
 2160 2206
 2161 2210
 2161 2208
 2162 2212
 2162 2210
 2163 2164
 2163 2212
 2164 2215
 2164 2213
 2164 2165
 2165 2217
 2165 2215
 2166 2167
 2166 2217
 2167 2168
 2167 2218
 2168 2221
 2168 2219
 2168 2169
 2169 2223
 2169 2170
 2169 2221
 2170 2224
 2170 2171
 2171 2226
 2171 2172
 2171 2224
 2172 2228
 2172 2226
 2172 2173
 2173 2230
 2173 2174
 2173 2228
 2174 2232
 2174 2175
 2174 2230
 2175 2234
 2175 2232
 2175 2176
 2176 2236
 2176 2177
 2176 2234
 2177 2237
 2178 2239
 2178 2179
 2178 2237
 2179 2311
 2179 2241
 2179 2239
 2180 2243
 2180 2181
 2180 2241
 2181 2244
 2181 2182
 2182 2246
 2182 2183
 2182 2244
 2183 2248
 2183 2246
 2183 2184
 2184 2250
 2184 2185
 2184 2248
 2185 2252
 2185 2250
 2185 2186
 2186 2254
 2186 2187
 2186 2252
 2187 2256
 2187 2188
 2187 2254
 2188 2258
 2188 2189
 2188 2256
 2189 2260
 2189 2258
 2190 2262
 2190 2191
 2190 2260
 2191 2264
 2191 2262
 2192 2266
 2192 2193
 2192 2264
 2193 2268
 2193 2266
 2193 2194
 2194 2269
 2194 2268
 2195 2271
 2195 2196
 2195 2269
 2196 2273
 2196 2271
 2197 2275
 2197 2198
 2197 2273
 2198 2277
 2198 2199
 2198 2275
 2199 2279
 2199 2277
 2199 2200
 2295 2296
 2300 2301
 2300 2302
 2301 2302
 2316 2317
 2318 2319
 2320 2321
 2322 2323
