    2  126
    2   82
    3   82
    4   83
    4   82
    6   84
    6   83
    8   84
    9   86
    9   85
   11  130
   11   87
   11   86
   13   87
   14   88
   14   89
   16  132
   16   90
   16   89
   18   91
   18   90
   19   92
   21   93
   21   92
   22   93
   23   94
   23   93
   25   94
   25   95
   27   96
   27   95
   28   96
   29   97
   29   96
   31   98
   31   97
   33  140
   33   99
   33   98
   34  100
   34   99
   36  101
   36  100
   38  102
   38  101
   39  102
   40  102
   40  103
   42  146
   42  104
   42  103
   44  105
   44  104
   46  106
   46  105
   48  106
   48  107
   50  150
   50  108
   50  107
   52  108
   53  110
   53  109
   55  111
   55  110
   57  153
   57  111
   57  112
   59  112
   59  113
   61  113
   61  114
   62  114
   62  115
   64  115
   64  116
   66  117
   66  116
   67  117
   68  118
   68  117
   70  119
   70  118
   71  120
   71  119
   73  121
   73  120
   75  122
   75  121
   77  123
   77  122
   79  165
   79  123
   81  126
   82  127
   82  126
   83  128
   83   84
   84   85
   85 2197
   85  129
   85   86
   87   88
   87  130
   88  174
   88   89
   88  173
   88  131
   90   91
   90  132
   91  134
   91   92
   91  133
   93  136
   93   94
   93  135
   94  137
   94   95
   96  182
   96  181
   96   97
   96  138
   97   98
   98  140
   98  139
   99  141
   99  140
  100  101
  101  102
  101  142
  102  144
  102  143
  103  146
  103  144
  104  147
  104  105
  105  106
  106  147
  106  107
  107  150
  107  148
  108  193
  108  109
  108  150
  109  110
  109  193
  110  195
  110  194
  110  151
  110  152
  110  111
  111  153
  112  113
  112  153
  113  155
  113  154
  114  115
  115  116
  115  155
  115  157
  117  159
  117  158
  117  118
  118  119
  119  161
  119  160
  120 2196
  120  121
  121 2196
  121  122
  122  162
  122  123
  123  165
  123  164
  123  163
  124  165
  125  168
  126  169
  126  168
  126  127
  127  128
  127  169
  128 2197
  129  130
  129 2197
  130  131
  130  172
  131  173
  131  172
  132  133
  132 2205
  132  174
  133 2205
  133  134
  133  175
  134  135
  135  178
  135  177
  135  136
  136 2200
  136  137
  136  178
  137  138
  137 2200
  137  179
  138  179
  139  224
  139  183
  139  140
  139  182
  140  141
  140  183
  141  185
  141  142
  142  186
  142  143
  143  188
  143  144
  143  187
  144  188
  145  190
  145  146
  146  230
  146  147
  146  190
  147  148
  147  232
  147  231
  147  230
  148  149
  149  191
  150  234
  150  193
  150  192
  152  195
  153  238
  153  154
  153  196
  154  239
  154  197
  154  155
  154  238
  155  197
  155  156
  156  198
  156  284
  156  157
  156  241
  157  158
  157  198
  158  201
  158  159
  158  200
  159  202
  159  160
  160  161
  160  202
  162  204
  162  205
  162  163
  162 2196
  164  206
  164  165
  164  205
  165  208
  165  207
  168  209
  168  211
  168  210
  168  169
  169  212
  169  253
  169  211
  169  170
  170 2197
  171 2197
  171  172
  171  213
  171  214
  172  214
  172  173
  173  215
  173  214
  175  218
  175  217
  175 2205
  176  177
  176  218
  177  220
  177  178
  178 2200
  178  262
  178  220
  179  221
  179 2200
  180  181
  181  267
  181  223
  181  222
  181  182
  182  224
  183  225
  183  224
  185  271
  185  186
  185  225
  186  226
  186  187
  187  227
  187  226
  187  188
  188  189
  188  228
  188  227
  189  228
  190  230
  190  229
  191  192
  191  233
  191  232
  192  277
  192  233
  192  234
  193  236
  193  234
  194  195
  194  236
  195  237
  195  196
  197  240
  197  239
  198  285
  198  242
  198  284
  199  200
  200  243
  200  201
  200  242
  201  243
  201  202
  202  288
  202  245
  202  203
  202  244
  203  290
  203 2196
  204  247
  204  205
  204  246
  205  248
  205  206
  205  247
  206  249
  206  248
  206  207
  207  293
  207  250
  207  249
  209  252
  210  252
  210  211
  211  253
  212  255
  212  253
  213  256
  213  255
  213 2197
  214  257
  214  256
  215  258
  215  216
  216 2241
  216 2205
  217  260
  217 2205
  217 2241
  218  219
  219  220
  219  261
  220  262
  220  261
  221  222
  222  265
  223  268
  223  224
  223  267
  224  270
  224  269
  224  268
  226  272
  226  227
  226  271
  227  273
  227  272
  228  273
  230  317
  230  316
  230  274
  230  231
  231  275
  231  317
  232  275
  233  277
  233  276
  234  278
  234  277
  235  236
  235  279
  236  237
  237  321
  237  280
  237  238
  237  279
  238  282
  238  239
  239  282
  240  283
  243  328
  243  244
  243  287
  244  329
  244  328
  244  288
  245  330
  245  289
  246  291
  246  247
  246  290
  246 2196
  247  248
  247  291
  248  249
  249  292
  250  293
  252  295
  253  297
  253  254
  254  298
  254  297
  254  255
  255  299
  255  298
  255  256
  256  340
  256  300
  256  257
  256  299
  257  300
  257  301
  258  302
  258  301
  258  259
  260 2241
  260  346
  260  304
  260  303
  261  305
  261  262
  261  304
  262  306
  262  305
  263  306
  263 2200
  264 2200
  264  265
  265  307
  265  266
  266  309
  266  267
  266  308
  267  309
  267  268
  268  269
  268  309
  269  270
  269  310
  270  271
  271  313
  271  312
  272  313
  272  273
  273  314
  273  274
  273  313
  274  314
  275  318
  275  317
  276  359
  277  359
  277  278
  278  360
  278  319
  278  359
  279  320
  279  319
  280  362
  280  281
  280  322
  280  321
  281  322
  281  282
  282  323
  282  283
  283  284
  283  324
  284  285
  285  326
  285  286
  285  325
  286  287
  286  327
  288  330
  288  329
  290  332
  290  331
  291  333
  291  332
  292  334
  293  335
  293  334
  295  296
  296  337
  296  336
  296  297
  297  338
  297  337
  297  298
  298  338
  298  299
  299  340
  300  377
  300  341
  300  340
  301  343
  301  302
  302  303
  303  346
  303  345
  303  344
  303 2241
  304  347
  304  305
  305  348
  305  347
  306  384
  306  349
  307  308
  307  350
  307  349
  308  350
  309 2210
  309  352
  309  351
  309  310
  310  387
  310  353
  311  312
  312  388
  313 2218
  313  354
  313  390
  313  314
  314  355
  314  354
  314  356
  315  357
  315  316
  316  393
  316  357
  316  317
  317  318
  317  393
  319  361
  320  398
  320  361
  320  321
  321  398
  322  323
  322  363
  322  362
  323  364
  323  363
  323  324
  324  365
  324  364
  325  404
  325  326
  325  365
  326  366
  326  404
  327  405
  327  328
  327  366
  328  407
  328  329
  328  367
  329  368
  329  407
  330  331
  331  332
  331  369
  332  411
  332  410
  332  333
  332  369
  333  411
  333  334
  333  370
  334  412
  334  371
  334  370
  335  371
  337  415
  337  374
  337  373
  337  338
  338  374
  338  339
  339  417
  340  376
  340  377
  341  378
  341  342
  341  377
  342  419
  342  379
  342  343
  343  344
  344  381
  344  380
  345  346
  345  382
  345  381
  346  347
  347  383
  347  382
  348  423
  348  384
  350  351
  350  386
  350  385
  352  426
  352  467
  352  387
  352 2210
  353  427
  353  388
  354  391
  354  430
  354  390
  355  392
  355  391
  357  433
  357  393
  357  392
  358  359
  359  395
  359  360
  360  436
  360  396
  360  395
  361  398
  362  399
  362  400
  362  363
  362  398
  363  401
  363  400
  364  365
  364  401
  366  404
  367  406
  367  407
  367  405
  368  409
  368  369
  369  410
  369  409
  370  411
  371  413
  373  415
  374  375
  374  415
  375  456
  375  417
  376  418
  376  377
  376  417
  377  457
  377  378
  378  458
  378  419
  378  457
  379  420
  379  380
  379  419
  381  382
  381  421
  382  462
  382  421
  382  383
  383  463
  383  423
  383  422
  384  424
  384  423
  385  386
  385  425
  385  424
  386 2211
  386  425
  387 2220
  387  427
  387  467
  388  389
  388  427
  389  429
  389  390
  389 2218
  389  428
  390  429
  390  430
  391  431
  391  432
  392  433
  393  394
  393  434
  393  433
  394  395
  395  436
  395  435
  396  437
  396  397
  396  436
  398  439
  399  441
  399  440
  399  400
  400  442
  400  441
  401  442
  402  403
  403  404
  403  481
  404  444
  404  443
  405 2228
  405  444
  406 2228
  406  407
  406  446
  406  445
  407  446
  407  408
  408  409
  408  447
  408  448
  408  446
  409  410
  409  448
  410  450
  410  411
  411 2198
  411  450
  412  490
  412  489
  412  451
  412 2198
  412  413
  414  415
  414  453
  415  416
  415  453
  417  418
  418  497
  418  457
  419  459
  419  458
  420  421
  421  461
  422  503
  422  462
  422  463
  423  464
  423  465
  423  463
  425 2211
  425  466
  425  426
  426 2210
  426  508
  426  507
  426  467
  426  466
  427 2219
  427 2220
  428  468
  429  513
  429  470
  429  469
  429  430
  430  514
  430  513
  430  431
  431  471
  431  514
  433  434
  433  473
  434  475
  434  473
  435  519
  435  476
  435  436
  435  475
  436  476
  437  521
  437  438
  438  439
  439  477
  439  440
  440  441
  440  478
  441  524
  441  479
  441  480
  442  481
  442  480
  443  528
  443  483
  443  444
  443  482
  445  530
  445  446
  445  484
  446  485
  446  530
  447  448
  447  485
  448  486
  448  449
  449  450
  449  487
  450 2198
  451  490
  453  492
  453  493
  454  455
  455  456
  455  494
  455  493
  455  495
  456  496
  457  498
  457  458
  458  499
  458  459
  459  500
  459  460
  459  543
  459  499
  460  461
  461  462
  461  501
  462  503
  462  502
  463  504
  463  503
  464  505
  464  504
  465  466
  466  507
  466  506
  467 2220
  467  509
  467  508
  468  511
  469  511
  470  512
  470  513
  471  472
  471  515
  471  516
  472  517
  472  473
  473  474
  473  518
  473  517
  474  519
  474  475
  476  560
  476  520
  476  519
  477  478
  477  522
  477  521
  478  479
  478  522
  478  523
  479  523
  479  563
  479  524
  480  525
  480  524
  481  482
  481 2234
  482  527
  482 2234
  482  528
  483 2228
  484  570
  484  530
  484  529
  485  531
  485  530
  487  533
  487  532
  488 2198
  488  574
  488  534
  489  575
  489  536
  489 2198
  490  537
  492  539
  492  493
  493  539
  494  579
  494  540
  494  495
  494  539
  495  540
  495  496
  496  581
  496  540
  497  541
  497  581
  498  541
  499  584
  499  543
  499  542
  500  544
  501  544
  501  502
  502  503
  502  546
  502  545
  503  546
  503  547
  504  548
  504  547
  505  506
  506  549
  507  550
  507  508
  508  551
  508  550
  509  552
  509  551
  510 2219
  510  553
  510  552
  510  511
  511  553
  511  512
  512  554
  513  555
  513  514
  514  598
  514  515
  514  556
  514  555
  515  557
  515  556
  517  558
  517  518
  517  557
  518  559
  518  558
  519  603
  519  560
  519  559
  520  521
  520  561
  522  562
  522  561
  523  562
  523  563
  524  564
  524  563
  525  565
  525  526
  526 2235
  526  566
  527 2234
  527  567
  527  528
  528  569
  528  567
  528  529
  529 2228
  530  571
  530  570
  531  572
  531  532
  532  573
  532  572
  532  533
  533  574
  533  573
  534  619
  534  535
  534  574
  535  619
  535  575
  535 2199
  536  576
  536  537
  536  575
  538  578
  539  578
  539  579
  540  581
  540  579
  541  542
  541  582
  541  581
  542  584
  542  582
  542  583
  543  585
  543  544
  543  584
  544  545
  545  587
  545  588
  545  546
  546  547
  546  588
  547  590
  547  589
  548  549
  549  592
  549  550
  549  591
  550  593
  550  592
  550  551
  551  594
  551  593
  553  596
  553  595
  553  554
  554  639
  554  597
  554  596
  555  598
  555  640
  555  597
  556  599
  556  598
  558  601
  558  559
  558  600
  559  601
  560  604
  560 2224
  560  603
  561  604
  562  607
  562  563
  562  606
  563  608
  563  564
  564  609
  564  608
  564  565
  565  611
  565  566
  566 2234
  567  568
  567  612
  567  613
  568  613
  568  569
  568  614
  569  570
  570  615
  570  655
  570  571
  571  572
  571  615
  572  573
  572  615
  573  618
  573  574
  573  616
  574  619
  575  576
  575  619
  576  620
  577  578
  577  623
  578  579
  579  580
  579  623
  580  625
  580  581
  581  625
  582  583
  582  626
  583  628
  584  628
  584  585
  585  586
  585  628
  586  587
  586  629
  587  588
  587  630
  587  631
  588  632
  588  589
  588  631
  589  633
  590  634
  591  677
  591  634
  592  593
  592  678
  593  680
  593  635
  593  636
  594  637
  594  636
  595  637
  596  639
  596  638
  597  683
  597  639
  598  684
  598  641
  598  640
  599  600
  600  642
  600  643
  601  602
  601  643
  602  686
  602  644
  602  643
  603 2224
  603  645
  603  644
  604  605
  605  606
  605  647
  606  648
  606  689
  607  649
  608  650
  608  649
  608  609
  609  610
  609  651
  609  650
  610  651
  610  611
  611  652
  611  651
  612  653
  612  652
  613  654
  613  653
  613  614
  614  694
  614  655
  614  654
  615  657
  615  656
  615  655
  616  696
  616  658
  617  659
  617  697
  618  660
  620  662
  620  661
  621  662
  623  664
  623  666
  625  704
  625  668
  625  667
  627  668
  628  671
  628  670
  628  629
  629  630
  629  671
  630  672
  630  631
  630  671
  631  673
  631  672
  632  674
  632  673
  633  634
  634  677
  634  675
  635  679
  635  680
  635  678
  636 2242
  636  680
  637  638
  638  681
  639  721
  639  682
  639  683
  640  684
  640  683
  641  724
  641  723
  641  642
  643  685
  643  686
  645  729
  645  646
  645  687
  645 2224
  646  647
  646  730
  646  729
  646 2224
  647  648
  648  688
  649  732
  649  650
  649  690
  649  689
  650  651
  650  690
  651  652
  653  693
  653  692
  654  737
  654  694
  654  693
  655 2225
  655  656
  655  694
  656  695
  656 2225
  657  696
  657  740
  658  741
  658  697
  658  696
  659  698
  659  660
  659  697
  660  742
  660  698
  660  661
  661  743
  661  699
  661  742
  661  662
  662  700
  662  699
  664  665
  664  702
  665  702
  665  666
  665  703
  666  748
  666  667
  666  703
  667  748
  667  704
  668  705
  668  669
  668  704
  669  706
  669  751
  669  670
  669  705
  670  706
  671  707
  671  706
  672  707
  672  708
  672  709
  672  673
  673  709
  674  711
  674  675
  675  712
  675  676
  675  711
  676  713
  677  678
  677  713
  678  713
  678  714
  679  716
  679  680
  679  715
  680  716
  680  717
  681  720
  681  719
  681  718
  682  720
  683  722
  683  684
  684  722
  684  723
  685  686
  685  725
  685  724
  686  727
  686  687
  686  726
  687  729
  688  774
  688  731
  688  730
  689  732
  689  731
  690  777
  690  734
  690  733
  691  692
  692  735
  693  779
  693  737
  693  736
  694  738
  694 2225
  694  737
  695  739
  695 2225
  695  740
  696  740
  697  785
  697  698
  697  741
  698  742
  699  744
  699  788
  699  743
  701  746
  702  746
  703  748
  703  747
  703  746
  704  749
  704  705
  704  748
  705  751
  705  750
  706  753
  706  707
  706  751
  707  708
  708  754
  708  709
  709  798
  709  754
  709  755
  709  710
  710  756
  710  755
  710  711
  711  756
  712  758
  713  714
  714  802
  714  715
  714  759
  715  759
  715  760
  715  716
  716  760
  717  804
  717 2242
  717  760
  718 2242
  719  763
  719  720
  719  762
  720  807
  720  764
  720  763
  721  764
  722  810
  722  766
  722  723
  722  765
  723  767
  723  766
  725  769
  725  726
  725  768
  726  769
  726  727
  727  728
  727  769
  728  771
  728  770
  728  729
  729  772
  729  771
  731  774
  732  776
  732  733
  732  775
  733  777
  733  776
  734  778
  735  823
  735  736
  735  778
  736  823
  736  779
  737  780
  737  779
  738  782
  738 2225
  738  781
  739 2225
  739  783
  739  740
  740  783
  741  828
  741  784
  741  783
  742  743
  742  786
  743  787
  744  788
  746  790
  746  791
  746  747
  747  748
  747  791
  748  793
  749  838
  750  751
  750  794
  750  838
  751  752
  751  795
  752  796
  753  754
  753  796
  754  797
  755  844
  755  799
  755  798
  756  799
  756  757
  757  801
  757  758
  759  847
  759  760
  759  803
  760  803
  761  762
  761  804
  761 2242
  762  805
  763  807
  763  806
  764  808
  764  765
  764  807
  765  810
  765  808
  766  812
  766  811
  766  810
  767  768
  768  813
  769 2245
  769  770
  769  814
  769  815
  770  816
  770  771
  771  817
  771  816
  772  818
  772  773
  773  774
  774  775
  774  819
  775  820
  776  777
  776  821
  777 2236
  777  822
  777  821
  778 2246
  778  823
  778 2236
  779  824
  779  780
  779  823
  780  825
  780  826
  781  826
  782  871
  782  783
  782  827
  783  828
  784  829
  784  828
  785  829
  786  830
  788  832
  788  831
  789  832
  790  791
  790  835
  791  792
  793  880
  793  837
  795  840
  796  842
  796  841
  797  885
  797  843
  797  842
  797  798
  798  844
  798  843
  799  800
  799  845
  800  801
  801  846
  801  802
  802  846
  803  848
  803  804
  803  847
  804  849
  805  850
  805  806
  807  808
  807  851
  808  852
  808  809
  809  896
  809  853
  809  810
  809  852
  810  853
  811  897
  811  854
  812  813
  812  855
  813  814
  814  856
  815  857
  815  816
  815 2245
  816  857
  816  858
  817  860
  817  818
  818  819
  819  820
  819  860
  820  821
  820  861
  821  822
  821  862
  822  863
  822  864
  822  865
  823  824
  823 2246
  824  868
  824  825
  824  867
  825  868
  826  827
  826  868
  827  870
  828  829
  828  871
  829  874
  829  873
  829  830
  829  872
  830  914
  830  875
  830  874
  830  831
  831  832
  831  875
  832  877
  832  876
  835  919
  835  878
  835  836
  836  921
  836  837
  836  879
  837  921
  837  880
  838  839
  839  882
  839  840
  840  925
  840  883
  840  882
  841  883
  842  885
  842  884
  843  886
  843  844
  844  886
  844  887
  845  889
  845  887
  846  890
  846  889
  847  891
  847  848
  847  890
  848  892
  848  891
  849  893
  850  894
  850  851
  850  893
  852  896
  852  937
  852  895
  853  897
  853  896
  854  855
  855  898
  855  856
  856  899
  856 2245
  857 2245
  857  943
  857  901
  857 2244
  858  901
  858  859
  859  902
  859  860
  860  903
  860  861
  861  862
  862  903
  862  863
  863  864
  863  904
  864  948
  864  906
  864  905
  865 2237
  865  906
  865  866
  866 2246
  866 2237
  866  907
  866  906
  867  951
  867  908
  868  869
  868  909
  869  911
  869  910
  870  871
  870  911
  871  912
  871  872
  872 2213
  872  873
  873  874
  873 2213
  874  914
  875  915
  875  876
  875  914
  876  917
  876  916
  876  915
  878  919
  879  921
  879  920
  879  919
  880  881
  880  922
  880  921
  881  882
  882  923
  883  926
  883  925
  884  926
  885  927
  885  886
  886  970
  886  887
  886  928
  887  928
  887  888
  888  930
  888  972
  888  889
  888  929
  889  890
  889  931
  889  930
  890  891
  891  974
  891  932
  891  931
  892  934
  893  894
  893  934
  894  895
  894  936
  894  935
  896  938
  896  897
  897  938
  897  939
  897  898
  898  899
  899  940
  899  900
  900  943
  900 2244
  900  941
  901  944
  901  945
  902 1027
  902  903
  902  945
  902  946
  903  904
  904  905
  904  946
  905  947
  905  948
  906  949
  906  907
  906  948
  907  908
  907 2246
  908  950
  908 2246
  909  993
  909  952
  909  951
  910  953
  910  952
  912  956
  912  954
  913  956
  913 2213
  914  915
  914  958
  915 2202
  915  959
  915  916
  915  958
  916  960
  917  960
  919  963
  919  962
  920  964
  920  963
  921  965
  921  922
  921  964
  922 1006
  922  966
  922  923
  922  965
  923  966
  923  924
  924 1007
  924  925
  924  967
  924  966
  925  967
  925  926
  926  968
  926  967
  927  970
  927  969
  928  971
  928  929
  929 1012
  929  972
  929  971
  930  973
  932  975
  932  933
  932  974
  933  934
  934  935
  934  976
  935  936
  935  977
  936  978
  936  979
  936  937
  938  939
  938  981
  939  940
  939  981
  940 1023
  940  941
  940  982
  941  983
  941  942
  942  984
  942  983
  942  943
  943 2244
  943  985
  943  984
  943  944
  944  986
  944  985
  945 1027
  945  986
  946  947
  946  988
  946  987
  947 1030
  947 1029
  947  988
  947  989
  947  948
  948  989
  949  991
  949  990
  950  992
  950  991
  951  992
  952  994
  953  954
  954 1036
  954  955
  954  994
  955  996
  955  995
  955  956
  956  997
  956  996
  957 2213
  957  998
  957  958
  958 2202
  959 1001
  959  960
  959 2202
  960 1002
  960 1001
  962 1004
  963 1046
  963 1004
  964 1046
  964 1005
  965 1006
  965 1005
  966 1007
  966 1006
  967 1050
  967 1008
  967  968
  968 1010
  968  969
  968 1009
  968 1008
  970 1011
  970 1053
  970 1010
  971 1012
  971 1011
  972 1013
  972 1012
  972  973
  973 1014
  973 1013
  974 1015
  974  975
  974 1014
  975 1016
  975  976
  976  977
  976 1017
  977 1018
  978  979
  978 1018
  979 1020
  979  980
  980 1021
  980  981
  980 1020
  981 1064
  981 1065
  981 1022
  981 1021
  982 1067
  982 1066
  982 1023
  982 1022
  983 1024
  983  984
  983 1023
  984 1024
  984  985
  984 1025
  985 1025
  985  986
  986 1027
  987 1028
  987  988
  987 1027
  988 1028
  988 1029
  989 1075
  989 1031
  989  990
  989 1030
  990 1032
  990 1031
  991 1032
  992 1033
  993 1035
  994 1035
  994 1080
  994 1036
  995 1037
  995  996
  995 1036
  996  997
  996 1037
  997 1038
  997 2212
  998 2212
  998 1041
  999 2202
 1000 2204
 1000 2202
 1001 1044
 1001 1043
 1004 1090
 1004 1045
 1004 1046
 1005 1047
 1005 1006
 1005 1046
 1006 1049
 1006 1047
 1007 1050
 1007 1094
 1008 1009
 1008 1050
 1009 1096
 1009 1052
 1009 1010
 1010 1053
 1010 1052
 1011 1054
 1011 1012
 1011 1053
 1012 1013
 1012 1054
 1013 1056
 1013 1014
 1014 1056
 1014 1015
 1015 1059
 1015 1058
 1016 1060
 1016 1017
 1016 1059
 1017 1018
 1017 1061
 1018 1019
 1019 1061
 1019 1020
 1020 1063
 1020 1062
 1021 1063
 1021 1064
 1022 1110
 1022 1066
 1022 1065
 1023 1024
 1023 1067
 1024 1069
 1024 1068
 1025 1026
 1025 1069
 1026 1071
 1026 1027
 1026 1070
 1027 1072
 1027 1028
 1028 1072
 1029 1074
 1029 1030
 1030 1075
 1031 1077
 1031 1076
 1031 1075
 1032 1077
 1032 1033
 1033 1034
 1033 1079
 1034 1035
 1035 1126
 1035 1079
 1035 1080
 1036 1037
 1036 1080
 1037 1038
 1037 1081
 1039 1083
 1039 1040
 1039 2212
 1040 1085
 1040 1041
 1040 1084
 1041 1085
 1041 1042
 1042 2204
 1042 1086
 1042 1085
 1042 2203
 1043 2204
 1043 1087
 1043 1044
 1043 1086
 1044 1087
 1045 1090
 1046 1091
 1047 1048
 1047 1092
 1048 1093
 1048 1049
 1049 1094
 1049 1140
 1050 1142
 1050 1051
 1050 1095
 1051 1096
 1052 1097
 1052 1053
 1053 1097
 1053 1098
 1054 1055
 1054 1099
 1055 1101
 1056 1101
 1056 1057
 1056 1102
 1057 1058
 1057 1104
 1057 1103
 1058 1151
 1058 1104
 1058 1105
 1058 1059
 1059 1105
 1059 1060
 1060 1152
 1060 1153
 1060 1106
 1060 1061
 1060 1105
 1061 1062
 1061 1106
 1062 1106
 1062 1107
 1062 1063
 1063 1108
 1063 1064
 1063 1107
 1064 1065
 1065 1110
 1066 1111
 1066 1067
 1067 1068
 1067 1112
 1068 1112
 1068 1113
 1069 1114
 1069 1070
 1070 1115
 1071 1117
 1071 1072
 1072 1118
 1072 1073
 1073 1120
 1073 1118
 1074 1120
 1074 1075
 1075 1121
 1075 1076
 1076 1077
 1076 1122
 1076 1123
 1077 1124
 1077 1078
 1078 1125
 1078 1079
 1079 1125
 1079 1126
 1080 1127
 1081 1129
 1082 1083
 1082 1130
 1083 1084
 1083 1130
 1083 1131
 1084 1085
 1084 1131
 1084 1132
 1085 1133
 1085 1086
 1086 1134
 1086 1087
 1086 2204
 1087 1088
 1088 1134
 1089 1137
 1091 1137
 1092 1139
 1093 1140
 1093 1139
 1094 1142
 1094 1141
 1095 1143
 1096 1144
 1096 1143
 1096 1097
 1097 1098
 1097 1144
 1098 1099
 1098 1145
 1099 1100
 1100 1147
 1101 2238
 1101 1147
 1102 1148
 1102 1103
 1103 1149
 1103 1104
 1103 1148
 1104 1151
 1104 1149
 1105 1152
 1105 1151
 1106 1155
 1106 1107
 1106 1153
 1107 1156
 1107 1155
 1108 1156
 1108 1157
 1109 1110
 1109 1157
 1109 1158
 1110 1159
 1110 1111
 1111 1160
 1111 1112
 1112 1113
 1113 1160
 1113 1114
 1114 1115
 1114 1161
 1115 1116
 1116 1117
 1116 1162
 1117 1118
 1117 1164
 1118 1165
 1118 1164
 1119 1120
 1119 1166
 1119 1165
 1120 1121
 1121 1167
 1121 1122
 1122 1209
 1122 2243
 1122 1123
 1123 1168
 1123 1209
 1123 1124
 1124 1125
 1124 1168
 1125 1169
 1125 1168
 1125 1170
 1126 1127
 1126 1171
 1127 1128
 1127 1172
 1128 1129
 1128 1173
 1129 1130
 1130 1174
 1130 1173
 1131 1175
 1131 1174
 1132 1177
 1134 1219
 1134 1218
 1134 1178
 1134 1177
 1136 1180
 1136 1137
 1137 1180
 1137 1138
 1137 1181
 1138 1182
 1138 1139
 1138 1181
 1140 1183
 1141 1184
 1142 1184
 1143 1186
 1143 2223
 1143 1144
 1143 1185
 1144 1186
 1144 1145
 1145 1146
 1146 1188
 1147 1189
 1148 2238
 1148 1149
 1148 1190
 1149 1190
 1149 1150
 1150 1192
 1151 2247
 1151 1192
 1152 1153
 1152 2247
 1153 1154
 1153 1193
 1154 1195
 1154 1155
 1154 1194
 1155 1195
 1155 1156
 1156 1157
 1157 1196
 1158 1159
 1158 1197
 1159 1200
 1159 1160
 1159 1199
 1160 1200
 1160 1161
 1161 1162
 1161 1201
 1162 2239
 1162 1202
 1162 1163
 1163 1203
 1164 1204
 1164 1203
 1164 1165
 1165 1204
 1166 1206
 1166 1207
 1167 2243
 1167 1207
 1167 1208
 1168 1169
 1168 1210
 1168 1209
 1169 1255
 1169 1210
 1169 1211
 1170 1211
 1170 1171
 1171 1212
 1172 1258
 1172 1257
 1172 1213
 1172 1173
 1172 1212
 1173 1214
 1174 1260
 1174 1215
 1174 1214
 1175 1216
 1175 1176
 1176 1216
 1176 1217
 1176 1177
 1177 1218
 1177 1217
 1178 1219
 1180 1222
 1180 1221
 1181 1223
 1181 1182
 1182 1224
 1182 1183
 1182 1223
 1183 1268
 1183 1270
 1183 1184
 1183 1269
 1183 1224
 1184 1270
 1184 1185
 1184 1225
 1185 1225
 1185 1226
 1185 2223
 1186 2223
 1186 1228
 1186 1187
 1187 1229
 1187 1188
 1188 1275
 1188 1189
 1188 1230
 1189 1276
 1189 1231
 1189 1230
 1189 2238
 1190 1231
 1190 1232
 1190 2238
 1191 1233
 1191 1232
 1192 2247
 1192 1234
 1192 1233
 1193 1194
 1193 1235
 1193 2247
 1194 1237
 1195 1238
 1195 1196
 1195 1239
 1196 1197
 1196 1239
 1197 1240
 1197 1198
 1198 1199
 1199 1200
 1199 1243
 1199 1242
 1200 1244
 1200 1288
 1200 1243
 1201 1245
 1202 1203
 1202 1246
 1203 1248
 1203 1249
 1203 1204
 1204 1205
 1204 1249
 1205 1206
 1206 1251
 1206 1207
 1207 1208
 1208 1252
 1209 2243
 1209 1254
 1209 1253
 1210 1255
 1210 1254
 1211 1299
 1211 1256
 1211 1212
 1211 1255
 1212 1257
 1212 1256
 1213 1301
 1213 1259
 1213 1214
 1213 1258
 1214 1260
 1214 1259
 1215 1216
 1215 1260
 1216 1304
 1216 1261
 1216 1260
 1217 1261
 1217 1262
 1219 1263
 1220 1264
 1222 1267
 1222 1308
 1222 1266
 1222 1223
 1223 1267
 1223 1224
 1224 1267
 1225 1226
 1225 1272
 1225 1270
 1226 1273
 1226 2223
 1227 2223
 1227 1228
 1229 1274
 1230 1276
 1231 2238
 1231 1277
 1231 1232
 1232 1277
 1233 2229
 1233 1279
 1233 1234
 1234 1279
 1234 2247
 1234 1235
 1235 1236
 1236 1237
 1236 1280
 1237 1282
 1238 1239
 1238 1282
 1239 1282
 1239 1283
 1240 1241
 1240 1283
 1241 1286
 1241 1284
 1242 1324
 1242 1287
 1242 1243
 1242 1286
 1243 1288
 1244 1289
 1244 1288
 1244 1245
 1245 2240
 1245 1289
 1246 1247
 1248 1292
 1248 1249
 1248 1291
 1249 1293
 1249 1292
 1249 1250
 1250 1294
 1250 1293
 1250 1251
 1251 1296
 1251 1295
 1252 1297
 1252 1296
 1252 1253
 1252 2243
 1253 1297
 1253 2243
 1254 2248
 1255 1339
 1255 1338
 1255 1299
 1256 1257
 1256 1299
 1257 1258
 1258 1300
 1259 1303
 1259 1260
 1259 1301
 1260 1304
 1261 1345
 1261 1344
 1261 1304
 1262 1346
 1262 1345
 1262 1263
 1263 1346
 1263 1264
 1263 1305
 1264 1306
 1264 1305
 1264 1265
 1266 1308
 1267 1268
 1267 1308
 1267 1309
 1267 1350
 1268 1310
 1268 1269
 1269 1270
 1270 1311
 1270 1271
 1271 1355
 1271 1312
 1273 1274
 1273 1312
 1274 1314
 1274 1275
 1274 1315
 1275 1315
 1276 1359
 1276 1317
 1276 1277
 1276 1316
 1277 1318
 1277 1317
 1278 2229
 1278 1318
 1279 1362
 1279 1320
 1279 2229
 1280 1281
 1280 1320
 1281 1322
 1281 1321
 1282 1366
 1282 1365
 1282 1283
 1282 1322
 1283 1367
 1283 1323
 1283 1366
 1284 1323
 1285 1323
 1286 1369
 1286 2233
 1286 1324
 1287 1325
 1287 1288
 1288 1326
 1288 1289
 1289 1327
 1289 1326
 1290 1327
 1290 1328
 1290 1291
 1290 2240
 1291 1292
 1291 1328
 1292 1331
 1292 1330
 1293 1331
 1294 1333
 1295 1296
 1295 1333
 1296 1334
 1296 1297
 1296 1335
 1297 1335
 1297 2248
 1298 2248
 1298 1338
 1299 1300
 1299 1339
 1300 1301
 1300 1340
 1301 1302
 1302 1303
 1302 1341
 1303 1342
 1303 1304
 1304 1343
 1305 1348
 1305 1347
 1305 1346
 1308 1350
 1308 1349
 1310 1352
 1311 1353
 1312 1356
 1312 1313
 1312 1355
 1313 1400
 1313 1357
 1313 1314
 1313 1356
 1315 1402
 1315 1316
 1315 1358
 1316 1403
 1316 1402
 1316 1359
 1317 1318
 1317 1359
 1318 1319
 1319 1361
 1319 1360
 1320 1321
 1320 1362
 1321 1364
 1322 1365
 1323 1368
 1323 2233
 1323 1367
 1324 1370
 1325 1326
 1325 1370
 1326 1371
 1326 1327
 1327 2240
 1327 1416
 1327 1372
 1327 1371
 1328 1329
 1328 1373
 1328 1372
 1330 1420
 1330 1419
 1330 1331
 1330 1374
 1331 1332
 1331 1420
 1332 1375
 1332 1333
 1333 1376
 1334 1377
 1334 1378
 1334 1335
 1335 1379
 1335 1378
 1336 1337
 1336 1379
 1336 2248
 1337 1381
 1338 1339
 1338 1382
 1338 1381
 1339 1383
 1339 1382
 1340 1384
 1340 1383
 1341 1385
 1342 1386
 1343 2216
 1343 1344
 1343 1386
 1344 1345
 1344 1387
 1345 1346
 1345 1388
 1346 1389
 1346 1347
 1347 1348
 1347 1390
 1348 1391
 1350 1393
 1351 1394
 1351 1352
 1352 1396
 1352 1353
 1352 1395
 1353 1398
 1353 1354
 1354 1355
 1354 1398
 1356 1440
 1356 1399
 1357 1401
 1357 1358
 1357 1400
 1359 1404
 1359 1403
 1360 1404
 1361 1406
 1361 1362
 1361 2229
 1362 2229
 1362 1406
 1362 1407
 1363 1364
 1363 1407
 1364 1408
 1365 1409
 1366 1410
 1366 1367
 1366 1409
 1367 1411
 1367 1410
 1368 1412
 1369 2233
 1369 1370
 1369 1414
 1369 2232
 1370 1415
 1371 1416
 1371 1415
 1372 1417
 1372 1416
 1373 2231
 1373 1418
 1373 1417
 1374 1419
 1374 1418
 1375 1464
 1376 1422
 1376 1421
 1376 1377
 1377 1423
 1377 1422
 1377 1378
 1378 1423
 1378 1379
 1379 1424
 1380 1424
 1380 1381
 1381 1426
 1381 1382
 1382 1427
 1382 1383
 1383 1428
 1383 1427
 1384 1429
 1384 1385
 1385 1430
 1385 1429
 1385 1386
 1386 2214
 1386 1430
 1387 1431
 1388 1432
 1390 1433
 1390 1432
 1391 1434
 1393 1394
 1394 1479
 1394 1436
 1394 1435
 1394 1395
 1394 1437
 1395 1437
 1395 1396
 1396 1438
 1396 1437
 1396 1397
 1397 1482
 1397 1398
 1397 1438
 1398 1482
 1398 1439
 1398 1399
 1400 1485
 1400 1401
 1400 1440
 1401 1441
 1401 1442
 1401 1402
 1402 1443
 1402 1403
 1402 1442
 1403 1444
 1403 1443
 1404 1445
 1404 1444
 1405 1445
 1405 1406
 1406 1447
 1406 1407
 1407 1449
 1407 1447
 1408 1409
 1408 1450
 1409 1451
 1409 1450
 1409 1410
 1410 1452
 1410 1411
 1410 1451
 1411 1453
 1411 1452
 1411 1412
 1412 1454
 1412 2232
 1413 1454
 1413 1414
 1414 1456
 1415 1457
 1415 1456
 1416 1458
 1416 1457
 1416 1417
 1416 1459
 1417 2231
 1417 1459
 1418 1460
 1418 2231
 1419 1501
 1419 1420
 1419 1462
 1420 2227
 1420 1462
 1421 1465
 1421 1464
 1422 1423
 1422 1465
 1423 1467
 1423 1424
 1423 1465
 1423 1466
 1424 1467
 1425 1507
 1425 1426
 1425 1467
 1426 1469
 1427 1469
 1427 1470
 1427 1428
 1428 1471
 1428 1511
 1428 1429
 1428 1470
 1429 1471
 1429 1472
 1430 1473
 1431 1515
 1431 2217
 1431 1474
 1431 1432
 1432 1475
 1432 1474
 1433 1477
 1433 1476
 1433 1434
 1433 1475
 1435 1479
 1436 1437
 1436 1480
 1437 1481
 1437 1438
 1438 1482
 1439 1440
 1439 1483
 1439 1482
 1441 1486
 1441 1442
 1441 1485
 1442 1443
 1442 1486
 1443 1488
 1443 1444
 1444 1489
 1444 1488
 1445 1490
 1446 1447
 1446 1490
 1447 1492
 1447 1448
 1448 1449
 1450 1536
 1450 1537
 1450 1493
 1451 1494
 1451 1537
 1452 1495
 1452 1453
 1453 1454
 1453 1495
 1454 1496
 1454 1495
 1455 1497
 1455 1496
 1456 1498
 1456 1497
 1457 1498
 1457 1458
 1458 1543
 1458 1459
 1458 1498
 1459 2230
 1460 1500
 1460 2230
 1461 1501
 1461 1500
 1462 1463
 1462 1501
 1464 2227
 1464 1503
 1465 1505
 1465 1466
 1465 1504
 1466 1506
 1466 1505
 1467 1507
 1467 1506
 1468 1509
 1468 1507
 1469 1510
 1469 1470
 1469 1509
 1470 1511
 1471 1552
 1471 1511
 1471 1512
 1472 1554
 1472 1513
 1472 1512
 1472 1473
 1473 2215
 1473 1514
 1473 1513
 1474 1558
 1474 1516
 1474 1475
 1474 1515
 1475 1516
 1475 1476
 1475 1517
 1476 1518
 1476 1517
 1477 1518
 1478 1521
 1479 1521
 1479 1522
 1480 1522
 1481 1524
 1481 1523
 1482 1565
 1482 1566
 1482 1483
 1482 1525
 1482 1524
 1483 1525
 1483 1526
 1483 1484
 1484 1527
 1484 1526
 1484 1485
 1485 1486
 1485 1527
 1486 1487
 1486 1527
 1487 1528
 1487 1488
 1488 1530
 1488 1489
 1488 1531
 1489 1531
 1489 1490
 1490 1574
 1490 1532
 1491 1492
 1491 1532
 1491 1533
 1492 1534
 1492 1493
 1493 1535
 1494 1495
 1494 1537
 1495 1538
 1495 1496
 1496 1539
 1497 1541
 1498 1543
 1498 1542
 1499 1585
 1499 1544
 1499 2230
 1499 1543
 1500 1586
 1501 1587
 1501 1545
 1502 1503
 1502 1546
 1503 1547
 1503 1546
 1504 1591
 1504 1590
 1504 1505
 1504 1547
 1505 1591
 1506 1549
 1506 1548
 1507 1549
 1508 1550
 1508 1509
 1508 1549
 1509 2222
 1509 1510
 1510 1511
 1510 1551
 1511 1552
 1512 1553
 1512 1552
 1513 1555
 1513 1514
 1513 1554
 1514 2217
 1514 1515
 1514 2215
 1515 2217
 1515 1556
 1516 1517
 1516 1558
 1517 1599
 1517 1559
 1518 1559
 1519 1559
 1520 1521
 1521 1561
 1521 1522
 1522 1563
 1522 1523
 1522 1564
 1523 1524
 1523 1564
 1524 1564
 1525 1607
 1525 1568
 1525 1567
 1526 1568
 1526 1569
 1526 1527
 1527 1528
 1528 1569
 1528 1529
 1529 1572
 1529 1530
 1529 1570
 1530 1573
 1530 1531
 1531 1574
 1531 1573
 1532 1614
 1532 1574
 1533 1576
 1533 1575
 1534 1577
 1534 1535
 1534 1576
 1535 1536
 1535 1577
 1535 1578
 1536 1579
 1536 1578
 1536 1537
 1537 1580
 1537 1579
 1538 1620
 1538 1539
 1538 1580
 1539 1540
 1539 1581
 1541 1583
 1541 1542
 1541 1582
 1542 1584
 1542 1543
 1542 1583
 1543 1584
 1544 1625
 1544 1624
 1544 1586
 1544 1585
 1546 1588
 1546 1547
 1547 1590
 1547 1589
 1548 1592
 1548 1591
 1549 1631
 1549 1592
 1550 1634
 1550 2222
 1550 1593
 1551 1594
 1551 1552
 1552 1637
 1552 1636
 1552 1553
 1553 1595
 1553 1637
 1554 1595
 1555 1596
 1556 1597
 1557 1597
 1557 1558
 1558 1599
 1559 1600
 1559 1599
 1560 1600
 1561 1603
 1562 1563
 1563 1564
 1563 1605
 1564 1565
 1565 1606
 1566 1606
 1567 1607
 1567 1606
 1568 1608
 1568 1569
 1569 1570
 1569 1608
 1570 1609
 1570 1571
 1571 1572
 1571 1610
 1572 1612
 1573 1613
 1573 1574
 1573 1612
 1574 1613
 1575 1658
 1575 1614
 1576 1659
 1576 1616
 1577 1578
 1577 1616
 1577 1617
 1578 1579
 1579 1618
 1579 1580
 1580 1619
 1580 1618
 1581 1664
 1581 1582
 1581 1620
 1582 1621
 1582 1583
 1583 1584
 1583 1623
 1583 1622
 1584 1623
 1585 1623
 1586 1626
 1586 1587
 1586 1625
 1587 1671
 1587 1626
 1588 1627
 1588 1589
 1589 1672
 1589 1628
 1589 1627
 1589 1590
 1590 1591
 1590 1629
 1591 1629
 1592 1631
 1593 1631
 1594 2222
 1594 1636
 1594 1679
 1595 1682
 1595 1683
 1595 1638
 1595 1596
 1595 1637
 1596 1639
 1596 1597
 1596 1638
 1597 1640
 1598 1641
 1600 1688
 1600 1643
 1600 1642
 1602 1603
 1602 1645
 1603 1645
 1603 1646
 1603 1604
 1605 1647
 1606 1649
 1606 1648
 1607 1651
 1607 1608
 1607 1650
 1607 1649
 1608 1651
 1609 1653
 1609 1610
 1609 1651
 1610 1611
 1611 1655
 1611 1653
 1611 1612
 1612 1656
 1612 1613
 1613 1656
 1614 1657
 1614 1656
 1615 1659
 1615 1658
 1616 1617
 1616 1659
 1617 1661
 1618 1708
 1618 1707
 1618 1662
 1618 1619
 1618 1661
 1619 1662
 1620 1709
 1621 1665
 1621 1664
 1622 1666
 1622 1623
 1622 1665
 1623 1667
 1623 1666
 1624 1667
 1624 1625
 1625 1669
 1625 1668
 1626 1669
 1627 1672
 1627 1671
 1628 1719
 1628 1629
 1628 1672
 1629 1720
 1629 1673
 1629 1674
 1630 1674
 1630 1631
 1631 1632
 1632 1676
 1632 1633
 1632 1675
 1633 1676
 1634 1724
 1634 1678
 1634 1635
 1634 2222
 1634 1677
 1635 1679
 1636 1637
 1636 1680
 1637 1680
 1637 1681
 1638 1729
 1638 1684
 1638 1683
 1639 1685
 1639 1640
 1640 1686
 1640 1685
 1640 1641
 1641 1732
 1641 1687
 1641 1686
 1642 1733
 1642 1688
 1642 1687
 1643 1688
 1644 1691
 1645 1691
 1645 1646
 1646 1647
 1646 1692
 1646 1691
 1647 1693
 1647 1692
 1648 1693
 1649 1695
 1649 1739
 1650 1739
 1650 1651
 1650 1696
 1651 1697
 1651 1696
 1652 1742
 1652 1653
 1653 1654
 1653 1698
 1655 1700
 1656 1702
 1656 1701
 1656 1657
 1657 1703
 1657 1702
 1658 1703
 1659 1705
 1660 1705
 1661 1706
 1662 1709
 1662 1708
 1663 1710
 1663 1664
 1664 1711
 1665 1754
 1665 1713
 1666 1667
 1666 1713
 1667 1713
 1667 1714
 1668 1669
 1668 1714
 1669 1716
 1669 1715
 1670 1717
 1670 1716
 1671 1717
 1671 1672
 1672 1718
 1672 1719
 1673 1720
 1673 1719
 1674 1721
 1674 1720
 1675 1676
 1675 1721
 1676 1723
 1676 1722
 1677 1724
 1677 1723
 1678 1725
 1679 1726
 1679 1680
 1680 1681
 1680 1726
 1681 1727
 1681 1682
 1682 1683
 1683 1729
 1684 1730
 1684 1685
 1684 1729
 1685 1731
 1685 1730
 1686 1771
 1686 1731
 1687 1733
 1687 1732
 1688 1734
 1688 1733
 1691 1774
 1691 1735
 1691 1736
 1692 1693
 1692 1736
 1693 1737
 1693 1694
 1694 1738
 1694 1695
 1694 1737
 1695 1739
 1695 1738
 1696 1697
 1696 1741
 1696 1739
 1697 1780
 1697 1742
 1697 1741
 1698 1699
 1698 1742
 1699 1745
 1699 1700
 1699 1743
 1700 1745
 1700 1701
 1701 1702
 1701 1746
 1701 1745
 1702 1746
 1702 1703
 1703 1786
 1703 1747
 1704 1748
 1705 1749
 1705 1706
 1705 1748
 1706 1707
 1706 1749
 1707 1750
 1707 1749
 1707 1708
 1708 1709
 1708 1751
 1708 1750
 1709 1791
 1709 1751
 1709 1710
 1710 1752
 1710 1791
 1711 1712
 1711 1752
 1712 1754
 1713 1755
 1713 1714
 1714 1715
 1714 1755
 1715 1716
 1716 1756
 1717 1758
 1718 1799
 1718 1798
 1718 1719
 1718 1759
 1718 1758
 1719 1759
 1720 1761
 1720 1721
 1721 2221
 1722 2221
 1722 1723
 1723 1762
 1724 1763
 1725 1805
 1725 1765
 1725 1764
 1726 1766
 1726 1727
 1726 1765
 1727 1766
 1727 1728
 1728 1768
 1728 1767
 1729 1769
 1729 1768
 1729 1730
 1730 1770
 1730 1731
 1730 1769
 1731 1810
 1731 1770
 1732 1813
 1732 1812
 1732 1771
 1733 1772
 1733 1813
 1735 1774
 1736 1775
 1736 1737
 1737 1776
 1737 1775
 1738 1777
 1738 1739
 1738 1776
 1739 1740
 1739 1779
 1739 1777
 1740 1741
 1741 1779
 1742 1781
 1742 1780
 1743 1744
 1743 1781
 1744 1783
 1745 1824
 1745 1784
 1745 1746
 1745 1783
 1746 1784
 1747 1786
 1747 1784
 1748 1749
 1748 1787
 1749 1750
 1749 1787
 1749 1789
 1750 1790
 1751 1791
 1752 1792
 1752 1753
 1752 1791
 1753 1754
 1754 1834
 1754 1833
 1754 1755
 1755 1835
 1755 1834
 1755 1794
 1756 1757
 1756 1794
 1756 1796
 1757 1797
 1758 1798
 1758 1797
 1759 1760
 1759 1799
 1760 1801
 1760 1761
 1761 2221
 1761 1801
 1762 1763
 1762 1803
 1763 1764
 1765 1845
 1765 1766
 1765 1805
 1766 1846
 1766 1806
 1766 1845
 1767 1847
 1768 1848
 1768 1808
 1768 1769
 1769 1808
 1770 1809
 1771 1811
 1771 1810
 1772 1813
 1774 1856
 1774 1815
 1775 1817
 1775 1776
 1775 1816
 1776 1777
 1776 1817
 1777 1818
 1777 1778
 1778 1819
 1778 1779
 1778 1818
 1779 1861
 1779 1820
 1779 1780
 1780 1781
 1780 1820
 1781 2208
 1781 1821
 1782 1783
 1782 2208
 1783 1823
 1783 1824
 1784 1825
 1784 1824
 1785 1786
 1785 1825
 1786 1827
 1787 1828
 1787 1788
 1787 1827
 1788 1828
 1788 1789
 1788 1829
 1789 1830
 1789 1790
 1790 1830
 1790 1791
 1791 1832
 1791 1792
 1792 2206
 1792 1832
 1793 2206
 1793 1833
 1794 1836
 1794 1835
 1795 1836
 1795 1796
 1796 1838
 1797 1838
 1798 1839
 1798 1799
 1799 1879
 1799 1839
 1799 1840
 1800 1840
 1800 1801
 1801 1882
 1801 1802
 1801 2221
 1802 1883
 1802 1882
 1802 1842
 1802 2221
 1803 1842
 1803 2221
 1804 1805
 1804 1842
 1804 1844
 1805 1845
 1805 1844
 1806 1847
 1806 1846
 1807 1848
 1807 1847
 1808 1809
 1808 1848
 1809 1810
 1809 1850
 1810 1893
 1810 1851
 1810 1850
 1811 1851
 1812 1852
 1813 1853
 1814 1853
 1815 1856
 1816 1856
 1817 1859
 1817 1858
 1818 1859
 1819 1861
 1819 1860
 1820 1905
 1820 1862
 1820 1861
 1821 1862
 1822 1864
 1822 2208
 1823 1865
 1823 1824
 1823 1864
 1824 1909
 1824 1825
 1824 1865
 1825 1866
 1826 1866
 1827 1867
 1827 1868
 1827 1828
 1828 1913
 1828 1868
 1829 1915
 1829 1830
 1829 1870
 1829 1869
 1830 1870
 1830 1871
 1831 1832
 1831 1871
 1832 2206
 1832 1917
 1833 1834
 1833 1874
 1834 1875
 1834 1835
 1835 1875
 1836 1876
 1837 1876
 1837 1838
 1838 1878
 1838 1839
 1839 1924
 1839 1879
 1839 1878
 1840 1880
 1840 1841
 1840 1879
 1841 1882
 1842 1884
 1842 1883
 1843 1886
 1843 1884
 1844 1887
 1844 1886
 1844 1845
 1845 1888
 1845 1846
 1846 1889
 1846 1888
 1847 1890
 1848 1849
 1848 2207
 1849 1892
 1850 1893
 1850 1892
 1851 1852
 1852 1896
 1852 1895
 1852 1894
 1852 1853
 1853 1897
 1853 1896
 1855 1899
 1856 1899
 1856 1900
 1856 1857
 1857 1858
 1857 1901
 1857 1900
 1858 1901
 1858 1902
 1858 1859
 1859 1902
 1859 1860
 1860 1904
 1861 1905
 1862 1906
 1862 1905
 1862 2208
 1863 1906
 1863 1907
 1864 1951
 1864 1907
 1865 1909
 1865 1908
 1866 1910
 1866 1909
 1867 1912
 1867 1910
 1868 1913
 1868 1912
 1869 1913
 1870 1871
 1871 1872
 1871 1915
 1871 1958
 1872 1916
 1872 1917
 1873 1918
 1873 1920
 1873 1874
 1874 1875
 1874 1921
 1875 1921
 1875 1876
 1876 1922
 1876 1965
 1876 1921
 1877 1923
 1878 1924
 1878 1923
 1879 1925
 1879 1880
 1879 1924
 1880 1926
 1880 1925
 1881 1927
 1882 1927
 1882 1883
 1883 1928
 1883 1927
 1884 1929
 1884 1885
 1885 1931
 1886 1931
 1886 1887
 1887 1888
 1887 1932
 1887 1976
 1887 1931
 1888 1932
 1888 1889
 1889 1890
 1889 1934
 1889 1933
 1890 1978
 1890 1935
 1890 1934
 1891 2207
 1891 1936
 1892 1937
 1892 1936
 1892 1893
 1893 1894
 1893 1938
 1893 1937
 1894 1939
 1894 1938
 1894 1895
 1895 1896
 1895 1939
 1896 1941
 1896 1940
 1899 1986
 1899 1943
 1899 1942
 1900 1987
 1900 1943
 1900 1944
 1901 1902
 1901 1944
 1902 1988
 1902 1945
 1902 1944
 1903 1904
 1904 1947
 1905 1948
 1905 1949
 1905 1947
 1905 1906
 1906 1949
 1907 1951
 1908 1952
 1908 1909
 1908 1951
 1909 1952
 1909 1910
 1910 1954
 1910 1953
 1911 1954
 1911 1912
 1912 1956
 1912 1913
 1913 1914
 1913 1956
 1915 2004
 1915 2003
 1915 1957
 1915 1958
 1916 2005
 1916 1958
 1917 1960
 1917 1961
 1917 1918
 1917 2206
 1918 2206
 1918 1961
 1919 2226
 1919 1920
 1920 1963
 1921 1964
 1921 1963
 1921 1965
 1922 1966
 1922 1965
 1923 1968
 1923 1924
 1923 1967
 1924 2209
 1924 1968
 1925 1926
 1925 1970
 1925 1969
 1926 1972
 1927 1972
 1927 1973
 1927 1928
 1928 1973
 1928 1929
 1929 1974
 1929 1973
 1930 1975
 1930 1974
 1931 2201
 1931 1975
 1932 1933
 1932 1976
 1933 1934
 1934 1978
 1934 1977
 1935 1936
 1935 1978
 1936 1980
 1936 1937
 1937 2025
 1937 1980
 1937 1938
 1938 1939
 1939 1982
 1939 1981
 1940 1983
 1941 1983
 1942 1986
 1943 1987
 1944 1988
 1944 1987
 1945 1989
 1945 1988
 1945 1946
 1946 1947
 1946 1989
 1947 1948
 1947 1991
 1948 1949
 1948 1991
 1949 1992
 1949 1994
 1949 1993
 1950 1951
 1951 1952
 1951 1995
 1952 1997
 1952 1995
 1952 1953
 1953 1998
 1953 1954
 1954 2040
 1954 1999
 1954 1998
 1955 2000
 1956 1957
 1956 2000
 1956 2001
 1957 2001
 1957 2003
 1958 2004
 1959 2006
 1959 2005
 1960 1961
 1960 2006
 1961 2048
 1961 2047
 1961 2006
 1961 2226
 1962 2226
 1963 2008
 1963 2007
 1963 1964
 1964 2009
 1964 1965
 1964 2008
 1965 2009
 1965 2010
 1967 2011
 1967 2010
 1968 2209
 1968 2011
 1969 1970
 1969 2209
 1970 2055
 1970 1971
 1970 2012
 1971 2014
 1972 2015
 1972 2014
 1972 1973
 1973 2017
 1973 1974
 1973 2015
 1974 2017
 1975 2019
 1975 2018
 1976 2020
 1976 1977
 1976 2019
 1977 2021
 1977 2062
 1977 2020
 1978 1979
 1978 2022
 1978 2021
 1979 2024
 1980 2025
 1980 2024
 1981 2026
 1981 2025
 1981 1982
 1982 1983
 1982 2028
 1982 2027
 1983 2029
 1983 2028
 1986 2031
 1986 2030
 1987 2073
 1987 2032
 1987 2031
 1988 2033
 1988 1989
 1989 2075
 1989 2034
 1989 1990
 1989 2033
 1990 2035
 1991 2078
 1991 2036
 1991 1992
 1991 2035
 1992 1993
 1993 2080
 1993 1994
 1994 2080
 1994 1995
 1995 2038
 1995 1996
 1996 2084
 1996 1997
 1996 2039
 1996 2038
 1998 2085
 1998 2040
 1998 2039
 2000 2041
 2000 2001
 2001 2042
 2001 2043
 2001 2041
 2003 2044
 2003 2043
 2004 2045
 2004 2005
 2004 2044
 2005 2045
 2006 2092
 2006 2047
 2007 2094
 2007 2008
 2008 2095
 2008 2050
 2009 2051
 2009 2050
 2010 2051
 2010 2011
 2011 2209
 2011 2053
 2012 2055
 2013 2014
 2013 2055
 2014 2057
 2014 2015
 2015 2057
 2015 2016
 2016 2059
 2016 2017
 2017 2059
 2018 2059
 2019 2106
 2019 2061
 2019 2020
 2019 2201
 2020 2061
 2021 2022
 2022 2064
 2022 2063
 2023 2024
 2023 2064
 2024 2066
 2024 2025
 2025 2068
 2025 2067
 2025 2026
 2026 2027
 2026 2068
 2027 2028
 2028 2070
 2028 2069
 2029 2070
 2031 2117
 2031 2073
 2031 2072
 2032 2033
 2032 2073
 2033 2121
 2033 2075
 2034 2035
 2034 2077
 2034 2125
 2035 2078
 2035 2077
 2036 2080
 2036 2078
 2037 2081
 2037 2080
 2038 2081
 2038 2082
 2038 2083
 2039 2084
 2040 2086
 2040 2085
 2041 2042
 2041 2087
 2041 2086
 2042 2087
 2042 2043
 2043 2089
 2043 2044
 2044 2090
 2044 2045
 2045 2091
 2045 2046
 2046 2092
 2047 2093
 2047 2092
 2047 2048
 2048 2094
 2048 2226
 2049 2156
 2049 2094
 2050 2051
 2050 2095
 2051 2097
 2051 2052
 2051 2096
 2053 2054
 2053 2099
 2053 2100
 2053 2098
 2053 2209
 2054 2055
 2054 2209
 2055 2100
 2055 2056
 2056 2102
 2057 2103
 2057 2058
 2057 2102
 2058 2059
 2059 2105
 2059 2104
 2059 2060
 2059 2103
 2060 2106
 2061 2062
 2061 2107
 2061 2106
 2062 2108
 2062 2063
 2063 2064
 2064 2109
 2064 2108
 2065 2111
 2065 2109
 2065 2066
 2066 2067
 2067 2112
 2067 2111
 2067 2068
 2068 2112
 2068 2069
 2069 2114
 2069 2070
 2070 2115
 2070 2114
 2073 2119
 2073 2074
 2073 2117
 2074 2121
 2074 2119
 2075 2123
 2075 2076
 2075 2121
 2076 2125
 2076 2123
 2077 2127
 2077 2125
 2078 2079
 2078 2127
 2079 2130
 2079 2128
 2079 2080
 2080 2132
 2080 2130
 2081 2082
 2081 2132
 2082 2083
 2082 2133
 2083 2136
 2083 2134
 2083 2084
 2084 2138
 2084 2085
 2084 2136
 2085 2139
 2085 2086
 2086 2141
 2086 2087
 2086 2139
 2087 2143
 2087 2141
 2087 2088
 2088 2145
 2088 2089
 2088 2143
 2089 2147
 2089 2090
 2089 2145
 2090 2149
 2090 2147
 2090 2091
 2091 2151
 2091 2092
 2091 2149
 2092 2152
 2093 2154
 2093 2094
 2093 2152
 2094 2226
 2094 2156
 2094 2154
 2095 2158
 2095 2096
 2095 2156
 2096 2159
 2096 2097
 2097 2161
 2097 2098
 2097 2159
 2098 2163
 2098 2161
 2098 2099
 2099 2165
 2099 2100
 2099 2163
 2100 2167
 2100 2165
 2100 2101
 2101 2169
 2101 2102
 2101 2167
 2102 2171
 2102 2103
 2102 2169
 2103 2173
 2103 2104
 2103 2171
 2104 2175
 2104 2173
 2105 2177
 2105 2106
 2105 2175
 2106 2179
 2106 2177
 2107 2181
 2107 2108
 2107 2179
 2108 2183
 2108 2181
 2108 2109
 2109 2184
 2109 2183
 2110 2186
 2110 2111
 2110 2184
 2111 2188
 2111 2186
 2112 2190
 2112 2113
 2112 2188
 2113 2192
 2113 2114
 2113 2190
 2114 2194
 2114 2192
 2114 2115
 2205 2241
 2210 2211
 2215 2216
 2215 2217
 2216 2217
 2230 2231
 2236 2237
 2239 2240
 2244 2245
