    2  126
    2   82
    3   82
    4   83
    4   82
    6   84
    6   83
    8   84
    9   86
    9   85
   11  130
   11   87
   11   86
   13   87
   14   88
   14   89
   16  132
   16   90
   16   89
   18   91
   18   90
   19   92
   21   93
   21   92
   22   93
   23   94
   23   93
   25   94
   25   95
   27   96
   27   95
   28   96
   29   97
   29   96
   31   98
   31   97
   33  140
   33   99
   33   98
   34  100
   34   99
   36  101
   36  100
   38  102
   38  101
   39  102
   40  102
   40  103
   42  146
   42  104
   42  103
   44  105
   44  104
   46  106
   46  105
   48  106
   48  107
   50  150
   50  108
   50  107
   52  108
   53  110
   53  109
   55  111
   55  110
   57  153
   57  111
   57  112
   59  112
   59  113
   61  113
   61  114
   62  114
   62  115
   64  115
   64  116
   66  117
   66  116
   67  117
   68  118
   68  117
   70  119
   70  118
   71  120
   71  119
   73  121
   73  120
   75  122
   75  121
   77  123
   77  122
   79  165
   79  123
   81  126
   82  127
   82  126
   83  128
   83   84
   84   85
   85 2252
   85  129
   85   86
   87   88
   87  130
   88  174
   88   89
   88  173
   88  131
   90   91
   90  132
   91  134
   91   92
   91  133
   93  136
   93   94
   93  135
   94  137
   94   95
   96  182
   96  181
   96   97
   96  138
   97   98
   98  140
   98  139
   99  141
   99  140
  100  101
  101  102
  101  142
  102  144
  102  143
  103  146
  103  144
  104  147
  104  105
  105  106
  106  147
  106  107
  107  150
  107  148
  108  194
  108  109
  108  150
  109  110
  109  194
  110  196
  110  195
  110  151
  110  152
  110  111
  111  153
  112  113
  112  153
  113  155
  113  154
  114  115
  115  116
  115  155
  115  157
  117  159
  117  158
  117  118
  118  119
  119  161
  119  160
  120 2251
  120  121
  121 2251
  121  122
  122  162
  122  123
  123  165
  123  164
  123  163
  124  165
  125  168
  126  169
  126  168
  126  127
  127  128
  127  169
  128 2252
  129  130
  129 2252
  130  131
  130  172
  131  173
  131  172
  132  133
  132 2260
  132  174
  133 2260
  133  134
  133  175
  134  135
  135  178
  135  177
  135  136
  136 2255
  136  137
  136  178
  137  138
  137 2255
  137  179
  138  179
  139  225
  139  183
  139  140
  139  182
  140  141
  140  183
  141  185
  141  142
  142  186
  142  143
  143  188
  143  144
  143  187
  144  188
  145  190
  145  146
  146  147
  146  190
  147  232
  147  233
  147  148
  147  191
  148  149
  149  192
  150  235
  150  194
  150  193
  152  196
  153  239
  153  154
  153  197
  154  240
  154  198
  154  155
  154  239
  155  198
  155  156
  156  199
  156  286
  156  157
  156  242
  157  158
  157  199
  158  202
  158  159
  158  201
  159  203
  159  160
  160  161
  160  203
  162  205
  162  206
  162  163
  162 2251
  164  207
  164  165
  164  206
  165  209
  165  208
  168  210
  168  212
  168  211
  168  169
  169  213
  169  254
  169  212
  169  170
  170 2252
  171 2252
  171  172
  171  214
  171  215
  172  215
  172  173
  173  216
  173  215
  175  219
  175  218
  175 2260
  176  177
  176  219
  177  221
  177  178
  178 2255
  178  263
  178  221
  179  222
  179 2255
  180  181
  181  268
  181  224
  181  223
  181  182
  182  225
  183  226
  183  225
  185  272
  185  186
  185  226
  186  227
  186  187
  187  228
  187  227
  187  188
  188  189
  188  229
  188  228
  189  229
  190  231
  190  230
  190  191
  191  231
  191  232
  192  193
  192  234
  192  233
  193  279
  193  234
  193  235
  194  237
  194  235
  195  196
  195  237
  196  238
  196  197
  198  241
  198  240
  199  287
  199  243
  199  286
  200  201
  201  244
  201  202
  201  243
  202  244
  202  203
  203  290
  203  246
  203  204
  203  245
  204  292
  204 2251
  205  248
  205  206
  205  247
  206  249
  206  207
  206  248
  207  250
  207  249
  207  208
  208  295
  208  251
  208  250
  210  253
  211  253
  211  212
  212  254
  213  256
  213  254
  214  257
  214  256
  214 2252
  215  258
  215  257
  216  259
  216  217
  217 2296
  217 2260
  218  261
  218 2260
  218 2296
  219  220
  220  221
  220  262
  221  263
  221  262
  222  223
  223  266
  224  269
  224  225
  224  268
  225  271
  225  270
  225  269
  227  273
  227  228
  227  272
  228  274
  228  273
  229  274
  231  319
  231  276
  231  232
  231  275
  232  319
  232  277
  233  277
  234  279
  234  278
  235  280
  235  279
  236  237
  236  281
  237  238
  238  323
  238  282
  238  239
  238  281
  239  284
  239  240
  240  284
  241  285
  244  330
  244  245
  244  289
  245  331
  245  330
  245  290
  246  332
  246  291
  247  293
  247  248
  247  292
  247 2251
  248  249
  248  293
  249  250
  250  294
  251  295
  253  297
  254  299
  254  255
  255  300
  255  299
  255  256
  256  301
  256  300
  256  257
  257  342
  257  302
  257  258
  257  301
  258  302
  258  303
  259  304
  259  303
  259  260
  261 2296
  261  348
  261  306
  261  305
  262  307
  262  263
  262  306
  263  308
  263  307
  264  308
  264 2255
  265 2255
  265  266
  266  309
  266  267
  267  311
  267  268
  267  310
  268  311
  268  269
  269  270
  269  311
  270  271
  270  312
  271  272
  272  315
  272  314
  273  315
  273  274
  274  316
  274  275
  274  315
  275  316
  276  319
  276  318
  277  320
  277  319
  278  361
  279  361
  279  280
  280  362
  280  321
  280  361
  281  321
  282  364
  282  283
  282  324
  282  323
  283  324
  283  284
  284  325
  284  285
  285  286
  285  326
  286  287
  287  328
  287  288
  287  327
  288  289
  288  329
  290  332
  290  331
  292  334
  292  333
  293  335
  293  334
  294  336
  295  337
  295  336
  297  298
  298  339
  298  338
  298  299
  299  340
  299  339
  299  300
  300  340
  300  301
  301  342
  302  380
  302  343
  302  342
  303  345
  303  304
  304  305
  305  348
  305  347
  305  346
  305 2296
  306  307
  307  350
  307  349
  308  387
  308  351
  309  310
  309  352
  309  351
  310  352
  311 2265
  311  354
  311  353
  311  312
  312  391
  312  355
  313  314
  314  392
  315 2273
  315  356
  315  394
  315  316
  316  357
  316  356
  316  358
  317  359
  317  318
  318  397
  318  359
  318  319
  319  320
  319  397
  321  363
  321  322
  322  402
  322  363
  322  323
  323  402
  324  325
  324  365
  324  364
  325  366
  325  365
  325  326
  326  367
  326  366
  327  408
  327  328
  327  367
  328  368
  328  408
  329  330
  329  368
  330  411
  330  331
  330  369
  331  370
  331  411
  332  333
  333  334
  333  371
  334  414
  334  372
  334  371
  334  335
  335  373
  335  336
  335  372
  336  416
  336  374
  336  373
  337  374
  339  419
  339  377
  339  376
  339  340
  340  377
  340  341
  341  421
  342  379
  342  380
  343  381
  343  344
  343  380
  344  423
  344  382
  344  345
  345  346
  346  384
  346  383
  347  348
  347  385
  347  384
  348  349
  349  386
  349  350
  349  385
  350  428
  350  387
  352  353
  352  389
  352  388
  354  390
  354  391
  354 2265
  355  432
  355  392
  356  435
  356  395
  356  394
  357  396
  357  395
  359  438
  359  397
  359  396
  360  361
  361  399
  361  362
  362  441
  362  400
  362  399
  363  402
  364  404
  364  403
  364  365
  364  402
  365  405
  365  404
  366  367
  366  405
  368  409
  368  408
  369  411
  369  410
  369  409
  370  413
  370  371
  371  414
  371  413
  372  415
  372  414
  373  415
  374  417
  376  419
  377  378
  377  419
  378  461
  378  421
  379  422
  379  380
  379  421
  380  462
  380  381
  381  463
  381  423
  381  462
  382  424
  382  383
  382  423
  384  426
  384  385
  384  425
  385  426
  385  386
  386  469
  386  428
  386  427
  387  429
  387  428
  388  389
  388  430
  388  429
  389 2266
  389  430
  390 2265
  390  474
  390  391
  390  431
  391 2275
  391  432
  392  432
  392  393
  393  394
  393 2273
  393  433
  394  434
  394  435
  395  436
  395  435
  395  437
  397  398
  397  439
  397  438
  398  399
  399  441
  399  440
  400  442
  400  401
  400  441
  402  444
  403  446
  403  445
  403  404
  404  447
  404  446
  405  447
  406  407
  407  408
  407  489
  408  449
  408  448
  409 2283
  409  449
  410 2283
  410  411
  410  451
  410  450
  411  451
  411  412
  412  413
  412  452
  412  453
  412  451
  413  414
  413  453
  414  455
  414  415
  415 2253
  415  455
  416  499
  416  498
  416  456
  416 2253
  416  417
  418  419
  418  458
  419  420
  419  458
  421  422
  422  506
  422  462
  423  464
  423  463
  424  425
  425  466
  426  467
  426  427
  426  468
  427  512
  427  469
  427  468
  428  470
  428  471
  428  469
  430 2266
  430  473
  430  472
  430  431
  431  517
  431  474
  431  473
  431 2265
  432 2274
  432 2275
  433  434
  433  475
  434  522
  434  477
  434  476
  435  523
  435  522
  435  436
  436  478
  436  523
  437  438
  438  439
  438  480
  439  482
  439  480
  440  483
  440  441
  440  482
  441  484
  441  483
  442  530
  442  443
  443  444
  444  485
  444  445
  445  446
  445  486
  446  533
  446  487
  446  488
  447  488
  447  489
  448  492
  448  449
  448  491
  448  490
  450  539
  450  451
  450  493
  451  494
  451  539
  452  453
  452  494
  453  495
  453  454
  454  455
  454  496
  455 2253
  456  499
  458  501
  458  502
  459  460
  460  461
  460  503
  460  502
  460  504
  461  505
  462  507
  462  463
  463  508
  463  464
  464  509
  464  465
  464  553
  464  508
  465  466
  466  467
  466  510
  467  511
  468  512
  468  511
  469  513
  469  512
  470  514
  470  513
  471  472
  472  516
  472  515
  473  517
  473  516
  474 2275
  474  518
  474  517
  475  520
  476  520
  477  521
  477  522
  478  479
  478  524
  478  525
  479  526
  479  480
  480  481
  480  527
  480  526
  481  528
  481  482
  483  570
  483  528
  483  484
  484  570
  484  529
  485  486
  485  531
  485  530
  486  487
  486  531
  486  532
  487  532
  487  573
  487  533
  488  534
  488  533
  489  490
  489 2289
  490  536
  490 2289
  491  537
  491  536
  491  492
  492 2283
  493  580
  493  539
  493  538
  494  540
  494  539
  496  542
  496  541
  497 2253
  497  584
  497  543
  498  585
  498  545
  498 2253
  499  546
  501  548
  501  502
  502  548
  503  589
  503  549
  503  504
  503  548
  504  549
  504  505
  505  591
  505  549
  506  550
  506  591
  507  550
  508  552
  508  553
  508  551
  509  554
  510  554
  510  511
  511  512
  511  556
  511  555
  512  556
  512  557
  513  558
  513  557
  514  515
  515  559
  516  560
  516  517
  517  561
  517  560
  518  562
  518  561
  519 2274
  519  563
  519  562
  519  520
  520  563
  520  521
  521  564
  522  565
  522  523
  523  608
  523  524
  523  566
  523  565
  524  567
  524  566
  526  568
  526  527
  526  567
  527  569
  527  568
  528  613
  528  570
  528  569
  529  530
  529  571
  531  572
  531  571
  532  572
  532  573
  533  574
  533  573
  534  575
  534  535
  535 2290
  535  576
  536 2289
  536  577
  536  537
  537  579
  537  577
  537  538
  538 2283
  539  581
  539  580
  540  582
  540  541
  541  583
  541  582
  541  542
  542  584
  542  583
  543  630
  543  544
  543  584
  544  630
  544  585
  544 2254
  545  586
  545  546
  545  585
  547  588
  548  588
  548  589
  549  591
  549  589
  550  551
  550  592
  550  591
  551  592
  551  593
  551  552
  552  594
  552  553
  553  595
  553  554
  553  594
  554  555
  555  597
  555  598
  555  556
  556  599
  556  598
  557  600
  557  599
  558  559
  559  602
  559  560
  559  601
  560  603
  560  602
  560  561
  561  604
  561  603
  563  606
  563  605
  563  564
  564  650
  564  607
  564  606
  565  608
  565  651
  565  607
  566  609
  566  608
  568  611
  568  569
  568  610
  570  614
  570 2279
  570  613
  571  614
  572  617
  572  616
  573  617
  573  618
  573  574
  574  619
  574  618
  574  575
  575  621
  575  576
  576 2289
  577  578
  577  622
  577  623
  578  623
  578  579
  578  624
  579  666
  579  625
  579  580
  580  626
  580  625
  580  581
  581  582
  581  626
  582  583
  582  626
  583  629
  583  584
  583  627
  584  630
  585  586
  585  630
  586  631
  587  588
  587  634
  588  589
  589  635
  589  590
  590  636
  590  591
  591  636
  592  593
  592  637
  593  639
  594  639
  594  595
  595  596
  595  639
  596  597
  596  640
  597  598
  597  641
  597  642
  598  643
  598  599
  598  642
  599  644
  600  645
  601  688
  601  645
  602  603
  602  689
  603  691
  603  646
  603  647
  604  648
  604  647
  605  648
  606  650
  606  649
  607  694
  607  650
  608  695
  608  652
  608  651
  609  610
  610  653
  610  654
  610  611
  611  612
  611  654
  612  697
  612  655
  612  654
  613 2279
  613  656
  613  655
  614  615
  615  616
  615  658
  616  659
  616  700
  617  660
  618  661
  618  660
  618  619
  619  620
  619  662
  619  661
  620  662
  620  621
  621  663
  621  662
  622  664
  622  663
  623  665
  623  664
  623  624
  624  707
  624  706
  624  666
  624  665
  625  667
  625  666
  626  668
  626  667
  627  710
  627  669
  628  670
  628  711
  629  671
  631  673
  631  672
  632  673
  634  675
  634  677
  636  718
  636  679
  636  678
  638  679
  639  682
  639  681
  639  640
  640  641
  640  682
  641  683
  641  642
  641  682
  642  684
  642  683
  643  685
  643  684
  644  686
  644  645
  645  688
  646  690
  646  691
  646  689
  647 2297
  647  691
  648  649
  649  692
  650  736
  650  693
  650  694
  651  695
  651  694
  652  739
  652  653
  654  696
  654  697
  656  744
  656  657
  656  698
  656 2279
  657  658
  657  745
  657  744
  657 2279
  658  659
  659  699
  660  748
  660  661
  660  700
  661  702
  661  662
  661  701
  662  703
  664  705
  664  704
  665  706
  665  705
  666  708
  666  707
  667 2280
  667  709
  668  757
  668  710
  669  758
  669  711
  669  710
  670  712
  670  671
  670  711
  671  759
  671  712
  671  672
  672  760
  672  713
  672  759
  672  673
  673  714
  673  713
  675  676
  675  716
  676  716
  676  677
  676  717
  677  765
  677  678
  677  717
  678  765
  678  718
  679  719
  679  680
  679  718
  680  720
  680  681
  680  719
  681  720
  681  721
  682  722
  682  721
  683  724
  683  722
  683  723
  683  684
  684  724
  685  725
  685  726
  685  686
  686  727
  686  687
  686  726
  688  689
  688  728
  689  728
  689  729
  690  731
  690  691
  690  730
  691  731
  691  732
  692  735
  692  734
  692  733
  693  735
  694  737
  694  695
  695  737
  695  738
  696  697
  696  740
  696  739
  697  742
  697  698
  697  741
  698  744
  699  746
  699  747
  699  745
  700  747
  701  749
  701  702
  701  748
  702  750
  702  749
  703  751
  703  704
  705  752
  706  753
  706  754
  706  707
  707  799
  707  708
  707  754
  708 2280
  708  755
  709  757
  709  756
  709 2280
  710  757
  711  803
  711  712
  711  758
  712  759
  713  806
  713  761
  713  760
  715  763
  716  763
  717  765
  717  764
  717  763
  718  766
  718  719
  718  765
  719  767
  719  720
  720  768
  720  721
  720  767
  721  770
  721  722
  722  723
  723  771
  723  724
  724  816
  724  771
  724  772
  724  725
  725  773
  725  772
  726  773
  727  775
  728  729
  728  775
  729  820
  729  730
  730  776
  730  777
  730  731
  731  777
  732  823
  732 2297
  732  777
  733 2297
  734  780
  734  735
  734  779
  735  826
  735  781
  735  780
  736  781
  737  829
  737  783
  737  738
  737  782
  738  784
  738  739
  738  783
  740  786
  740  741
  740  785
  741  786
  741  742
  742  743
  743  788
  743  787
  743  744
  744  789
  744  788
  746  791
  746  792
  746  747
  747  748
  748  792
  749  794
  749  793
  750 2291
  750  795
  750  794
  751  752
  751  795
  752  796
  752  797
  752  753
  753  797
  753  754
  754  799
  754  797
  755  800
  755 2280
  755  799
  756  801
  756  800
  756 2280
  757  801
  758  849
  758  802
  758  801
  759  760
  759  804
  760  805
  761  806
  763  808
  763  809
  763  764
  764  765
  764  809
  765  811
  766  859
  767  768
  767  812
  767  859
  768  769
  768  813
  769  814
  770  771
  770  814
  771  815
  772  865
  772  817
  772  816
  773  817
  773  774
  774  819
  774  775
  776  822
  776  777
  776  821
  776  820
  777  822
  778  779
  778  823
  778 2297
  779  824
  780  826
  780  825
  781  782
  781  826
  782  827
  783  830
  783  831
  783  829
  784  785
  785  786
  785  832
  786 2301
  786  834
  786  787
  786  833
  787  788
  788  836
  788  835
  789  790
  789  837
  790  791
  791  792
  791  838
  792  793
  792  839
  793  840
  793  794
  794 2291
  794  841
  794  840
  795  796
  796  797
  796  843
  796  842
  797  798
  797  843
  797  844
  798  845
  798  799
  799  846
  800  848
  800  801
  800  847
  801  849
  802  850
  802  849
  803  850
  804  851
  806  853
  806  852
  807  853
  808  809
  808  856
  809  810
  811  904
  811  858
  813  861
  814  863
  814  862
  815  909
  815  864
  815  863
  815  816
  816  865
  816  864
  817  818
  817  866
  818  867
  818  819
  819  820
  820  867
  821  869
  821  868
  821  822
  822  823
  822  869
  823  870
  824  825
  825  871
  826  827
  826  872
  827  872
  827  873
  827  828
  828  920
  828  874
  828  829
  828  873
  829  874
  829  830
  830  921
  830  875
  831  832
  831  876
  832  833
  833  877
  834  835
  834 2301
  835  836
  835  878
  835  879
  836  881
  836  837
  837  838
  838  839
  838  881
  839  840
  839  882
  840  841
  840  883
  841  886
  841  884
  841  885
  842  887
  842 2292
  842 2303
  842  843
  843 2303
  843  844
  844  889
  844  888
  845  889
  845  890
  846  847
  846  890
  847  848
  848  893
  848  891
  849  850
  849  893
  850  896
  850  895
  850  851
  850  894
  851  939
  851  897
  851  896
  851  852
  852  898
  852  853
  852  897
  853  900
  853  899
  856  944
  856  901
  856  857
  857  858
  857  902
  858  946
  858  903
  858  904
  859  860
  860  906
  860  861
  861  950
  861  907
  861  906
  862  907
  863  909
  863  908
  864  910
  864  865
  865  910
  865  911
  866  913
  866  911
  867  914
  867  913
  868  869
  868  914
  869  916
  869  915
  870  917
  871  872
  871  917
  872  918
  873  919
  874  921
  874  920
  875  876
  876  922
  876  877
  877 2302
  877 2300
  877  923
  878 2301
  878  925
  878  879
  878 2300
  879  880
  880  927
  880  881
  880  926
  881  928
  881  882
  882  883
  883  928
  883  884
  884  885
  884  929
  885  974
  885  931
  885  930
  886 2291
  886  931
  886  887
  887 2292
  887  932
  887  931
  888  977
  888  889
  889  890
  890  891
  890  934
  891  936
  891  935
  892  893
  892  936
  893  937
  893  894
  894 2268
  894  895
  895  896
  895 2268
  896  939
  897  984
  897  940
  897  939
  898  940
  898  899
  899  942
  899  941
  899  940
  901  944
  902  903
  902  946
  902  945
  902  944
  903  946
  904  947
  904  905
  904  946
  905  906
  906  948
  907  951
  907  950
  908  951
  909  952
  910  997
  910  911
  910  952
  911  953
  911  912
  912  955
  912  913
  912  954
  913  914
  913  956
  914  915
  915 1002
  915  916
  915  957
  915  956
  916  959
  917  918
  917  959
  918  919
  918  960
  919  962
  919  961
  920  921
  920  962
  921  963
  921  964
  921  922
  922  923
  923  965
  923  924
  924  968
  924 2300
  924  966
  925  926
  925 2300
  925  968
  926  968
  926  970
  927  928
  927  970
  927  972
  928  929
  929  930
  929  972
  930  973
  930  974
  931  975
  931  976
  932  976
  932 2303
  933  977
  933  976
  933 2303
  934 1026
  934  978
  935  979
  935  978
  937  982
  937  980
  938  982
  938 2268
  939  984
  940 2257
  940  985
  940  941
  940  984
  941  986
  942  986
  944  989
  944  988
  945  990
  945  989
  946  991
  946  947
  946  990
  947  948
  947  992
  947  991
  948  993
  948  949
  949 1041
  949  993
  949  950
  949  994
  950  994
  950  951
  951  995
  951  994
  952  997
  952  996
  953  998
  953  954
  953  997
  954 1000
  954  999
  954  998
  955  956
  955 1001
  955 1000
  957 1003
  957  958
  957 1002
  958 1004
  958  959
  959  960
  960  961
  960 1005
  961 1006
  961  962
  962 1007
  962  963
  963  964
  963 1009
  964  965
  964 1009
  965 1060
  965 1012
  965  966
  965 1011
  966  967
  967 1013
  967 1012
  967  968
  968 1014
  968 1013
  968  969
  969  970
  969 1015
  969 1014
  970 1015
  970  971
  971 1017
  971  972
  971 1018
  971 1016
  972 1020
  972 1019
  972 1018
  972  973
  973 1021
  973  974
  973 1020
  974 1022
  974 1021
  974  975
  975 1024
  975 1023
  976 1025
  976 1024
  977 1026
  977 1025
  978 1027
  979  980
  980 1073
  980  981
  980 1027
  981 1029
  981 1028
  981  982
  982 1030
  982 1029
  983 2268
  983 1031
  983  984
  984 2257
  985 1034
  985  986
  985 2257
  986 1035
  986 1034
  988 1037
  989 1083
  989 1037
  989 1038
  990 1083
  990 1039
  991  992
  991 1040
  991 1039
  992 1040
  992  993
  993 1041
  993 1040
  994 1087
  994 1042
  994  995
  995 1044
  995  996
  995 1043
  995 1042
  996 1044
  997 1045
  997 1044
  998 1047
  998 1046
  999 1047
  999 1048
  999 1000
 1000 1001
 1000 1048
 1001 1049
 1001 1048
 1002 1003
 1002 1049
 1003 1051
 1003 1004
 1003 1050
 1004 1005
 1004 1052
 1005 1053
 1006 1007
 1006 1053
 1007 1055
 1007 1008
 1008 1057
 1008 1056
 1008 1009
 1008 1055
 1009 1102
 1009 1057
 1009 1058
 1009 1010
 1010 1011
 1010 1058
 1011 1104
 1011 1103
 1011 1060
 1011 1059
 1012 1061
 1012 1013
 1012 1060
 1013 1014
 1013 1061
 1013 1062
 1014 1062
 1014 1015
 1015 1016
 1015 1064
 1016 1017
 1016 1064
 1017 1018
 1017 1064
 1017 1065
 1018 1065
 1019 1065
 1019 1066
 1019 1020
 1020 1067
 1020 1066
 1021 1022
 1022 1113
 1022 1068
 1022 1023
 1022 1067
 1023 1069
 1023 1068
 1024 1069
 1025 1070
 1026 1072
 1027 1072
 1027 1118
 1027 1073
 1028 1074
 1028 1029
 1028 1073
 1029 1030
 1029 1074
 1030 1075
 1030 2267
 1031 2267
 1031 1078
 1032 2257
 1033 2259
 1033 2257
 1034 1081
 1034 1080
 1037 1128
 1037 1082
 1038 1128
 1038 1083
 1039 1084
 1039 1040
 1039 1083
 1040 1086
 1040 1084
 1041 1132
 1041 1087
 1042 1088
 1042 1043
 1043 1134
 1043 1089
 1044 1089
 1044 1045
 1045 1090
 1045 1046
 1046 1137
 1046 1091
 1046 1090
 1047 1092
 1047 1048
 1047 1091
 1048 1093
 1048 1092
 1049 1093
 1049 1050
 1050 1096
 1050 1095
 1051 1097
 1051 1052
 1051 1096
 1052 1053
 1052 1098
 1053 1054
 1054 1055
 1054 1098
 1055 1056
 1055 1100
 1055 1099
 1056 1100
 1056 1101
 1057 1101
 1057 1102
 1058 1149
 1058 1103
 1058 1102
 1059 1103
 1060 1106
 1060 1061
 1060 1104
 1061 1107
 1061 1106
 1062 1063
 1062 1107
 1063 1109
 1063 1064
 1063 1108
 1064 1109
 1065 1110
 1066 1112
 1066 1067
 1067 1113
 1067 1112
 1068 1115
 1068 1114
 1068 1113
 1069 1115
 1069 1070
 1070 1071
 1070 1116
 1070 1117
 1071 1072
 1071 1117
 1072 1165
 1072 1117
 1072 1118
 1073 1074
 1073 1118
 1074 1120
 1074 1119
 1076 1122
 1076 1121
 1076 1077
 1076 2267
 1077 1123
 1077 1078
 1077 1122
 1078 1123
 1078 1079
 1079 2259
 1079 1124
 1079 1123
 1079 2258
 1080 2259
 1080 1125
 1080 1081
 1080 1124
 1081 1125
 1082 1128
 1083 1129
 1084 1085
 1084 1130
 1085 1086
 1085 1131
 1086 1132
 1086 1179
 1087 1181
 1087 1088
 1087 1133
 1088 1134
 1089 1135
 1089 1090
 1090 1137
 1090 1136
 1091 1138
 1091 1092
 1092 1093
 1092 1139
 1093 1141
 1093 1094
 1093 1140
 1094 1095
 1094 1142
 1094 1141
 1095 1190
 1095 1142
 1095 1143
 1095 1096
 1096 1143
 1096 1097
 1097 1145
 1097 1144
 1097 1098
 1097 1143
 1098 1099
 1098 1145
 1099 1145
 1099 1146
 1099 1100
 1100 1147
 1100 1101
 1100 1146
 1101 1102
 1102 1149
 1103 1150
 1103 1149
 1104 1105
 1104 1151
 1104 1150
 1105 1151
 1106 1152
 1106 1151
 1107 1153
 1107 1108
 1108 1155
 1109 1156
 1109 1110
 1110 1111
 1110 1156
 1111 1159
 1111 1157
 1112 1159
 1112 1113
 1113 1160
 1113 1114
 1114 1115
 1114 1161
 1114 1162
 1115 1163
 1115 1116
 1116 1164
 1116 1163
 1117 1164
 1118 1166
 1119 1168
 1120 1121
 1120 1169
 1121 1122
 1121 1169
 1121 1170
 1122 1123
 1122 1171
 1123 1172
 1123 1124
 1124 1173
 1124 1125
 1124 2259
 1125 1126
 1126 1173
 1127 1176
 1129 1176
 1130 1178
 1131 1179
 1131 1178
 1132 1181
 1132 1180
 1133 1182
 1134 1183
 1134 1182
 1135 1184
 1135 1136
 1135 1183
 1136 1137
 1136 1185
 1137 1138
 1138 1139
 1138 1186
 1139 2293
 1139 1187
 1140 1187
 1140 1141
 1141 1188
 1141 1142
 1141 1187
 1142 1190
 1142 1188
 1143 1191
 1143 1144
 1143 1190
 1144 1145
 1144 1192
 1145 1192
 1145 1194
 1145 1146
 1146 1195
 1146 1194
 1147 1148
 1147 1195
 1148 1149
 1148 1196
 1148 1197
 1149 1198
 1149 1150
 1150 1199
 1150 1151
 1151 1152
 1152 1199
 1152 1153
 1153 1154
 1153 1200
 1154 1155
 1155 1156
 1155 1201
 1156 1157
 1156 1202
 1157 1203
 1157 1158
 1158 1159
 1158 1205
 1158 1204
 1159 1160
 1160 1206
 1160 1161
 1161 1162
 1161 1207
 1161 1206
 1162 1250
 1162 1207
 1162 1208
 1162 1163
 1163 1208
 1164 1209
 1164 1210
 1165 1166
 1165 1211
 1166 1167
 1166 1212
 1167 1212
 1167 1168
 1167 1213
 1168 1213
 1168 1169
 1169 1214
 1170 1215
 1170 1214
 1171 1217
 1173 1261
 1173 1260
 1173 1218
 1173 1217
 1175 1220
 1175 1176
 1176 1220
 1176 1177
 1176 1221
 1177 1222
 1177 1178
 1177 1221
 1179 1223
 1180 1224
 1181 1224
 1182 1226
 1182 2278
 1182 1183
 1182 1225
 1183 1226
 1183 1184
 1184 1185
 1185 1228
 1185 1229
 1186 2293
 1186 1229
 1187 1188
 1187 1230
 1188 1231
 1188 1230
 1188 1189
 1189 1233
 1189 1190
 1190 1233
 1191 1192
 1191 2304
 1192 1193
 1192 1235
 1193 1236
 1193 1194
 1193 1235
 1194 1236
 1194 1195
 1195 1196
 1196 1237
 1197 1198
 1197 1238
 1198 1241
 1198 1199
 1198 1239
 1199 1241
 1199 1242
 1200 2294
 1200 1242
 1201 2294
 1201 1243
 1201 1202
 1202 1244
 1202 1203
 1203 1244
 1203 1204
 1204 1246
 1205 1247
 1205 1248
 1206 2299
 1206 1248
 1206 1249
 1207 2298
 1207 1250
 1208 1296
 1208 1251
 1208 1209
 1208 1250
 1209 1297
 1209 1252
 1209 1251
 1210 1252
 1210 1211
 1211 1253
 1212 1301
 1212 1300
 1212 1254
 1212 1253
 1213 1255
 1214 1257
 1214 1255
 1215 1258
 1215 1216
 1216 1259
 1216 1258
 1216 1217
 1217 1260
 1217 1259
 1218 1261
 1220 1264
 1220 1263
 1221 1265
 1221 1222
 1222 1266
 1222 1223
 1222 1265
 1223 1312
 1223 1314
 1223 1224
 1223 1313
 1223 1266
 1224 1314
 1224 1225
 1224 1267
 1225 1267
 1225 1268
 1225 2278
 1226 2278
 1226 1270
 1226 1227
 1227 1271
 1227 1228
 1228 1319
 1228 1272
 1229 1320
 1229 1272
 1230 1274
 1230 1231
 1230 2293
 1231 1274
 1232 1275
 1232 1233
 1232 1274
 1233 2304
 1233 1276
 1234 1235
 1234 1277
 1234 2304
 1235 1279
 1236 1280
 1236 1237
 1236 1281
 1237 1238
 1237 1281
 1238 1282
 1238 1239
 1239 1240
 1240 1241
 1240 1285
 1240 1283
 1241 1286
 1241 1242
 1241 1285
 1242 1286
 1242 1287
 1243 1244
 1243 1288
 1244 1290
 1244 1291
 1244 1245
 1245 1292
 1245 1246
 1246 1247
 1247 1293
 1247 1248
 1248 1249
 1249 1294
 1250 2298
 1250 1296
 1251 1297
 1251 1296
 1252 1299
 1252 1298
 1252 1253
 1252 1297
 1253 1300
 1253 1299
 1254 1345
 1254 1302
 1254 1255
 1254 1301
 1255 1302
 1255 1256
 1256 1303
 1256 1257
 1256 1302
 1257 1303
 1257 1258
 1258 1305
 1259 1305
 1259 1306
 1261 1307
 1262 1308
 1264 1311
 1264 1353
 1264 1310
 1264 1265
 1265 1311
 1265 1266
 1266 1311
 1267 1268
 1267 1316
 1267 1314
 1268 1317
 1268 2278
 1269 2278
 1269 1270
 1270 1318
 1271 1318
 1272 1320
 1273 2293
 1273 1321
 1273 1274
 1273 1320
 1274 1321
 1275 1323
 1275 1276
 1275 1322
 1276 1323
 1276 1277
 1277 1278
 1277 2304
 1278 1279
 1278 1324
 1279 1326
 1279 1280
 1280 1281
 1281 1326
 1281 1282
 1282 1283
 1282 1327
 1283 1330
 1283 1328
 1283 1284
 1284 1331
 1284 1330
 1285 1331
 1285 1332
 1286 1333
 1286 1287
 1287 2294
 1287 1333
 1288 1289
 1288 1334
 1289 1290
 1290 1336
 1290 1291
 1291 1337
 1291 1336
 1291 1292
 1292 1338
 1292 1337
 1292 1293
 1293 1340
 1293 1339
 1294 1341
 1294 1340
 1294 1295
 1294 2298
 1295 1296
 1295 1342
 1295 2298
 1297 1388
 1297 1298
 1297 1342
 1298 1388
 1298 1299
 1299 1300
 1299 1343
 1300 1301
 1301 1344
 1302 1347
 1302 1303
 1302 1345
 1303 1348
 1303 1304
 1303 1347
 1304 1305
 1304 1348
 1305 1393
 1305 1349
 1305 1348
 1306 1395
 1306 1349
 1306 1307
 1307 1350
 1307 1308
 1307 1395
 1308 1351
 1308 1350
 1308 1309
 1310 1353
 1311 1312
 1311 1353
 1311 1354
 1311 1399
 1312 1355
 1312 1313
 1313 1314
 1314 1356
 1314 1315
 1315 1404
 1315 1357
 1317 1357
 1318 1359
 1318 1319
 1318 1360
 1319 1360
 1320 1408
 1320 1362
 1320 1321
 1320 1361
 1321 1362
 1321 1322
 1322 2284
 1322 1363
 1323 1365
 1323 1324
 1323 2284
 1324 1325
 1324 1366
 1325 1368
 1325 1367
 1326 1414
 1326 1369
 1326 1327
 1326 1368
 1327 1370
 1327 1328
 1327 1369
 1328 1371
 1329 1330
 1329 1371
 1330 1372
 1330 1373
 1331 1374
 1331 1332
 1332 1375
 1332 1333
 1333 2295
 1333 1375
 1334 1376
 1334 1377
 1334 2295
 1335 1336
 1335 1377
 1336 1380
 1336 1379
 1337 1381
 1338 1382
 1339 1340
 1339 1382
 1340 1383
 1340 1341
 1340 1384
 1341 1384
 1341 1342
 1342 1387
 1342 1385
 1343 1344
 1343 1388
 1344 1345
 1344 1389
 1345 1346
 1346 1347
 1346 1390
 1347 1391
 1347 1348
 1348 1393
 1349 1395
 1349 1393
 1350 1397
 1350 1396
 1350 1395
 1353 1399
 1353 1398
 1355 1401
 1356 1402
 1357 1405
 1357 1358
 1357 1404
 1358 1449
 1358 1406
 1358 1359
 1358 1405
 1360 1451
 1360 1361
 1360 1407
 1361 1452
 1361 1451
 1361 1408
 1362 1363
 1362 1408
 1363 1364
 1364 2284
 1364 1409
 1364 1410
 1365 2284
 1365 1366
 1365 1411
 1366 1411
 1366 1367
 1367 1413
 1368 1414
 1369 1415
 1369 1414
 1370 1416
 1370 1415
 1371 1417
 1371 2288
 1371 1416
 1372 1373
 1372 2288
 1373 1419
 1373 1374
 1374 1375
 1375 1420
 1375 1376
 1376 2295
 1376 1465
 1376 1421
 1376 1420
 1377 1378
 1377 1422
 1377 1421
 1378 1379
 1379 1469
 1379 1468
 1379 1380
 1380 1381
 1380 1469
 1381 1424
 1381 1382
 1382 1425
 1383 1426
 1383 1427
 1383 1384
 1384 1428
 1384 1427
 1385 1386
 1385 1428
 1386 1430
 1386 1387
 1387 1388
 1387 1431
 1388 1432
 1388 1431
 1389 1433
 1389 1432
 1390 1434
 1391 1435
 1392 2271
 1392 1393
 1392 1435
 1393 1394
 1393 1436
 1394 1395
 1394 1437
 1395 1438
 1395 1396
 1396 1397
 1396 1439
 1397 1440
 1399 1442
 1400 1443
 1400 1401
 1401 1445
 1401 1402
 1401 1444
 1402 1447
 1402 1403
 1403 1404
 1403 1447
 1405 1491
 1405 1448
 1406 1450
 1406 1407
 1406 1449
 1407 1450
 1408 1453
 1408 1452
 1409 1453
 1410 1455
 1410 1411
 1411 1455
 1411 1456
 1412 1413
 1412 1456
 1413 1458
 1413 1457
 1414 1458
 1414 1415
 1415 1459
 1415 1416
 1416 1460
 1416 1459
 1417 1461
 1417 1460
 1418 2288
 1418 1419
 1418 1463
 1418 2287
 1419 1464
 1420 1465
 1420 1464
 1421 1466
 1422 2286
 1422 1467
 1423 1468
 1423 1467
 1424 1470
 1425 1472
 1425 1471
 1425 1426
 1426 1473
 1426 1472
 1426 1427
 1427 1473
 1427 1428
 1428 1474
 1429 1474
 1429 1430
 1430 1476
 1430 1431
 1431 1477
 1431 1432
 1432 1478
 1432 1477
 1433 1479
 1433 1434
 1434 1480
 1434 1479
 1434 1435
 1435 2269
 1435 1480
 1436 1481
 1437 1482
 1438 1482
 1439 1483
 1440 1484
 1442 1443
 1443 1530
 1443 1486
 1443 1485
 1443 1444
 1443 1487
 1444 1487
 1444 1445
 1445 1488
 1445 1487
 1445 1446
 1446 1489
 1446 1447
 1446 1488
 1447 1490
 1447 1489
 1447 1448
 1449 1536
 1449 1491
 1450 1492
 1450 1493
 1450 1451
 1451 1494
 1451 1452
 1451 1493
 1452 1495
 1452 1494
 1453 1496
 1453 1495
 1454 1496
 1454 1455
 1455 1498
 1455 1456
 1456 1500
 1456 1498
 1457 1501
 1458 1502
 1458 1501
 1458 1459
 1459 1503
 1459 1460
 1459 1502
 1460 1504
 1460 1503
 1461 1505
 1461 1504
 1461 2287
 1462 1505
 1462 1463
 1463 1507
 1464 1508
 1464 1465
 1464 1507
 1465 1509
 1465 1508
 1465 1510
 1465 1466
 1466 2286
 1466 2285
 1466 1510
 1467 1511
 1467 2286
 1468 1552
 1468 1469
 1468 1513
 1469 2282
 1469 1513
 1470 2282
 1470 1515
 1470 1471
 1471 1516
 1471 1515
 1472 1473
 1472 1516
 1473 1518
 1473 1474
 1473 1516
 1473 1517
 1474 1518
 1475 1558
 1475 1476
 1475 1518
 1476 1520
 1476 1477
 1477 1521
 1477 1478
 1478 1522
 1478 1562
 1478 1479
 1478 1521
 1479 1522
 1479 1523
 1480 1524
 1481 1566
 1481 2272
 1481 1525
 1481 1482
 1482 1526
 1482 1525
 1483 1528
 1483 1527
 1483 1484
 1483 1526
 1485 1530
 1486 1487
 1486 1531
 1487 1532
 1487 1488
 1488 1533
 1488 1489
 1489 1490
 1490 1491
 1490 1534
 1490 1533
 1491 1534
 1492 1537
 1492 1536
 1492 1493
 1493 1494
 1493 1537
 1494 1539
 1494 1538
 1495 1540
 1495 1539
 1496 1541
 1496 1540
 1497 1498
 1497 1541
 1498 1543
 1498 1499
 1499 1500
 1500 1544
 1501 1587
 1501 1588
 1501 1502
 1501 1544
 1502 1588
 1503 1546
 1503 1504
 1504 1546
 1505 1547
 1505 1546
 1506 1548
 1506 1547
 1507 1549
 1507 1548
 1508 1549
 1508 1509
 1509 1594
 1509 1510
 1509 1549
 1510 2285
 1511 1551
 1511 2285
 1512 1552
 1512 1551
 1513 1514
 1513 1552
 1515 1598
 1515 1554
 1516 1556
 1516 1517
 1516 1555
 1517 1557
 1517 1556
 1518 1558
 1518 1557
 1519 1560
 1519 1558
 1520 1561
 1520 1521
 1520 1560
 1521 1562
 1522 1604
 1522 1562
 1522 1563
 1523 1606
 1523 1564
 1523 1563
 1523 1524
 1524 2270
 1524 1565
 1524 1564
 1525 1610
 1525 1567
 1525 1526
 1525 1566
 1526 1567
 1526 1527
 1526 1568
 1527 1569
 1527 1568
 1528 1569
 1529 1572
 1530 1572
 1530 1573
 1531 1573
 1532 1575
 1532 1574
 1533 1617
 1533 1618
 1533 1576
 1533 1575
 1534 1576
 1534 1577
 1534 1535
 1535 1578
 1535 1577
 1535 1536
 1536 1537
 1536 1578
 1537 1538
 1537 1578
 1538 1579
 1538 1539
 1539 1581
 1539 1540
 1539 1582
 1540 1582
 1541 1626
 1541 1583
 1542 1543
 1542 1583
 1542 1584
 1543 1585
 1544 1586
 1545 1546
 1545 1588
 1546 1589
 1546 1547
 1547 1590
 1548 1593
 1548 1592
 1549 1594
 1549 1593
 1550 1637
 1550 1595
 1550 2285
 1550 1594
 1551 1638
 1552 1639
 1552 1596
 1553 1554
 1553 1597
 1554 1598
 1554 1597
 1555 1642
 1555 1556
 1555 1599
 1555 1598
 1556 1643
 1556 1599
 1557 1601
 1557 1600
 1558 1601
 1559 1602
 1559 1560
 1559 1601
 1560 2277
 1560 1561
 1561 1562
 1561 1603
 1562 1604
 1563 1605
 1563 1604
 1564 1607
 1564 1565
 1564 1606
 1565 2272
 1565 1566
 1565 2270
 1566 2272
 1566 1608
 1567 1568
 1567 1610
 1568 1652
 1568 1611
 1570 1611
 1571 1572
 1572 1613
 1572 1573
 1573 1615
 1573 1574
 1573 1616
 1574 1575
 1574 1616
 1575 1616
 1576 1660
 1576 1620
 1576 1619
 1577 1620
 1577 1621
 1577 1578
 1578 1579
 1579 1621
 1579 1580
 1580 1624
 1580 1581
 1580 1622
 1581 1625
 1581 1582
 1582 1626
 1582 1625
 1583 1667
 1583 1626
 1584 1628
 1584 1627
 1585 1629
 1585 1586
 1585 1628
 1586 1587
 1586 1629
 1586 1630
 1587 1631
 1587 1630
 1587 1588
 1588 1632
 1588 1631
 1589 1673
 1589 1590
 1589 1632
 1590 1674
 1590 1591
 1590 1633
 1592 1635
 1592 1593
 1592 1634
 1593 1636
 1593 1594
 1594 1636
 1595 1679
 1595 1678
 1595 1638
 1595 1637
 1597 1640
 1598 1642
 1598 1641
 1599 1642
 1600 1644
 1600 1643
 1601 1685
 1601 1644
 1602 2277
 1602 1646
 1602 1645
 1603 1647
 1603 1604
 1604 1691
 1604 1690
 1604 1605
 1605 1648
 1605 1691
 1606 1648
 1607 1649
 1608 1650
 1608 1649
 1609 1650
 1609 1610
 1610 1652
 1611 1653
 1611 1612
 1611 1652
 1612 1653
 1613 1656
 1614 1615
 1615 1616
 1615 1658
 1616 1617
 1617 1659
 1618 1659
 1619 1660
 1619 1659
 1620 1661
 1620 1621
 1621 1622
 1621 1661
 1622 1662
 1622 1623
 1623 1624
 1623 1663
 1624 1665
 1624 1625
 1625 1666
 1625 1626
 1626 1666
 1627 1712
 1627 1667
 1628 1713
 1628 1669
 1629 1630
 1629 1669
 1629 1670
 1630 1631
 1631 1671
 1631 1632
 1632 1672
 1632 1671
 1633 1674
 1633 1673
 1634 1675
 1634 1635
 1634 1674
 1635 1677
 1635 1636
 1635 1676
 1636 1677
 1637 1677
 1638 1680
 1638 1639
 1638 1679
 1639 1725
 1639 1680
 1640 1681
 1640 1641
 1641 1726
 1641 1682
 1641 1681
 1641 1642
 1642 1643
 1642 1683
 1643 1683
 1644 1685
 1645 1685
 1646 1689
 1646 2277
 1646 1688
 1647 2277
 1647 1690
 1647 1733
 1648 1736
 1648 1737
 1648 1692
 1648 1649
 1648 1691
 1649 1693
 1649 1692
 1650 1694
 1651 1695
 1653 1742
 1653 1697
 1653 1696
 1655 1656
 1655 1699
 1656 1699
 1656 1700
 1656 1657
 1658 1747
 1658 1701
 1659 1703
 1659 1702
 1660 1705
 1660 1661
 1660 1704
 1660 1703
 1661 1705
 1662 1707
 1662 1663
 1662 1705
 1663 1664
 1664 1709
 1664 1707
 1664 1665
 1665 1710
 1665 1666
 1666 1710
 1667 1711
 1667 1710
 1668 1713
 1668 1712
 1669 1670
 1669 1713
 1670 1715
 1671 1762
 1671 1761
 1671 1716
 1671 1672
 1671 1715
 1672 1716
 1673 1763
 1674 1717
 1675 1719
 1675 1718
 1676 1720
 1676 1677
 1676 1719
 1677 1721
 1677 1720
 1678 1721
 1678 1679
 1679 1723
 1679 1722
 1680 1723
 1681 1726
 1681 1725
 1682 1773
 1682 1683
 1682 1726
 1683 1774
 1683 1727
 1683 1728
 1684 1728
 1684 1685
 1685 1686
 1686 1730
 1686 1687
 1686 1729
 1687 1730
 1688 1778
 1688 1732
 1688 1689
 1688 1731
 1689 1733
 1690 1691
 1690 1734
 1691 1734
 1691 1735
 1692 1783
 1692 1738
 1692 1737
 1693 1739
 1693 1694
 1694 1740
 1694 1739
 1694 1695
 1695 1786
 1695 1741
 1695 1740
 1696 1787
 1696 1742
 1696 1741
 1697 1742
 1698 1745
 1699 1745
 1699 1700
 1700 1701
 1700 1746
 1700 1745
 1701 1747
 1701 1746
 1702 1747
 1703 1749
 1703 1793
 1704 1793
 1704 1705
 1704 1750
 1705 1751
 1705 1750
 1706 1796
 1706 1707
 1707 1708
 1707 1752
 1709 1754
 1710 1756
 1710 1755
 1710 1711
 1711 1757
 1711 1756
 1712 1757
 1713 1759
 1714 1759
 1715 1761
 1715 1760
 1716 1763
 1716 1762
 1717 1764
 1717 1718
 1718 1765
 1719 1809
 1719 1767
 1720 1721
 1720 1767
 1721 1767
 1721 1768
 1722 1723
 1722 1768
 1723 1770
 1723 1769
 1724 1771
 1724 1770
 1725 1771
 1725 1726
 1726 1772
 1726 1773
 1727 1774
 1727 1773
 1728 1775
 1728 1774
 1729 1730
 1729 1775
 1730 1777
 1730 1776
 1731 1778
 1731 1777
 1732 1779
 1733 1780
 1733 1734
 1734 1735
 1734 1780
 1735 1781
 1735 1736
 1736 1737
 1737 1783
 1738 1784
 1738 1739
 1738 1783
 1739 1785
 1739 1784
 1740 1826
 1740 1785
 1741 1787
 1741 1786
 1742 1788
 1742 1787
 1745 1829
 1745 1789
 1745 1790
 1747 1791
 1747 1748
 1748 1792
 1748 1749
 1748 1791
 1749 1793
 1749 1792
 1750 1751
 1750 1795
 1750 1793
 1751 1835
 1751 1796
 1751 1795
 1752 1753
 1752 1796
 1753 1799
 1753 1754
 1753 1797
 1754 1799
 1754 1755
 1755 1756
 1755 1800
 1755 1799
 1756 1800
 1756 1757
 1757 1841
 1757 1801
 1758 1802
 1759 1803
 1759 1760
 1759 1802
 1760 1761
 1760 1803
 1761 1804
 1761 1762
 1762 1763
 1762 1805
 1762 1804
 1763 1806
 1763 1805
 1763 1764
 1764 1807
 1764 1806
 1765 1766
 1765 1807
 1766 1809
 1767 1810
 1767 1768
 1768 1769
 1768 1810
 1769 1770
 1770 1811
 1771 1813
 1772 1854
 1772 1853
 1772 1773
 1772 1814
 1772 1813
 1773 1814
 1774 1816
 1774 1775
 1775 2276
 1775 1816
 1776 2276
 1776 1777
 1777 1817
 1778 1818
 1779 1860
 1779 1820
 1779 1819
 1780 1821
 1780 1781
 1780 1820
 1781 1821
 1781 1782
 1782 1823
 1782 1822
 1783 1824
 1783 1823
 1783 1784
 1784 1825
 1784 1785
 1784 1824
 1785 1865
 1785 1825
 1786 1868
 1786 1867
 1786 1826
 1787 1827
 1787 1868
 1789 1829
 1790 1830
 1790 1791
 1790 1829
 1791 1830
 1792 1832
 1792 1793
 1792 1831
 1793 1794
 1793 1834
 1793 1832
 1794 1795
 1795 1835
 1796 1836
 1796 1835
 1797 1798
 1797 1836
 1798 1838
 1799 1879
 1799 1839
 1799 1800
 1799 1838
 1800 1839
 1801 1841
 1801 1839
 1802 1803
 1802 1842
 1803 1844
 1803 1804
 1803 1842
 1804 1845
 1805 1846
 1805 1806
 1806 1847
 1806 1846
 1807 1808
 1807 1847
 1808 1809
 1809 1889
 1809 1888
 1809 1810
 1810 1890
 1810 1889
 1810 1849
 1811 1812
 1811 1849
 1811 1851
 1812 1852
 1813 1853
 1813 1852
 1814 1815
 1814 1854
 1815 1856
 1816 2276
 1816 1856
 1817 1818
 1817 1858
 1818 1819
 1820 1900
 1820 1821
 1820 1860
 1821 1901
 1821 1861
 1821 1900
 1822 1902
 1823 1903
 1823 1863
 1824 1864
 1824 1863
 1825 1864
 1826 1866
 1826 1865
 1827 1868
 1829 1911
 1829 1870
 1830 1872
 1830 1831
 1830 1871
 1831 1914
 1831 1832
 1831 1872
 1832 1873
 1832 1833
 1833 1874
 1833 1834
 1833 1873
 1834 1916
 1834 1875
 1834 1835
 1835 1836
 1835 1875
 1836 2263
 1836 1876
 1837 1838
 1837 2263
 1838 1878
 1838 1879
 1839 1880
 1839 1879
 1840 1841
 1840 1880
 1841 1882
 1842 1883
 1842 1843
 1842 1882
 1843 1883
 1843 1844
 1843 1884
 1844 1885
 1844 1845
 1845 1885
 1845 1846
 1846 1887
 1846 1847
 1847 2261
 1847 1887
 1848 2261
 1848 1888
 1849 1891
 1849 1890
 1850 1891
 1850 1851
 1851 1893
 1852 1893
 1853 1894
 1853 1854
 1854 1934
 1854 1894
 1854 1895
 1855 1895
 1855 1856
 1856 1937
 1856 1857
 1856 2276
 1857 1938
 1857 1937
 1857 1897
 1857 2276
 1858 1897
 1858 2276
 1859 1860
 1859 1897
 1859 1899
 1860 1900
 1860 1899
 1861 1902
 1861 1901
 1862 1903
 1862 1902
 1863 1864
 1863 1903
 1864 1865
 1864 1905
 1865 1948
 1865 1906
 1865 1905
 1866 1906
 1867 1907
 1868 1908
 1868 1907
 1869 1908
 1870 1911
 1871 1911
 1872 1914
 1872 1913
 1873 1914
 1874 1916
 1874 1915
 1875 1960
 1875 1917
 1875 1916
 1876 1917
 1877 1919
 1877 2263
 1878 1920
 1878 1879
 1878 1919
 1879 1880
 1879 1921
 1879 1920
 1880 1921
 1881 1921
 1882 1922
 1882 1923
 1882 1883
 1883 1968
 1883 1923
 1884 1970
 1884 1925
 1884 1924
 1885 1925
 1885 1926
 1885 1886
 1886 1887
 1886 1926
 1887 2261
 1887 1972
 1888 1889
 1888 1929
 1889 1930
 1889 1890
 1890 1930
 1891 1931
 1892 1931
 1892 1893
 1893 1933
 1893 1894
 1894 1979
 1894 1934
 1894 1933
 1895 1935
 1895 1896
 1895 1934
 1896 1937
 1897 1939
 1897 1938
 1898 1941
 1898 1939
 1899 1942
 1899 1941
 1899 1900
 1900 1943
 1900 1901
 1901 1944
 1901 1943
 1902 1945
 1903 1904
 1903 2262
 1904 1947
 1905 1948
 1905 1947
 1906 1907
 1907 1951
 1907 1950
 1907 1949
 1908 1952
 1908 1951
 1910 1954
 1911 1954
 1911 1955
 1911 1912
 1912 1913
 1912 1956
 1912 1955
 1913 1956
 1913 1957
 1913 1914
 1914 1957
 1914 1915
 1915 1959
 1916 1960
 1917 1961
 1917 1960
 1917 2263
 1918 1961
 1918 1962
 1919 2006
 1919 1962
 1919 1920
 1920 1963
 1921 1965
 1921 1964
 1922 1967
 1922 1965
 1923 1968
 1923 1967
 1924 1968
 1925 1926
 1926 1927
 1926 1970
 1926 2013
 1927 1971
 1927 1972
 1928 1973
 1928 1975
 1928 1929
 1929 1930
 1929 1976
 1930 1976
 1930 1931
 1931 1977
 1931 2020
 1931 1976
 1932 1978
 1933 1979
 1933 1978
 1934 1980
 1934 1935
 1934 1979
 1935 1981
 1935 1980
 1936 1982
 1937 1982
 1937 1938
 1938 1983
 1938 1982
 1939 1984
 1939 1940
 1940 1986
 1941 1986
 1941 1942
 1942 1943
 1942 1987
 1942 2031
 1942 1986
 1943 1987
 1943 1944
 1944 1945
 1944 1989
 1944 1988
 1945 2033
 1945 1990
 1945 1989
 1946 2262
 1946 1991
 1947 1992
 1947 1991
 1947 1948
 1948 1949
 1948 1993
 1948 1992
 1949 1994
 1949 1993
 1949 1950
 1950 1951
 1950 1994
 1951 1996
 1951 1995
 1954 2041
 1954 1998
 1954 1997
 1955 2042
 1955 1998
 1955 1999
 1956 1957
 1956 1999
 1957 2043
 1957 2000
 1957 1999
 1958 1959
 1958 2000
 1959 2002
 1960 2003
 1960 2004
 1960 2002
 1960 1961
 1961 2004
 1962 2006
 1963 2007
 1963 1964
 1963 2006
 1964 2007
 1964 1965
 1965 2009
 1965 2008
 1966 2009
 1966 1967
 1967 2011
 1967 1968
 1968 1969
 1968 2011
 1970 2059
 1970 2058
 1970 2012
 1970 2013
 1971 2060
 1971 2013
 1972 2015
 1972 2016
 1972 1973
 1972 2261
 1973 2261
 1973 2016
 1974 2281
 1974 1975
 1975 2018
 1976 2019
 1976 2018
 1976 2020
 1977 2021
 1977 2020
 1978 2023
 1978 1979
 1978 2022
 1979 2264
 1979 2023
 1980 1981
 1980 2025
 1980 2024
 1981 2027
 1982 2027
 1982 2028
 1982 1983
 1983 2028
 1983 1984
 1984 2029
 1984 2028
 1985 2030
 1985 2029
 1986 2256
 1986 2030
 1987 1988
 1987 2031
 1988 1989
 1989 2033
 1989 2032
 1990 1991
 1990 2033
 1991 2035
 1991 1992
 1992 2080
 1992 2035
 1992 1993
 1993 1994
 1994 2037
 1994 2036
 1995 2038
 1996 2038
 1997 2041
 1998 2042
 1999 2043
 1999 2042
 2000 2044
 2000 2043
 2001 2002
 2001 2044
 2002 2003
 2002 2046
 2003 2004
 2003 2046
 2004 2047
 2004 2049
 2004 2048
 2005 2006
 2006 2007
 2006 2050
 2007 2052
 2007 2050
 2007 2008
 2008 2053
 2008 2009
 2009 2095
 2009 2054
 2009 2053
 2010 2055
 2011 2012
 2011 2055
 2011 2056
 2012 2056
 2012 2058
 2013 2059
 2014 2061
 2014 2060
 2015 2016
 2015 2061
 2016 2103
 2016 2102
 2016 2061
 2016 2281
 2017 2281
 2018 2063
 2018 2062
 2018 2019
 2019 2064
 2019 2020
 2019 2063
 2020 2064
 2020 2065
 2022 2066
 2022 2065
 2023 2264
 2023 2066
 2024 2025
 2024 2264
 2025 2110
 2025 2026
 2025 2067
 2026 2069
 2027 2070
 2027 2069
 2027 2028
 2028 2072
 2028 2029
 2028 2070
 2029 2072
 2030 2074
 2030 2073
 2031 2075
 2031 2032
 2031 2074
 2032 2076
 2032 2117
 2032 2075
 2033 2034
 2033 2077
 2033 2076
 2034 2079
 2035 2080
 2035 2079
 2036 2081
 2036 2080
 2036 2037
 2037 2038
 2037 2083
 2037 2082
 2038 2084
 2038 2083
 2041 2086
 2041 2085
 2042 2128
 2042 2087
 2042 2086
 2043 2088
 2043 2044
 2044 2130
 2044 2089
 2044 2045
 2044 2088
 2045 2090
 2046 2133
 2046 2091
 2046 2047
 2046 2090
 2047 2048
 2048 2135
 2048 2049
 2049 2135
 2049 2050
 2050 2093
 2050 2051
 2051 2139
 2051 2052
 2051 2094
 2051 2093
 2053 2140
 2053 2095
 2053 2094
 2055 2096
 2055 2056
 2056 2097
 2056 2098
 2056 2096
 2058 2099
 2058 2098
 2059 2100
 2059 2060
 2059 2099
 2060 2100
 2061 2147
 2061 2102
 2062 2149
 2062 2063
 2063 2150
 2063 2105
 2064 2106
 2064 2105
 2065 2106
 2065 2066
 2066 2264
 2066 2108
 2067 2110
 2068 2069
 2068 2110
 2069 2112
 2069 2070
 2070 2112
 2070 2071
 2071 2114
 2071 2072
 2072 2114
 2073 2114
 2074 2161
 2074 2116
 2074 2075
 2074 2256
 2075 2116
 2076 2077
 2077 2119
 2077 2118
 2078 2079
 2078 2119
 2079 2121
 2079 2080
 2080 2123
 2080 2122
 2080 2081
 2081 2082
 2081 2123
 2082 2083
 2083 2125
 2083 2124
 2084 2125
 2086 2172
 2086 2128
 2086 2127
 2087 2088
 2087 2128
 2088 2176
 2088 2130
 2089 2090
 2089 2132
 2089 2180
 2090 2133
 2090 2132
 2091 2135
 2091 2133
 2092 2136
 2092 2135
 2093 2136
 2093 2137
 2093 2138
 2094 2139
 2095 2141
 2095 2140
 2096 2097
 2096 2142
 2096 2141
 2097 2142
 2097 2098
 2098 2144
 2098 2099
 2099 2145
 2099 2100
 2100 2146
 2100 2101
 2101 2147
 2102 2148
 2102 2147
 2102 2103
 2103 2149
 2103 2281
 2104 2211
 2104 2149
 2105 2106
 2105 2150
 2106 2152
 2106 2107
 2106 2151
 2108 2109
 2108 2154
 2108 2155
 2108 2153
 2108 2264
 2109 2110
 2109 2264
 2110 2155
 2110 2111
 2111 2157
 2112 2158
 2112 2113
 2112 2157
 2113 2114
 2114 2160
 2114 2159
 2114 2115
 2114 2158
 2115 2161
 2116 2117
 2116 2162
 2116 2161
 2117 2163
 2117 2118
 2118 2119
 2119 2164
 2119 2163
 2120 2166
 2120 2164
 2120 2121
 2121 2122
 2122 2167
 2122 2166
 2122 2123
 2123 2167
 2123 2124
 2124 2169
 2124 2125
 2125 2170
 2125 2169
 2128 2174
 2128 2129
 2128 2172
 2129 2176
 2129 2174
 2130 2178
 2130 2131
 2130 2176
 2131 2180
 2131 2178
 2132 2182
 2132 2180
 2133 2134
 2133 2182
 2134 2185
 2134 2183
 2134 2135
 2135 2187
 2135 2185
 2136 2137
 2136 2187
 2137 2138
 2137 2188
 2138 2191
 2138 2189
 2138 2139
 2139 2193
 2139 2140
 2139 2191
 2140 2194
 2140 2141
 2141 2196
 2141 2142
 2141 2194
 2142 2198
 2142 2196
 2142 2143
 2143 2200
 2143 2144
 2143 2198
 2144 2202
 2144 2145
 2144 2200
 2145 2204
 2145 2202
 2145 2146
 2146 2206
 2146 2147
 2146 2204
 2147 2207
 2148 2209
 2148 2149
 2148 2207
 2149 2281
 2149 2211
 2149 2209
 2150 2213
 2150 2151
 2150 2211
 2151 2214
 2151 2152
 2152 2216
 2152 2153
 2152 2214
 2153 2218
 2153 2216
 2153 2154
 2154 2220
 2154 2155
 2154 2218
 2155 2222
 2155 2220
 2155 2156
 2156 2224
 2156 2157
 2156 2222
 2157 2226
 2157 2158
 2157 2224
 2158 2228
 2158 2159
 2158 2226
 2159 2230
 2159 2228
 2160 2232
 2160 2161
 2160 2230
 2161 2234
 2161 2232
 2162 2236
 2162 2163
 2162 2234
 2163 2238
 2163 2236
 2163 2164
 2164 2239
 2164 2238
 2165 2241
 2165 2166
 2165 2239
 2166 2243
 2166 2241
 2167 2245
 2167 2168
 2167 2243
 2168 2247
 2168 2169
 2168 2245
 2169 2249
 2169 2247
 2169 2170
 2260 2296
 2265 2266
 2270 2271
 2270 2272
 2271 2272
 2285 2286
 2291 2292
 2294 2295
 2298 2299
 2300 2301
 2301 2302
