    2  126
    2   82
    3   82
    4   83
    4   82
    6   84
    6   83
    8   84
    9   86
    9   85
   11  130
   11   87
   11   86
   13   87
   14   88
   14   89
   16  132
   16   90
   16   89
   18   91
   18   90
   19   92
   21   93
   21   92
   22   93
   23   94
   23   93
   25   94
   25   95
   27   96
   27   95
   28   96
   29   97
   29   96
   31   98
   31   97
   33  140
   33   99
   33   98
   34  100
   34   99
   36  101
   36  100
   38  102
   38  101
   39  102
   40  102
   40  103
   42  146
   42  104
   42  103
   44  105
   44  104
   46  106
   46  105
   48  106
   48  107
   50  150
   50  108
   50  107
   52  108
   53  110
   53  109
   55  111
   55  110
   57  153
   57  111
   57  112
   59  112
   59  113
   61  113
   61  114
   62  114
   62  115
   64  115
   64  116
   66  117
   66  116
   67  117
   68  118
   68  117
   70  119
   70  118
   71  120
   71  119
   73  121
   73  120
   75  122
   75  121
   77  123
   77  122
   79  165
   79  123
   81  126
   82  127
   82  126
   83  128
   83   84
   84 2363
   84   85
   85 2363
   85  129
   85   86
   87   88
   87  130
   88  174
   88   89
   88  131
   90   91
   90  132
   91  134
   91   92
   91  133
   93  136
   93   94
   93  135
   94  137
   94   95
   96  182
   96  181
   96   97
   96  138
   97   98
   98  140
   98  139
   99  141
   99  140
  100  101
  101  102
  101  142
  102  144
  102  143
  103  146
  103  144
  104  147
  104  105
  105  106
  106  147
  106  107
  107  150
  107  148
  108  194
  108  109
  108  150
  109  110
  109  194
  110  196
  110  195
  110  151
  110  152
  110  111
  111  153
  112  113
  112  153
  113  155
  113  154
  114  115
  115  116
  115  155
  115  157
  117  159
  117  158
  117  118
  118  119
  119  161
  119  160
  120 2362
  120  121
  121 2362
  121  122
  122  162
  122  123
  123  165
  123  164
  123  163
  124  165
  125  168
  126  169
  126  168
  126  127
  127  128
  127  169
  129  130
  129 2363
  130  131
  130  172
  131  173
  131  172
  132  133
  132 2371
  132  174
  133 2371
  133  134
  133  175
  134  135
  135  178
  135  177
  135  136
  136 2366
  136  137
  137  138
  137 2366
  137  179
  138  179
  139  226
  139  183
  139  140
  139  182
  140  141
  140  183
  141  185
  141  142
  142  186
  142  143
  143  188
  143  144
  143  187
  144  188
  145  190
  145  146
  146  147
  146  190
  147  234
  147  235
  147  148
  147  191
  148  149
  149  192
  150  237
  150  194
  150  193
  152  196
  153  198
  153  154
  153  197
  154  242
  154  155
  154  198
  154  199
  155  156
  156  200
  156  291
  156  157
  156  244
  157  158
  157  200
  158  203
  158  159
  158  202
  159  204
  159  160
  160  161
  160  204
  162  206
  162  207
  162  163
  162 2362
  164  208
  164  165
  164  207
  165  210
  165  209
  168  211
  168  213
  168  212
  168  169
  169  214
  169  256
  169  213
  169  170
  170 2363
  171 2363
  171  172
  171  215
  171  216
  172  216
  172  173
  173  217
  173  174
  173  216
  175  220
  175  219
  175 2371
  176  177
  176  220
  177  222
  177  178
  178 2366
  178  267
  178  266
  178  222
  179  223
  179 2366
  180  181
  181  271
  181  225
  181  224
  181  182
  182  226
  183  227
  183  226
  185  186
  185  227
  186  228
  186  187
  187  229
  187  228
  187  188
  188  189
  188  230
  188  229
  189  230
  190  232
  190  231
  190  191
  191  234
  191  232
  192  193
  192  236
  192  235
  193  283
  193  236
  193  237
  194  239
  194  237
  195  196
  195  239
  196  240
  196  197
  198  241
  198  242
  199  243
  199  244
  199  242
  200  292
  200  245
  200  291
  201  202
  202  246
  202  203
  202  245
  203  246
  203  204
  204  296
  204  248
  204  205
  204  247
  205  298
  205 2362
  206  250
  206  207
  206  249
  207  251
  207  208
  207  250
  208  252
  208  251
  208  209
  209  301
  209  253
  209  252
  211  255
  212  255
  213  256
  213  255
  214  258
  214  256
  215  259
  215  258
  215 2363
  216  260
  216  259
  217  261
  217  218
  218 2371
  219  263
  219  264
  219 2371
  219  262
  220  221
  221  265
  221  222
  222  266
  222  265
  223  224
  224  269
  225  226
  225  271
  226  274
  226  273
  226  272
  227  275
  228  276
  228  229
  228  275
  229  277
  229  276
  230  277
  232  279
  232  233
  232  278
  233  280
  233  279
  233  234
  234  281
  234  280
  236  283
  236  282
  237  284
  237  283
  238  285
  238  239
  239  285
  239  240
  240  331
  240  287
  240  241
  240  286
  241  289
  241  242
  242  289
  243  290
  246  247
  246  295
  246  294
  247  295
  247  296
  248  342
  248  297
  249  299
  249  250
  249  298
  249 2362
  250  251
  250  299
  251  252
  252  300
  253  301
  255  303
  255  304
  256  305
  256  257
  257  306
  257  305
  257  258
  258  259
  259  309
  259  260
  259  308
  260  309
  260  310
  261  311
  261  310
  261  262
  262 2371
  263  313
  263  264
  263  312
  264  313
  264  314
  265  315
  265  266
  265  314
  266  316
  266  315
  267  316
  267 2366
  268 2366
  268  269
  269  317
  269  270
  270  271
  270  318
  271  319
  271  272
  272  320
  272  273
  272  319
  273  274
  273  320
  274  275
  275  323
  275  322
  276  323
  276  277
  277  324
  277  278
  277  323
  279  327
  279  326
  279  280
  280  327
  281  328
  281  282
  281  327
  282  374
  283  374
  283  284
  284  375
  284  329
  284  374
  285  330
  285  329
  287  378
  287  288
  287  331
  288  332
  288  333
  288  289
  289  334
  289  290
  290  291
  291  292
  291  335
  292  337
  292  336
  292  293
  293  294
  293  338
  295  340
  295  339
  296  341
  296  342
  296  340
  298  344
  298  343
  299  345
  299  344
  300  346
  300  345
  301  347
  301  346
  304  349
  304  348
  304  305
  305  350
  305  349
  305  306
  306  351
  306  350
  306  307
  307  352
  307  308
  307  351
  308  353
  308  352
  308  309
  309  354
  309  353
  310  356
  310  311
  311  312
  312  357
  312  313
  313  359
  313  358
  314  315
  315  361
  315  360
  316  403
  316  362
  317  318
  317  363
  317  362
  318  363
  318  319
  319 2376
  319  364
  319  320
  320  407
  320  366
  320  365
  321  367
  322  367
  323 2386
  323  324
  323  368
  323  410
  324  369
  324  370
  324  325
  325  326
  326  371
  326  372
  326  327
  327  373
  327  372
  329  330
  330  331
  330  376
  331  377
  332  421
  332  333
  332  379
  332  378
  333  379
  333  334
  334  380
  334  335
  335  381
  336  382
  336  337
  336  381
  337  426
  337  383
  337  382
  338  339
  338  383
  339  340
  339  384
  340  385
  340  341
  341  429
  341  386
  341  385
  342  343
  343  344
  343  387
  344  432
  344  388
  344  387
  344  345
  345  389
  345  388
  346  434
  346  390
  346  389
  347  390
  349  437
  349  393
  349  392
  349  350
  350  393
  350  351
  351  439
  352  395
  352  396
  353  397
  353  354
  353  396
  354  397
  354  355
  355  398
  355  356
  356  357
  357  399
  357  358
  358  359
  358  401
  358  400
  359  360
  360  402
  360  361
  360  401
  361  446
  361  403
  363  364
  363  404
  363  405
  365  406
  365  407
  365 2376
  366  451
  366  408
  367  409
  367  408
  368  454
  368  411
  368  410
  368  369
  369  412
  369  411
  370  371
  371  372
  371  412
  372  414
  372  413
  373  374
  374  416
  374  375
  375  417
  375  416
  376  419
  376  377
  376  418
  377  419
  377  378
  378  419
  379  423
  379  380
  379  421
  380  424
  380  381
  382  426
  382  425
  383  427
  384  385
  384  427
  385  428
  385  429
  386  431
  386  387
  387  432
  387  431
  388  433
  388  432
  389  433
  390  477
  390  435
  392  437
  393  394
  393  437
  394  483
  394  439
  395  440
  395  396
  395  439
  396  485
  396  397
  397  441
  397  486
  397  485
  398  442
  398  399
  398  441
  399  400
  400  401
  400  443
  401  444
  401  402
  402  492
  402  446
  402  445
  403  447
  404  405
  404  448
  404  447
  405 2377
  405  448
  406 2376
  406  450
  406  498
  406  449
  407 2388
  407  451
  408  409
  409  410
  409 2386
  409  452
  410  453
  411  455
  411  454
  411  456
  412  413
  413  458
  413  457
  413  414
  414  459
  414  415
  415  416
  416  461
  416  460
  417  462
  417  418
  417  461
  419  420
  419  465
  419  464
  420  466
  420  465
  420  421
  421  422
  422  467
  422  423
  422  466
  423  424
  423  467
  424  468
  424  425
  425  426
  426  469
  426  470
  427  428
  427  470
  428  472
  428  429
  428  471
  429  472
  429  430
  430  431
  430  473
  430  474
  430  472
  431  432
  431  474
  432  476
  432  433
  433 2364
  433  476
  434  477
  434 2364
  435  477
  436  437
  436  480
  437  438
  437  480
  439  440
  440  533
  440  484
  441  442
  441  486
  441  487
  442  443
  443  489
  443  444
  444  490
  444  445
  445  539
  445  492
  445  491
  446  493
  446  494
  446  447
  448 2377
  448  496
  448  495
  448  449
  449  498
  449 2376
  450 2388
  450  498
  451 2387
  451  499
  452  453
  452  499
  453  500
  453  454
  454  502
  454  455
  455  550
  455  503
  455  502
  456  457
  457  458
  457  505
  458  506
  458  505
  458  459
  459  507
  459  506
  460  508
  460  461
  460  507
  461  462
  461  508
  462  510
  462  463
  462  509
  463  464
  464  511
  465  466
  465  513
  465  512
  466  515
  466  467
  466  514
  467  516
  468  517
  468  516
  469  519
  469  518
  469  470
  469  517
  470  471
  471  567
  471  472
  471  519
  472  521
  472  567
  473  474
  473  521
  474  522
  474  475
  475  476
  475  523
  476 2364
  477  526
  477  478
  477 2364
  478  526
  480  528
  480  529
  481  482
  482  483
  482  530
  482  529
  482  531
  484  534
  484  485
  485  534
  485  486
  486  487
  486  535
  487  536
  487  488
  487  535
  487  582
  488  536
  488  489
  488  537
  489  538
  489  490
  490  538
  490  491
  491  539
  491  538
  492  540
  492  493
  492  539
  493  541
  494  495
  495  496
  495  542
  496  543
  496  497
  497  498
  497  544
  497  543
  498  545
  498  544
  498 2388
  499  547
  500  501
  500  547
  501  548
  501  549
  502  550
  502  549
  503  504
  503  551
  503  550
  503  552
  504  553
  504  505
  505  506
  506  600
  506  555
  506  554
  508  555
  508  556
  508  509
  509  557
  509  556
  510  558
  510  557
  511  512
  511  558
  512  559
  513  560
  513  606
  513  561
  513  514
  514  515
  515  562
  515  516
  515  561
  516  564
  516  517
  518  565
  518  564
  518  519
  519  520
  520  613
  520  567
  520  566
  521  568
  521  567
  522  569
  523  570
  524 2364
  524  571
  525  618
  525  573
  525 2364
  526  574
  528  576
  528  529
  529  576
  530  578
  530  623
  530  531
  530  577
  531  578
  531  532
  532  625
  532  578
  532  533
  533  625
  534  579
  535  581
  535  580
  536  583
  537  584
  537  538
  537  583
  538  539
  538  585
  539  585
  539  586
  539  540
  540  587
  540  541
  541  542
  541  588
  542  589
  542  543
  543  544
  543  589
  544  590
  544  589
  545  591
  546 2387
  546  592
  546  591
  546  547
  547  548
  548  549
  548  595
  548  593
  550  642
  550  551
  550  595
  551  597
  551  596
  552  597
  552  553
  553  599
  553  598
  553  554
  553  597
  554  600
  554  599
  556  647
  556  602
  556  601
  557  604
  557  558
  557  602
  558  559
  559  605
  559  560
  559  604
  560  605
  560  606
  561  607
  561  562
  561  606
  562  608
  562  607
  562  563
  563  609
  563  608
  564  610
  564  565
  564  609
  565  612
  565  611
  565  610
  565  566
  566  613
  567  614
  567  613
  568  615
  568  569
  569  616
  569  570
  570  617
  570  616
  571  665
  571  572
  571  617
  572  665
  572  618
  572 2365
  573  619
  573  574
  573  618
  574  619
  575  622
  576  622
  576  577
  577  623
  577  622
  578  624
  578  625
  579  672
  579  580
  579  626
  579  625
  580  626
  580  627
  581  628
  581  582
  581  627
  582  629
  582  583
  582  628
  583  584
  583  629
  583  631
  583  630
  584  632
  584  585
  585  633
  585  586
  586  634
  586  633
  586  587
  587  635
  587  680
  587  588
  587  634
  588  636
  588  589
  588  635
  589  636
  589  590
  590  591
  590  638
  590  683
  590  637
  591  592
  592  640
  592  639
  592  593
  593  687
  593  641
  593  594
  593  640
  594  595
  594  641
  595  641
  595  688
  596  643
  596  597
  596  642
  597  598
  597  644
  598  645
  598  644
  599  600
  600  693
  600  647
  600  645
  600  601
  601  647
  602  648
  602  647
  602  603
  603  649
  603  604
  603  648
  604  605
  604  649
  604  651
  605  606
  605  651
  606  652
  606  653
  607  654
  607  653
  607  608
  608  656
  608  609
  608  654
  609  702
  609  657
  609  610
  611  658
  611  612
  612  706
  612  660
  612  659
  612  613
  613  661
  614  615
  614  661
  615  662
  615  616
  616  663
  616  617
  616  662
  617  665
  617  664
  618  619
  618  665
  619  666
  620  666
  621  622
  621  669
  622  623
  623  670
  623  624
  624  671
  624  625
  625  672
  626  673
  627  673
  627  674
  628  674
  628  629
  629  675
  629  674
  630  631
  631  632
  631  676
  631  677
  632  633
  632  677
  632  679
  633  679
  634  680
  634  679
  635  681
  635  729
  635  636
  635  680
  636  637
  636  681
  637  682
  637  732
  637  683
  638  685
  638  684
  638  683
  639  686
  639  640
  639  685
  640  687
  641  736
  641  687
  642  737
  642  689
  642  643
  642  688
  643  690
  643  689
  644  691
  644  645
  645  692
  645  646
  645  691
  646  693
  646  692
  647  695
  647  693
  647  648
  648  695
  649  650
  649  696
  649  695
  650  651
  650  696
  650  697
  650  698
  651  745
  651  699
  651  698
  653  700
  653  699
  653  654
  654  701
  654  700
  655  701
  655  656
  656  701
  657  703
  657  658
  657  702
  658  704
  658  703
  658  659
  659  705
  659  706
  659  704
  660  661
  660  707
  660  706
  661  708
  661  707
  661  662
  662  710
  662  709
  663  756
  663  711
  664  712
  665  713
  665  712
  666  714
  666  713
  667  714
  669  716
  669  718
  671  719
  672  720
  673  721
  673  720
  674  723
  674  722
  674  675
  675  676
  675  723
  676  724
  676  677
  676  723
  677  678
  677  724
  678  726
  678  679
  679  726
  679  680
  680  728
  680  727
  681  682
  681  729
  682  731
  682  732
  682  730
  683  732
  684  779
  684  733
  684  732
  684  685
  685  734
  685  733
  685  686
  686  781
  686  687
  686  735
  686  734
  687  782
  687  736
  688  737
  688  736
  689  784
  689  690
  689  737
  690  785
  690  739
  690  738
  690  691
  691  740
  691  692
  692  693
  693  741
  693  740
  694  790
  694  742
  694  695
  694  741
  695  743
  695  696
  695  742
  696  791
  696  744
  696  743
  698  793
  698  745
  698  744
  699  746
  699  700
  699  794
  700  701
  700  746
  700  748
  701  702
  702  749
  702  748
  702  703
  703  750
  703  749
  704  750
  705  752
  705  706
  705  751
  706  752
  706  707
  707  708
  707  754
  708  804
  708  755
  708  709
  708  754
  709  755
  710  805
  710  756
  710  755
  711  757
  711  712
  711  756
  712  806
  712  758
  714  760
  714  759
  714  758
  716  717
  716  762
  717  762
  717  718
  717  763
  718  812
  718  719
  718  763
  719  812
  719  764
  720  765
  720  764
  721  766
  721  722
  721  765
  722  766
  723  768
  723  724
  723  767
  724  770
  724  768
  724  725
  725  726
  726  771
  726  772
  726  770
  727  728
  728  823
  728  774
  728  773
  729  774
  730  776
  730  774
  730  775
  730  731
  731  777
  731  732
  732  779
  732  777
  734  780
  734  781
  734  779
  735  829
  735  782
  735  781
  736  783
  736  737
  737  783
  738  784
  739  740
  739  785
  740  788
  740  741
  740  787
  741  788
  741  790
  742  791
  742  743
  744  793
  744  791
  745  794
  745  793
  746  795
  746  794
  747  842
  747  748
  747  795
  748  798
  748  796
  748  749
  749  750
  749  798
  750  751
  750  799
  751  800
  751  752
  752  847
  752  802
  752  801
  753  803
  753  754
  754  803
  755  804
  756  851
  756  757
  756  805
  757  806
  757  852
  758  807
  758  759
  758  806
  759  854
  759  808
  759  807
  761  810
  762  810
  763  812
  763  811
  763  810
  764  859
  764  813
  764  765
  764  812
  765  814
  765  766
  766  815
  766  767
  767  817
  767  816
  767  768
  768  769
  769  818
  769  770
  769  819
  769  817
  770  819
  770  820
  770  771
  771  821
  771  820
  772  821
  772  773
  773  823
  773  821
  774  823
  775  869
  775  776
  775  824
  775  823
  776  824
  776  825
  776  777
  778  872
  778  826
  778  779
  778  825
  779  826
  779  827
  779  780
  781  875
  781  828
  782  830
  782  783
  782  829
  783  878
  783  831
  783  830
  784  832
  784  785
  784  831
  785  832
  785  833
  785  786
  786  834
  786  787
  786  833
  787  834
  787  788
  788  835
  788  834
  789  836
  789  835
  789  790
  790  837
  790  791
  791  838
  791  792
  791  839
  791  837
  792  839
  792  840
  792  793
  793  794
  794  841
  794  840
  796  843
  796  797
  796  842
  798  844
  798  799
  798  843
  799  844
  799  845
  800  845
  800  801
  801  847
  801  846
  801  845
  802  896
  802  848
  802  803
  802  847
  803  848
  803  804
  804  849
  805  899
  805  850
  806  807
  806  852
  807  853
  808  854
  810  856
  810  857
  810  811
  811  812
  811  857
  812  859
  813  909
  814  860
  814  909
  815  860
  815  816
  815  861
  816  861
  816  862
  816  817
  817  818
  817  862
  818  819
  818  864
  818  862
  819  865
  819  864
  821  866
  821  822
  822  868
  822  823
  822  866
  823  869
  824  871
  824  825
  824  869
  825  871
  825  872
  826  827
  826  873
  826  872
  827  874
  827  873
  827  828
  828  875
  828  874
  829  876
  829  830
  829  875
  830  877
  830  876
  831  880
  831  832
  831  878
  832  881
  832  880
  833  882
  833  834
  834  883
  834  835
  835  884
  835  836
  836  885
  836  884
  836  837
  837  838
  837  886
  838  887
  838  886
  839  888
  839  840
  840  889
  840  841
  840  888
  841  889
  841  842
  842  890
  842  843
  842  889
  843  936
  843  891
  843  890
  843  844
  844  845
  844  891
  845  846
  845  892
  845  893
  846  894
  846  895
  847  896
  848  944
  848  897
  848  896
  849  899
  849  898
  849  944
  850  900
  850  899
  851  900
  852  901
  852  900
  854  903
  854  902
  855  903
  856  857
  856  906
  857  858
  858  907
  859  908
  860  910
  861  959
  861  911
  861  912
  861  862
  862  863
  862  912
  863  961
  863  914
  863  913
  864  915
  864  865
  865  915
  865  866
  866  963
  866  867
  866  916
  866  915
  867  965
  867  868
  868  917
  869  966
  869  917
  870  919
  870  918
  871  920
  871  872
  872  920
  873  970
  873  874
  873  920
  874  921
  874  922
  875  876
  876  922
  876  923
  877  973
  877  924
  877  923
  879  974
  879  925
  879  924
  880  925
  880  881
  880  926
  881  882
  881  927
  882  928
  882  883
  883  884
  883  928
  884  885
  884  928
  885  931
  885  886
  885  930
  886  931
  887  932
  887  888
  887  931
  888  889
  888  932
  889  890
  889  933
  890  934
  890  935
  891  892
  891  938
  891  936
  892  939
  892  987
  892  938
  892  893
  893  894
  893  939
  894  940
  894  941
  895  896
  895  942
  896  897
  897  943
  897  942
  898  945
  898  944
  899  945
  900  947
  900  946
  901  948
  901  902
  902  949
  902  903
  902  948
  903  951
  903  950
  906  998
  906  952
  907  908
  907  953
  908  954
  908  956
  908  955
  909  956
  910  911
  910  958
  911 1004
  911  958
  911  959
  912 1005
  912  960
  912  913
  913  960
  914  962
  914  915
  914  961
  915  962
  916  965
  916  964
  916  963
  917  966
  917  965
  918  967
  918  919
  918  966
  919  968
  919  920
  919  967
  920  970
  920  968
  921  971
  921  922
  922  971
  922  972
  922  923
  923  973
  923 1017
  924  974
  924  973
  925  926
  925  974
  926  975
  926  976
  926  927
  927  977
  927  928
  927  978
  927  976
  928  929
  929  979
  929  978
  929  930
  930  931
  930  981
  930  979
  931  982
  931  932
  933  983
  933  982
  933  934
  934  984
  934  935
  934  983
  935 1029
  935  985
  935  984
  936  937
  937  986
  937  985
  939 1032
  939  988
  939  987
  940  941
  941  989
  941  942
  941  988
  942  990
  942  989
  942  943
  943  991
  943  990
  944  992
  944  991
  945 2379
  945  946
  945  992
  946  947
  946 2379
  947 1038
  947  993
  948 1039
  948  994
  948  993
  949  994
  949  950
  950  996
  950  995
  950  994
  952  998
  953  999
  953 1000
  953  954
  953  998
  954 1000
  955  956
  955 1001
  955 1000
  956 1001
  956  957
  957  958
  957 1002
  957 1001
  958 1002
  959 1004
  960 1051
  960 1050
  960  961
  960 1005
  961 1006
  961 1007
  961  962
  962 1008
  962  963
  962 1052
  963 1009
  963 1008
  963  964
  964 1010
  964 1055
  964 1009
  965 1011
  965  966
  965 1010
  966  967
  967 1058
  967  968
  967 1011
  968 1012
  968 1014
  969 1014
  969  970
  970 1015
  970  971
  970 1014
  971  972
  971 1016
  972 1016
  973  974
  973 1017
  974 1018
  974 1019
  975 1020
  975  976
  976 1021
  976  977
  977 1023
  977  978
  977 1021
  978  979
  979 1024
  979 1025
  979 1023
  980  981
  981  982
  981 1025
  981 1027
  982 1027
  982  983
  983  984
  983 1027
  984 1028
  985  986
  985 1031
  985 1029
  986 1031
  986  987
  987 1031
  988 1082
  988 1033
  988  989
  988 1032
  989  990
  989 1033
  990 1034
  990 1035
  991 1037
  991 1036
  992 1037
  992 2379
  993 1039
  993 1038
  994 2368
  994 1040
  994  995
  994 1039
  995 1041
  996 1041
  998 1044
  998 1043
  999 1045
  999 1044
 1000 1046
 1000 1045
 1001 1047
 1001 1046
 1002 1048
 1002 1003
 1002 1047
 1003 1098
 1003 1048
 1003 1004
 1003 1049
 1004 1049
 1004 1005
 1005 1050
 1005 1049
 1007 1051
 1008 1009
 1008 1052
 1009 1055
 1009 1053
 1010 1011
 1010 1055
 1011 1056
 1011 1057
 1011 1058
 1012 1059
 1012 1013
 1012 1058
 1013 1060
 1013 1014
 1013 1059
 1014 1015
 1014 1060
 1015 1016
 1015 1061
 1015 1110
 1015 1062
 1016 1062
 1016 1063
 1017 1065
 1017 1063
 1017 1018
 1018 1019
 1019 1067
 1019 1066
 1019 1020
 1019 1065
 1020 1117
 1020 1068
 1020 1021
 1020 1067
 1022 1069
 1022 1068
 1022 1023
 1023 1070
 1023 1069
 1023 1024
 1024 1070
 1025 1072
 1025 1071
 1025 1026
 1026 1073
 1026 1027
 1026 1072
 1027 1076
 1027 1074
 1027 1028
 1028 1029
 1028 1076
 1029 1077
 1029 1030
 1030 1080
 1030 1079
 1030 1031
 1030 1078
 1031 1081
 1031 1032
 1032 1082
 1032 1081
 1033 1083
 1033 1129
 1034 1084
 1034 1083
 1034 1035
 1035 1130
 1035 1036
 1036 1086
 1036 1085
 1037 1086
 1037 1087
 1038 1088
 1038 1039
 1039 2368
 1040 1091
 1040 1041
 1040 2368
 1041 1092
 1041 1091
 1043 1094
 1044 1140
 1044 1094
 1044 1095
 1045 1140
 1045 1096
 1046 1097
 1046 1096
 1047 1097
 1047 1048
 1048 1143
 1048 1098
 1049 1144
 1049 1050
 1049 1098
 1050 1101
 1050 1051
 1050 1100
 1051 1052
 1052 1103
 1052 1102
 1052 1101
 1052 1053
 1053 1054
 1053 1104
 1054 1104
 1054 1105
 1054 1055
 1055 1105
 1056 1106
 1058 1106
 1058 1107
 1058 1059
 1059 1153
 1059 1108
 1059 1107
 1060 1061
 1060 1109
 1061 1110
 1061 1109
 1062 1063
 1062 1112
 1062 1110
 1063 1112
 1064 1114
 1064 1113
 1064 1065
 1064 1112
 1065 1159
 1065 1114
 1065 1115
 1065 1066
 1066 1115
 1067 1161
 1067 1160
 1067 1117
 1067 1116
 1068 1118
 1068 1069
 1068 1117
 1069 1164
 1069 1118
 1069 1119
 1070 1120
 1070 1071
 1071 1072
 1071 1121
 1071 1120
 1072 1121
 1073 1121
 1073 1168
 1073 1122
 1075 1169
 1075 1122
 1075 1123
 1075 1076
 1076 1124
 1076 1123
 1078 1171
 1078 1125
 1078 1079
 1078 1124
 1079 1126
 1079 1125
 1080 1081
 1081 1082
 1081 1126
 1082 1128
 1082 1127
 1082 1129
 1083 1129
 1083 1176
 1083 1130
 1085 1131
 1085 1086
 1085 1130
 1086 1132
 1086 1131
 1087 1132
 1087 1133
 1088 2378
 1088 1135
 1089 1136
 1089 2368
 1090 1137
 1090 2370
 1090 2368
 1091 1138
 1094 1186
 1094 1139
 1095 1186
 1096 1187
 1096 1141
 1097 1143
 1097 1141
 1097 1142
 1098 1190
 1098 1144
 1099 1145
 1099 1144
 1100 1192
 1100 1101
 1100 1146
 1101 1102
 1102 1147
 1102 1146
 1103 1195
 1103 1148
 1103 1147
 1103 1104
 1104 1105
 1104 1148
 1105 1150
 1105 1149
 1105 1106
 1106 1151
 1106 1152
 1106 1150
 1106 1107
 1107 1152
 1108 1154
 1108 1109
 1108 1153
 1109 1110
 1109 1155
 1110 1155
 1110 1111
 1111 1112
 1111 1155
 1112 1157
 1112 1156
 1113 1157
 1113 1158
 1114 1159
 1115 1207
 1115 1160
 1115 1159
 1116 1160
 1117 1163
 1117 1118
 1117 1161
 1118 1211
 1118 1163
 1119 1165
 1119 1120
 1119 1164
 1120 1167
 1120 1121
 1120 1165
 1121 1168
 1121 1167
 1122 1169
 1122 1168
 1123 1170
 1123 1124
 1123 1169
 1124 1171
 1124 1170
 1125 1126
 1125 1173
 1125 1171
 1126 1127
 1127 1128
 1127 1174
 1127 1175
 1127 1173
 1128 1129
 1129 1223
 1129 1175
 1129 1176
 1130 1131
 1130 1177
 1130 1176
 1131 1178
 1132 1179
 1132 1178
 1133 1180
 1133 1179
 1133 1134
 1133 2378
 1134 1181
 1134 1135
 1134 1180
 1135 1181
 1135 1136
 1136 2370
 1136 1182
 1136 1181
 1137 2370
 1137 1183
 1137 1138
 1137 1182
 1138 1183
 1139 1186
 1140 1187
 1140 1186
 1141 1142
 1141 1188
 1142 1143
 1142 1189
 1143 1190
 1143 1237
 1144 1239
 1144 1145
 1144 1191
 1145 1191
 1145 1192
 1146 1193
 1146 1147
 1146 1192
 1147 1193
 1147 1195
 1148 1196
 1148 1195
 1149 1150
 1149 1197
 1150 1199
 1150 1197
 1150 1151
 1151 1152
 1151 1200
 1151 1199
 1152 1248
 1152 1201
 1152 1153
 1153 1154
 1154 1203
 1154 1155
 1154 1201
 1155 1203
 1156 1203
 1156 1204
 1156 1157
 1157 1158
 1157 1206
 1157 1204
 1158 1206
 1158 1159
 1159 1207
 1159 1206
 1160 1208
 1160 1207
 1161 1162
 1162 1209
 1163 1211
 1163 1209
 1164 1212
 1164 1211
 1165 1213
 1165 1166
 1166 1167
 1167 1214
 1167 1168
 1168 1169
 1168 1214
 1169 1217
 1169 1170
 1169 1215
 1170 1217
 1171 1172
 1171 1217
 1172 1173
 1172 1219
 1172 1220
 1172 1218
 1173 1221
 1173 1174
 1173 1220
 1174 1221
 1174 1175
 1175 1222
 1175 1223
 1176 1177
 1176 1223
 1177 1225
 1177 1224
 1177 1226
 1177 1178
 1178 1227
 1178 1226
 1179 1227
 1179 1228
 1180 1181
 1180 1228
 1181 1182
 1181 1229
 1182 1230
 1182 1183
 1182 2370
 1183 1184
 1184 1231
 1185 1234
 1186 1234
 1187 1234
 1188 1236
 1189 1237
 1189 1236
 1190 1239
 1190 1238
 1191 1192
 1191 1240
 1191 1239
 1192 1240
 1192 1193
 1193 1242
 1193 1241
 1194 1242
 1195 1243
 1195 1196
 1196 1197
 1196 1243
 1197 1290
 1197 1244
 1197 1245
 1198 1245
 1198 1199
 1199 1246
 1199 1200
 1199 1245
 1200 1247
 1200 1246
 1201 1249
 1201 1202
 1201 1248
 1202 1203
 1202 1250
 1203 1250
 1203 1252
 1203 1204
 1204 1253
 1204 1252
 1205 1206
 1206 1298
 1206 1207
 1206 1255
 1207 1255
 1207 1256
 1208 1257
 1208 1209
 1209 1210
 1210 1258
 1210 1257
 1211 1259
 1211 1212
 1211 1258
 1212 1259
 1212 1213
 1213 1214
 1213 1259
 1214 1215
 1214 1260
 1215 1261
 1215 1216
 1216 1264
 1216 1217
 1216 1263
 1216 1262
 1217 1264
 1218 1219
 1219 1266
 1219 1265
 1220 1312
 1220 1266
 1220 1267
 1220 1221
 1221 1222
 1222 1223
 1222 1267
 1222 1268
 1222 1269
 1223 1269
 1223 1270
 1224 1315
 1224 1225
 1224 1270
 1224 1271
 1225 1271
 1225 1272
 1226 1227
 1227 1318
 1227 1273
 1227 1272
 1228 1274
 1228 1273
 1229 1276
 1229 1275
 1230 1277
 1230 1276
 1231 1324
 1231 1278
 1231 1277
 1233 1280
 1233 1234
 1234 1235
 1234 1281
 1235 1282
 1235 1236
 1235 1281
 1236 1283
 1236 1282
 1237 1331
 1237 1283
 1238 1284
 1239 1285
 1239 1240
 1239 1284
 1240 1333
 1240 1286
 1240 1285
 1241 1287
 1241 1242
 1242 1243
 1243 1288
 1243 1244
 1243 1289
 1243 1287
 1244 1290
 1244 1289
 1245 1290
 1246 1292
 1246 1290
 1246 1247
 1247 1293
 1247 1292
 1248 1294
 1248 1249
 1249 1250
 1249 1294
 1250 1295
 1250 1294
 1251 1344
 1251 1296
 1251 1252
 1251 1295
 1252 1296
 1252 1297
 1253 1254
 1253 1297
 1254 1298
 1254 1297
 1255 1256
 1255 1298
 1256 1301
 1256 1257
 1256 1300
 1256 1299
 1257 1301
 1257 1302
 1257 1258
 1258 1259
 1259 1302
 1259 1304
 1259 1260
 1260 1261
 1260 1305
 1260 1304
 1261 1306
 1262 1307
 1262 1263
 1263 1264
 1264 1308
 1264 1309
 1264 1265
 1264 1307
 1265 1309
 1265 1310
 1265 1266
 1266 1311
 1266 1310
 1267 1313
 1267 1268
 1267 1361
 1267 1312
 1268 1362
 1268 1313
 1268 1314
 1269 1314
 1270 1315
 1271 1317
 1271 1272
 1271 1315
 1272 1318
 1272 1317
 1273 1320
 1273 1319
 1274 1321
 1274 1275
 1274 1320
 1275 1321
 1275 1276
 1276 1322
 1276 1277
 1277 1324
 1278 1324
 1280 1326
 1281 1328
 1282 1328
 1283 1330
 1284 1379
 1284 1332
 1284 1331
 1285 1332
 1285 1333
 1286 1287
 1286 1334
 1286 1335
 1286 1333
 1287 1335
 1287 1288
 1288 1384
 1288 1289
 1288 1337
 1289 1385
 1289 1338
 1289 1290
 1290 1339
 1290 1338
 1292 1388
 1292 1340
 1292 1293
 1292 1339
 1293 1342
 1293 1341
 1293 1294
 1293 1340
 1294 1343
 1294 1295
 1295 1344
 1296 1345
 1296 1297
 1296 1346
 1297 1298
 1297 1347
 1298 1347
 1298 1348
 1299 1300
 1300 1301
 1300 1349
 1300 1348
 1301 1398
 1301 1351
 1301 1302
 1302 1353
 1302 1303
 1302 1351
 1303 1304
 1303 1353
 1304 1353
 1304 1354
 1305 1356
 1305 1354
 1305 1306
 1306 1357
 1306 1307
 1306 1356
 1307 1308
 1308 1357
 1308 1358
 1309 1358
 1310 1311
 1310 1358
 1311 1360
 1311 1359
 1312 1360
 1313 1409
 1313 1362
 1314 1364
 1314 1363
 1314 1315
 1314 1362
 1315 1316
 1315 1364
 1316 1366
 1316 1317
 1317 1413
 1317 1367
 1317 1318
 1318 1367
 1318 1319
 1319 1368
 1319 1367
 1320 1368
 1321 1370
 1321 1369
 1322 1370
 1322 1371
 1324 1372
 1325 1373
 1326 1327
 1327 1376
 1327 1422
 1327 1375
 1327 1328
 1328 1376
 1328 1329
 1329 1330
 1329 1377
 1329 1376
 1330 1331
 1330 1377
 1330 1379
 1330 1378
 1331 1379
 1332 1333
 1332 1381
 1332 1380
 1333 1382
 1333 1334
 1334 1335
 1335 1382
 1336 1383
 1336 1384
 1337 1385
 1338 1339
 1338 1387
 1338 1385
 1339 1387
 1339 1388
 1340 1389
 1340 1388
 1341 1389
 1341 1390
 1341 1342
 1342 1343
 1343 1390
 1344 1392
 1344 1391
 1345 1346
 1346 1392
 1346 1393
 1347 1394
 1347 1348
 1347 1393
 1348 1396
 1348 1395
 1348 1394
 1348 1349
 1349 1443
 1349 1397
 1349 1396
 1350 1397
 1350 1398
 1351 1399
 1351 1398
 1352 1400
 1352 1353
 1352 1399
 1353 1354
 1353 1401
 1354 1401
 1355 1356
 1356 1404
 1356 1402
 1356 1357
 1357 1451
 1357 1405
 1357 1404
 1357 1358
 1358 1407
 1358 1359
 1358 1405
 1359 1408
 1359 1360
 1360 1361
 1360 1409
 1362 1409
 1363 1458
 1363 1410
 1363 1364
 1364 1412
 1364 1411
 1366 1413
 1366 1412
 1367 1414
 1367 1415
 1367 1413
 1368 1416
 1368 1369
 1369 1416
 1370 1463
 1370 1417
 1371 1418
 1371 1372
 1372 1419
 1372 1373
 1372 1418
 1373 1420
 1373 1419
 1373 1374
 1375 1422
 1376 1470
 1376 1377
 1376 1423
 1376 1469
 1377 1424
 1377 1378
 1378 1379
 1379 1425
 1379 1380
 1380 1474
 1380 1426
 1381 1426
 1381 1382
 1382 1428
 1382 1383
 1382 1426
 1383 1428
 1383 1384
 1383 1429
 1384 1429
 1384 1430
 1384 1385
 1385 1479
 1385 1431
 1386 1431
 1387 1432
 1387 1388
 1387 1431
 1388 1433
 1388 1389
 1388 1432
 1389 1390
 1389 1434
 1389 1433
 1390 1391
 1390 1435
 1391 1438
 1391 1436
 1391 1437
 1391 1392
 1392 1485
 1392 1439
 1392 1438
 1392 1393
 1393 1441
 1393 1394
 1393 1439
 1394 1441
 1395 1442
 1395 1441
 1396 1442
 1396 1443
 1397 1444
 1397 1443
 1398 1445
 1398 1399
 1398 1444
 1399 1400
 1399 1445
 1400 1446
 1400 1447
 1400 1401
 1401 1448
 1401 1402
 1401 1447
 1402 1450
 1402 1403
 1402 1448
 1403 1450
 1405 1452
 1405 1451
 1406 1407
 1407 1453
 1407 1408
 1407 1452
 1407 1454
 1408 1455
 1408 1454
 1408 1409
 1409 1410
 1409 1457
 1409 1456
 1409 1455
 1410 1458
 1410 1457
 1411 1412
 1411 1459
 1411 1458
 1412 1460
 1412 1413
 1412 1459
 1413 1414
 1414 1460
 1414 1461
 1415 1461
 1415 1462
 1415 1416
 1416 1463
 1416 1462
 1417 1464
 1417 1418
 1417 1463
 1418 1466
 1418 1465
 1418 1464
 1419 1467
 1419 1466
 1422 1469
 1422 1468
 1423 1471
 1424 1471
 1424 1472
 1425 1472
 1425 1473
 1426 1475
 1426 1427
 1427 1522
 1427 1475
 1428 1477
 1428 1476
 1428 1429
 1429 1524
 1429 1430
 1429 1478
 1430 1479
 1430 1525
 1431 1480
 1431 1479
 1432 1433
 1433 1434
 1433 1480
 1433 1527
 1434 1481
 1434 1482
 1435 1483
 1435 1482
 1436 1437
 1436 1484
 1436 1483
 1437 1484
 1438 1485
 1439 1486
 1439 1485
 1440 1487
 1440 1441
 1441 1489
 1441 1442
 1441 1487
 1442 1489
 1443 1489
 1443 1490
 1444 1445
 1445 1490
 1445 1446
 1446 1539
 1446 1492
 1446 1491
 1446 1447
 1447 1448
 1447 1494
 1447 1492
 1448 1494
 1449 1450
 1449 1495
 1449 1494
 1450 1497
 1450 1496
 1450 1451
 1450 1495
 1451 1497
 1451 1452
 1452 1498
 1452 1453
 1452 1499
 1452 1497
 1453 1499
 1453 1454
 1454 1501
 1454 1500
 1456 1503
 1456 1502
 1456 1457
 1457 1504
 1457 1503
 1458 1505
 1458 1459
 1459 1460
 1459 1506
 1460 1507
 1460 1461
 1460 1506
 1461 1508
 1461 1507
 1462 2382
 1462 1509
 1462 1508
 1463 1510
 1463 1509
 1464 1465
 1464 1510
 1465 1511
 1465 1466
 1466 1467
 1466 1512
 1467 1513
 1469 1560
 1469 1515
 1470 1516
 1471 1517
 1472 1519
 1472 1518
 1473 1474
 1473 1520
 1474 1521
 1474 1520
 1475 1566
 1475 1522
 1475 1521
 1476 1523
 1476 1522
 1477 1524
 1478 1525
 1478 1524
 1479 1480
 1479 1525
 1480 1527
 1480 1526
 1481 1482
 1481 1527
 1482 1483
 1482 1528
 1482 1529
 1483 1575
 1483 1484
 1483 1529
 1484 1532
 1484 1575
 1484 1485
 1485 1532
 1486 1533
 1486 1487
 1486 1532
 1487 1534
 1488 1535
 1488 1489
 1489 1490
 1489 1537
 1489 1535
 1490 1537
 1490 1538
 1490 1491
 1491 1539
 1491 1538
 1492 1493
 1492 1539
 1493 1540
 1493 1541
 1493 1494
 1494 1495
 1494 1542
 1494 1587
 1495 1543
 1495 1542
 1496 1497
 1497 1544
 1497 1498
 1497 1543
 1498 1546
 1498 1499
 1499 1546
 1499 1500
 1500 1548
 1500 1547
 1501 1502
 1501 1548
 1502 1548
 1503 1550
 1503 1504
 1503 1549
 1504 1551
 1504 1550
 1504 1505
 1505 1597
 1505 1552
 1505 1506
 1505 1551
 1506 1553
 1506 1552
 1507 1554
 1507 1508
 1508 2380
 1508 1554
 1509 1555
 1509 2385
 1509 2383
 1510 1556
 1510 1555
 1511 1556
 1512 1602
 1512 1557
 1513 1558
 1515 1560
 1516 1562
 1516 1517
 1516 1561
 1516 1560
 1517 1562
 1517 1518
 1518 1563
 1518 1562
 1519 1564
 1519 1520
 1519 1563
 1520 1565
 1520 1564
 1521 1566
 1521 1565
 1522 1612
 1522 1523
 1523 1567
 1523 1568
 1523 1524
 1524 1569
 1524 1568
 1525 1570
 1525 1526
 1526 1571
 1526 1527
 1527 1571
 1527 1528
 1528 1573
 1528 1529
 1528 1572
 1529 1574
 1529 1573
 1530 1574
 1530 1575
 1531 1532
 1531 1576
 1531 1575
 1532 1576
 1532 1533
 1533 1623
 1533 1578
 1533 1534
 1533 1577
 1534 1579
 1534 1578
 1534 1535
 1535 1536
 1535 1579
 1536 1581
 1536 1580
 1536 1537
 1537 1538
 1537 1581
 1538 1539
 1538 1582
 1539 1584
 1539 1583
 1539 1585
 1540 1586
 1540 1541
 1541 1587
 1542 1631
 1542 1543
 1542 1588
 1542 1587
 1543 1544
 1543 1588
 1543 1589
 1544 1590
 1544 1589
 1545 1591
 1545 1590
 1546 1547
 1547 1636
 1547 1593
 1547 1548
 1547 1591
 1548 1593
 1548 1549
 1549 1637
 1549 1594
 1549 1550
 1549 1593
 1550 1551
 1550 1594
 1551 1595
 1551 1597
 1552 1642
 1552 1598
 1552 1553
 1553 1554
 1553 1598
 1554 1600
 1554 1599
 1555 2384
 1555 1646
 1555 1601
 1556 1602
 1557 1604
 1557 1603
 1557 1558
 1557 1602
 1559 1606
 1560 1606
 1561 1607
 1561 1606
 1562 1607
 1562 1608
 1563 1609
 1563 1608
 1564 1609
 1564 1565
 1565 1566
 1565 1610
 1566 1612
 1566 1611
 1566 1610
 1567 1612
 1567 1568
 1568 1569
 1568 1614
 1568 1613
 1569 1615
 1569 1570
 1569 1614
 1570 1571
 1570 1616
 1570 1615
 1571 1617
 1571 1572
 1572 1618
 1572 1573
 1572 1617
 1573 1618
 1573 1619
 1574 1575
 1575 1619
 1575 1576
 1576 1577
 1576 1621
 1576 1620
 1577 1623
 1577 1670
 1578 1624
 1578 1623
 1580 1625
 1580 1581
 1580 1624
 1581 1673
 1581 1626
 1581 1625
 1582 1627
 1582 1626
 1583 1584
 1584 1628
 1584 1627
 1585 1628
 1585 1586
 1586 1629
 1586 1587
 1587 1678
 1587 1631
 1587 1630
 1588 1589
 1588 1631
 1589 1632
 1589 1590
 1590 1681
 1590 1591
 1590 1633
 1591 1635
 1591 1634
 1591 1592
 1592 1684
 1592 1635
 1593 1686
 1593 1636
 1594 1595
 1594 1639
 1594 1637
 1595 1640
 1595 1596
 1595 1639
 1596 1640
 1596 1597
 1596 1641
 1597 1642
 1598 1690
 1598 1643
 1598 1642
 1599 1692
 1599 1644
 1599 1600
 1600 1645
 1600 2380
 1600 1644
 1601 1696
 1601 1695
 1601 1647
 1601 1602
 1601 1646
 1602 1647
 1602 1603
 1603 1649
 1603 1648
 1604 1649
 1605 1652
 1606 1652
 1606 1653
 1607 1654
 1607 1653
 1608 1655
 1608 1654
 1609 1704
 1609 1705
 1609 1657
 1609 1656
 1610 1611
 1610 1657
 1610 1658
 1611 1658
 1611 1659
 1612 1613
 1613 1614
 1613 1659
 1614 1660
 1614 1615
 1615 1616
 1615 1663
 1615 1661
 1616 1663
 1617 1713
 1617 1664
 1617 1618
 1617 1663
 1618 1714
 1618 1619
 1618 1664
 1618 1665
 1619 1667
 1619 1666
 1619 1665
 1619 1620
 1620 1621
 1620 1668
 1620 1667
 1621 1668
 1622 1670
 1622 1668
 1623 1624
 1624 1671
 1624 1672
 1625 1673
 1626 1675
 1626 1627
 1626 1674
 1627 1676
 1627 1628
 1628 1629
 1629 1725
 1629 1676
 1629 1630
 1630 1726
 1630 1678
 1630 1677
 1631 1727
 1631 1679
 1631 1678
 1632 1680
 1632 1633
 1633 1680
 1634 1730
 1634 1635
 1634 1682
 1634 1681
 1635 1682
 1635 1684
 1636 1686
 1636 1685
 1636 1684
 1637 1686
 1638 1687
 1638 1639
 1638 1734
 1639 1640
 1639 1687
 1640 1689
 1640 1688
 1641 1690
 1643 1691
 1643 1692
 1643 1690
 1644 1693
 1644 1645
 1644 1692
 1645 2384
 1645 2381
 1645 1694
 1646 2384
 1646 1694
 1647 1697
 1647 1696
 1648 1698
 1648 1697
 1650 1698
 1651 1652
 1652 1700
 1652 1653
 1653 1702
 1654 1703
 1654 1655
 1655 1656
 1655 1704
 1655 1703
 1656 1704
 1657 1752
 1657 1707
 1657 1706
 1658 1707
 1658 1708
 1658 1659
 1659 1660
 1660 1708
 1660 1661
 1661 1711
 1661 1662
 1661 1709
 1662 1712
 1662 1663
 1663 1713
 1664 1759
 1664 1713
 1665 1760
 1665 1715
 1665 1714
 1666 1667
 1667 1668
 1667 1716
 1667 1717
 1668 1719
 1668 1718
 1670 1720
 1670 1719
 1670 1671
 1671 1765
 1671 1721
 1671 1672
 1671 1720
 1672 1766
 1672 1721
 1672 1673
 1672 1722
 1673 1722
 1674 1723
 1674 1675
 1674 1722
 1675 1724
 1675 1676
 1675 1723
 1677 1771
 1677 1770
 1677 1726
 1677 1725
 1678 1727
 1678 1726
 1679 1728
 1679 1727
 1680 1729
 1680 1681
 1681 1730
 1681 1729
 1682 1731
 1682 1730
 1684 1778
 1684 1732
 1684 1731
 1685 1686
 1686 1732
 1686 1733
 1686 1734
 1687 1781
 1687 1735
 1687 1734
 1688 1689
 1689 1690
 1689 1737
 1689 1736
 1689 1735
 1690 1739
 1690 1691
 1690 1737
 1691 1739
 1691 1740
 1692 1740
 1693 1741
 1693 1740
 1694 1742
 1694 1741
 1695 1742
 1695 1696
 1696 1697
 1697 1698
 1697 1743
 1698 1745
 1698 1744
 1698 1699
 1699 1745
 1700 1748
 1701 1702
 1702 1703
 1702 1750
 1703 1750
 1704 1751
 1705 1706
 1705 1751
 1706 1752
 1707 1753
 1707 1708
 1708 1709
 1708 1754
 1708 1753
 1709 1755
 1709 1754
 1709 1710
 1710 1711
 1710 1756
 1710 1755
 1711 1757
 1711 1756
 1711 1712
 1712 1758
 1712 1757
 1713 1759
 1714 1760
 1714 1759
 1715 1807
 1715 1761
 1715 1716
 1715 1760
 1716 1717
 1717 1761
 1717 1762
 1718 1719
 1719 1763
 1719 1720
 1719 1762
 1720 1765
 1720 1763
 1721 1812
 1721 1766
 1722 1813
 1722 1723
 1722 1766
 1723 1769
 1723 1724
 1723 1768
 1724 1725
 1724 1769
 1725 1769
 1725 1770
 1726 1727
 1726 1771
 1727 1820
 1727 1774
 1727 1728
 1727 1772
 1728 1729
 1728 1774
 1729 1775
 1729 1774
 1729 1730
 1730 1731
 1730 1777
 1731 1777
 1731 1778
 1732 1779
 1732 1733
 1732 1778
 1733 1779
 1733 1734
 1734 1781
 1735 1783
 1735 1736
 1735 1782
 1735 1781
 1736 1783
 1737 1829
 1737 1738
 1737 1783
 1738 1785
 1738 1784
 1738 1739
 1739 1785
 1740 1832
 1740 1833
 1740 1786
 1740 1785
 1741 1787
 1741 1786
 1742 1788
 1742 1787
 1743 1789
 1744 1790
 1745 1838
 1745 1791
 1747 1748
 1747 1793
 1748 1793
 1748 1794
 1748 1749
 1749 1794
 1750 1843
 1750 1795
 1751 1797
 1751 1796
 1752 1799
 1752 1798
 1752 1797
 1753 1799
 1753 1754
 1754 1801
 1754 1755
 1754 1799
 1755 1756
 1755 1801
 1756 1803
 1756 1801
 1756 1757
 1757 1804
 1757 1803
 1758 1759
 1759 1805
 1759 1804
 1760 1807
 1760 1806
 1761 1762
 1761 1808
 1761 1807
 1762 1808
 1762 1809
 1762 1763
 1763 1811
 1763 1764
 1763 1809
 1764 1811
 1765 1861
 1765 1812
 1766 1812
 1767 1814
 1767 1768
 1767 1813
 1768 1815
 1768 1769
 1769 1770
 1769 1816
 1770 1816
 1770 1771
 1771 1772
 1771 1817
 1772 1773
 1772 1818
 1773 1820
 1774 1775
 1774 1821
 1775 1821
 1775 1822
 1776 1822
 1776 1823
 1776 1777
 1777 1778
 1777 1824
 1777 1823
 1778 1824
 1778 1779
 1779 1780
 1780 1781
 1780 1825
 1781 1826
 1781 1782
 1782 1828
 1782 1783
 1782 1827
 1783 1829
 1784 1785
 1784 1830
 1784 1829
 1785 1832
 1785 1830
 1786 1881
 1786 1834
 1786 1833
 1787 1835
 1787 1834
 1788 1836
 1788 1835
 1788 1789
 1789 1884
 1789 1837
 1789 1836
 1790 1885
 1790 1838
 1790 1837
 1791 1838
 1792 1841
 1793 1841
 1793 1794
 1794 1795
 1794 1841
 1795 1843
 1795 1842
 1796 1844
 1796 1843
 1797 1845
 1797 1891
 1798 1891
 1798 1799
 1798 1846
 1799 1800
 1799 1846
 1800 1848
 1800 1847
 1800 1801
 1801 1802
 1801 1849
 1802 1803
 1802 1851
 1803 1804
 1803 1852
 1804 1853
 1804 1852
 1804 1805
 1805 1854
 1805 1806
 1805 1853
 1806 1855
 1807 1808
 1807 1857
 1808 1809
 1808 1858
 1809 1859
 1809 1858
 1809 1810
 1810 1860
 1810 1811
 1810 1859
 1811 1861
 1811 1860
 1812 1862
 1812 1813
 1812 1861
 1813 1863
 1814 1908
 1814 1865
 1814 1815
 1815 1816
 1816 1865
 1816 1817
 1817 1818
 1817 1866
 1818 1867
 1818 1819
 1819 1820
 1819 1869
 1819 1868
 1820 1821
 1821 1822
 1821 1870
 1821 1871
 1822 1823
 1823 1872
 1823 1871
 1824 1825
 1824 1872
 1825 1826
 1825 1873
 1826 1874
 1826 1827
 1827 1876
 1827 1875
 1828 1920
 1828 1878
 1828 1877
 1829 1878
 1829 1830
 1830 1831
 1830 1878
 1831 1879
 1831 1832
 1832 1833
 1833 1881
 1834 1882
 1834 1881
 1835 1883
 1836 1926
 1836 1883
 1837 1885
 1837 1884
 1838 1886
 1838 1885
 1841 1930
 1841 1887
 1841 1888
 1843 1889
 1843 1844
 1844 1890
 1844 1845
 1845 1891
 1845 1890
 1846 1893
 1846 1847
 1846 1891
 1847 1894
 1847 1893
 1847 1848
 1848 1849
 1849 1894
 1849 1850
 1850 1897
 1850 1851
 1850 1895
 1851 1852
 1852 1853
 1852 1898
 1853 1898
 1853 1854
 1854 1855
 1855 1856
 1855 1899
 1856 1901
 1856 1900
 1856 1857
 1857 1902
 1857 1858
 1858 1859
 1859 1903
 1859 1860
 1860 1861
 1860 1904
 1860 1903
 1861 1904
 1861 1862
 1862 1905
 1862 1863
 1863 1864
 1863 1906
 1864 1908
 1865 1909
 1865 1866
 1866 1867
 1866 1909
 1867 1868
 1867 1911
 1868 1911
 1869 1870
 1869 1913
 1870 1955
 1870 1871
 1870 1913
 1870 1914
 1871 1914
 1872 1916
 1872 1873
 1873 1874
 1873 1916
 1874 2389
 1874 1875
 1875 1918
 1876 1877
 1876 1918
 1877 1962
 1877 1920
 1878 1921
 1878 1879
 1879 1921
 1879 1880
 1880 1923
 1880 1881
 1880 1922
 1881 1924
 1881 1882
 1882 1967
 1882 1925
 1882 1883
 1882 1924
 1883 1968
 1883 1925
 1884 1927
 1884 1926
 1885 1971
 1885 1928
 1885 1927
 1887 1930
 1888 1931
 1888 1889
 1888 1930
 1889 1932
 1889 1931
 1890 1933
 1890 1891
 1890 1932
 1891 1892
 1891 1935
 1891 1933
 1892 1893
 1893 1936
 1894 1895
 1894 1936
 1895 1896
 1895 1937
 1896 1939
 1896 1897
 1897 1940
 1897 1898
 1898 1899
 1898 1940
 1899 1900
 1899 1941
 1900 1942
 1900 1943
 1901 1902
 1901 1944
 1902 1946
 1902 1903
 1902 1944
 1903 1947
 1904 1905
 1904 1947
 1905 1906
 1905 1948
 1906 1907
 1906 1949
 1907 1908
 1908 1992
 1908 1991
 1908 1909
 1909 1993
 1909 1992
 1909 1951
 1910 1951
 1910 1911
 1911 1912
 1911 1953
 1912 1954
 1913 1955
 1913 1954
 1914 1915
 1914 1956
 1915 1958
 1915 1916
 1916 2389
 1916 1958
 1917 1918
 1917 1960
 1917 2389
 1918 1919
 1919 1962
 1920 2005
 1920 1963
 1920 1921
 1921 1964
 1921 1963
 1922 2007
 1922 1964
 1923 2008
 1923 1966
 1923 1924
 1924 1967
 1925 1967
 1926 1969
 1926 1968
 1926 1927
 1927 1970
 1928 1971
 1930 2016
 1930 1973
 1931 1975
 1931 1974
 1932 2019
 1932 1933
 1932 1975
 1933 1976
 1933 1934
 1934 1977
 1934 1935
 1934 1976
 1935 2021
 1935 1978
 1935 1936
 1936 1937
 1936 1978
 1937 1938
 1937 1979
 1938 1939
 1938 2374
 1939 1981
 1939 1940
 1940 1981
 1940 1941
 1941 1982
 1941 1942
 1942 1983
 1943 1985
 1944 1986
 1944 1945
 1944 1985
 1945 1986
 1945 1946
 1945 1987
 1946 1988
 1946 1947
 1947 1988
 1947 1948
 1948 1949
 1948 1989
 1949 2372
 1949 1990
 1950 2372
 1950 1991
 1951 1994
 1951 1993
 1952 1994
 1952 1953
 1953 1996
 1954 1996
 1954 1997
 1955 1997
 1955 1956
 1955 1998
 1956 1998
 1956 1957
 1957 1999
 1957 1958
 1958 2390
 1958 2044
 1958 2001
 1959 1960
 1959 2001
 1960 2002
 1960 2389
 1961 2004
 1961 2002
 1962 2005
 1962 2004
 1963 2006
 1963 1964
 1964 2006
 1965 2008
 1965 2007
 1966 2009
 1966 1967
 1967 1968
 1967 2010
 1968 2055
 1968 2011
 1968 2010
 1969 2011
 1970 2012
 1971 2013
 1971 2012
 1972 2013
 1973 2016
 1974 2016
 1975 2019
 1975 2018
 1976 2019
 1977 2021
 1977 2020
 1978 2022
 1978 1979
 1978 2021
 1979 2023
 1980 2025
 1980 2374
 1981 2026
 1981 1982
 1981 2025
 1982 1983
 1982 2027
 1982 2026
 1983 2027
 1984 1985
 1984 2027
 1985 2029
 1985 1986
 1986 2076
 1986 2029
 1987 2078
 1987 2031
 1987 2030
 1988 2031
 1988 2032
 1988 1989
 1989 1990
 1989 2032
 1990 2034
 1990 2372
 1991 1992
 1991 2036
 1992 2037
 1992 1993
 1993 2037
 1994 2038
 1994 2037
 1995 2038
 1995 1996
 1996 2040
 1997 2088
 1997 2041
 1997 2040
 1997 1998
 1998 2041
 1999 2042
 1999 2000
 1999 2041
 2000 2044
 2001 2045
 2001 2044
 2001 2390
 2002 2045
 2002 2003
 2003 2048
 2003 2046
 2004 2049
 2004 2048
 2004 2005
 2005 2050
 2005 2006
 2006 2007
 2006 2051
 2007 2052
 2007 2051
 2008 2009
 2008 2373
 2009 2054
 2010 2055
 2010 2054
 2011 2056
 2011 2012
 2012 2058
 2012 2057
 2013 2059
 2013 2058
 2015 2061
 2016 2061
 2016 2062
 2016 2017
 2017 2018
 2017 2063
 2017 2062
 2018 2063
 2018 2064
 2018 2019
 2019 2064
 2019 2020
 2020 2066
 2021 2067
 2021 2022
 2022 2023
 2022 2067
 2023 2069
 2023 2068
 2023 2374
 2024 2069
 2024 2070
 2025 2071
 2025 2026
 2025 2115
 2025 2070
 2026 2071
 2027 2073
 2027 2072
 2028 2075
 2028 2073
 2029 2076
 2029 2075
 2030 2076
 2031 2032
 2032 2033
 2032 2078
 2032 2122
 2033 2079
 2033 2080
 2034 2081
 2034 2372
 2034 2080
 2035 2081
 2035 2083
 2035 2036
 2036 2037
 2036 2084
 2037 2085
 2037 2038
 2038 2129
 2038 2086
 2038 2085
 2039 2087
 2040 2088
 2040 2087
 2041 2089
 2041 2042
 2041 2088
 2042 2090
 2042 2089
 2043 2091
 2044 2091
 2044 2045
 2045 2092
 2045 2091
 2046 2093
 2046 2047
 2047 2095
 2048 2095
 2048 2049
 2049 2050
 2049 2096
 2049 2140
 2049 2095
 2050 2096
 2050 2051
 2051 2052
 2051 2098
 2052 2142
 2052 2373
 2052 2098
 2053 2373
 2053 2100
 2054 2101
 2054 2100
 2054 2055
 2055 2056
 2055 2102
 2055 2101
 2056 2103
 2056 2102
 2056 2057
 2057 2058
 2057 2103
 2058 2105
 2058 2104
 2061 2151
 2061 2107
 2061 2106
 2062 2152
 2062 2107
 2062 2108
 2063 2064
 2063 2108
 2064 2153
 2064 2109
 2064 2108
 2065 2066
 2065 2109
 2066 2111
 2067 2112
 2067 2111
 2067 2068
 2068 2113
 2068 2069
 2069 2113
 2070 2115
 2071 2116
 2071 2115
 2072 2116
 2072 2073
 2073 2118
 2073 2117
 2074 2118
 2074 2075
 2075 2120
 2075 2076
 2076 2077
 2076 2120
 2078 2169
 2078 2168
 2078 2121
 2078 2122
 2079 2170
 2079 2122
 2080 2124
 2080 2125
 2080 2081
 2081 2372
 2081 2125
 2082 2083
 2083 2127
 2083 2084
 2084 2127
 2084 2085
 2085 2129
 2086 2130
 2086 2129
 2087 2132
 2087 2088
 2087 2131
 2088 2375
 2088 2132
 2089 2090
 2089 2134
 2089 2133
 2090 2136
 2091 2136
 2091 2137
 2091 2092
 2092 2137
 2092 2093
 2093 2138
 2093 2137
 2094 2139
 2094 2138
 2095 2367
 2095 2139
 2096 2097
 2096 2140
 2097 2098
 2098 2142
 2098 2141
 2099 2100
 2099 2142
 2100 2144
 2100 2101
 2101 2191
 2101 2144
 2101 2102
 2102 2146
 2102 2103
 2103 2147
 2103 2146
 2104 2148
 2105 2148
 2106 2151
 2107 2152
 2108 2153
 2108 2152
 2109 2154
 2109 2153
 2110 2111
 2110 2154
 2111 2112
 2111 2156
 2112 2113
 2112 2156
 2113 2114
 2113 2159
 2113 2158
 2114 2115
 2115 2116
 2115 2160
 2116 2162
 2116 2160
 2116 2117
 2117 2163
 2117 2118
 2118 2206
 2118 2164
 2118 2163
 2119 2165
 2120 2121
 2120 2165
 2120 2166
 2121 2166
 2121 2168
 2122 2169
 2123 2171
 2123 2170
 2124 2125
 2124 2172
 2124 2171
 2125 2172
 2125 2126
 2126 2127
 2126 2172
 2127 2174
 2127 2128
 2128 2175
 2128 2129
 2128 2174
 2129 2175
 2129 2130
 2131 2177
 2131 2176
 2132 2375
 2132 2177
 2133 2134
 2133 2375
 2134 2221
 2134 2135
 2134 2178
 2135 2180
 2136 2181
 2136 2180
 2136 2137
 2137 2183
 2137 2138
 2137 2181
 2138 2183
 2139 2185
 2139 2184
 2140 2186
 2140 2141
 2140 2185
 2141 2187
 2141 2228
 2141 2186
 2142 2143
 2142 2188
 2142 2187
 2143 2190
 2144 2191
 2144 2190
 2145 2192
 2145 2191
 2145 2146
 2146 2147
 2147 2148
 2147 2194
 2147 2193
 2148 2195
 2148 2194
 2151 2197
 2151 2196
 2152 2239
 2152 2198
 2152 2197
 2153 2199
 2153 2154
 2154 2242
 2154 2200
 2154 2155
 2154 2199
 2155 2201
 2156 2244
 2156 2202
 2156 2157
 2156 2201
 2157 2158
 2158 2246
 2158 2159
 2159 2246
 2159 2160
 2160 2204
 2160 2161
 2161 2250
 2161 2162
 2161 2205
 2161 2204
 2163 2251
 2163 2206
 2163 2205
 2164 2207
 2164 2206
 2165 2207
 2165 2166
 2166 2208
 2166 2209
 2166 2207
 2168 2210
 2168 2169
 2168 2209
 2169 2211
 2169 2170
 2170 2211
 2171 2258
 2171 2213
 2171 2172
 2172 2213
 2172 2173
 2173 2260
 2173 2174
 2173 2214
 2174 2216
 2174 2215
 2175 2217
 2175 2216
 2176 2217
 2176 2177
 2177 2375
 2177 2219
 2178 2221
 2179 2180
 2179 2221
 2180 2223
 2180 2181
 2181 2223
 2181 2182
 2182 2225
 2182 2183
 2183 2225
 2184 2225
 2185 2272
 2185 2227
 2185 2186
 2185 2367
 2186 2227
 2188 2230
 2188 2229
 2188 2189
 2189 2190
 2189 2230
 2190 2232
 2190 2191
 2191 2234
 2191 2233
 2191 2192
 2192 2193
 2192 2234
 2193 2194
 2194 2236
 2194 2235
 2195 2236
 2197 2283
 2197 2239
 2197 2238
 2198 2199
 2198 2239
 2199 2287
 2199 2241
 2200 2201
 2200 2243
 2200 2291
 2201 2244
 2201 2243
 2202 2246
 2202 2244
 2203 2247
 2203 2204
 2203 2246
 2204 2247
 2204 2248
 2205 2250
 2206 2251
 2207 2208
 2207 2252
 2208 2253
 2208 2209
 2209 2255
 2209 2210
 2210 2256
 2210 2211
 2211 2257
 2211 2212
 2212 2258
 2213 2259
 2213 2258
 2213 2214
 2214 2260
 2215 2322
 2215 2260
 2216 2217
 2216 2261
 2217 2264
 2217 2218
 2217 2262
 2218 2219
 2219 2220
 2219 2266
 2219 2264
 2219 2375
 2220 2221
 2220 2375
 2221 2266
 2221 2222
 2222 2268
 2223 2269
 2223 2224
 2223 2268
 2224 2225
 2225 2271
 2225 2270
 2225 2226
 2225 2269
 2226 2272
 2227 2228
 2227 2273
 2227 2272
 2228 2274
 2228 2229
 2229 2230
 2230 2275
 2230 2274
 2231 2277
 2231 2275
 2231 2232
 2232 2233
 2233 2278
 2233 2277
 2233 2234
 2234 2278
 2234 2235
 2235 2280
 2235 2236
 2236 2281
 2236 2280
 2239 2285
 2239 2240
 2239 2283
 2240 2287
 2240 2285
 2241 2289
 2241 2242
 2241 2287
 2242 2291
 2242 2289
 2243 2293
 2243 2291
 2244 2245
 2244 2293
 2245 2296
 2245 2294
 2245 2246
 2246 2298
 2246 2296
 2247 2248
 2247 2298
 2248 2249
 2248 2299
 2249 2302
 2249 2300
 2249 2250
 2250 2304
 2250 2251
 2250 2302
 2251 2305
 2251 2252
 2252 2307
 2252 2253
 2252 2305
 2253 2309
 2253 2307
 2253 2254
 2254 2311
 2254 2255
 2254 2309
 2255 2313
 2255 2256
 2255 2311
 2256 2315
 2256 2313
 2256 2257
 2257 2317
 2257 2258
 2257 2315
 2258 2318
 2259 2320
 2259 2260
 2259 2318
 2260 2322
 2260 2320
 2261 2324
 2261 2262
 2261 2322
 2262 2325
 2262 2263
 2263 2327
 2263 2264
 2263 2325
 2264 2329
 2264 2327
 2264 2265
 2265 2331
 2265 2266
 2265 2329
 2266 2333
 2266 2331
 2266 2267
 2267 2335
 2267 2268
 2267 2333
 2268 2337
 2268 2269
 2268 2335
 2269 2339
 2269 2270
 2269 2337
 2270 2341
 2270 2339
 2271 2343
 2271 2272
 2271 2341
 2272 2345
 2272 2343
 2273 2347
 2273 2274
 2273 2345
 2274 2349
 2274 2347
 2274 2275
 2275 2350
 2275 2349
 2276 2352
 2276 2277
 2276 2350
 2277 2354
 2277 2352
 2278 2356
 2278 2279
 2278 2354
 2279 2358
 2279 2280
 2279 2356
 2280 2360
 2280 2358
 2280 2281
 2376 2377
 2378 2379
 2380 2381
 2380 2382
 2381 2384
 2382 2383
 2383 2384
 2387 2388
 2389 2390
