    2  126
    2   82
    3   82
    4   83
    4   82
    6   84
    6   83
    8   84
    9   86
    9   85
   11  130
   11   87
   11   86
   13   87
   14   88
   14   89
   16  132
   16   90
   16   89
   18   91
   18   90
   19   92
   21   93
   21   92
   22   93
   23   94
   23   93
   25   94
   25   95
   27   96
   27   95
   28   96
   29   97
   29   96
   31   98
   31   97
   33  140
   33   99
   33   98
   34  100
   34   99
   36  101
   36  100
   38  102
   38  101
   39  102
   40  102
   40  103
   42  146
   42  104
   42  103
   44  105
   44  104
   46  106
   46  105
   48  106
   48  107
   50  150
   50  108
   50  107
   52  108
   53  110
   53  109
   55  111
   55  110
   57  153
   57  111
   57  112
   59  112
   59  113
   61  113
   61  114
   62  114
   62  115
   64  115
   64  116
   66  117
   66  116
   67  117
   68  118
   68  117
   70  119
   70  118
   71  120
   71  119
   73  121
   73  120
   75  122
   75  121
   77  123
   77  122
   79  165
   79  123
   81  126
   82  127
   82  126
   83  128
   83   84
   84 2378
   84   85
   85 2378
   85  129
   85   86
   87   88
   87  130
   88  174
   88   89
   88  131
   90   91
   90  132
   91  134
   91   92
   91  133
   93  136
   93   94
   93  135
   94  137
   94   95
   96  182
   96  181
   96   97
   96  138
   97   98
   98  140
   98  139
   99  141
   99  140
  100  101
  101  102
  101  142
  102  144
  102  143
  103  146
  103  144
  104  147
  104  105
  105  106
  106  147
  106  107
  107  150
  107  148
  108  195
  108  109
  108  150
  109  110
  109  195
  110  197
  110  196
  110  151
  110  152
  110  111
  111  153
  112  113
  112  153
  113  155
  113  154
  114  115
  115  116
  115  155
  115  157
  117  159
  117  158
  117  118
  118  119
  119  161
  119  160
  120 2377
  120  121
  121 2377
  121  122
  122  162
  122  123
  123  165
  123  164
  123  163
  124  165
  125  168
  126  169
  126  168
  126  127
  127  128
  127  169
  129  130
  129 2378
  130  131
  130  172
  131  173
  131  172
  132  133
  132 2386
  132  174
  133 2386
  133  134
  133  175
  134  135
  135  178
  135  177
  135  136
  136 2381
  136  137
  137  138
  137 2381
  137  179
  138  179
  139  140
  139  182
  140  141
  140  183
  140  184
  141  186
  141  142
  142  143
  142  187
  143  189
  143  144
  143  188
  144  189
  145  191
  145  146
  146  147
  146  191
  147  235
  147  236
  147  148
  147  192
  148  149
  149  193
  150  238
  150  195
  150  194
  152  197
  153  199
  153  154
  153  198
  154  243
  154  155
  154  199
  154  200
  155  156
  156  201
  156  292
  156  157
  156  245
  157  158
  157  201
  158  204
  158  159
  158  203
  159  205
  159  160
  160  161
  160  205
  162  207
  162  208
  162  163
  162 2377
  164  209
  164  165
  164  208
  165  211
  165  210
  168  212
  168  214
  168  213
  168  169
  169  215
  169  257
  169  214
  169  170
  170 2378
  171 2378
  171  172
  171  216
  171  217
  172  217
  172  173
  173  218
  173  174
  173  217
  175  221
  175  220
  175 2386
  176  177
  176  221
  177  223
  177  178
  178 2381
  178  268
  178  267
  178  223
  179  224
  179 2381
  180  181
  181  272
  181  226
  181  225
  181  182
  182  183
  183  227
  183  184
  183  226
  184  228
  184  227
  186  187
  186  228
  187  229
  187  188
  188  230
  188  229
  188  189
  189  190
  189  231
  189  230
  190  231
  191  233
  191  232
  191  192
  192  235
  192  233
  193  194
  193  237
  193  236
  194  284
  194  237
  194  238
  195  240
  195  238
  196  197
  196  240
  197  241
  197  198
  199  242
  199  243
  200  244
  200  245
  200  243
  201  293
  201  246
  201  292
  202  203
  203  247
  203  204
  203  246
  204  247
  204  205
  205  297
  205  249
  205  206
  205  248
  206  299
  206 2377
  207  251
  207  208
  207  250
  208  252
  208  209
  208  251
  209  253
  209  252
  209  210
  210  302
  210  254
  210  253
  212  256
  213  256
  214  257
  214  256
  215  259
  215  257
  216  260
  216  259
  216 2378
  217  261
  217  260
  218  262
  218  219
  219 2386
  220  264
  220  265
  220 2386
  220  263
  221  222
  222  266
  222  223
  223  266
  224  225
  225  270
  226  227
  226  272
  227  275
  227  274
  227  273
  228  276
  229  277
  229  230
  229  276
  230  278
  230  277
  231  278
  233  280
  233  234
  233  279
  234  281
  234  280
  234  235
  235  282
  235  281
  237  284
  237  283
  238  285
  238  284
  239  286
  239  240
  240  241
  241  332
  241  288
  241  242
  241  287
  242  290
  242  243
  243  290
  244  291
  247  248
  247  296
  247  295
  248  296
  248  297
  249  343
  249  298
  250  300
  250  251
  250  299
  250 2377
  251  252
  251  300
  252  253
  253  301
  254  302
  256  304
  256  305
  257  306
  257  258
  258  307
  258  306
  258  259
  259  260
  260  310
  260  261
  260  309
  261  310
  261  311
  262  312
  262  311
  262  263
  263 2386
  264  314
  264  265
  264  313
  265  314
  265  315
  266  316
  266  267
  266  315
  267  317
  267  316
  267  268
  268  317
  268 2381
  269 2381
  269  270
  270  318
  270  271
  271  272
  271  319
  272  320
  272  273
  273  321
  273  274
  273  320
  274  275
  274  321
  275  276
  276  324
  276  323
  277  324
  277  278
  278  325
  278  279
  278  324
  280  328
  280  327
  280  281
  281  328
  282  329
  282  283
  282  328
  284  375
  284  285
  285  376
  285  330
  285  375
  286  331
  286  287
  286  330
  288  379
  288  289
  288  332
  289  333
  289  334
  289  290
  290  335
  290  291
  291  292
  292  293
  292  336
  293  338
  293  337
  293  294
  294  295
  294  339
  296  341
  296  340
  297  342
  297  343
  297  341
  299  345
  299  344
  300  346
  300  345
  301  347
  301  346
  302  348
  302  347
  305  350
  305  349
  305  306
  306  351
  306  350
  306  307
  307  352
  307  351
  307  308
  308  353
  308  309
  308  352
  309  354
  309  353
  309  310
  310  355
  310  354
  311  357
  311  312
  312  313
  313  358
  313  314
  314  360
  314  359
  316  362
  316  317
  316  361
  317  404
  317  363
  318  319
  318  364
  318  363
  319  364
  319  320
  320 2391
  320  365
  320  321
  321  408
  321  367
  321  366
  322  368
  323  368
  324 2402
  324  325
  324  369
  324  411
  325  370
  325  371
  325  326
  326  327
  327  372
  327  373
  327  328
  328  374
  328  373
  329  375
  330  377
  330  331
  331  332
  332  378
  333  422
  333  334
  333  380
  333  379
  334  380
  334  335
  335  381
  335  336
  336  382
  337  383
  337  338
  337  382
  338  427
  338  384
  338  383
  339  340
  339  384
  340  341
  340  385
  341  386
  341  342
  342  430
  342  387
  342  386
  343  344
  344  345
  344  388
  345  433
  345  389
  345  388
  345  346
  346  390
  346  389
  347  435
  347  391
  347  390
  348  391
  350  438
  350  394
  350  393
  350  351
  351  394
  351  352
  352  440
  353  396
  353  397
  354  398
  354  355
  354  397
  355  398
  355  356
  356  399
  356  357
  357  358
  358  400
  358  359
  359  360
  359  402
  359  401
  360  361
  361  403
  361  362
  361  402
  362  447
  362  404
  364  365
  364  405
  364  406
  366  407
  366  408
  366 2391
  367  452
  367  409
  368  410
  368  409
  369  455
  369  412
  369  411
  369  370
  370  413
  370  412
  371  372
  372  373
  372  413
  373  415
  373  414
  374  375
  375  417
  375  376
  376  418
  376  417
  377  378
  377  419
  378  420
  378  379
  379  420
  380  424
  380  381
  380  422
  381  425
  381  382
  383  427
  383  426
  384  428
  385  386
  385  428
  386  429
  386  430
  387  432
  387  388
  388  433
  388  432
  389  434
  389  433
  390  434
  391  478
  391  436
  393  438
  394  395
  394  438
  395  484
  395  440
  396  441
  396  397
  396  440
  397  486
  397  398
  398  442
  398  487
  398  486
  399  443
  399  400
  399  442
  400  401
  401  402
  401  444
  402  445
  402  403
  403  493
  403  447
  403  446
  404  448
  405  406
  405  448
  406 2392
  406  449
  407 2391
  407  451
  407  499
  407  450
  408 2404
  408  452
  409  410
  410  411
  410 2402
  410  453
  411  454
  412  456
  412  455
  412  457
  413  414
  414  459
  414  458
  414  415
  415  460
  415  416
  416  417
  417  462
  417  461
  418  463
  418  419
  418  462
  419  420
  420  421
  420  465
  421  467
  421  466
  421  422
  422  467
  422  423
  423  468
  423  424
  423  467
  424  425
  424  468
  425  469
  425  426
  426  427
  427  470
  427  471
  428  429
  428  471
  429  473
  429  430
  429  472
  430  431
  431  432
  431  474
  431  475
  431  473
  432  433
  432  475
  433  477
  433  434
  434 2379
  434  477
  435  478
  435 2379
  436  478
  437  438
  437  481
  438  439
  438  481
  440  441
  441  535
  441  485
  442  443
  442  487
  443  488
  443  444
  444  490
  444  445
  445  491
  445  492
  445  446
  446  541
  446  493
  446  492
  447  495
  447  448
  448  449
  449 2392
  449  496
  449  450
  450  499
  450  497
  450 2391
  451 2404
  451  499
  452 2403
  452  500
  453  454
  453  500
  454  501
  454  455
  455  503
  456  552
  456  457
  456  504
  456  503
  457  458
  458  459
  458  506
  459  507
  459  506
  459  460
  460  508
  461  462
  461  508
  462  463
  462  509
  463  511
  463  464
  463  510
  464  465
  465  513
  465  512
  465  466
  466  515
  466  467
  466  514
  466  513
  467  468
  468  516
  468  517
  469  518
  469  517
  470  520
  470  519
  470  471
  470  518
  471  472
  472  521
  472  473
  472  520
  472  522
  473  522
  473  523
  473  474
  474  475
  474  523
  475  524
  475  476
  476  477
  476  525
  477 2379
  478  479
  478  527
  478 2379
  479  528
  481  530
  481  531
  482  483
  483  484
  483  532
  483  531
  483  533
  485  536
  485  486
  486  536
  486  487
  487  488
  487  537
  488  538
  488  489
  488  537
  488  585
  489  586
  489  538
  489  490
  489  539
  490  540
  490  491
  491  540
  491  492
  492  540
  493  542
  493  494
  493  541
  494  543
  494  495
  494  542
  495  496
  496  497
  496  544
  497  545
  497  498
  498  499
  498  546
  498  545
  499  547
  499  546
  499 2403
  500  549
  501  502
  501  549
  502  550
  502  551
  503  552
  503  551
  504  505
  504  553
  504  552
  504  554
  505  506
  506  507
  506  556
  506  555
  507  556
  507  508
  507  557
  507  558
  508  509
  509  559
  509  558
  509  510
  510  605
  510  560
  510  559
  511  561
  511  560
  512  562
  512  513
  512  561
  513  562
  513  514
  514  609
  514  564
  514  515
  515  516
  516  517
  516  564
  517  612
  517  567
  517  565
  517  566
  517  518
  518  519
  518  567
  519  568
  519  567
  519  520
  520  569
  520  521
  520  568
  521  616
  521  522
  521  570
  522  570
  523  571
  523  570
  524  572
  525  573
  526 2379
  526  574
  527  621
  527  576
  527 2379
  528  577
  530  579
  530  531
  531  579
  532  581
  532  626
  532  533
  532  580
  533  581
  533  534
  534  628
  534  581
  534  535
  535  628
  536  582
  537  584
  537  583
  538  586
  539  587
  539  540
  539  586
  540  541
  540  588
  541  588
  541  589
  542  590
  542  543
  543  544
  543  591
  544  592
  544  545
  545  546
  545  592
  546  593
  546  592
  547  594
  547  593
  548 2403
  548  595
  548  594
  548  549
  549  550
  550  597
  550  551
  550  598
  550  596
  551  598
  551  552
  552  646
  552  553
  553  600
  553  599
  554  600
  554  555
  555  602
  555  601
  555  556
  555  600
  556  557
  556  603
  557  558
  558  559
  559  651
  559  604
  560  607
  560  561
  560  606
  560  605
  561  562
  562  608
  562  607
  563  608
  563  609
  564  610
  564  565
  564  609
  565  611
  565  610
  565  566
  566  612
  566  611
  567  568
  567  612
  568  615
  568  614
  568  569
  569  616
  570  617
  570  616
  571  618
  571  572
  572  619
  572  573
  573  620
  573  619
  574  669
  574  575
  574  620
  575  669
  575  621
  575 2380
  576  622
  576  577
  576  621
  577  622
  578  625
  579  625
  579  580
  580  626
  580  625
  581  627
  581  628
  582  676
  582  583
  582  628
  583  629
  584  631
  584  585
  584  630
  585  632
  585  586
  585  631
  586  587
  586  632
  586  634
  587  635
  587  588
  588  636
  588  589
  589  637
  589  636
  589  590
  590  638
  590  684
  590  591
  590  637
  591  639
  591  592
  591  638
  592  639
  592  593
  593  594
  593  641
  593  687
  594  689
  594  641
  594  642
  594  595
  595  643
  595  642
  595  596
  596  691
  596  644
  596  597
  596  643
  597  598
  597  644
  598  692
  598  645
  599  647
  599  646
  599  600
  600  601
  600  648
  601  649
  601  648
  602  603
  603  697
  603  651
  603  649
  603  604
  604  651
  605  652
  605  651
  606  607
  606  652
  607  608
  607  653
  607  655
  608  609
  608  655
  609  656
  609  657
  610  658
  610  657
  610  611
  611  660
  611  612
  611  658
  612  706
  612  661
  612  613
  614  662
  614  615
  615  710
  615  664
  615  663
  615  616
  616  665
  616  617
  617  618
  617  665
  618  666
  618  619
  619  667
  619  620
  619  666
  620  669
  620  668
  621  622
  621  669
  622  670
  623  670
  624  625
  624  673
  625  626
  626  674
  626  627
  627  675
  627  628
  628  676
  629  630
  629  677
  629  676
  630  677
  630  678
  630  631
  631  632
  632  679
  632  678
  633  634
  634  635
  634  680
  634  681
  635  636
  635  681
  635  683
  636  683
  637  684
  637  683
  638  685
  638  733
  638  639
  638  684
  639  640
  639  685
  640  686
  640  736
  640  687
  641  689
  641  687
  642  690
  642  689
  643  691
  644  691
  645  740
  645  691
  646  741
  646  693
  646  647
  646  692
  647  694
  647  693
  648  695
  648  649
  649  696
  649  650
  649  695
  650  697
  650  696
  651  699
  651  697
  651  652
  652  699
  653  654
  653  700
  653  699
  654  655
  654  700
  654  701
  654  702
  655  749
  655  703
  655  702
  657  704
  657  703
  657  658
  658  705
  658  704
  659  705
  659  660
  660  705
  661  707
  661  662
  661  706
  662  708
  662  707
  662  663
  663  709
  663  710
  663  708
  664  665
  664  711
  664  710
  665  712
  665  711
  665  666
  666  714
  666  713
  666  712
  667  760
  667  715
  668  716
  669  717
  669  716
  670  718
  670  717
  671  718
  673  720
  674  722
  675  723
  676  724
  676  677
  677  678
  677  725
  677  726
  678  727
  678  726
  678  679
  679  680
  679  727
  680  728
  680  681
  680  727
  681  682
  681  728
  682  730
  682  683
  683  730
  683  684
  684  732
  684  731
  685  686
  685  733
  686  735
  686  736
  686  734
  687  736
  688  785
  688  737
  688  736
  688  689
  689  738
  689  690
  690  787
  690  691
  690  739
  690  738
  691  788
  691  740
  692  741
  692  740
  693  790
  693  694
  693  741
  694  791
  694  743
  694  742
  694  695
  695  744
  695  696
  696  697
  697  745
  697  744
  698  796
  698  746
  698  699
  698  745
  699  747
  699  700
  699  746
  700  797
  700  748
  700  747
  702  799
  702  749
  702  748
  703  750
  703  704
  703  800
  704  705
  704  750
  704  752
  705  706
  706  753
  706  752
  706  707
  707  754
  707  753
  708  754
  709  756
  709  710
  709  755
  710  756
  710  711
  711  712
  711  758
  712  810
  712  759
  712  758
  713  759
  714  811
  714  760
  714  759
  715  761
  715  716
  715  760
  716  812
  716  762
  718  764
  718  763
  718  762
  720  721
  720  766
  721  766
  721  722
  721  767
  722  723
  722  768
  722  767
  723  818
  723  769
  723  768
  724  770
  724  771
  724  769
  725  726
  725  772
  725  771
  726  772
  726  727
  727  728
  727  773
  728  776
  728  774
  728  729
  729  730
  730  777
  730  778
  730  776
  731  732
  732  829
  732  780
  732  779
  733  780
  734  782
  734  780
  734  781
  734  735
  735  783
  735  736
  736  785
  736  783
  738  786
  738  787
  738  785
  739  835
  739  788
  739  787
  740  789
  740  741
  741  789
  742  790
  743  744
  743  791
  744  794
  744  745
  744  793
  745  794
  745  796
  746  797
  746  747
  748  799
  748  797
  749  800
  749  799
  750  801
  750  800
  751  848
  751  752
  751  801
  752  804
  752  802
  752  753
  753  754
  753  804
  754  755
  754  805
  755  806
  755  756
  756  853
  756  808
  756  807
  757  809
  757  758
  758  809
  759  810
  760  857
  760  761
  760  811
  761  812
  761  858
  762  813
  762  763
  762  812
  763  860
  763  814
  763  813
  765  816
  766  816
  767  768
  767  817
  767  816
  768  817
  768  818
  769  865
  769  819
  769  818
  770  771
  770  819
  771  820
  771  772
  772  822
  772  821
  772  773
  773  823
  773  774
  774  775
  775  824
  775  776
  775  825
  775  823
  776  825
  776  826
  776  777
  777  827
  777  826
  778  827
  778  779
  779  829
  779  827
  780  829
  781  875
  781  782
  781  830
  781  829
  782  830
  782  831
  782  783
  784  878
  784  832
  784  785
  784  831
  785  832
  785  833
  785  786
  787  881
  787  834
  788  836
  788  789
  788  835
  789  884
  789  837
  789  836
  790  838
  790  791
  790  837
  791  838
  791  839
  791  792
  792  840
  792  793
  792  839
  793  840
  793  794
  794  841
  794  840
  795  842
  795  841
  795  796
  796  843
  796  797
  797  844
  797  798
  797  845
  797  843
  798  845
  798  846
  798  799
  799  800
  800  847
  800  846
  802  849
  802  803
  802  848
  804  850
  804  805
  804  849
  805  850
  805  851
  806  851
  806  807
  807  853
  807  852
  807  851
  808  902
  808  854
  808  809
  808  853
  809  855
  809  854
  810  855
  811  905
  811  856
  812  813
  812  858
  813  859
  814  860
  816  862
  816  863
  817  864
  817  863
  818  865
  819  915
  820  866
  820  915
  821  866
  821  822
  821  867
  822  868
  822  823
  823  824
  823  868
  824  825
  824  870
  824  868
  825  871
  825  870
  827  872
  827  828
  828  874
  828  829
  828  872
  829  875
  830  877
  830  831
  830  875
  831  877
  831  878
  832  833
  832  879
  832  878
  833  880
  833  879
  833  834
  834  881
  834  880
  835  882
  835  836
  835  881
  836  883
  836  882
  837  886
  837  838
  837  884
  838  887
  838  886
  839  888
  839  840
  840  889
  840  841
  841  890
  841  842
  842  891
  842  890
  842  843
  843  844
  843  892
  844  893
  844  892
  845  894
  845  846
  846  895
  846  847
  846  894
  847  895
  847  848
  848  896
  848  849
  848  895
  849  942
  849  897
  849  896
  849  850
  850  851
  850  897
  851  852
  851  898
  851  899
  852  900
  852  901
  853  902
  854  950
  854  855
  854  902
  855  905
  855  904
  855  950
  856  906
  856  905
  857  906
  858  907
  858  906
  860  909
  860  908
  861  909
  862  863
  862  912
  863  864
  864  914
  864  913
  865  914
  866  867
  866  916
  866  917
  867  966
  867  917
  867  918
  867  868
  868  869
  868  918
  869  968
  869  920
  869  919
  870  921
  870  871
  871  921
  871  872
  872  970
  872  873
  872  922
  872  921
  873  972
  873  874
  874  923
  875  973
  875  923
  876  925
  876  924
  877  926
  877  878
  878  926
  879  977
  879  880
  879  926
  880  927
  880  928
  881  882
  882  928
  882  929
  883  980
  883  930
  883  929
  885  981
  885  931
  885  930
  886  931
  886  887
  886  932
  887  888
  887  933
  888  934
  888  889
  889  890
  889  934
  890  891
  890  934
  891  937
  891  892
  891  936
  892  937
  893  938
  893  894
  893  937
  894  895
  894  938
  895  896
  895  939
  896  940
  896  941
  897  898
  897  944
  897  942
  898  945
  898  994
  898  944
  898  899
  899  900
  899  945
  900  946
  900  947
  901  902
  901  948
  903  950
  903  948
  904  951
  904  950
  905  951
  906  953
  906  952
  907 1000
  907  954
  907  908
  908  955
  908  909
  908  954
  909  957
  909  956
  911  959
  913  960
  914  961
  914  963
  914  962
  915  964
  915  963
  916  965
  917 1011
  917  965
  917  966
  918 1012
  918  967
  918  919
  919  967
  920  969
  920  921
  920  968
  921  969
  922  972
  922  971
  922  970
  923  973
  923  972
  924  974
  924  925
  924  973
  925  975
  925  926
  925  974
  926  977
  926  975
  927  978
  927  928
  928  978
  928  979
  928  929
  929  980
  929 1024
  930  981
  930  980
  931  932
  931  981
  932  982
  932  983
  932  933
  933  984
  933  934
  933  985
  933  983
  934  935
  935  986
  935  985
  935  936
  936  937
  936  988
  936  986
  937  989
  937  938
  939  990
  939  989
  939  940
  940  991
  940  941
  940  990
  941 1036
  941  992
  941  991
  942  943
  943  993
  943  992
  945 1039
  945  995
  945  994
  946  947
  947  996
  947  948
  947  995
  948  997
  948  996
  948  949
  949  998
  949  950
  949  997
  950  999
  950  998
  951 2394
  951  952
  951  999
  952  953
  952 2394
  953 1045
  953 1000
  954 1046
  954 1001
  955 1001
  955  956
  956 1003
  956 1002
  956 1001
  958  959
  958 1005
  959 1005
  959 1006
  959  960
  960 1007
  960  961
  960 1006
  961 1007
  962  963
  962 1008
  962 1007
  963 1008
  964  965
  964 1009
  964 1008
  965 1009
  966 1011
  967 1058
  967 1057
  967  968
  967 1012
  968 1013
  968 1014
  968  969
  969 1015
  969  970
  969 1059
  970 1016
  970 1015
  970  971
  971 1017
  971 1062
  971 1016
  972 1018
  972  973
  972 1017
  973  974
  974 1065
  974  975
  974 1018
  975 1019
  975 1021
  976 1021
  976  977
  977 1022
  977  978
  977 1021
  978  979
  978 1023
  979 1023
  980  981
  980 1024
  981 1025
  981 1026
  982 1027
  982  983
  983 1028
  983  984
  984 1030
  984  985
  984 1028
  985  986
  986 1031
  986 1032
  986 1030
  987  988
  988  989
  988 1032
  988 1034
  989 1034
  989  990
  990  991
  990 1034
  991 1035
  992  993
  992 1038
  992 1036
  993 1038
  993  994
  994 1038
  995 1089
  995 1040
  995  996
  995 1039
  996  997
  996 1040
  997  998
  997 1041
  998 1044
  998 1043
  998 1042
  999 1044
  999 2394
 1000 1046
 1000 1045
 1001 2383
 1001 1047
 1001 1002
 1001 1046
 1002 1048
 1003 1048
 1005 1051
 1005 1050
 1006 1052
 1006 1051
 1007 1053
 1007 1052
 1008 1054
 1008 1053
 1009 1055
 1009 1010
 1009 1054
 1010 1105
 1010 1055
 1010 1011
 1010 1056
 1011 1056
 1011 1012
 1012 1057
 1012 1056
 1014 1058
 1015 1016
 1015 1059
 1016 1062
 1016 1060
 1017 1018
 1017 1062
 1018 1063
 1018 1064
 1018 1065
 1019 1066
 1019 1020
 1019 1065
 1020 1067
 1020 1021
 1020 1066
 1021 1022
 1021 1067
 1022 1023
 1022 1068
 1022 1117
 1022 1069
 1023 1069
 1023 1070
 1024 1072
 1024 1070
 1024 1025
 1025 1026
 1026 1074
 1026 1073
 1026 1027
 1026 1072
 1027 1124
 1027 1075
 1027 1028
 1027 1074
 1029 1076
 1029 1075
 1029 1030
 1030 1077
 1030 1076
 1030 1031
 1031 1077
 1032 1079
 1032 1078
 1032 1033
 1033 1080
 1033 1034
 1033 1079
 1034 1083
 1034 1081
 1034 1035
 1035 1036
 1035 1083
 1036 1084
 1036 1037
 1037 1087
 1037 1086
 1037 1038
 1037 1085
 1038 1088
 1038 1039
 1039 1089
 1039 1088
 1040 1090
 1040 1136
 1041 1091
 1041 1090
 1041 1042
 1042 1137
 1042 1043
 1043 1093
 1043 1092
 1044 1093
 1044 1094
 1045 1095
 1045 1046
 1046 2383
 1047 1098
 1047 1048
 1047 2383
 1048 1099
 1048 1098
 1050 1101
 1051 1147
 1051 1101
 1051 1102
 1052 1147
 1052 1103
 1053 1104
 1053 1103
 1054 1104
 1054 1055
 1055 1150
 1055 1105
 1056 1151
 1056 1057
 1056 1105
 1057 1108
 1057 1058
 1057 1107
 1058 1059
 1059 1110
 1059 1109
 1059 1108
 1059 1060
 1060 1061
 1060 1111
 1061 1111
 1061 1112
 1061 1062
 1062 1112
 1063 1113
 1065 1113
 1065 1114
 1065 1066
 1066 1160
 1066 1115
 1066 1114
 1067 1068
 1067 1116
 1068 1117
 1068 1116
 1069 1070
 1069 1119
 1069 1117
 1070 1119
 1071 1121
 1071 1120
 1071 1072
 1071 1119
 1072 1166
 1072 1121
 1072 1122
 1072 1073
 1073 1122
 1074 1168
 1074 1167
 1074 1124
 1074 1123
 1075 1125
 1075 1076
 1075 1124
 1076 1171
 1076 1125
 1076 1126
 1077 1127
 1077 1078
 1078 1079
 1078 1128
 1078 1127
 1079 1128
 1080 1128
 1080 1175
 1080 1129
 1082 1176
 1082 1129
 1082 1130
 1082 1083
 1083 1131
 1083 1130
 1085 1178
 1085 1132
 1085 1086
 1085 1131
 1086 1133
 1086 1132
 1087 1088
 1088 1089
 1088 1133
 1089 1135
 1089 1134
 1089 1136
 1090 1136
 1090 1183
 1090 1137
 1092 1138
 1092 1093
 1092 1137
 1093 1139
 1093 1138
 1094 1139
 1094 1140
 1095 2393
 1095 1142
 1095 1141
 1096 1143
 1096 2383
 1097 1144
 1097 2385
 1097 2383
 1098 1145
 1101 1193
 1101 1146
 1102 1193
 1103 1194
 1103 1148
 1104 1150
 1104 1148
 1104 1149
 1105 1197
 1106 1152
 1106 1151
 1107 1199
 1107 1108
 1107 1153
 1108 1109
 1109 1154
 1109 1153
 1110 1202
 1110 1155
 1110 1154
 1110 1111
 1111 1112
 1111 1155
 1112 1157
 1112 1156
 1112 1113
 1113 1158
 1113 1159
 1113 1157
 1113 1114
 1114 1159
 1115 1161
 1115 1116
 1115 1160
 1116 1117
 1116 1162
 1117 1162
 1117 1118
 1118 1119
 1118 1162
 1119 1164
 1119 1163
 1120 1164
 1120 1165
 1121 1166
 1122 1214
 1122 1167
 1122 1166
 1123 1167
 1124 1170
 1124 1125
 1124 1168
 1125 1218
 1125 1170
 1126 1172
 1126 1127
 1126 1171
 1127 1174
 1127 1128
 1127 1172
 1128 1175
 1128 1174
 1129 1176
 1129 1175
 1130 1177
 1130 1131
 1130 1176
 1131 1178
 1131 1177
 1132 1133
 1132 1180
 1132 1178
 1133 1134
 1134 1135
 1134 1181
 1134 1182
 1134 1180
 1135 1136
 1136 1230
 1136 1182
 1136 1183
 1137 1138
 1137 1184
 1137 1183
 1138 1139
 1139 1186
 1139 1185
 1140 1187
 1140 1186
 1140 1141
 1140 2393
 1141 1188
 1141 1187
 1142 1188
 1142 1143
 1143 2385
 1143 1189
 1143 1188
 1144 2385
 1144 1190
 1144 1145
 1144 1189
 1145 1190
 1146 1193
 1147 1194
 1147 1193
 1148 1149
 1148 1195
 1149 1150
 1149 1196
 1150 1197
 1150 1244
 1151 1246
 1151 1152
 1151 1198
 1151 1197
 1152 1198
 1152 1199
 1153 1200
 1153 1154
 1153 1199
 1154 1200
 1154 1202
 1155 1203
 1155 1202
 1156 1157
 1156 1204
 1157 1206
 1157 1204
 1157 1158
 1158 1159
 1158 1207
 1158 1206
 1159 1255
 1159 1208
 1159 1160
 1160 1161
 1161 1210
 1161 1162
 1161 1208
 1162 1210
 1163 1210
 1163 1211
 1163 1164
 1164 1165
 1164 1213
 1164 1211
 1165 1213
 1165 1166
 1166 1214
 1166 1213
 1167 1215
 1167 1214
 1168 1169
 1169 1216
 1170 1218
 1170 1216
 1171 1219
 1171 1218
 1172 1220
 1172 1173
 1173 1174
 1174 1221
 1174 1175
 1175 1176
 1175 1221
 1176 1224
 1176 1177
 1176 1222
 1177 1224
 1178 1179
 1178 1224
 1179 1180
 1179 1226
 1179 1227
 1179 1225
 1180 1228
 1180 1181
 1180 1227
 1181 1228
 1181 1182
 1182 1229
 1182 1230
 1183 1184
 1183 1230
 1184 1232
 1184 1231
 1184 1233
 1184 1185
 1185 1186
 1185 1234
 1185 1233
 1186 1234
 1186 1235
 1187 1188
 1187 1235
 1188 1189
 1188 1236
 1189 1237
 1189 1190
 1189 2385
 1190 1191
 1191 1238
 1192 1241
 1193 1241
 1194 1241
 1195 1243
 1196 1244
 1196 1243
 1197 1246
 1197 1245
 1198 1199
 1198 1247
 1198 1246
 1199 1247
 1199 1200
 1200 1249
 1200 1248
 1201 1249
 1202 1250
 1202 1203
 1203 1204
 1203 1250
 1204 1297
 1204 1251
 1204 1252
 1205 1252
 1205 1206
 1206 1253
 1206 1207
 1206 1252
 1207 1254
 1207 1253
 1208 1256
 1208 1209
 1208 1255
 1209 1210
 1209 1257
 1210 1257
 1210 1259
 1210 1211
 1211 1260
 1211 1259
 1212 1213
 1213 1305
 1213 1214
 1213 1262
 1214 1262
 1214 1263
 1215 1264
 1215 1216
 1216 1217
 1217 1265
 1217 1264
 1218 1266
 1218 1219
 1218 1265
 1219 1266
 1219 1220
 1220 1221
 1220 1266
 1221 1222
 1221 1267
 1222 1268
 1222 1223
 1223 1271
 1223 1224
 1223 1270
 1223 1269
 1224 1271
 1225 1226
 1226 1273
 1226 1272
 1227 1319
 1227 1273
 1227 1274
 1227 1228
 1228 1229
 1229 1230
 1229 1274
 1229 1275
 1229 1276
 1230 1276
 1230 1277
 1231 1322
 1231 1232
 1231 1277
 1231 1278
 1232 1278
 1232 1279
 1233 1234
 1234 1325
 1234 1280
 1234 1279
 1235 1281
 1235 1280
 1236 1283
 1236 1282
 1237 1284
 1237 1283
 1238 1331
 1238 1285
 1238 1284
 1240 1287
 1240 1241
 1241 1242
 1241 1288
 1242 1289
 1242 1243
 1242 1288
 1243 1290
 1243 1289
 1244 1338
 1244 1291
 1244 1290
 1245 1291
 1246 1292
 1246 1247
 1246 1291
 1247 1340
 1247 1293
 1247 1292
 1248 1294
 1248 1249
 1249 1250
 1250 1295
 1250 1251
 1250 1296
 1250 1294
 1251 1297
 1251 1296
 1252 1297
 1253 1299
 1253 1297
 1253 1254
 1254 1300
 1254 1299
 1255 1301
 1255 1256
 1256 1257
 1256 1301
 1257 1302
 1257 1301
 1258 1351
 1258 1303
 1258 1259
 1258 1302
 1259 1303
 1259 1304
 1260 1261
 1260 1304
 1261 1305
 1261 1304
 1262 1263
 1262 1305
 1263 1308
 1263 1264
 1263 1307
 1263 1306
 1264 1308
 1264 1309
 1264 1265
 1265 1266
 1266 1309
 1266 1311
 1266 1267
 1267 1268
 1267 1312
 1267 1311
 1268 1313
 1269 1314
 1269 1270
 1270 1271
 1271 1315
 1271 1316
 1271 1272
 1271 1314
 1272 1316
 1272 1317
 1272 1273
 1273 1318
 1273 1317
 1274 1320
 1274 1275
 1274 1368
 1274 1319
 1275 1369
 1275 1320
 1275 1321
 1276 1321
 1277 1322
 1278 1324
 1278 1279
 1278 1322
 1279 1325
 1279 1324
 1280 1327
 1280 1326
 1280 1325
 1281 1328
 1281 1282
 1281 1327
 1282 1328
 1282 1283
 1283 1329
 1283 1284
 1284 1331
 1285 1331
 1287 1333
 1288 1335
 1289 1335
 1290 1337
 1291 1386
 1291 1292
 1291 1339
 1292 1339
 1293 1294
 1293 1341
 1293 1342
 1293 1340
 1294 1342
 1294 1295
 1295 1391
 1295 1296
 1295 1344
 1296 1392
 1296 1345
 1296 1297
 1297 1346
 1297 1345
 1299 1395
 1299 1347
 1299 1300
 1299 1346
 1300 1349
 1300 1348
 1300 1301
 1300 1347
 1301 1350
 1301 1302
 1302 1351
 1303 1352
 1303 1304
 1303 1353
 1304 1305
 1304 1354
 1305 1354
 1305 1355
 1306 1307
 1307 1308
 1307 1356
 1307 1355
 1308 1405
 1308 1358
 1308 1309
 1309 1360
 1309 1310
 1309 1358
 1310 1311
 1310 1360
 1311 1360
 1311 1361
 1312 1363
 1312 1361
 1312 1313
 1313 1364
 1313 1314
 1313 1363
 1314 1315
 1315 1364
 1315 1365
 1316 1365
 1317 1318
 1317 1365
 1318 1367
 1318 1366
 1319 1367
 1320 1416
 1320 1369
 1321 1371
 1321 1370
 1321 1322
 1321 1369
 1322 1323
 1322 1371
 1323 1373
 1323 1324
 1324 1420
 1324 1374
 1324 1325
 1325 1374
 1325 1326
 1326 1375
 1326 1374
 1327 1375
 1328 1377
 1328 1376
 1329 1377
 1329 1378
 1331 1379
 1332 1380
 1333 1334
 1334 1383
 1334 1429
 1334 1382
 1334 1335
 1335 1383
 1335 1336
 1336 1337
 1336 1384
 1336 1383
 1337 1338
 1337 1384
 1337 1386
 1337 1385
 1338 1386
 1339 1340
 1339 1388
 1339 1387
 1340 1389
 1340 1341
 1341 1342
 1342 1389
 1343 1390
 1343 1391
 1344 1392
 1345 1346
 1345 1394
 1345 1392
 1346 1394
 1346 1395
 1347 1396
 1347 1395
 1348 1396
 1348 1397
 1348 1349
 1349 1350
 1350 1397
 1351 1399
 1351 1398
 1352 1353
 1353 1399
 1353 1400
 1354 1401
 1354 1355
 1354 1400
 1355 1403
 1355 1402
 1355 1401
 1355 1356
 1356 1450
 1356 1404
 1356 1403
 1357 1404
 1357 1405
 1358 1406
 1358 1405
 1359 1407
 1359 1360
 1359 1406
 1360 1361
 1360 1408
 1361 1408
 1362 1363
 1363 1411
 1363 1409
 1363 1364
 1364 1458
 1364 1412
 1364 1411
 1364 1365
 1365 1414
 1365 1366
 1365 1412
 1366 1415
 1366 1367
 1367 1368
 1367 1416
 1369 1416
 1370 1465
 1370 1417
 1370 1371
 1371 1419
 1371 1418
 1373 1420
 1373 1419
 1374 1421
 1374 1422
 1374 1420
 1375 1423
 1375 1376
 1376 1423
 1377 1470
 1377 1424
 1378 1425
 1378 1379
 1379 1426
 1379 1380
 1379 1425
 1380 1427
 1380 1426
 1380 1381
 1382 1429
 1383 1477
 1383 1384
 1383 1430
 1383 1476
 1384 1431
 1384 1385
 1385 1386
 1386 1432
 1386 1387
 1387 1481
 1387 1388
 1387 1433
 1388 1389
 1389 1435
 1389 1390
 1389 1433
 1390 1435
 1390 1391
 1390 1436
 1391 1436
 1391 1437
 1391 1392
 1392 1486
 1392 1438
 1393 1438
 1394 1439
 1394 1395
 1394 1438
 1395 1440
 1395 1396
 1395 1439
 1396 1397
 1396 1441
 1396 1440
 1397 1398
 1397 1442
 1398 1445
 1398 1443
 1398 1444
 1398 1399
 1399 1492
 1399 1446
 1399 1445
 1399 1400
 1400 1448
 1400 1401
 1400 1446
 1401 1448
 1402 1449
 1402 1448
 1403 1449
 1403 1450
 1404 1451
 1404 1450
 1405 1452
 1405 1406
 1405 1451
 1406 1407
 1406 1452
 1407 1453
 1407 1454
 1407 1408
 1408 1455
 1408 1409
 1408 1454
 1409 1457
 1409 1410
 1409 1455
 1410 1457
 1412 1459
 1412 1458
 1413 1414
 1414 1460
 1414 1415
 1414 1459
 1414 1461
 1415 1462
 1415 1461
 1415 1416
 1416 1417
 1416 1464
 1416 1463
 1416 1462
 1417 1465
 1417 1464
 1418 1419
 1418 1466
 1418 1465
 1419 1467
 1419 1420
 1419 1466
 1420 1421
 1421 1422
 1421 1467
 1422 1468
 1422 1469
 1422 1423
 1423 1470
 1423 1469
 1424 1471
 1424 1425
 1424 1470
 1425 1473
 1425 1472
 1425 1471
 1426 1474
 1426 1473
 1429 1476
 1429 1475
 1430 1478
 1431 1478
 1431 1479
 1432 1479
 1432 1480
 1433 1482
 1433 1434
 1433 1481
 1434 1529
 1435 1484
 1435 1483
 1435 1436
 1436 1531
 1436 1437
 1436 1485
 1437 1486
 1437 1532
 1438 1487
 1438 1486
 1439 1440
 1440 1441
 1440 1487
 1440 1534
 1441 1488
 1441 1489
 1442 1490
 1442 1489
 1443 1444
 1443 1491
 1443 1490
 1444 1491
 1445 1492
 1446 1493
 1446 1492
 1447 1494
 1447 1448
 1448 1496
 1448 1449
 1448 1494
 1449 1496
 1450 1496
 1450 1497
 1451 1452
 1452 1497
 1452 1453
 1453 1546
 1453 1499
 1453 1498
 1453 1454
 1454 1455
 1454 1501
 1454 1499
 1455 1501
 1456 1457
 1456 1502
 1456 1501
 1457 1504
 1457 1503
 1457 1458
 1457 1502
 1458 1504
 1458 1459
 1459 1505
 1459 1460
 1459 1506
 1459 1504
 1460 1506
 1460 1461
 1461 1508
 1461 1507
 1463 1510
 1463 1509
 1463 1464
 1464 1511
 1464 1510
 1465 1512
 1465 1466
 1466 1467
 1466 1513
 1467 1514
 1467 1468
 1467 1513
 1468 1515
 1468 1514
 1468 1469
 1469 2397
 1469 1516
 1469 1515
 1470 1517
 1470 1516
 1471 1472
 1471 1517
 1472 1518
 1472 1473
 1473 1474
 1473 1519
 1474 1520
 1476 1568
 1476 1522
 1477 1523
 1478 1524
 1479 1526
 1479 1525
 1480 1481
 1480 1527
 1481 1528
 1481 1482
 1481 1527
 1482 1574
 1482 1529
 1482 1528
 1483 1530
 1483 1529
 1484 1531
 1485 1532
 1485 1531
 1486 1487
 1486 1532
 1487 1534
 1487 1533
 1488 1489
 1488 1534
 1489 1490
 1489 1535
 1489 1536
 1490 1583
 1490 1491
 1490 1536
 1491 1539
 1491 1583
 1491 1492
 1492 1539
 1493 1540
 1493 1494
 1493 1539
 1494 1541
 1495 1542
 1495 1496
 1496 1497
 1496 1544
 1496 1542
 1497 1544
 1497 1545
 1497 1498
 1498 1546
 1498 1545
 1499 1500
 1499 1546
 1500 1547
 1500 1548
 1500 1501
 1501 1502
 1501 1549
 1501 1595
 1502 1550
 1502 1549
 1503 1504
 1504 1551
 1504 1505
 1504 1550
 1505 1553
 1505 1506
 1506 1553
 1506 1507
 1507 1555
 1507 1554
 1508 1509
 1508 1555
 1509 1555
 1510 1557
 1510 1511
 1510 1556
 1511 1558
 1511 1557
 1511 1512
 1512 1605
 1512 1559
 1512 1513
 1512 1558
 1513 1560
 1513 1559
 1514 1561
 1514 1515
 1515 2395
 1515 1561
 1516 1562
 1516 2399
 1516 2397
 1517 1564
 1517 1563
 1518 1564
 1519 1610
 1519 1565
 1520 1566
 1522 1568
 1523 1570
 1523 1524
 1523 1569
 1523 1568
 1524 1570
 1524 1525
 1525 1571
 1525 1570
 1526 1572
 1526 1527
 1526 1571
 1527 1573
 1527 1572
 1528 1574
 1528 1573
 1529 1620
 1529 1530
 1530 1575
 1530 1576
 1530 1531
 1531 1577
 1531 1576
 1532 1578
 1532 1533
 1533 1579
 1533 1534
 1534 1579
 1534 1535
 1535 1581
 1535 1536
 1535 1580
 1536 1582
 1536 1581
 1537 1582
 1537 1583
 1538 1539
 1538 1584
 1538 1583
 1539 1584
 1539 1540
 1540 1631
 1540 1586
 1540 1541
 1540 1585
 1541 1587
 1541 1586
 1541 1542
 1542 1543
 1542 1587
 1543 1589
 1543 1588
 1543 1544
 1544 1545
 1544 1589
 1545 1546
 1545 1590
 1546 1592
 1546 1591
 1546 1593
 1547 1594
 1547 1548
 1548 1595
 1549 1639
 1549 1550
 1549 1596
 1549 1595
 1550 1551
 1550 1596
 1550 1597
 1551 1598
 1551 1597
 1552 1599
 1552 1598
 1553 1554
 1554 1644
 1554 1601
 1554 1555
 1554 1599
 1555 1601
 1555 1556
 1556 1645
 1556 1602
 1556 1557
 1556 1601
 1557 1558
 1557 1602
 1558 1603
 1558 1605
 1559 1650
 1559 1606
 1559 1560
 1560 1561
 1560 1606
 1561 1608
 1561 1607
 1562 1563
 1562 2398
 1562 2401
 1563 2400
 1563 1654
 1563 1609
 1564 1610
 1565 1612
 1565 1611
 1565 1566
 1565 1610
 1567 1614
 1568 1614
 1569 1615
 1569 1614
 1570 1615
 1570 1616
 1571 1617
 1571 1616
 1572 1617
 1572 1573
 1573 1574
 1573 1618
 1574 1620
 1574 1619
 1574 1618
 1575 1620
 1575 1576
 1576 1577
 1576 1622
 1576 1621
 1577 1623
 1577 1578
 1577 1622
 1578 1579
 1578 1624
 1578 1623
 1579 1625
 1579 1580
 1580 1626
 1580 1581
 1580 1625
 1581 1626
 1581 1627
 1582 1583
 1583 1627
 1583 1584
 1584 1585
 1584 1629
 1584 1628
 1585 1631
 1585 1678
 1586 1632
 1586 1631
 1588 1633
 1588 1589
 1588 1632
 1589 1681
 1589 1634
 1589 1633
 1590 1635
 1590 1634
 1591 1592
 1592 1636
 1592 1635
 1593 1636
 1593 1594
 1594 1637
 1594 1595
 1595 1686
 1595 1639
 1595 1638
 1596 1597
 1596 1639
 1597 1640
 1597 1598
 1598 1689
 1598 1599
 1598 1641
 1599 1643
 1599 1642
 1599 1600
 1600 1692
 1600 1643
 1601 1694
 1601 1644
 1602 1603
 1602 1647
 1602 1645
 1603 1648
 1603 1604
 1603 1647
 1604 1648
 1604 1605
 1604 1649
 1605 1650
 1606 1698
 1606 1651
 1606 1650
 1607 1700
 1607 1652
 1607 1608
 1608 1653
 1608 2395
 1608 1652
 1609 1704
 1609 1703
 1609 1655
 1609 1610
 1609 1654
 1610 1655
 1610 1611
 1611 1657
 1611 1656
 1612 1657
 1613 1660
 1614 1660
 1614 1661
 1615 1662
 1615 1661
 1616 1663
 1616 1662
 1617 1712
 1617 1713
 1617 1664
 1618 1619
 1618 1665
 1619 1666
 1619 1667
 1620 1621
 1621 1622
 1621 1667
 1622 1668
 1622 1623
 1623 1624
 1623 1671
 1623 1669
 1624 1671
 1625 1721
 1625 1672
 1625 1626
 1625 1671
 1626 1722
 1626 1627
 1626 1672
 1626 1673
 1627 1675
 1627 1674
 1627 1673
 1627 1628
 1628 1629
 1628 1676
 1628 1675
 1629 1676
 1630 1678
 1630 1676
 1631 1632
 1632 1679
 1632 1680
 1633 1681
 1634 1683
 1634 1635
 1634 1682
 1635 1684
 1635 1636
 1636 1637
 1637 1733
 1637 1684
 1637 1638
 1638 1734
 1638 1686
 1638 1685
 1639 1735
 1639 1687
 1639 1686
 1640 1688
 1640 1641
 1641 1688
 1642 1738
 1642 1643
 1642 1690
 1642 1689
 1643 1690
 1643 1692
 1644 1694
 1644 1693
 1644 1692
 1645 1694
 1646 1695
 1646 1647
 1646 1742
 1647 1648
 1647 1695
 1648 1697
 1648 1696
 1649 1698
 1651 1699
 1651 1700
 1651 1698
 1652 1701
 1652 1653
 1652 1700
 1653 2400
 1653 1702
 1653 2396
 1654 2400
 1654 1702
 1655 1705
 1655 1704
 1656 1706
 1656 1705
 1658 1706
 1659 1660
 1660 1708
 1660 1661
 1661 1710
 1662 1711
 1662 1663
 1663 1664
 1663 1712
 1663 1711
 1664 1712
 1665 1760
 1665 1666
 1665 1715
 1665 1714
 1665 1713
 1666 1715
 1666 1716
 1666 1667
 1667 1668
 1668 1716
 1668 1669
 1669 1719
 1669 1670
 1669 1717
 1670 1720
 1670 1671
 1671 1721
 1672 1767
 1672 1721
 1673 1768
 1673 1723
 1673 1722
 1674 1675
 1675 1676
 1675 1724
 1675 1725
 1676 1727
 1676 1726
 1678 1728
 1678 1727
 1678 1679
 1679 1773
 1679 1729
 1679 1680
 1679 1728
 1680 1774
 1680 1729
 1680 1681
 1680 1730
 1682 1731
 1682 1683
 1682 1730
 1683 1732
 1683 1684
 1683 1731
 1685 1779
 1685 1778
 1685 1734
 1685 1733
 1686 1735
 1686 1734
 1687 1736
 1687 1735
 1688 1737
 1688 1689
 1689 1738
 1689 1737
 1690 1739
 1690 1738
 1692 1786
 1692 1740
 1692 1739
 1693 1694
 1694 1740
 1694 1741
 1694 1742
 1695 1789
 1695 1743
 1695 1742
 1696 1697
 1697 1698
 1697 1745
 1697 1744
 1697 1743
 1698 1747
 1698 1699
 1698 1745
 1699 1747
 1699 1748
 1700 1748
 1701 1749
 1701 1748
 1702 1750
 1702 1749
 1703 1750
 1703 1704
 1704 1705
 1705 1706
 1705 1751
 1706 1753
 1706 1752
 1706 1707
 1707 1753
 1708 1756
 1709 1710
 1710 1711
 1710 1758
 1711 1758
 1712 1759
 1712 1713
 1713 1714
 1714 1760
 1715 1716
 1716 1717
 1716 1762
 1716 1761
 1717 1763
 1717 1762
 1717 1718
 1718 1719
 1718 1764
 1718 1763
 1719 1765
 1719 1764
 1719 1720
 1720 1766
 1720 1765
 1722 1815
 1722 1768
 1722 1767
 1723 1816
 1723 1769
 1723 1724
 1723 1768
 1724 1725
 1725 1769
 1725 1770
 1726 1727
 1727 1771
 1727 1728
 1727 1770
 1728 1773
 1728 1771
 1729 1821
 1729 1774
 1730 1822
 1730 1775
 1730 1731
 1730 1774
 1731 1777
 1731 1732
 1731 1775
 1732 1733
 1733 1777
 1733 1778
 1734 1735
 1734 1779
 1735 1829
 1735 1782
 1735 1736
 1735 1780
 1736 1737
 1737 1783
 1737 1782
 1737 1738
 1738 1739
 1738 1785
 1739 1785
 1739 1786
 1740 1787
 1740 1741
 1740 1786
 1741 1787
 1741 1742
 1742 1789
 1743 1791
 1743 1744
 1743 1790
 1743 1789
 1744 1791
 1745 1838
 1745 1746
 1746 1793
 1746 1792
 1746 1747
 1747 1793
 1748 1749
 1748 1793
 1749 1796
 1749 1795
 1749 1794
 1750 1797
 1750 1796
 1751 1798
 1752 1799
 1753 1847
 1753 1800
 1755 1756
 1755 1802
 1756 1802
 1756 1803
 1756 1757
 1757 1804
 1757 1803
 1758 1852
 1758 1804
 1759 1806
 1759 1805
 1760 1808
 1760 1761
 1760 1807
 1760 1806
 1761 1762
 1762 1810
 1762 1763
 1762 1808
 1763 1764
 1764 1812
 1764 1810
 1764 1765
 1765 1813
 1765 1812
 1766 1767
 1767 1814
 1767 1813
 1767 1815
 1768 1816
 1768 1815
 1769 1770
 1769 1817
 1769 1816
 1770 1817
 1770 1818
 1770 1771
 1771 1820
 1771 1772
 1771 1818
 1772 1820
 1773 1871
 1773 1821
 1774 1821
 1775 1823
 1775 1776
 1775 1822
 1776 1824
 1776 1777
 1777 1778
 1777 1825
 1777 1824
 1778 1825
 1778 1779
 1779 1827
 1779 1826
 1780 1781
 1780 1827
 1781 1829
 1782 1783
 1782 1830
 1782 1829
 1783 1830
 1783 1831
 1784 1832
 1784 1785
 1785 1882
 1785 1786
 1785 1832
 1786 1833
 1786 1834
 1787 1834
 1788 1835
 1788 1789
 1788 1834
 1789 1835
 1789 1790
 1790 1837
 1790 1791
 1790 1836
 1791 1838
 1791 1837
 1792 1793
 1792 1839
 1793 1839
 1793 1794
 1794 1795
 1794 1841
 1794 1842
 1794 1840
 1795 1891
 1795 1843
 1795 1842
 1796 1844
 1796 1843
 1797 1845
 1797 1844
 1797 1798
 1798 1894
 1798 1846
 1798 1845
 1799 1895
 1799 1847
 1799 1846
 1800 1847
 1801 1850
 1802 1850
 1802 1803
 1803 1804
 1803 1850
 1804 1852
 1805 1853
 1805 1854
 1805 1852
 1806 1807
 1806 1854
 1806 1855
 1807 1856
 1807 1855
 1807 1808
 1808 1857
 1808 1809
 1808 1856
 1809 1859
 1809 1857
 1809 1810
 1810 1811
 1810 1860
 1810 1859
 1811 1860
 1811 1861
 1812 1861
 1812 1813
 1812 1862
 1813 1863
 1813 1862
 1813 1814
 1814 1864
 1814 1815
 1814 1863
 1815 1865
 1816 1817
 1816 1867
 1817 1818
 1817 1867
 1818 1869
 1818 1868
 1818 1819
 1819 1870
 1819 1820
 1819 1869
 1820 1871
 1820 1870
 1821 1872
 1821 1822
 1821 1871
 1822 1873
 1823 1875
 1823 1874
 1824 1825
 1824 1875
 1825 1875
 1825 1826
 1826 1827
 1826 1876
 1827 1877
 1827 1828
 1828 1829
 1828 1879
 1828 1878
 1829 1830
 1830 1831
 1830 1880
 1830 1881
 1831 1881
 1831 1832
 1832 1882
 1832 1881
 1833 1883
 1833 1834
 1833 1882
 1834 1835
 1834 1883
 1835 1884
 1835 1836
 1836 1886
 1836 1885
 1837 1932
 1837 1888
 1837 1838
 1837 1886
 1838 1888
 1838 1839
 1839 1840
 1839 1888
 1840 1889
 1840 1841
 1841 1842
 1842 1891
 1843 1892
 1843 1891
 1844 1893
 1845 1938
 1845 1893
 1846 1895
 1846 1894
 1847 1896
 1847 1895
 1850 1898
 1850 1897
 1851 1898
 1852 1900
 1852 1853
 1853 1901
 1854 1901
 1854 1902
 1855 1902
 1856 1904
 1856 1902
 1856 1857
 1857 1905
 1857 1904
 1857 1858
 1858 1859
 1859 1905
 1859 1860
 1860 1908
 1860 1861
 1860 1907
 1861 1908
 1862 1863
 1862 1909
 1862 1908
 1863 1909
 1863 1864
 1864 1910
 1865 1866
 1865 1910
 1866 1912
 1866 1911
 1866 1867
 1867 1913
 1867 1868
 1868 1869
 1869 1914
 1869 1870
 1870 1871
 1870 1915
 1870 1914
 1871 1916
 1871 1915
 1872 1916
 1872 1873
 1873 1874
 1873 1917
 1874 1919
 1875 1920
 1875 1876
 1876 1877
 1876 1920
 1877 1878
 1877 1921
 1878 1922
 1879 1880
 1879 1924
 1880 1969
 1880 1881
 1880 1924
 1880 1925
 1881 1925
 1882 1927
 1882 1883
 1883 1928
 1883 1927
 1884 1973
 1884 1928
 1884 1885
 1885 1930
 1886 1887
 1886 1930
 1887 1976
 1887 1932
 1888 1933
 1888 1889
 1889 1933
 1889 1890
 1890 1935
 1890 1891
 1890 1934
 1891 1936
 1891 1892
 1892 1981
 1892 1937
 1892 1893
 1892 1936
 1893 1982
 1893 1937
 1894 1939
 1894 1938
 1895 1985
 1895 1940
 1895 1939
 1897 1898
 1897 1942
 1898 1899
 1899 1942
 1899 1943
 1899 1900
 1900 1944
 1900 1943
 1901 1945
 1901 1944
 1901 1902
 1902 1903
 1902 1947
 1902 1945
 1903 1904
 1904 1948
 1905 1906
 1905 1948
 1906 1907
 1906 1949
 1907 1951
 1907 1908
 1908 1952
 1908 1909
 1909 1910
 1909 1952
 1910 1911
 1910 1953
 1911 1954
 1911 1955
 1912 1913
 1912 1956
 1913 1958
 1913 1914
 1913 1956
 1914 1959
 1915 1916
 1915 1959
 1916 1961
 1916 1960
 1917 1918
 1917 1961
 1918 1919
 1919 1964
 1919 1963
 1919 1920
 1920 2007
 1920 1921
 1920 1964
 1921 1965
 1921 1922
 1922 1923
 1922 1967
 1923 1968
 1924 1969
 1924 1968
 1925 1926
 1925 1970
 1926 1972
 1926 1927
 1927 1928
 1928 1972
 1929 1974
 1929 1930
 1929 1973
 1930 1931
 1931 1976
 1932 2019
 1932 1977
 1932 1933
 1933 1978
 1933 1977
 1934 2021
 1934 1978
 1935 1980
 1935 1936
 1935 1979
 1936 1981
 1937 1981
 1938 1983
 1938 1982
 1938 1939
 1939 1984
 1940 1985
 1942 2030
 1942 1987
 1943 1989
 1943 1988
 1944 2033
 1944 1945
 1944 1989
 1945 1990
 1945 1946
 1946 1991
 1946 1947
 1946 1990
 1947 2035
 1947 1992
 1947 1948
 1948 1949
 1948 1992
 1949 1950
 1949 1993
 1950 1951
 1950 2389
 1951 1995
 1951 1952
 1952 1995
 1952 1953
 1953 1997
 1953 1954
 1954 1997
 1955 1956
 1955 1999
 1956 2000
 1956 1957
 1957 2000
 1957 1958
 1957 2001
 1958 2002
 1958 1959
 1959 2002
 1959 1960
 1960 1961
 1960 2003
 1961 2387
 1961 2004
 1962 2387
 1962 2005
 1963 2006
 1963 2005
 1963 1964
 1964 2007
 1965 2008
 1965 2007
 1966 2008
 1966 1967
 1967 2010
 1968 2010
 1968 2011
 1969 2011
 1969 1970
 1969 2012
 1970 2012
 1970 1971
 1971 2013
 1971 1972
 1972 2058
 1972 2015
 1972 1973
 1973 2015
 1973 1974
 1974 2016
 1975 2018
 1975 2016
 1976 2019
 1976 2018
 1977 2020
 1977 1978
 1978 2020
 1979 2022
 1979 2021
 1980 2023
 1980 1981
 1981 1982
 1981 2024
 1982 2069
 1982 2025
 1982 2024
 1983 2025
 1984 2026
 1985 2027
 1985 2026
 1986 2027
 1987 2030
 1988 2030
 1989 2033
 1989 2032
 1990 2033
 1991 2035
 1991 2034
 1992 2036
 1992 1993
 1992 2035
 1993 2037
 1994 2039
 1994 2389
 1995 2040
 1995 1996
 1995 2039
 1996 1997
 1996 2041
 1996 2040
 1997 2041
 1998 1999
 1998 2041
 1999 2043
 1999 2000
 2000 2090
 2000 2043
 2001 2092
 2001 2045
 2001 2044
 2002 2045
 2002 2046
 2002 2003
 2003 2004
 2003 2046
 2004 2048
 2004 2387
 2005 2006
 2005 2050
 2006 2051
 2006 2007
 2007 2051
 2008 2052
 2008 2051
 2009 2052
 2009 2010
 2010 2054
 2010 2011
 2011 2102
 2011 2055
 2011 2012
 2012 2055
 2013 2056
 2013 2014
 2013 2055
 2014 2058
 2015 2059
 2015 2058
 2016 2059
 2016 2017
 2017 2062
 2017 2060
 2018 2063
 2018 2062
 2018 2019
 2019 2064
 2019 2020
 2020 2021
 2020 2065
 2021 2066
 2021 2065
 2022 2023
 2022 2388
 2023 2068
 2024 2069
 2024 2068
 2025 2070
 2025 2026
 2026 2072
 2026 2071
 2027 2073
 2027 2072
 2029 2075
 2030 2075
 2030 2076
 2030 2031
 2031 2032
 2031 2077
 2031 2076
 2032 2077
 2032 2078
 2032 2033
 2033 2078
 2033 2034
 2034 2080
 2035 2081
 2035 2036
 2036 2037
 2036 2081
 2037 2083
 2037 2082
 2037 2389
 2038 2083
 2038 2084
 2039 2085
 2039 2040
 2039 2129
 2039 2084
 2040 2085
 2041 2087
 2041 2086
 2042 2089
 2042 2087
 2043 2090
 2043 2089
 2044 2090
 2045 2046
 2046 2047
 2046 2092
 2046 2137
 2047 2093
 2047 2094
 2048 2095
 2048 2387
 2048 2094
 2049 2095
 2049 2097
 2049 2050
 2050 2051
 2050 2098
 2051 2099
 2051 2052
 2052 2144
 2052 2100
 2052 2099
 2053 2101
 2053 2100
 2054 2102
 2054 2101
 2055 2103
 2055 2056
 2055 2102
 2056 2104
 2056 2103
 2057 2105
 2058 2105
 2058 2059
 2059 2106
 2059 2105
 2060 2107
 2060 2061
 2061 2109
 2062 2109
 2062 2063
 2063 2064
 2063 2110
 2063 2155
 2063 2109
 2064 2110
 2064 2065
 2065 2066
 2065 2112
 2066 2157
 2066 2388
 2066 2112
 2067 2388
 2067 2114
 2068 2115
 2068 2114
 2068 2069
 2069 2070
 2069 2116
 2069 2115
 2070 2117
 2070 2116
 2070 2071
 2071 2072
 2071 2117
 2072 2119
 2072 2118
 2075 2166
 2075 2121
 2075 2120
 2076 2167
 2076 2121
 2076 2122
 2077 2078
 2077 2122
 2078 2168
 2078 2123
 2078 2122
 2079 2080
 2079 2123
 2080 2125
 2081 2126
 2081 2125
 2081 2082
 2082 2127
 2082 2083
 2083 2127
 2084 2129
 2085 2130
 2085 2129
 2086 2130
 2086 2087
 2087 2132
 2087 2088
 2088 2132
 2088 2089
 2089 2134
 2089 2090
 2090 2091
 2090 2134
 2092 2135
 2092 2136
 2092 2137
 2093 2185
 2093 2137
 2094 2139
 2094 2095
 2094 2140
 2095 2387
 2095 2140
 2096 2097
 2097 2142
 2097 2098
 2098 2142
 2098 2099
 2099 2144
 2100 2144
 2101 2147
 2101 2102
 2101 2146
 2102 2390
 2102 2147
 2103 2104
 2103 2149
 2103 2148
 2104 2151
 2105 2151
 2105 2152
 2105 2106
 2106 2152
 2106 2107
 2107 2153
 2107 2152
 2108 2154
 2108 2153
 2109 2382
 2109 2154
 2110 2111
 2110 2155
 2111 2112
 2112 2157
 2112 2156
 2113 2114
 2113 2157
 2114 2159
 2114 2115
 2115 2206
 2115 2159
 2115 2116
 2116 2161
 2116 2117
 2117 2162
 2117 2161
 2118 2163
 2119 2163
 2120 2166
 2121 2167
 2122 2168
 2122 2167
 2123 2169
 2123 2168
 2124 2125
 2124 2169
 2125 2126
 2125 2171
 2126 2127
 2126 2171
 2127 2128
 2127 2174
 2127 2173
 2128 2129
 2129 2130
 2129 2175
 2130 2177
 2130 2175
 2130 2131
 2131 2178
 2131 2132
 2132 2221
 2132 2179
 2132 2178
 2133 2180
 2134 2135
 2134 2180
 2134 2181
 2135 2181
 2135 2183
 2136 2184
 2136 2137
 2136 2183
 2137 2184
 2138 2186
 2138 2185
 2139 2140
 2139 2187
 2139 2186
 2140 2187
 2140 2141
 2141 2142
 2141 2187
 2142 2189
 2142 2143
 2143 2190
 2143 2144
 2143 2189
 2144 2190
 2144 2145
 2146 2192
 2146 2191
 2147 2390
 2147 2192
 2148 2149
 2148 2390
 2149 2236
 2149 2150
 2149 2193
 2150 2195
 2151 2196
 2151 2195
 2151 2152
 2152 2198
 2152 2153
 2152 2196
 2153 2198
 2154 2200
 2154 2199
 2155 2201
 2155 2156
 2155 2200
 2156 2202
 2156 2243
 2156 2201
 2157 2158
 2157 2203
 2157 2202
 2158 2205
 2159 2206
 2159 2205
 2160 2207
 2160 2206
 2160 2161
 2161 2162
 2162 2163
 2162 2209
 2162 2208
 2163 2210
 2163 2209
 2166 2212
 2166 2211
 2167 2254
 2167 2213
 2167 2212
 2168 2214
 2168 2169
 2169 2257
 2169 2215
 2169 2170
 2169 2214
 2170 2216
 2171 2259
 2171 2217
 2171 2172
 2171 2216
 2172 2173
 2173 2261
 2173 2174
 2174 2261
 2174 2175
 2175 2219
 2175 2176
 2176 2265
 2176 2177
 2176 2220
 2176 2219
 2178 2266
 2178 2221
 2178 2220
 2179 2222
 2179 2221
 2180 2222
 2180 2181
 2181 2223
 2181 2224
 2181 2222
 2183 2225
 2183 2184
 2183 2224
 2184 2226
 2184 2185
 2185 2226
 2186 2273
 2186 2228
 2186 2187
 2187 2228
 2187 2188
 2188 2275
 2188 2189
 2188 2229
 2189 2231
 2189 2230
 2190 2232
 2190 2231
 2191 2232
 2191 2192
 2192 2390
 2192 2234
 2193 2236
 2194 2195
 2194 2236
 2195 2238
 2195 2196
 2196 2238
 2196 2197
 2197 2240
 2197 2198
 2198 2240
 2199 2240
 2200 2287
 2200 2242
 2200 2201
 2200 2382
 2201 2242
 2203 2245
 2203 2244
 2203 2204
 2204 2205
 2204 2245
 2205 2247
 2205 2206
 2206 2249
 2206 2248
 2206 2207
 2207 2208
 2207 2249
 2208 2209
 2209 2251
 2209 2250
 2210 2251
 2212 2298
 2212 2254
 2212 2253
 2213 2214
 2213 2254
 2214 2302
 2214 2256
 2215 2216
 2215 2258
 2215 2306
 2216 2259
 2216 2258
 2217 2261
 2217 2259
 2218 2262
 2218 2219
 2218 2261
 2219 2262
 2219 2263
 2220 2265
 2221 2266
 2222 2223
 2222 2267
 2223 2268
 2223 2224
 2224 2270
 2224 2225
 2225 2271
 2225 2226
 2226 2272
 2226 2227
 2227 2273
 2228 2274
 2228 2273
 2228 2229
 2229 2275
 2230 2337
 2230 2275
 2231 2232
 2231 2276
 2232 2279
 2232 2233
 2232 2277
 2233 2234
 2234 2235
 2234 2281
 2234 2279
 2234 2390
 2235 2236
 2235 2390
 2236 2281
 2236 2237
 2237 2238
 2237 2283
 2238 2284
 2238 2239
 2239 2240
 2240 2286
 2240 2285
 2240 2241
 2240 2284
 2241 2287
 2242 2243
 2242 2288
 2242 2287
 2243 2289
 2243 2244
 2244 2245
 2245 2290
 2245 2289
 2246 2292
 2246 2290
 2246 2247
 2247 2248
 2248 2293
 2248 2292
 2248 2249
 2249 2293
 2249 2250
 2250 2295
 2250 2251
 2251 2296
 2251 2295
 2254 2300
 2254 2255
 2254 2298
 2255 2302
 2255 2300
 2256 2304
 2256 2257
 2256 2302
 2257 2306
 2257 2304
 2258 2308
 2258 2306
 2259 2260
 2259 2308
 2260 2311
 2260 2309
 2260 2261
 2261 2313
 2261 2311
 2262 2263
 2262 2313
 2263 2264
 2263 2314
 2264 2317
 2264 2315
 2264 2265
 2265 2319
 2265 2266
 2265 2317
 2266 2320
 2266 2267
 2267 2322
 2267 2268
 2267 2320
 2268 2324
 2268 2322
 2268 2269
 2269 2326
 2269 2270
 2269 2324
 2270 2328
 2270 2271
 2270 2326
 2271 2330
 2271 2328
 2271 2272
 2272 2332
 2272 2273
 2272 2330
 2273 2333
 2274 2335
 2274 2275
 2274 2333
 2275 2337
 2275 2335
 2276 2339
 2276 2277
 2276 2337
 2277 2340
 2277 2278
 2278 2342
 2278 2279
 2278 2340
 2279 2344
 2279 2342
 2279 2280
 2280 2346
 2280 2281
 2280 2344
 2281 2348
 2281 2346
 2281 2282
 2282 2350
 2282 2283
 2282 2348
 2283 2352
 2283 2284
 2283 2350
 2284 2354
 2284 2285
 2284 2352
 2285 2356
 2285 2354
 2286 2358
 2286 2287
 2286 2356
 2287 2360
 2287 2358
 2288 2362
 2288 2289
 2288 2360
 2289 2364
 2289 2362
 2289 2290
 2290 2365
 2290 2364
 2291 2367
 2291 2292
 2291 2365
 2292 2369
 2292 2367
 2293 2371
 2293 2294
 2293 2369
 2294 2373
 2294 2295
 2294 2371
 2295 2375
 2295 2373
 2295 2296
 2391 2392
 2393 2394
 2395 2399
 2395 2397
 2396 2400
 2396 2399
 2398 2399
 2398 2400
 2403 2404
