    2  126
    2   82
    3   82
    4   83
    4   82
    6   84
    6   83
    8   84
    9   86
    9   85
   11  130
   11   87
   11   86
   13   87
   14   88
   14   89
   16  132
   16   90
   16   89
   18   91
   18   90
   19   92
   21   93
   21   92
   22   93
   23   94
   23   93
   25   94
   25   95
   27   96
   27   95
   28   96
   29   97
   29   96
   31   98
   31   97
   33  140
   33   99
   33   98
   34  100
   34   99
   36  101
   36  100
   38  102
   38  101
   39  102
   40  102
   40  103
   42  146
   42  104
   42  103
   44  105
   44  104
   46  106
   46  105
   48  106
   48  107
   50  150
   50  108
   50  107
   52  108
   53  110
   53  109
   55  111
   55  110
   57  153
   57  111
   57  112
   59  112
   59  113
   61  113
   61  114
   62  114
   62  115
   64  115
   64  116
   66  117
   66  116
   67  117
   68  118
   68  117
   70  119
   70  118
   71  120
   71  119
   73  121
   73  120
   75  122
   75  121
   77  123
   77  122
   79  165
   79  123
   81  126
   82  127
   82  126
   83  128
   83   84
   84   85
   85 2305
   85  129
   85   86
   87   88
   87  130
   88  174
   88   89
   88  173
   88  131
   90   91
   90  132
   91  134
   91   92
   91  133
   93  136
   93   94
   93  135
   94  137
   94   95
   96  182
   96  181
   96   97
   96  138
   97   98
   98  140
   98  139
   99  141
   99  140
  100  101
  101  102
  101  142
  102  144
  102  143
  103  146
  103  144
  104  147
  104  105
  105  106
  106  147
  106  107
  107  150
  107  148
  108  194
  108  109
  108  150
  109  110
  109  194
  110  196
  110  195
  110  151
  110  152
  110  111
  111  153
  112  113
  112  153
  113  155
  113  154
  114  115
  115  116
  115  155
  115  157
  117  159
  117  158
  117  118
  118  119
  119  161
  119  160
  120 2304
  120  121
  121 2304
  121  122
  122  162
  122  123
  123  165
  123  164
  123  163
  124  165
  125  168
  126  169
  126  168
  126  127
  127  128
  127  169
  128 2305
  129  130
  129 2305
  130  131
  130  172
  131  173
  131  172
  132  133
  132 2313
  132  174
  133 2313
  133  134
  133  175
  134  135
  135  178
  135  177
  135  136
  136 2308
  136  137
  137  138
  137 2308
  137  179
  138  179
  139  225
  139  183
  139  140
  139  182
  140  141
  140  183
  141  185
  141  142
  142  186
  142  143
  143  188
  143  144
  143  187
  144  188
  145  190
  145  146
  146  147
  146  190
  147  233
  147  234
  147  148
  147  191
  148  149
  149  192
  150  236
  150  194
  150  193
  152  196
  153  240
  153  154
  153  197
  154  241
  154  198
  154  155
  154  240
  155  156
  156  199
  156  288
  156  157
  156  243
  157  158
  157  199
  158  202
  158  159
  158  201
  159  203
  159  160
  160  161
  160  203
  162  205
  162  206
  162  163
  162 2304
  164  207
  164  165
  164  206
  165  209
  165  208
  168  210
  168  212
  168  211
  168  169
  169  213
  169  255
  169  212
  169  170
  170 2305
  171 2305
  171  172
  171  214
  171  215
  172  215
  172  173
  173  216
  173  215
  175  219
  175  218
  175 2313
  176  177
  176  219
  177  221
  177  178
  178 2308
  178  265
  178  264
  178  221
  179  222
  179 2308
  180  181
  181  269
  181  224
  181  223
  181  182
  182  225
  183  226
  183  225
  185  273
  185  186
  185  226
  186  227
  186  187
  187  228
  187  227
  187  188
  188  189
  188  229
  188  228
  189  229
  190  231
  190  230
  190  191
  191  233
  191  231
  191  232
  192  193
  192  235
  192  234
  193  281
  193  235
  193  236
  194  238
  194  236
  195  196
  195  238
  196  239
  196  197
  198  242
  198  243
  198  241
  199  289
  199  244
  199  288
  200  201
  201  245
  201  202
  201  244
  202  245
  202  203
  203  293
  203  247
  203  204
  203  246
  204  295
  204 2304
  205  249
  205  206
  205  248
  206  250
  206  207
  206  249
  207  251
  207  250
  207  208
  208  298
  208  252
  208  251
  210  254
  211  254
  211  212
  212  255
  213  257
  213  255
  214  258
  214  257
  214 2305
  215  259
  215  258
  216  260
  216  217
  217 2313
  218  308
  218  262
  218 2313
  218  261
  219  220
  220  221
  220  263
  221  264
  221  263
  222  223
  223  267
  224  225
  224  269
  225  272
  225  271
  225  270
  227  274
  227  228
  227  273
  228  275
  228  274
  229  275
  231  277
  231  276
  232  278
  232  277
  232  233
  233  279
  233  278
  235  281
  235  280
  236  282
  236  281
  237  238
  237  283
  238  239
  239  326
  239  284
  239  240
  239  283
  240  286
  240  241
  241  286
  242  287
  245  246
  245  292
  245  291
  246  335
  246  334
  246  292
  246  293
  247  336
  247  294
  248  296
  248  249
  248  295
  248 2304
  249  250
  249  296
  250  251
  251  297
  252  298
  254  300
  255  302
  255  256
  256  303
  256  302
  256  257
  257  304
  257  303
  257  258
  258  346
  258  305
  258  259
  258  304
  259  305
  259  306
  260  307
  260  306
  260  261
  261 2313
  262  352
  262  309
  262  308
  263  310
  263  264
  263  309
  264  311
  264  310
  265  311
  265 2308
  266 2308
  266  267
  267  312
  267  268
  268  314
  268  269
  268  313
  269  314
  269  270
  270  315
  270  271
  270  314
  271  272
  271  315
  272  273
  273  318
  273  317
  274  318
  274  275
  275  319
  275  276
  275  318
  276  319
  277  322
  277  321
  277  278
  278  322
  279  323
  279  280
  279  322
  280  365
  281  365
  281  282
  282  366
  282  324
  282  365
  283  324
  284  369
  284  285
  284  327
  284  326
  285  328
  285  286
  286  329
  286  287
  287  288
  288  289
  288  330
  289  332
  289  331
  289  290
  290  291
  290  333
  292  334
  293  336
  293  335
  295  338
  295  337
  296  339
  296  338
  297  340
  297  339
  298  341
  298  340
  300  301
  301  343
  301  342
  301  302
  302  344
  302  343
  302  303
  303  344
  303  304
  304  346
  305  386
  305  347
  305  346
  306  349
  306  307
  307  308
  308  352
  308  351
  308  350
  309  310
  310  354
  310  353
  311  393
  311  355
  312  313
  312  356
  312  355
  313  356
  314 2318
  314  358
  314  357
  314  315
  315  397
  315  359
  316  317
  317  398
  318 2327
  318  360
  318  400
  318  319
  319  361
  319  360
  319  362
  320  363
  320  321
  321  404
  321  403
  321  363
  321  322
  322  364
  322  404
  324  367
  324  325
  325  326
  325  367
  326  368
  327  411
  327  328
  327  370
  327  369
  328  370
  328  329
  329  371
  329  330
  330  372
  330  371
  331  415
  331  332
  331  372
  332  373
  332  415
  333  334
  333  373
  334  335
  334  374
  335  418
  335  376
  335  375
  336  337
  337  338
  337  377
  338  421
  338  378
  338  377
  338  339
  339  379
  339  378
  340  423
  340  380
  340  379
  341  380
  343  426
  343  383
  343  382
  343  344
  344  383
  344  345
  345  428
  346  385
  346  386
  347  387
  347  348
  347  386
  348  430
  348  388
  348  349
  349  350
  350  390
  350  389
  351  352
  351  391
  351  390
  352  353
  353  392
  353  354
  353  391
  354  435
  354  393
  356  357
  356  394
  356  395
  358  396
  358  397
  358 2318
  359  439
  359  398
  360  442
  360  401
  360  400
  361  402
  361  401
  363  403
  363  402
  364  365
  365  406
  365  366
  366  448
  366  407
  366  406
  367  409
  367  368
  368  409
  368  369
  369  411
  369  410
  369  409
  370  412
  370  371
  370  411
  371  372
  371  412
  373  416
  373  415
  374  375
  374  417
  374  416
  375  417
  375  418
  376  420
  376  377
  377  421
  377  420
  378  422
  378  421
  379  422
  380  424
  382  426
  383  384
  383  426
  384  469
  384  428
  385  429
  385  386
  385  428
  386  470
  386  387
  387  471
  387  430
  387  470
  388  431
  388  389
  388  430
  390  433
  390  391
  390  432
  391  433
  391  392
  392  477
  392  435
  392  434
  393  436
  393  435
  394  395
  394  437
  394  436
  395 2319
  395  437
  396 2329
  396  482
  396  397
  396  438
  397 2329
  397  439
  398  439
  398  399
  399  400
  399 2327
  399  440
  400  441
  400  442
  401  443
  401  442
  401  444
  403  445
  403  404
  404  405
  404  446
  404  445
  405  406
  406  448
  406  447
  407  449
  407  408
  407  448
  409  451
  410  453
  410  452
  410  411
  411  454
  411  453
  412  454
  413  455
  413  414
  414  415
  415  456
  415  457
  416 2338
  416  457
  417 2338
  417  459
  417  418
  417  458
  418  459
  418  419
  419  420
  419  460
  419  461
  419  459
  420  421
  420  461
  421  463
  421  422
  422 2306
  422  463
  423  508
  423  507
  423  464
  423 2306
  423  424
  425  426
  425  466
  426  427
  426  466
  428  429
  429  515
  429  470
  430  472
  430  471
  431  432
  432  474
  433  475
  433  434
  433  476
  434  521
  434  477
  434  476
  435  478
  435  479
  435  477
  437 2319
  437  481
  437  480
  437  438
  438  526
  438  482
  438  481
  438 2318
  439 2328
  439 2329
  440  441
  440  483
  441  485
  441  484
  442  532
  442  531
  442  443
  443  486
  443  532
  444  445
  445  446
  445  488
  446  490
  446  488
  447  491
  447  448
  447  490
  448  492
  448  491
  449  450
  450  493
  450  451
  451  494
  451  452
  452  453
  452  495
  453  543
  453  497
  453  496
  454  497
  454  498
  455  499
  455  498
  456  501
  456  500
  456  457
  456  499
  458  549
  458  459
  458  502
  459  503
  459  549
  460  461
  460  503
  461  504
  461  462
  462  463
  462  505
  463 2306
  464  508
  466  510
  466  511
  467  468
  468  469
  468  512
  468  511
  468  513
  469  514
  470  516
  470  471
  471  517
  471  472
  472  518
  472  473
  472  563
  472  517
  473  474
  474  475
  474  519
  475  520
  476  521
  476  520
  477  522
  477  521
  478  523
  478  522
  479  480
  480  525
  480  524
  481  526
  481  525
  482 2329
  482  527
  482  526
  483  529
  484  529
  485  530
  485  531
  486  487
  486  533
  486  534
  487  488
  488  489
  488  536
  488  535
  489  537
  489  490
  491  537
  491  538
  491  492
  492  581
  492  539
  492  538
  493  540
  493  539
  494  541
  494  495
  494  540
  495  496
  495  541
  496  542
  496  584
  496  543
  497  544
  498  546
  498  499
  500  547
  500  546
  500  501
  501 2338
  502  591
  502  549
  502  548
  503  550
  503  549
  505  552
  505  551
  506 2306
  506  595
  506  553
  507  596
  507  555
  507 2306
  508  556
  510  558
  510  511
  511  558
  512  601
  512  559
  512  513
  512  558
  513  559
  513  514
  514  603
  514  559
  515  560
  515  603
  516  560
  517  562
  517  563
  517  561
  518  564
  519  564
  519  520
  520  521
  520  566
  520  565
  521  566
  521  567
  522  568
  522  567
  523  524
  524  569
  525  570
  525  526
  526  571
  526  570
  527  572
  527  571
  528 2328
  528  573
  528  572
  528  529
  529  573
  529  530
  530  531
  530  574
  531  575
  531  532
  532  576
  532  533
  532  575
  533  577
  533  576
  534  535
  535  578
  535  536
  535  577
  536  580
  536  579
  537  580
  538  581
  538  625
  539  540
  539  582
  541  583
  541  542
  541  582
  542  583
  542  584
  543  585
  543  544
  543  584
  544  586
  544  545
  545  587
  546  547
  546  587
  547  590
  547  588
  547  548
  548 2338
  549  592
  549  591
  550  593
  550  551
  551  594
  551  593
  551  552
  552  595
  552  594
  553  642
  553  554
  553  595
  554  642
  554  596
  554 2307
  555  597
  555  556
  555  596
  556  597
  557  600
  558  600
  558  601
  559  603
  559  601
  560  561
  560  604
  560  603
  561  604
  561  605
  562  606
  562  563
  562  605
  563  607
  563  564
  563  606
  564  565
  565  609
  565  566
  566  611
  566  610
  567  612
  567  611
  568  569
  569  570
  569  613
  570  615
  570  614
  570  571
  571  616
  573  618
  573  617
  573  574
  574  619
  574  618
  575  620
  575  663
  575  619
  576  621
  576  620
  578  623
  578  622
  578  579
  579  580
  579  623
  580  625
  581  626
  581 2333
  581  625
  582  626
  583  629
  583  628
  584  629
  584  630
  584  585
  585  631
  585  586
  586  633
  586  587
  587  588
  588  589
  588  634
  589  635
  589  590
  589  636
  590  680
  590  637
  590  591
  591  638
  591  637
  591  592
  592  593
  592  638
  593  594
  593  638
  594  641
  594  595
  594  639
  595  642
  596  597
  596  642
  597  643
  598  643
  599  600
  599  646
  600  601
  601  647
  601  602
  602  648
  602  603
  603  648
  604  605
  604  650
  605  651
  606  651
  606  607
  607  652
  607  608
  607  651
  608  609
  608  652
  609  610
  609  653
  610  655
  610  611
  610  654
  610  656
  611  656
  612  657
  613  614
  613  702
  613  657
  614  615
  614  703
  615  705
  615  658
  615  659
  615  616
  616  660
  617  660
  618  662
  618  661
  619  662
  620  664
  620  621
  620  663
  621  622
  622  665
  622  623
  623  667
  623  624
  623  666
  624  668
  625 2333
  625  668
  626  627
  627  628
  627  671
  628  672
  629  630
  629  673
  630  674
  630  673
  630  631
  631  632
  631  675
  632  675
  632  633
  633  676
  634  677
  634  635
  634  676
  635  677
  635  636
  636  679
  636  680
  636  678
  637  681
  637  680
  638  682
  638  681
  639  724
  639  683
  640  684
  640  725
  641  685
  643  687
  643  686
  644  687
  646  689
  646  691
  648  733
  648  693
  648  692
  650  693
  651  696
  651  695
  652  653
  652  696
  653  697
  653  654
  653  696
  654  655
  654  698
  654  697
  655  699
  655  698
  656  700
  656  657
  658  705
  658  703
  659  660
  659  748
  660  661
  661  662
  661  706
  662  707
  662  708
  663  709
  663  708
  664  754
  664  665
  664  709
  665  666
  666  711
  666  710
  666  667
  667  668
  667  711
  668  669
  669  670
  669  712
  669 2333
  670  671
  670  760
  670  759
  670 2333
  671  672
  672  714
  672  713
  673  763
  673  674
  673  714
  674  716
  674  675
  674  715
  674  717
  675  717
  675  676
  677  678
  677  718
  678  679
  678  719
  679  721
  679  720
  680  722
  681 2334
  681  723
  682  773
  682  724
  682  723
  683  774
  683  725
  683  724
  684  726
  684  685
  684  725
  685  775
  685  727
  685  726
  685  686
  686  727
  686  687
  687  729
  687  728
  689  690
  689  731
  690  731
  690  691
  690  732
  691  781
  691  692
  691  732
  692  781
  692  733
  693  734
  693  694
  693  733
  694  735
  694  695
  694  734
  695  735
  696  737
  696  736
  697  739
  697  737
  697  738
  697  698
  698  739
  699  741
  699  700
  700  742
  700  701
  701  702
  702  703
  702  743
  703  743
  703  704
  704  746
  704  705
  704  745
  705  748
  705  747
  706  750
  706  748
  707  798
  707  750
  707  751
  708  709
  708  751
  709  752
  709  753
  710  756
  710  711
  710  755
  710  754
  711  757
  711  712
  712  759
  713  762
  713  760
  714  762
  715  764
  715  716
  715  763
  716  811
  716  765
  716  764
  717  718
  718  768
  718  719
  718  767
  719  720
  719  768
  719  769
  720  769
  720  770
  720  721
  721  816
  721  771
  721  722
  721  770
  722 2334
  722  771
  723  772
  724  773
  725  820
  725  726
  725  774
  726  775
  727  776
  727  728
  727  775
  728  823
  728  777
  728  776
  730  779
  731  779
  732  781
  732  780
  732  779
  733  782
  733  734
  733  781
  734  783
  734  735
  735  785
  735  784
  735  736
  736  786
  736  785
  737  786
  737  738
  738  787
  738  739
  738  788
  739  788
  739  789
  739  740
  740  790
  740  741
  741  742
  742  792
  742  790
  743  744
  743  792
  744  838
  744  745
  744  792
  745  793
  745  794
  745  746
  746  747
  746  794
  747  841
  747  795
  748  749
  749  797
  749  750
  749  796
  751  752
  751  798
  752  847
  752  800
  752  753
  752  799
  753  801
  753  754
  755  803
  755  756
  755  802
  756  803
  756  757
  757  804
  757  758
  757  803
  758  805
  758  759
  759  760
  760  761
  760  806
  761  808
  761  809
  761  762
  762  763
  763  809
  764  810
  765  812
  765  766
  765  811
  766  767
  767  813
  767  768
  767  812
  768  813
  768  814
  769  814
  769  770
  770  815
  770  814
  771  865
  771 2334
  771  816
  772  818
  772  817
  772 2334
  773  818
  774  819
  775  776
  775  821
  776  822
  777  823
  779  825
  779  826
  779  780
  780  781
  780  826
  781  828
  782  877
  783  784
  783  829
  783  877
  784  785
  784  830
  785  831
  786  787
  786  831
  787  832
  788  834
  788  833
  788  789
  789  790
  790  835
  790  791
  791  837
  791  792
  791  835
  793  840
  793  794
  793  839
  793  838
  794  840
  794  841
  795  796
  796  842
  796  797
  797  844
  797  843
  798  799
  798  844
  799  846
  799  847
  799  845
  800  848
  800  849
  800  801
  800  847
  801  850
  801  849
  801  802
  802  851
  802  803
  802  850
  803  852
  803  804
  804  853
  804  852
  804  805
  805  854
  805  853
  805  806
  806  807
  806  855
  806  854
  807  856
  807  855
  807  808
  808  857
  808  809
  809  858
  809  810
  809  857
  810  858
  810  811
  811  859
  811  812
  811  858
  812  904
  812  860
  812  859
  812  813
  813  814
  813  860
  814  815
  814  861
  814  862
  815  863
  815  816
  816  864
  817  866
  817  818
  817  865
  817 2334
  818  867
  818  912
  819  868
  819  867
  820  868
  821  869
  821  868
  823  871
  823  870
  824  871
  825  826
  825  874
  826  827
  827  875
  828  924
  828  876
  829  878
  830  879
  831  881
  831  880
  832  929
  832  881
  832  833
  833  883
  833  834
  833  882
  834  883
  834  835
  835  931
  835  836
  835  884
  835  883
  836  933
  836  837
  837  885
  837  838
  838  934
  838  885
  839  887
  839  886
  840  888
  840  841
  841  842
  841  888
  842  938
  842  889
  842  843
  842  888
  843  889
  843  890
  843  844
  844  845
  845  890
  845  891
  845  846
  846  941
  846  892
  846  891
  848  942
  848  893
  848  892
  849  893
  849  850
  849  894
  850  851
  850  895
  851  896
  851  852
  852  853
  852  896
  853  854
  853  896
  854  899
  854  855
  854  898
  855  899
  856  900
  856  857
  856  899
  857  858
  857  900
  858  859
  858  901
  859  902
  859  903
  860  861
  860  906
  860  904
  861  907
  861  955
  861  906
  861  862
  862  908
  862  907
  863  908
  863  864
  864  865
  864  909
  865  910
  866  911
  866  910
  867  868
  867  913
  867  912
  868  915
  868  914
  868  913
  869  961
  869  916
  869  915
  869  870
  870  917
  870  871
  870  916
  871  919
  871  918
  874  966
  874  920
  875  876
  875  921
  876  922
  876  924
  878  879
  878  926
  879  972
  879  926
  879  927
  880  973
  880  927
  881  928
  882  930
  882  883
  882  929
  883  930
  884  933
  884  932
  884  931
  885  934
  885  933
  886  935
  886  887
  886  934
  887  936
  887  888
  887  935
  888  938
  888  936
  889  939
  889  890
  890  939
  890  940
  890  891
  891  941
  891  985
  892  942
  892  941
  893  894
  893  942
  894  943
  894  944
  894  895
  895  945
  895  896
  895  946
  895  944
  896  897
  897  947
  897  946
  897  898
  898  899
  898  949
  898  947
  899  950
  899  900
  901  951
  901  950
  901  902
  902  952
  902  903
  902  951
  903  997
  903  953
  903  952
  904  905
  905  954
  905  953
  907 1000
  907  908
  907  955
  908  956
  909  957
  909  956
  910  958
  910  957
  911  912
  911  958
  912  959
  912  913
  913 2321
  913  914
  914  915
  914 2321
  915  961
  916 1007
  916  962
  916  961
  917  962
  917  918
  918  964
  918  963
  918  962
  920  966
  921  967
  921  968
  921  922
  921  966
  922  968
  922  923
  923  924
  923  969
  923  968
  924  969
  924  925
  925  926
  926  970
  927  973
  927  972
  928 1018
  928  929
  928  973
  929  974
  929  975
  930  976
  930  931
  930 1020
  930  975
  931  977
  931  976
  931  932
  932  978
  932 1023
  932  977
  933  979
  933  934
  933  978
  934  935
  935 1026
  935  936
  935  979
  936  980
  936  982
  937  982
  937  938
  938  983
  938  939
  938  982
  939  940
  939  984
  940  984
  941  942
  941  985
  942  986
  942  987
  943  988
  943  944
  944  989
  944  945
  945  991
  945  946
  945  989
  946  947
  947  992
  947  993
  947  991
  948  949
  949  950
  949  993
  949  995
  950  995
  950  951
  951  952
  951  995
  952  996
  953  954
  953  999
  953  997
  954  999
  954  955
  955 1000
  955  999
  956 1050
  956 1001
  957 1002
  958 1003
  959 1005
  960 1005
  960 2321
  961 1007
  962 2310
  962 1008
  962  963
  962 1007
  963 1009
  964 1009
  966 1012
  966 1011
  967 1013
  967 1012
  968 1014
  968  969
  968 1013
  969  970
  969 1015
  969 1014
  970 1016
  970  971
  970 1015
  971 1065
  971 1016
  971  972
  971 1017
  972 1017
  973 1018
  973 1017
  974 1019
  975 1019
  976  977
  976 1020
  977 1023
  977 1021
  978  979
  978 1023
  979 1024
  979 1025
  979 1026
  980 1027
  980  981
  980 1026
  981 1028
  981  982
  981 1027
  982  983
  982 1028
  983  984
  983 1029
  983 1077
  983 1030
  984 1030
  984 1031
  985 1033
  985 1031
  985  986
  986  987
  987 1035
  987 1034
  987  988
  987 1033
  988 1084
  988 1036
  988  989
  988 1035
  990 1037
  990 1036
  990  991
  991 1038
  991 1037
  991  992
  992 1038
  993 1040
  993 1039
  993  994
  994 1041
  994  995
  994 1040
  995 1044
  995 1042
  995  996
  996  997
  996 1044
  997 1045
  997  998
  998 1048
  998 1047
  998  999
  998 1046
  999 1049
  999 1000
 1000 1050
 1000 1049
 1001 1051
 1001 1096
 1001 1002
 1002 1051
 1002 1003
 1003 1052
 1003 1004
 1004 1053
 1004 1005
 1005 1054
 1005 1053
 1006 2321
 1006 1055
 1006 1007
 1007 2310
 1008 1058
 1008 1009
 1008 2310
 1009 1059
 1009 1058
 1011 1061
 1012 1107
 1012 1061
 1012 1062
 1013 1107
 1013 1063
 1014 1064
 1014 1063
 1015 1064
 1015 1016
 1016 1065
 1016 1064
 1017 1111
 1017 1066
 1018 1068
 1018 1019
 1018 1067
 1018 1066
 1019 1068
 1019 1020
 1020 1070
 1020 1069
 1020 1068
 1020 1021
 1021 1022
 1021 1071
 1022 1071
 1022 1072
 1022 1023
 1023 1072
 1024 1073
 1026 1073
 1026 1074
 1026 1027
 1027 1120
 1027 1075
 1027 1074
 1028 1029
 1028 1076
 1029 1077
 1029 1076
 1030 1031
 1030 1079
 1030 1077
 1031 1079
 1032 1081
 1032 1080
 1032 1033
 1032 1079
 1033 1126
 1033 1081
 1033 1082
 1033 1034
 1034 1082
 1035 1128
 1035 1127
 1035 1084
 1035 1083
 1036 1085
 1036 1037
 1036 1084
 1037 1131
 1037 1085
 1037 1086
 1038 1087
 1038 1039
 1039 1040
 1039 1088
 1039 1087
 1040 1088
 1041 1088
 1041 1135
 1041 1089
 1043 1136
 1043 1089
 1043 1090
 1043 1044
 1044 1091
 1044 1090
 1046 1138
 1046 1092
 1046 1047
 1046 1091
 1047 1093
 1047 1092
 1048 1049
 1049 1050
 1049 1093
 1050 1095
 1050 1094
 1050 1096
 1051 1143
 1051 1097
 1052 1098
 1052 1053
 1052 1097
 1053 1054
 1053 1098
 1054 1099
 1054 1100
 1055 2320
 1055 1102
 1056 2310
 1057 1104
 1057 2312
 1057 2310
 1058 1105
 1061 1153
 1061 1106
 1062 1153
 1063 1154
 1063 1108
 1064 1110
 1064 1108
 1064 1109
 1065 1157
 1065 1111
 1066 1112
 1067 1159
 1067 1113
 1067 1112
 1068 1113
 1068 1069
 1069 1114
 1069 1070
 1070 1162
 1070 1115
 1070 1114
 1070 1071
 1071 1072
 1071 1115
 1072 1117
 1072 1116
 1072 1073
 1073 1118
 1073 1119
 1073 1117
 1073 1074
 1074 1119
 1075 1121
 1075 1076
 1075 1120
 1076 1077
 1076 1122
 1077 1122
 1077 1078
 1078 1079
 1078 1122
 1079 1124
 1079 1123
 1080 1124
 1080 1125
 1081 1126
 1082 1174
 1082 1127
 1082 1126
 1083 1127
 1084 1130
 1084 1085
 1084 1128
 1085 1178
 1085 1130
 1086 1132
 1086 1087
 1086 1131
 1087 1134
 1087 1088
 1087 1132
 1088 1135
 1088 1134
 1089 1136
 1089 1135
 1090 1137
 1090 1091
 1090 1136
 1091 1138
 1091 1137
 1092 1093
 1092 1140
 1092 1138
 1093 1094
 1094 1095
 1094 1141
 1094 1142
 1094 1140
 1095 1096
 1096 1190
 1096 1142
 1096 1143
 1097 1098
 1097 1144
 1097 1143
 1098 1145
 1098 1144
 1099 1146
 1100 1147
 1100 1101
 1100 2320
 1101 1148
 1101 1102
 1101 1147
 1102 1148
 1102 1103
 1103 2312
 1103 1149
 1103 1148
 1103 2311
 1104 2312
 1104 1150
 1104 1105
 1104 1149
 1105 1150
 1106 1153
 1107 1154
 1107 1153
 1108 1109
 1108 1155
 1109 1110
 1109 1156
 1110 1157
 1110 1204
 1111 1206
 1111 1158
 1112 1158
 1112 1159
 1113 1160
 1114 1160
 1114 1162
 1114 1161
 1115 1163
 1115 1162
 1116 1117
 1116 1164
 1117 1166
 1117 1164
 1117 1118
 1118 1119
 1118 1167
 1118 1166
 1119 1215
 1119 1168
 1119 1120
 1120 1121
 1121 1170
 1121 1122
 1121 1168
 1122 1170
 1123 1170
 1123 1171
 1123 1124
 1124 1125
 1124 1173
 1124 1171
 1125 1173
 1125 1126
 1126 1174
 1126 1173
 1127 1175
 1127 1174
 1128 1129
 1129 1176
 1130 1178
 1130 1176
 1131 1179
 1131 1178
 1132 1180
 1132 1133
 1133 1134
 1134 1181
 1134 1135
 1135 1136
 1135 1181
 1136 1184
 1136 1137
 1136 1182
 1137 1184
 1138 1139
 1138 1184
 1139 1140
 1139 1186
 1139 1187
 1139 1185
 1140 1188
 1140 1141
 1140 1187
 1141 1188
 1141 1142
 1142 1189
 1142 1190
 1143 1191
 1143 1190
 1144 1192
 1144 1193
 1145 1146
 1145 1194
 1145 1193
 1146 1147
 1146 1194
 1146 1195
 1147 1148
 1147 1195
 1148 1197
 1148 1149
 1149 1198
 1149 1150
 1149 2312
 1150 1151
 1151 1198
 1152 1201
 1154 1201
 1155 1203
 1156 1204
 1156 1203
 1157 1206
 1157 1205
 1158 1207
 1159 1208
 1159 1207
 1160 1209
 1160 1208
 1161 1210
 1161 1209
 1162 1210
 1162 1163
 1163 1164
 1163 1210
 1164 1256
 1164 1211
 1164 1212
 1165 1212
 1165 1166
 1166 1213
 1166 1167
 1166 1212
 1167 1214
 1167 1213
 1168 1216
 1168 1169
 1168 1215
 1169 1170
 1169 1217
 1170 1217
 1170 1219
 1170 1171
 1171 1220
 1171 1219
 1172 1173
 1173 1264
 1173 1174
 1173 1222
 1174 1222
 1174 1223
 1175 1224
 1175 1176
 1176 1177
 1177 1225
 1177 1224
 1178 1226
 1178 1179
 1178 1225
 1179 1226
 1179 1180
 1180 1181
 1180 1226
 1181 1182
 1181 1227
 1182 1228
 1182 1183
 1183 1231
 1183 1184
 1183 1230
 1183 1229
 1184 1231
 1185 1186
 1186 1233
 1186 1232
 1187 1278
 1187 1233
 1187 1234
 1187 1188
 1188 1189
 1189 1190
 1189 1234
 1189 1235
 1189 1236
 1190 1236
 1190 1237
 1191 1281
 1191 1192
 1191 1238
 1192 1238
 1192 1239
 1193 1239
 1194 1283
 1194 1240
 1195 1241
 1195 1240
 1196 1243
 1198 1289
 1198 1288
 1198 1244
 1198 1243
 1200 1246
 1200 1201
 1201 1246
 1201 1202
 1201 1247
 1202 1248
 1202 1203
 1202 1247
 1203 1248
 1204 1249
 1205 1250
 1206 1250
 1207 1252
 1207 2332
 1207 1251
 1208 1252
 1208 1253
 1209 1253
 1209 1210
 1210 1254
 1210 1211
 1210 1255
 1211 1256
 1211 1255
 1212 1256
 1213 1258
 1213 1256
 1213 1214
 1214 1259
 1214 1258
 1215 1260
 1215 1216
 1216 1217
 1216 1260
 1217 1261
 1217 1260
 1218 1308
 1218 1262
 1218 1219
 1218 1261
 1219 1262
 1219 1263
 1220 1221
 1220 1263
 1221 1264
 1221 1263
 1222 1223
 1222 1264
 1223 1267
 1223 1224
 1223 1266
 1223 1265
 1224 1267
 1224 1268
 1224 1225
 1225 1226
 1226 1268
 1226 1270
 1226 1227
 1227 1228
 1227 1271
 1227 1270
 1228 1272
 1229 1273
 1229 1230
 1230 1231
 1231 1274
 1231 1275
 1231 1232
 1231 1273
 1232 1275
 1232 1276
 1232 1233
 1233 1277
 1233 1276
 1234 1279
 1234 1235
 1234 1325
 1234 1278
 1235 1326
 1235 1279
 1235 1280
 1236 1280
 1237 1281
 1238 1330
 1238 1282
 1239 1283
 1239 1282
 1240 1285
 1241 1286
 1241 1242
 1241 1285
 1242 1287
 1242 1286
 1242 1243
 1243 1288
 1243 1287
 1244 1289
 1246 1292
 1246 1291
 1247 1293
 1248 1294
 1248 1295
 1248 1249
 1248 1293
 1249 1295
 1249 1250
 1250 1343
 1250 1296
 1250 1251
 1250 1295
 1251 1296
 1251 1297
 1251 2332
 1252 1298
 1252 1299
 1253 1300
 1253 1254
 1253 1299
 1254 1348
 1254 1255
 1254 1301
 1255 1349
 1255 1302
 1255 1256
 1256 1303
 1256 1302
 1258 1352
 1258 1304
 1258 1259
 1258 1303
 1259 1306
 1259 1305
 1259 1260
 1259 1304
 1260 1307
 1260 1261
 1261 1308
 1262 1309
 1262 1263
 1262 1310
 1263 1264
 1263 1311
 1264 1311
 1264 1312
 1265 1266
 1266 1267
 1266 1313
 1266 1312
 1267 1362
 1267 1315
 1267 1268
 1268 1317
 1268 1269
 1268 1315
 1269 1270
 1269 1317
 1270 1317
 1270 1318
 1271 1320
 1271 1318
 1271 1272
 1272 1321
 1272 1273
 1272 1320
 1273 1274
 1273 1321
 1274 1321
 1274 1322
 1275 1322
 1276 1277
 1276 1322
 1277 1324
 1277 1323
 1278 1324
 1279 1373
 1279 1326
 1280 1328
 1280 1327
 1280 1281
 1280 1326
 1281 1329
 1281 1328
 1282 1377
 1282 1331
 1283 1331
 1283 1284
 1284 1332
 1284 1285
 1284 1331
 1285 1332
 1286 1334
 1286 1333
 1287 1334
 1287 1335
 1289 1336
 1290 1337
 1292 1340
 1292 1385
 1292 1339
 1292 1293
 1293 1340
 1293 1294
 1294 1295
 1294 1340
 1295 1343
 1295 1342
 1296 1297
 1296 1345
 1296 1343
 1297 1346
 1298 2332
 1298 1299
 1299 1347
 1299 1300
 1300 1348
 1301 1349
 1302 1303
 1302 1351
 1302 1349
 1303 1351
 1303 1352
 1304 1353
 1304 1352
 1305 1353
 1305 1354
 1305 1306
 1306 1307
 1307 1354
 1308 1356
 1308 1355
 1309 1310
 1310 1356
 1310 1357
 1311 1358
 1311 1312
 1311 1357
 1312 1360
 1312 1359
 1312 1358
 1312 1313
 1313 1406
 1313 1361
 1313 1360
 1314 1361
 1314 1362
 1315 1363
 1315 1362
 1316 1364
 1316 1317
 1316 1363
 1317 1318
 1317 1365
 1318 1365
 1319 1366
 1319 1320
 1319 1365
 1320 1368
 1320 1366
 1320 1321
 1321 1369
 1321 1368
 1321 1322
 1322 1371
 1322 1323
 1322 1369
 1323 1372
 1323 1324
 1324 1325
 1324 1373
 1326 1373
 1327 1421
 1327 1374
 1327 1375
 1327 1328
 1328 1376
 1328 1375
 1329 1376
 1329 1330
 1330 1377
 1330 1376
 1331 1378
 1331 1379
 1332 1380
 1332 1333
 1333 1380
 1334 1426
 1334 1381
 1335 1428
 1335 1336
 1336 1382
 1336 1337
 1336 1428
 1337 1383
 1337 1382
 1337 1338
 1339 1385
 1340 1341
 1340 1385
 1340 1386
 1340 1432
 1341 1387
 1341 1342
 1342 1343
 1343 1388
 1343 1344
 1344 1437
 1345 1389
 1346 1390
 1346 1389
 1346 2332
 1347 1391
 1347 1392
 1348 1392
 1348 1393
 1349 1441
 1349 1394
 1349 1350
 1349 1393
 1350 1394
 1351 1395
 1351 1352
 1351 1394
 1352 1396
 1352 1353
 1352 1395
 1353 1354
 1353 1397
 1353 1396
 1354 1355
 1354 1398
 1355 1401
 1355 1399
 1355 1400
 1355 1356
 1356 1447
 1356 1402
 1356 1401
 1356 1357
 1357 1404
 1357 1358
 1357 1402
 1358 1404
 1359 1405
 1359 1404
 1360 1405
 1360 1406
 1361 1407
 1361 1406
 1362 1408
 1362 1363
 1362 1407
 1363 1364
 1363 1408
 1364 1409
 1364 1410
 1364 1365
 1365 1366
 1365 1410
 1366 1367
 1366 1411
 1366 1412
 1367 1368
 1368 1414
 1369 1415
 1369 1370
 1370 1371
 1370 1415
 1371 1416
 1371 1372
 1371 1415
 1371 1417
 1372 1418
 1372 1417
 1372 1373
 1373 1374
 1373 1420
 1373 1419
 1373 1418
 1374 1421
 1374 1420
 1375 1376
 1375 1421
 1376 1377
 1376 1422
 1377 1378
 1377 1423
 1378 1379
 1378 1423
 1379 1424
 1379 1425
 1379 1380
 1380 1426
 1380 1425
 1381 1428
 1381 1427
 1381 1426
 1382 1430
 1382 1429
 1382 1428
 1385 1432
 1385 1431
 1387 1434
 1388 1435
 1389 1438
 1389 1437
 1390 1484
 1390 1391
 1390 1438
 1391 1439
 1392 1440
 1393 1487
 1393 1486
 1393 1441
 1394 1442
 1394 1441
 1395 1396
 1395 1442
 1396 1397
 1396 1442
 1396 1443
 1397 1443
 1397 1444
 1398 1445
 1398 1444
 1399 1400
 1399 1446
 1399 1445
 1400 1446
 1401 1447
 1402 1448
 1402 1447
 1403 1449
 1403 1404
 1403 1448
 1404 1451
 1404 1405
 1404 1449
 1405 1451
 1406 1451
 1406 1452
 1407 1408
 1407 1452
 1408 1452
 1408 1409
 1409 1500
 1409 1454
 1409 1453
 1409 1410
 1410 1411
 1410 1455
 1410 1454
 1411 1412
 1412 1413
 1412 1457
 1413 1414
 1413 1458
 1413 1457
 1414 1459
 1414 1415
 1415 1460
 1415 1416
 1415 1461
 1416 1461
 1416 1417
 1417 1463
 1417 1462
 1418 1464
 1418 1463
 1419 1465
 1419 1464
 1419 1420
 1420 1466
 1420 1465
 1421 1467
 1422 1468
 1422 1467
 1423 1469
 1423 1468
 1424 1470
 1424 1469
 1425 2324
 1425 1426
 1425 1470
 1426 1427
 1426 1471
 1427 1428
 1427 1472
 1428 1473
 1428 1429
 1429 1430
 1429 1474
 1430 1475
 1432 1521
 1432 1477
 1433 1478
 1433 1434
 1434 1480
 1434 1435
 1434 1479
 1435 1436
 1436 1437
 1436 1482
 1437 1482
 1438 1527
 1438 1483
 1439 1485
 1439 1440
 1439 1484
 1440 1485
 1440 1486
 1441 1442
 1441 1487
 1442 1488
 1443 1444
 1443 1489
 1444 1445
 1444 1491
 1445 1446
 1445 1491
 1446 1493
 1446 1492
 1446 1447
 1447 1493
 1448 1449
 1448 1493
 1449 1495
 1449 1450
 1450 1496
 1450 1495
 1450 1451
 1451 1452
 1451 1498
 1451 1496
 1452 1499
 1452 1453
 1453 1500
 1453 1499
 1454 1455
 1454 1500
 1455 1501
 1455 1502
 1456 1457
 1456 1503
 1456 1502
 1457 1504
 1457 1458
 1458 1504
 1459 1505
 1459 1506
 1459 1460
 1460 1507
 1460 1461
 1461 1507
 1461 1462
 1462 1509
 1462 1463
 1463 1464
 1464 1509
 1464 1465
 1465 1511
 1465 1466
 1466 1512
 1466 1511
 1466 1467
 1467 1558
 1467 1513
 1467 1512
 1468 1514
 1468 1513
 1469 1515
 1469 1514
 1470 2322
 1470 1515
 1471 1516
 1471 2326
 1472 1517
 1473 1517
 1474 1563
 1474 1518
 1475 1519
 1477 1521
 1478 1523
 1478 1479
 1478 1522
 1478 1521
 1479 1523
 1479 1480
 1480 1524
 1480 1523
 1480 1481
 1481 1525
 1481 1482
 1481 1524
 1482 1526
 1482 1525
 1482 1483
 1483 1526
 1484 1573
 1484 1527
 1485 1528
 1485 1486
 1486 1530
 1486 1487
 1486 1529
 1487 1531
 1487 1488
 1487 1530
 1488 1489
 1488 1531
 1489 1532
 1489 1490
 1490 1491
 1490 1533
 1491 1535
 1491 1536
 1492 1493
 1492 1537
 1493 1537
 1493 1494
 1494 1539
 1494 1495
 1494 1538
 1495 1540
 1495 1496
 1496 1497
 1496 1540
 1497 1541
 1497 1498
 1498 1543
 1498 1499
 1499 1544
 1499 1500
 1500 1545
 1500 1544
 1500 1501
 1501 1502
 1501 1546
 1502 1547
 1503 1504
 1503 1549
 1503 1548
 1504 2337
 1504 1549
 1505 2337
 1505 1551
 1505 1506
 1506 1507
 1506 1552
 1507 1508
 1508 1554
 1508 1509
 1508 1552
 1508 1553
 1509 1510
 1510 1555
 1510 1511
 1510 1554
 1511 1512
 1511 1555
 1512 1557
 1512 1558
 1513 1559
 1513 1558
 1514 1560
 1514 1559
 1515 1561
 1515 1560
 1516 2325
 1516 1604
 1516 1562
 1516 1517
 1517 1563
 1518 1565
 1518 1564
 1518 1519
 1518 1563
 1520 1567
 1521 1567
 1521 1522
 1522 1523
 1522 1568
 1523 1569
 1523 1524
 1524 1570
 1524 1525
 1525 1526
 1526 1527
 1526 1571
 1527 1571
 1528 1574
 1528 1573
 1528 1529
 1529 1530
 1529 1575
 1529 1574
 1530 1531
 1530 1575
 1531 1577
 1531 1576
 1532 1578
 1532 1577
 1533 1534
 1533 1578
 1534 1580
 1534 1535
 1535 1536
 1536 1581
 1537 1625
 1537 1626
 1537 1538
 1537 1581
 1538 1626
 1539 1582
 1539 1540
 1540 1541
 1541 1583
 1541 1542
 1542 1585
 1542 1543
 1542 1584
 1543 1586
 1543 1544
 1544 1545
 1545 1546
 1545 1586
 1546 1587
 1546 1547
 1547 1588
 1547 1548
 1548 1590
 1548 1589
 1549 1550
 1549 1590
 1550 1592
 1551 1636
 1551 1593
 1551 1592
 1552 1594
 1552 1593
 1552 1553
 1553 1595
 1553 1594
 1554 1596
 1554 1595
 1555 1556
 1555 1598
 1555 1596
 1556 1599
 1556 1557
 1557 1558
 1557 1600
 1558 1600
 1559 1642
 1559 1600
 1559 1601
 1560 1644
 1560 1601
 1560 1561
 1561 1603
 1561 2322
 1561 1602
 1562 1648
 1562 1647
 1562 1605
 1562 1563
 1562 1604
 1563 1605
 1563 1564
 1564 1607
 1564 1606
 1565 1607
 1566 1610
 1567 1610
 1567 1611
 1568 1611
 1569 1612
 1570 1656
 1570 1657
 1570 1614
 1570 1613
 1571 1614
 1571 1615
 1571 1572
 1572 1616
 1572 1615
 1572 1573
 1573 1574
 1573 1616
 1574 1575
 1574 1616
 1575 1617
 1575 1576
 1576 1619
 1576 1577
 1576 1620
 1577 1620
 1578 1665
 1578 1621
 1578 1620
 1579 1580
 1579 1621
 1579 1622
 1580 1624
 1580 1623
 1581 1625
 1581 1624
 1582 1583
 1582 1626
 1583 1627
 1583 1584
 1584 1628
 1585 1631
 1585 1586
 1585 1630
 1586 1632
 1586 1587
 1587 1632
 1588 1633
 1588 1632
 1588 1589
 1589 1678
 1589 1633
 1590 1591
 1590 1634
 1591 1635
 1592 1636
 1592 1635
 1593 1682
 1593 1594
 1593 1637
 1594 1683
 1594 1637
 1595 1639
 1595 1638
 1596 1597
 1597 1640
 1597 1598
 1597 1639
 1598 2331
 1598 1599
 1599 1600
 1599 1641
 1600 1642
 1601 1643
 1601 1642
 1602 1645
 1602 1603
 1602 1644
 1603 2325
 1603 1604
 1603 2323
 1604 2325
 1604 1646
 1605 1649
 1605 1648
 1606 1650
 1606 1649
 1608 1650
 1609 1610
 1610 1652
 1610 1611
 1611 1654
 1611 1612
 1611 1655
 1612 1613
 1612 1655
 1613 1655
 1613 1656
 1614 1702
 1614 1659
 1614 1658
 1615 1659
 1615 1660
 1615 1616
 1616 1617
 1617 1660
 1617 1618
 1618 1663
 1618 1619
 1618 1661
 1619 1664
 1619 1620
 1620 1664
 1621 1709
 1621 1665
 1622 1667
 1622 1623
 1622 1666
 1623 1668
 1624 1625
 1624 1668
 1624 1670
 1624 1669
 1625 1671
 1625 1626
 1626 1672
 1626 1671
 1627 1715
 1627 1628
 1627 1672
 1628 1673
 1628 1629
 1628 1674
 1629 1630
 1630 1675
 1630 1631
 1631 1676
 1631 1632
 1632 1676
 1633 1721
 1633 1678
 1633 1677
 1634 1678
 1635 1680
 1636 1682
 1636 1681
 1637 1683
 1638 1684
 1638 1683
 1639 1685
 1639 1684
 1640 2331
 1640 1687
 1640 1686
 1641 1688
 1641 1642
 1642 1732
 1642 1643
 1642 1689
 1643 1689
 1643 1690
 1644 1690
 1645 1691
 1645 1690
 1646 1692
 1646 1691
 1647 1692
 1647 1648
 1648 1649
 1649 1650
 1649 1693
 1650 1695
 1650 1694
 1650 1651
 1651 1695
 1652 1698
 1653 1654
 1654 1655
 1654 1700
 1655 1656
 1656 1701
 1657 1658
 1657 1701
 1658 1702
 1659 1703
 1659 1660
 1660 1661
 1660 1703
 1661 1704
 1661 1662
 1662 1663
 1662 1705
 1663 1707
 1663 1664
 1664 1708
 1664 1665
 1665 1708
 1666 1754
 1666 1709
 1667 1755
 1667 1711
 1668 1669
 1668 1711
 1669 1670
 1669 1712
 1670 1671
 1671 1713
 1671 1672
 1672 1714
 1672 1713
 1673 1716
 1673 1715
 1674 1717
 1674 1675
 1674 1716
 1675 1719
 1675 1718
 1676 1677
 1676 1719
 1677 1719
 1678 1722
 1678 1721
 1679 1768
 1679 1722
 1680 1723
 1680 1681
 1681 1724
 1681 2336
 1681 1682
 1682 1683
 1682 1725
 1683 1725
 1684 1727
 1684 1685
 1685 1728
 1685 1686
 1686 1728
 1687 1731
 1687 2331
 1687 1730
 1688 2331
 1688 1732
 1688 1776
 1689 1733
 1689 1732
 1690 1779
 1690 1780
 1690 1734
 1690 1733
 1691 1735
 1691 1734
 1692 1736
 1693 1737
 1695 1785
 1695 1739
 1695 1738
 1697 1698
 1697 1741
 1698 1741
 1698 1742
 1698 1699
 1700 1790
 1700 1743
 1701 1745
 1701 1744
 1702 1747
 1702 1703
 1702 1746
 1702 1745
 1703 1747
 1704 1749
 1704 1705
 1704 1747
 1705 1706
 1706 1751
 1706 1749
 1706 1707
 1707 1752
 1707 1708
 1708 1752
 1709 1753
 1709 1752
 1710 1755
 1710 1754
 1711 1712
 1711 1756
 1712 1757
 1713 1758
 1713 1759
 1713 1714
 1713 1757
 1714 1759
 1715 1807
 1716 1760
 1717 1762
 1717 1761
 1718 1763
 1718 1719
 1718 1762
 1719 1764
 1719 1763
 1720 1764
 1720 1721
 1721 1722
 1721 1765
 1722 1766
 1723 1769
 1723 1768
 1723 2336
 1724 1817
 1724 2336
 1724 1725
 1725 1818
 1725 1726
 1725 1771
 1726 1771
 1726 1727
 1727 1728
 1728 1773
 1728 1729
 1729 1773
 1729 1730
 1730 1822
 1730 1775
 1730 1731
 1731 1776
 1732 1733
 1732 1777
 1733 1777
 1733 1778
 1734 1827
 1734 1781
 1734 1780
 1735 1782
 1735 1736
 1736 1783
 1736 1782
 1736 1737
 1737 1830
 1737 1784
 1737 1783
 1738 1831
 1738 1785
 1738 1784
 1739 1785
 1740 1788
 1741 1788
 1741 1742
 1742 1743
 1742 1789
 1742 1788
 1743 1790
 1743 1789
 1744 1790
 1745 1792
 1745 1837
 1746 1837
 1746 1747
 1746 1793
 1747 1794
 1747 1793
 1748 1795
 1748 1749
 1749 1750
 1749 1796
 1750 1798
 1751 1798
 1752 1800
 1752 1799
 1752 1753
 1753 1801
 1753 1800
 1754 1801
 1755 1803
 1756 1803
 1756 1804
 1757 1805
 1757 1804
 1757 1758
 1758 1806
 1758 1759
 1759 1807
 1759 1806
 1760 1808
 1760 1761
 1761 1809
 1762 1854
 1762 1811
 1762 1763
 1763 1764
 1764 1811
 1764 1812
 1765 1766
 1765 1812
 1766 1813
 1766 1767
 1767 1815
 1767 1814
 1768 1815
 1768 1769
 1769 2336
 1769 1816
 1769 1817
 1770 1818
 1770 1817
 1771 1819
 1771 1818
 1772 1773
 1772 1819
 1773 1821
 1773 1820
 1774 1822
 1774 1821
 1775 1823
 1776 1824
 1776 1777
 1777 1778
 1777 1824
 1778 1825
 1778 1779
 1779 1780
 1780 1827
 1781 1828
 1781 1782
 1781 1827
 1782 1829
 1783 1871
 1783 1829
 1784 1831
 1784 1830
 1785 1832
 1785 1831
 1788 1875
 1788 1833
 1788 1834
 1790 1835
 1790 1791
 1791 1836
 1791 1792
 1791 1835
 1792 1837
 1792 1836
 1793 1839
 1793 1794
 1793 1837
 1794 1881
 1794 1840
 1794 1839
 1794 1795
 1795 1840
 1796 1840
 1796 1797
 1797 1843
 1797 1841
 1798 1843
 1798 1799
 1799 1800
 1799 1844
 1799 1843
 1800 1844
 1800 1801
 1801 1846
 1801 1845
 1802 1847
 1802 1846
 1803 1848
 1803 1804
 1803 1847
 1804 1805
 1805 1849
 1805 1806
 1806 1807
 1806 1850
 1806 1849
 1807 1851
 1807 1850
 1807 1808
 1808 1852
 1808 1851
 1809 1810
 1809 1852
 1810 1854
 1811 1855
 1811 1812
 1812 1813
 1812 1855
 1813 1814
 1814 1856
 1815 1858
 1816 1900
 1816 1899
 1816 1817
 1816 1859
 1816 1858
 1817 2336
 1817 1859
 1818 1861
 1818 1819
 1819 2330
 1819 1861
 1820 2330
 1820 1821
 1821 1862
 1822 1823
 1822 1863
 1823 1906
 1823 1865
 1824 1866
 1824 1825
 1824 1865
 1825 1866
 1825 1826
 1826 1868
 1826 1867
 1827 1869
 1827 1868
 1827 1828
 1828 1910
 1828 1870
 1828 1829
 1828 1869
 1829 1911
 1829 1870
 1830 1872
 1830 1871
 1831 1914
 1831 1873
 1831 1872
 1833 1875
 1834 1876
 1834 1835
 1834 1875
 1835 1876
 1836 1878
 1836 1837
 1836 1877
 1837 1838
 1837 1880
 1837 1878
 1838 1839
 1839 1881
 1840 1882
 1840 1881
 1841 1842
 1841 1882
 1842 1884
 1843 1925
 1843 1885
 1843 1844
 1843 1884
 1844 1885
 1845 1846
 1845 1885
 1846 1927
 1846 1886
 1847 1848
 1847 1888
 1848 1890
 1848 1849
 1848 1888
 1849 1891
 1850 1892
 1850 1851
 1851 1893
 1851 1892
 1852 1853
 1852 1893
 1853 1854
 1854 1935
 1854 1934
 1854 1855
 1855 1936
 1855 1935
 1855 1895
 1856 1857
 1856 1895
 1856 1897
 1857 1898
 1858 1899
 1858 1898
 1859 1860
 1859 1900
 1860 1902
 1861 2330
 1861 1902
 1862 1863
 1862 1904
 1863 1864
 1865 1948
 1865 1866
 1865 1906
 1866 1949
 1866 1907
 1866 1948
 1867 1950
 1867 1907
 1868 1951
 1868 1909
 1868 1869
 1869 1910
 1870 1910
 1871 1912
 1871 1911
 1871 1872
 1872 1913
 1873 1914
 1875 1959
 1875 1916
 1876 1918
 1876 1877
 1876 1917
 1877 1962
 1877 1878
 1877 1918
 1878 1919
 1878 1879
 1879 1920
 1879 1880
 1879 1919
 1880 1964
 1880 1921
 1880 1881
 1881 1882
 1881 1921
 1882 1883
 1882 1922
 1883 1884
 1883 2316
 1884 1924
 1884 1925
 1885 1926
 1885 1925
 1886 1926
 1887 1928
 1888 1929
 1888 1889
 1888 1928
 1889 1929
 1889 1890
 1889 1930
 1890 1931
 1890 1891
 1891 1931
 1891 1892
 1892 1933
 1892 1893
 1893 2314
 1893 1933
 1894 2314
 1894 1934
 1895 1937
 1895 1936
 1896 1937
 1896 1897
 1897 1939
 1898 1939
 1899 1941
 1899 1940
 1899 1900
 1900 1942
 1900 1941
 1901 1942
 1901 1902
 1902 1987
 1902 1944
 1902 2330
 1903 1904
 1903 2330
 1903 1944
 1904 1945
 1904 2330
 1905 1906
 1905 1945
 1905 1947
 1906 1948
 1906 1947
 1907 1949
 1908 1951
 1908 1950
 1909 1910
 1909 1951
 1910 1911
 1910 1953
 1911 1998
 1911 1954
 1911 1953
 1912 1954
 1913 1955
 1914 1956
 1914 1955
 1915 1956
 1916 1959
 1917 1959
 1918 1962
 1918 1961
 1919 1962
 1920 1964
 1920 1963
 1921 1966
 1921 1965
 1921 1964
 1922 1966
 1923 1968
 1923 2316
 1924 1969
 1924 1925
 1924 1968
 1925 1926
 1925 1970
 1925 1969
 1926 1970
 1927 1970
 1928 1971
 1928 1972
 1928 1929
 1929 2019
 1929 1972
 1930 2021
 1930 1974
 1930 1973
 1931 1974
 1931 1975
 1931 1932
 1932 1933
 1932 1975
 1933 1977
 1933 2314
 1934 1935
 1934 1979
 1935 1980
 1935 1936
 1936 1980
 1937 1981
 1937 1980
 1938 1981
 1938 1939
 1939 1983
 1939 1940
 1940 2031
 1940 1984
 1940 1983
 1940 1941
 1941 1984
 1942 1985
 1942 1943
 1942 1984
 1943 1987
 1944 1988
 1944 1987
 1944 2330
 1945 1988
 1945 1946
 1946 1991
 1946 1989
 1947 1992
 1947 1991
 1947 1948
 1948 1993
 1948 1949
 1949 1994
 1949 1993
 1950 1995
 1951 1952
 1951 2315
 1952 1997
 1953 1998
 1953 1997
 1954 1999
 1954 1955
 1955 2001
 1955 2000
 1956 2002
 1956 2001
 1958 2004
 1959 2004
 1959 2005
 1959 1960
 1960 1961
 1960 2006
 1960 2005
 1961 2006
 1961 2007
 1961 1962
 1962 2007
 1962 1963
 1963 2009
 1964 2010
 1964 1965
 1965 1966
 1965 2010
 1966 2012
 1966 2011
 1966 2316
 1967 2012
 1967 2013
 1968 2014
 1968 1969
 1968 2058
 1968 2013
 1969 2014
 1970 2016
 1970 2015
 1971 2018
 1971 2016
 1972 2019
 1972 2018
 1973 2019
 1974 1975
 1975 1976
 1975 2021
 1975 2065
 1976 2022
 1976 2023
 1977 2024
 1977 2314
 1977 2023
 1978 2024
 1978 2026
 1978 1979
 1979 2027
 1980 2028
 1980 2027
 1980 1981
 1981 2072
 1981 2029
 1982 2030
 1983 2031
 1983 2030
 1984 2032
 1984 1985
 1984 2031
 1985 2033
 1985 2032
 1986 2034
 1987 2034
 1987 1988
 1988 2035
 1988 2034
 1989 2036
 1989 1990
 1990 2038
 1991 2038
 1991 1992
 1992 1993
 1992 2039
 1992 2083
 1992 2038
 1993 2039
 1993 1994
 1994 1995
 1994 2041
 1994 2040
 1995 2085
 1995 2042
 1995 2041
 1996 2315
 1996 2043
 1997 2044
 1997 2043
 1997 1998
 1998 1999
 1998 2045
 1998 2044
 1999 2046
 1999 2045
 1999 2000
 2000 2001
 2000 2046
 2001 2048
 2001 2047
 2004 2093
 2004 2050
 2004 2049
 2005 2094
 2005 2050
 2005 2051
 2006 2007
 2006 2051
 2007 2095
 2007 2052
 2007 2051
 2008 2009
 2008 2052
 2009 2054
 2010 2055
 2010 2054
 2010 2011
 2011 2056
 2011 2012
 2012 2056
 2013 2058
 2014 2059
 2014 2058
 2015 2059
 2015 2016
 2016 2061
 2016 2060
 2017 2061
 2017 2018
 2018 2063
 2018 2019
 2019 2020
 2019 2063
 2021 2111
 2021 2110
 2021 2064
 2021 2065
 2022 2112
 2022 2065
 2023 2067
 2023 2068
 2023 2024
 2024 2314
 2024 2068
 2025 2335
 2025 2026
 2026 2070
 2027 2071
 2027 2070
 2027 2028
 2028 2072
 2028 2071
 2029 2073
 2029 2072
 2030 2075
 2030 2031
 2030 2074
 2031 2317
 2031 2075
 2032 2033
 2032 2077
 2032 2076
 2033 2079
 2034 2079
 2034 2080
 2034 2035
 2035 2080
 2035 2036
 2036 2081
 2036 2080
 2037 2082
 2037 2081
 2038 2309
 2038 2082
 2039 2040
 2039 2083
 2040 2041
 2041 2085
 2041 2084
 2042 2043
 2042 2085
 2043 2087
 2043 2044
 2044 2133
 2044 2087
 2044 2045
 2045 2046
 2046 2089
 2046 2088
 2047 2090
 2048 2090
 2049 2093
 2050 2094
 2051 2095
 2051 2094
 2052 2096
 2052 2095
 2053 2054
 2053 2096
 2054 2055
 2054 2098
 2055 2056
 2055 2098
 2056 2099
 2056 2101
 2056 2100
 2057 2058
 2058 2059
 2058 2102
 2059 2104
 2059 2102
 2059 2060
 2060 2105
 2060 2061
 2061 2148
 2061 2106
 2061 2105
 2062 2107
 2063 2064
 2063 2107
 2063 2108
 2064 2108
 2064 2110
 2065 2111
 2066 2113
 2066 2112
 2067 2068
 2067 2114
 2067 2113
 2068 2335
 2068 2114
 2069 2335
 2070 2116
 2070 2115
 2070 2071
 2071 2117
 2071 2072
 2071 2116
 2072 2117
 2072 2118
 2074 2119
 2074 2118
 2075 2317
 2075 2119
 2076 2077
 2076 2317
 2077 2163
 2077 2078
 2077 2120
 2078 2122
 2079 2123
 2079 2122
 2079 2080
 2080 2125
 2080 2081
 2080 2123
 2081 2125
 2082 2127
 2082 2126
 2083 2128
 2083 2084
 2083 2127
 2084 2129
 2084 2170
 2084 2128
 2085 2086
 2085 2130
 2085 2129
 2086 2132
 2087 2133
 2087 2132
 2088 2134
 2088 2133
 2088 2089
 2089 2090
 2089 2136
 2089 2135
 2090 2137
 2090 2136
 2093 2139
 2093 2138
 2094 2181
 2094 2140
 2094 2139
 2095 2141
 2095 2096
 2096 2183
 2096 2142
 2096 2097
 2096 2141
 2097 2143
 2098 2186
 2098 2144
 2098 2099
 2098 2143
 2099 2100
 2100 2188
 2100 2101
 2101 2188
 2101 2102
 2102 2146
 2102 2103
 2103 2192
 2103 2104
 2103 2147
 2103 2146
 2105 2193
 2105 2148
 2105 2147
 2107 2149
 2107 2108
 2108 2150
 2108 2151
 2108 2149
 2110 2152
 2110 2151
 2111 2153
 2111 2112
 2111 2152
 2112 2153
 2113 2200
 2113 2155
 2113 2114
 2114 2156
 2114 2155
 2115 2202
 2115 2116
 2116 2203
 2116 2158
 2117 2159
 2117 2158
 2118 2159
 2118 2119
 2119 2317
 2119 2161
 2120 2163
 2121 2122
 2121 2163
 2122 2165
 2122 2123
 2123 2165
 2123 2124
 2124 2167
 2124 2125
 2125 2167
 2126 2167
 2127 2214
 2127 2169
 2127 2128
 2127 2309
 2128 2169
 2130 2172
 2130 2171
 2130 2131
 2131 2132
 2131 2172
 2132 2174
 2132 2133
 2133 2176
 2133 2175
 2133 2134
 2134 2135
 2134 2176
 2135 2136
 2136 2178
 2136 2177
 2137 2178
 2139 2225
 2139 2181
 2139 2180
 2140 2141
 2140 2181
 2141 2229
 2141 2183
 2142 2143
 2142 2185
 2142 2233
 2143 2186
 2143 2185
 2144 2188
 2144 2186
 2145 2189
 2145 2188
 2146 2189
 2146 2190
 2146 2191
 2147 2192
 2148 2194
 2148 2193
 2149 2150
 2149 2195
 2149 2194
 2150 2195
 2150 2151
 2151 2197
 2151 2152
 2152 2198
 2152 2153
 2153 2199
 2153 2154
 2154 2200
 2155 2201
 2155 2200
 2155 2156
 2156 2202
 2156 2335
 2157 2264
 2157 2202
 2158 2159
 2158 2203
 2159 2206
 2159 2160
 2159 2204
 2160 2161
 2161 2162
 2161 2208
 2161 2206
 2161 2317
 2162 2163
 2162 2317
 2163 2208
 2163 2164
 2164 2210
 2165 2211
 2165 2166
 2165 2210
 2166 2167
 2167 2213
 2167 2212
 2167 2168
 2167 2211
 2168 2214
 2169 2170
 2169 2215
 2169 2214
 2170 2216
 2170 2171
 2171 2172
 2172 2217
 2172 2216
 2173 2219
 2173 2217
 2173 2174
 2174 2175
 2175 2220
 2175 2219
 2175 2176
 2176 2220
 2176 2177
 2177 2222
 2177 2178
 2178 2223
 2178 2222
 2181 2227
 2181 2182
 2181 2225
 2182 2229
 2182 2227
 2183 2231
 2183 2184
 2183 2229
 2184 2233
 2184 2231
 2185 2235
 2185 2233
 2186 2187
 2186 2235
 2187 2238
 2187 2236
 2187 2188
 2188 2240
 2188 2238
 2189 2190
 2189 2240
 2190 2191
 2190 2241
 2191 2244
 2191 2242
 2191 2192
 2192 2246
 2192 2193
 2192 2244
 2193 2247
 2193 2194
 2194 2249
 2194 2195
 2194 2247
 2195 2251
 2195 2249
 2195 2196
 2196 2253
 2196 2197
 2196 2251
 2197 2255
 2197 2198
 2197 2253
 2198 2257
 2198 2255
 2198 2199
 2199 2259
 2199 2200
 2199 2257
 2200 2260
 2201 2262
 2201 2202
 2201 2260
 2202 2335
 2202 2264
 2202 2262
 2203 2266
 2203 2204
 2203 2264
 2204 2267
 2204 2205
 2205 2269
 2205 2206
 2205 2267
 2206 2271
 2206 2269
 2206 2207
 2207 2273
 2207 2208
 2207 2271
 2208 2275
 2208 2273
 2208 2209
 2209 2277
 2209 2210
 2209 2275
 2210 2279
 2210 2211
 2210 2277
 2211 2281
 2211 2212
 2211 2279
 2212 2283
 2212 2281
 2213 2285
 2213 2214
 2213 2283
 2214 2287
 2214 2285
 2215 2289
 2215 2216
 2215 2287
 2216 2291
 2216 2289
 2216 2217
 2217 2292
 2217 2291
 2218 2294
 2218 2219
 2218 2292
 2219 2296
 2219 2294
 2220 2298
 2220 2221
 2220 2296
 2221 2300
 2221 2222
 2221 2298
 2222 2302
 2222 2300
 2222 2223
 2318 2319
 2323 2324
 2323 2325
 2324 2325
 2324 2326
