    2  126
    2   82
    3   82
    4   83
    4   82
    6   84
    6   83
    8   84
    9   86
    9   85
   11  130
   11   87
   11   86
   13   87
   14   88
   14   89
   16  132
   16   90
   16   89
   18   91
   18   90
   19   92
   21   93
   21   92
   22   93
   23   94
   23   93
   25   94
   25   95
   27   96
   27   95
   28   96
   29   97
   29   96
   31   98
   31   97
   33  140
   33   99
   33   98
   34  100
   34   99
   36  101
   36  100
   38  102
   38  101
   39  102
   40  102
   40  103
   42  146
   42  104
   42  103
   44  105
   44  104
   46  106
   46  105
   48  106
   48  107
   50  150
   50  108
   50  107
   52  108
   53  110
   53  109
   55  111
   55  110
   57  153
   57  111
   57  112
   59  112
   59  113
   61  113
   61  114
   62  114
   62  115
   64  115
   64  116
   66  117
   66  116
   67  117
   68  118
   68  117
   70  119
   70  118
   71  120
   71  119
   73  121
   73  120
   75  122
   75  121
   77  123
   77  122
   79  165
   79  123
   81  126
   82  127
   82  126
   83  128
   83   84
   84   85
   85 2192
   85  129
   85   86
   87   88
   87  130
   88  174
   88   89
   88  173
   88  131
   90   91
   90  132
   91  134
   91   92
   91  133
   93  136
   93   94
   93  135
   94  137
   94   95
   96  182
   96  181
   96   97
   96  138
   97   98
   98  140
   98  139
   99  141
   99  140
  100  101
  101  102
  101  142
  102  144
  102  143
  103  146
  103  144
  104  147
  104  105
  105  106
  106  147
  106  107
  107  150
  107  148
  108  193
  108  109
  108  150
  109  110
  109  193
  110  195
  110  194
  110  151
  110  152
  110  111
  111  153
  112  113
  112  153
  113  155
  113  154
  114  115
  115  116
  115  155
  115  157
  117  159
  117  158
  117  118
  118  119
  119  161
  119  160
  120 2191
  120  121
  121 2191
  121  122
  122  162
  122  123
  123  165
  123  164
  123  163
  124  165
  125  168
  126  169
  126  168
  126  127
  127  128
  127  169
  128 2192
  129  130
  129 2192
  130  131
  130  172
  131  173
  131  172
  132  133
  132 2200
  132  174
  133 2200
  133  134
  133  175
  134  135
  135  178
  135  177
  135  136
  136 2195
  136  137
  136  178
  137  138
  137 2195
  137  179
  138  179
  139  224
  139  183
  139  140
  139  182
  140  141
  140  183
  141  185
  141  142
  142  186
  142  143
  143  188
  143  144
  143  187
  144  188
  145  190
  145  146
  146  230
  146  147
  146  190
  147  148
  147  232
  147  231
  147  230
  148  149
  149  191
  150  234
  150  193
  150  192
  152  195
  153  238
  153  154
  153  196
  154  239
  154  197
  154  155
  154  238
  155  197
  155  156
  156  198
  156  283
  156  157
  156  241
  157  158
  157  198
  158  201
  158  159
  158  200
  159  202
  159  160
  160  161
  160  202
  162  204
  162  205
  162  163
  162 2191
  164  206
  164  165
  164  205
  165  208
  165  207
  168  209
  168  211
  168  210
  168  169
  169  212
  169  252
  169  211
  169  170
  170 2192
  171 2192
  171  172
  171  213
  171  214
  172  214
  172  173
  173  215
  173  214
  175  218
  175  217
  175 2200
  176  177
  176  218
  177  220
  177  178
  178 2195
  178  261
  178  220
  179  221
  179 2195
  180  181
  181  266
  181  223
  181  222
  181  182
  182  224
  183  225
  183  224
  185  270
  185  186
  185  225
  186  226
  186  187
  187  227
  187  226
  187  188
  188  189
  188  228
  188  227
  189  228
  190  230
  190  229
  191  192
  191  233
  191  232
  192  276
  192  233
  192  234
  193  236
  193  234
  194  195
  194  236
  195  237
  195  196
  197  240
  197  239
  198  284
  198  242
  198  283
  199  200
  200  243
  200  201
  200  242
  201  243
  201  202
  202  287
  202  245
  202  203
  202  244
  203  289
  203 2191
  204  247
  204  205
  204  246
  205  248
  205  206
  205  247
  206  248
  206  207
  207  292
  207  249
  207  248
  209  251
  210  251
  210  211
  211  252
  212  254
  212  252
  213  255
  213  254
  213 2192
  214  256
  214  255
  215  257
  215  216
  216 2236
  216 2200
  217  259
  217 2200
  217 2236
  218  219
  219  220
  219  260
  220  261
  220  260
  221  222
  222  264
  223  267
  223  224
  223  266
  224  269
  224  268
  224  267
  226  271
  226  227
  226  270
  227  272
  227  271
  228  272
  230  316
  230  315
  230  273
  230  231
  231  274
  231  316
  232  274
  233  276
  233  275
  234  277
  234  276
  235  236
  235  278
  236  237
  237  320
  237  279
  237  238
  237  278
  238  281
  238  239
  239  281
  240  282
  243  327
  243  244
  243  286
  244  328
  244  327
  244  287
  245  329
  245  288
  246  290
  246  247
  246  289
  246 2191
  247  248
  247  290
  248  292
  249  292
  251  294
  252  296
  252  253
  253  297
  253  296
  253  254
  254  298
  254  297
  254  255
  255  339
  255  299
  255  256
  255  298
  256  299
  256  300
  257  301
  257  300
  257  258
  259 2236
  259  345
  259  303
  259  302
  260  304
  260  261
  260  303
  261  305
  261  304
  262  305
  262 2195
  263 2195
  263  264
  264  306
  264  265
  265  308
  265  266
  265  307
  266  308
  266  267
  267  268
  267  308
  268  269
  268  309
  269  270
  270  312
  270  311
  271  312
  271  272
  272  313
  272  273
  272  312
  273  313
  274  317
  274  316
  275  358
  276  358
  276  277
  277  359
  277  318
  277  358
  278  319
  278  318
  279  361
  279  280
  279  321
  279  320
  280  321
  280  281
  281  322
  281  282
  282  283
  282  323
  283  284
  284  325
  284  285
  284  324
  285  286
  285  326
  287  329
  287  328
  289  331
  289  330
  290  332
  290  331
  291  333
  292  334
  292  333
  294  295
  295  336
  295  335
  295  296
  296  337
  296  336
  296  297
  297  337
  297  298
  298  339
  299  376
  299  340
  299  339
  300  342
  300  301
  301  302
  302  345
  302  344
  302  343
  302 2236
  303  346
  303  304
  304  347
  304  346
  305  383
  305  348
  306  307
  306  349
  306  348
  307  349
  308 2205
  308  351
  308  350
  308  309
  309  386
  309  352
  310  311
  311  387
  312 2213
  312  353
  312  389
  312  313
  313  354
  313  353
  313  355
  314  356
  314  315
  315  392
  315  356
  315  316
  316  317
  316  392
  318  360
  319  397
  319  360
  319  320
  320  397
  321  322
  321  362
  321  361
  322  363
  322  362
  322  323
  323  364
  323  363
  324  403
  324  325
  324  364
  325  365
  325  403
  326  404
  326  327
  326  365
  327  406
  327  328
  327  366
  328  367
  328  406
  329  330
  330  331
  330  368
  331  410
  331  409
  331  332
  331  368
  332  410
  332  333
  332  369
  333  411
  333  370
  333  369
  334  370
  336  414
  336  373
  336  372
  336  337
  337  373
  337  338
  338  416
  339  375
  339  376
  340  377
  340  341
  340  376
  341  418
  341  378
  341  342
  342  343
  343  380
  343  379
  344  345
  344  381
  344  380
  345  346
  346  382
  346  381
  347  421
  347  383
  349  350
  349  385
  349  384
  351  424
  351  465
  351  386
  351 2205
  352  425
  352  387
  353  390
  353  428
  353  389
  354  391
  354  390
  356  431
  356  392
  356  391
  357  358
  358  394
  358  359
  359  434
  359  395
  359  394
  360  397
  361  398
  361  399
  361  362
  361  397
  362  400
  362  399
  363  364
  363  400
  365  403
  366  405
  366  406
  366  404
  367  408
  367  368
  368  409
  368  408
  369  410
  370  412
  372  414
  373  374
  373  414
  374  454
  374  416
  375  417
  375  376
  375  416
  376  455
  376  377
  377  456
  377  418
  377  455
  378  419
  378  379
  378  418
  380  381
  380  420
  381  460
  381  382
  381  461
  381  420
  382  461
  382  421
  383  422
  383  421
  384  385
  384  423
  384  422
  385 2206
  385  423
  386 2215
  386  425
  386  465
  387  388
  387  425
  388  427
  388  389
  388 2213
  388  426
  389  427
  389  428
  390  429
  390  430
  391  431
  392  393
  392  432
  392  431
  393  394
  394  434
  394  433
  395  435
  395  396
  395  434
  397  437
  398  439
  398  438
  398  399
  399  440
  399  439
  400  440
  401  402
  402  403
  402  479
  403  442
  403  441
  404 2223
  404  442
  405 2223
  405  406
  405  444
  405  443
  406  444
  406  407
  407  408
  407  445
  407  446
  407  444
  408  409
  408  446
  409  448
  409  410
  410 2193
  410  448
  411  488
  411  487
  411  449
  411 2193
  411  412
  413  414
  413  451
  414  415
  414  451
  416  417
  417  495
  417  455
  418  457
  418  456
  419  420
  420  459
  421  462
  421  463
  421  461
  423 2206
  423  464
  423  424
  424 2205
  424  506
  424  505
  424  465
  424  464
  425 2214
  425 2215
  426  466
  427  511
  427  468
  427  467
  427  428
  428  512
  428  511
  428  429
  429  469
  429  512
  431  432
  431  471
  432  473
  432  471
  433  517
  433  474
  433  434
  433  473
  434  474
  435  519
  435  436
  436  437
  437  475
  437  438
  438  439
  438  476
  439  522
  439  477
  439  478
  440  479
  440  478
  441  526
  441  481
  441  442
  441  480
  443  528
  443  444
  443  482
  444  483
  444  528
  445  446
  445  483
  446  484
  446  447
  447  448
  447  485
  448 2193
  449  488
  451  490
  451  491
  452  453
  453  454
  453  492
  453  491
  453  493
  454  494
  455  496
  455  456
  456  497
  456  457
  457  498
  457  458
  457  541
  457  497
  458  459
  459  460
  459  499
  460  501
  460  500
  460  461
  461  502
  461  501
  462  503
  462  502
  463  464
  464  505
  464  504
  465 2215
  465  507
  465  506
  466  509
  467  509
  468  510
  468  511
  469  470
  469  513
  469  514
  470  515
  470  471
  471  472
  471  516
  471  515
  472  517
  472  473
  474  558
  474  518
  474  517
  475  476
  475  520
  475  519
  476  477
  476  520
  476  521
  477  521
  477  561
  477  522
  478  523
  478  522
  479  480
  479 2229
  480  525
  480 2229
  480  526
  481 2223
  482  568
  482  528
  482 2223
  483  529
  483  528
  485  531
  485  530
  486 2193
  486  572
  486  532
  487  573
  487  534
  487 2193
  488  535
  490  537
  490  491
  491  537
  492  577
  492  538
  492  493
  492  537
  493  538
  493  494
  494  579
  494  538
  495  539
  495  579
  496  539
  497  582
  497  541
  497  540
  498  542
  499  542
  499  500
  500  501
  500  544
  500  543
  501  544
  501  545
  502  546
  502  545
  503  504
  504  547
  505  548
  505  506
  506  549
  506  548
  507  550
  507  549
  508 2214
  508  551
  508  550
  508  509
  509  551
  509  510
  510  552
  511  553
  511  512
  512  596
  512  513
  512  554
  512  553
  513  555
  513  554
  515  556
  515  516
  515  555
  516  557
  516  556
  517  601
  517  558
  517  557
  518  519
  518  559
  520  560
  520  559
  521  560
  521  561
  522  562
  522  561
  523  563
  523  524
  524 2230
  524  564
  525 2229
  525  565
  525  526
  526  567
  526  565
  526  527
  527 2223
  528  569
  528  568
  529  570
  529  530
  530  571
  530  570
  530  531
  531  572
  531  571
  532  617
  532  533
  532  572
  533  617
  533  573
  533 2194
  534  574
  534  535
  534  573
  536  576
  537  576
  537  577
  538  579
  538  577
  539  540
  539  580
  539  579
  540  582
  540  580
  540  581
  541  583
  541  542
  541  582
  542  543
  543  585
  543  586
  543  544
  544  545
  544  586
  545  588
  545  587
  546  547
  547  590
  547  548
  547  589
  548  591
  548  590
  548  549
  549  592
  549  591
  551  594
  551  593
  551  552
  552  637
  552  595
  552  594
  553  596
  553  638
  553  595
  554  597
  554  596
  556  599
  556  557
  556  598
  557  599
  558  602
  558 2219
  558  601
  559  560
  559  602
  560  605
  560  561
  561  606
  561  562
  562  607
  562  606
  562  563
  563  609
  563  564
  564 2229
  565  566
  565  610
  565  611
  566  611
  566  567
  566  612
  567  568
  568  613
  568  653
  568  569
  569  570
  569  613
  570  571
  570  613
  571  616
  571  572
  571  614
  572  617
  573  574
  573  617
  574  618
  575  576
  575  621
  576  577
  577  578
  577  621
  578  623
  578  579
  579  623
  580  581
  580  624
  581  626
  582  626
  582  583
  583  584
  583  626
  584  585
  584  627
  585  586
  585  628
  585  629
  586  630
  586  587
  586  629
  587  631
  588  632
  589  675
  589  632
  590  591
  590  676
  591  678
  591  633
  591  634
  592  635
  592  634
  593  635
  594  637
  594  636
  595  681
  595  637
  596  682
  596  639
  596  638
  597  598
  598  640
  598  641
  599  600
  599  641
  600  684
  600  642
  600  641
  601 2219
  601  643
  601  642
  602  603
  603  604
  603  645
  604  646
  604  687
  605  647
  606  648
  606  647
  606  607
  607  608
  607  649
  607  648
  608  649
  608  609
  609  650
  609  649
  610  651
  610  650
  611  652
  611  651
  611  612
  612  692
  612  653
  612  652
  613  655
  613  654
  613  653
  614  694
  614  656
  615  657
  615  695
  616  658
  618  660
  618  659
  619  660
  621  662
  621  664
  623  702
  623  666
  623  665
  625  666
  626  669
  626  668
  626  627
  627  628
  627  669
  628  629
  628  669
  629  671
  629  670
  630  672
  630  671
  631  632
  632  675
  632  673
  633  677
  633  678
  633  676
  634 2237
  634  678
  635  636
  636  679
  637  718
  637  680
  637  681
  638  682
  638  681
  639  721
  639  720
  639  640
  641  683
  641  684
  643  726
  643  644
  643  685
  643 2219
  644  645
  644  727
  644  726
  644 2219
  645  646
  646  686
  647  729
  647  648
  647  688
  647  687
  648  649
  648  688
  649  650
  651  691
  651  690
  652  734
  652  692
  652  691
  653 2220
  653  654
  653  692
  654  693
  654 2220
  655  694
  655  737
  656  738
  656  695
  656  694
  657  696
  657  658
  657  695
  658  739
  658  696
  658  659
  659  740
  659  697
  659  739
  659  660
  660  698
  660  697
  662  663
  662  700
  663  700
  663  664
  663  701
  664  745
  664  665
  664  701
  665  745
  665  702
  666  703
  666  667
  666  702
  667  704
  667  748
  667  668
  667  703
  668  704
  669  670
  669  705
  669  704
  670  705
  670  706
  670  707
  670  671
  671  707
  672  708
  672  673
  673  709
  673  674
  673  708
  674  710
  675  710
  675  676
  676  711
  676  710
  677  713
  677  678
  677  712
  678  713
  678  714
  679  717
  679  716
  679  715
  680  717
  681  719
  681  682
  682  719
  682  720
  683  684
  683  722
  683  721
  684  724
  684  685
  684  723
  685  726
  686  771
  686  728
  686  727
  687  729
  687  728
  688  774
  688  731
  688  730
  689  690
  690  732
  691  776
  691  734
  691  733
  692  735
  692 2220
  692  734
  693  736
  693 2220
  693  737
  694  737
  695  782
  695  696
  695  738
  696  739
  697  741
  697  785
  697  740
  699  743
  700  743
  701  745
  701  744
  701  743
  702  746
  702  703
  702  745
  703  748
  703  747
  704  750
  704  705
  704  748
  705  706
  706  751
  706  707
  707  795
  707  751
  707  752
  707  708
  708  753
  708  752
  709  755
  710  711
  711  799
  711  712
  711  756
  712  756
  712  757
  712  713
  713  757
  714  801
  714 2237
  714  757
  715 2237
  716  760
  716  717
  716  759
  717  804
  717  761
  717  760
  718  761
  719  807
  719  763
  719  720
  719  762
  720  764
  720  763
  722  766
  722  723
  722  765
  723  766
  723  724
  724  725
  724  766
  725  768
  725  767
  725  726
  726  769
  726  768
  728  771
  729  773
  729  730
  729  772
  730  774
  730  773
  731  775
  732  820
  732  733
  732  775
  733  820
  733  776
  734  777
  734  776
  735  779
  735 2220
  735  778
  736 2220
  736  780
  736  737
  737  780
  738  825
  738  781
  738  780
  739  740
  739  783
  740  784
  741  785
  743  787
  743  788
  743  744
  744  745
  744  788
  745  790
  746  835
  746  747
  747  748
  747  835
  748  749
  748  792
  749  793
  750  751
  750  793
  751  794
  752  841
  752  796
  752  795
  753  796
  753  754
  754  798
  754  755
  756  844
  756  757
  756  800
  757  800
  758  759
  758  801
  758 2237
  759  802
  760  804
  760  803
  761  805
  761  762
  761  804
  762  807
  762  805
  763  809
  763  808
  763  807
  764  765
  765  810
  766 2240
  766  767
  766  811
  766  812
  767  813
  767  768
  768  814
  768  813
  769  815
  769  770
  770  771
  771  772
  771  816
  772  817
  773  774
  773  818
  774 2231
  774  819
  774  818
  775 2241
  775  820
  775 2231
  776  821
  776  777
  776  820
  777  822
  777  823
  778  823
  779  868
  779  780
  779  824
  780  825
  781  826
  781  825
  782  826
  783  827
  785  829
  785  828
  786  829
  787  788
  787  832
  788  789
  790  877
  790  834
  792  837
  793  839
  793  838
  794  882
  794  840
  794  839
  794  795
  795  841
  795  840
  796  797
  796  842
  797  798
  798  843
  798  799
  799  843
  800  845
  800  801
  800  844
  801  846
  802  847
  802  803
  804  805
  804  848
  805  849
  805  806
  806  893
  806  850
  806  807
  806  849
  807  850
  808  894
  808  851
  809  810
  809  852
  810  811
  811  853
  812  854
  812  813
  812 2240
  813  854
  813  855
  814  857
  814  815
  815  816
  816  817
  816  857
  817  818
  817  858
  818  819
  818  859
  819  860
  819  861
  819  862
  820  821
  820 2241
  821  865
  821  822
  821  864
  822  865
  823  824
  823  865
  824  867
  825  826
  825  868
  826  871
  826  870
  826  827
  826  869
  827  911
  827  872
  827  871
  827  828
  828  829
  828  872
  829  874
  829  873
  832  916
  832  875
  832  833
  833  918
  833  834
  833  876
  834  918
  834  877
  835  836
  836  879
  836  837
  837  922
  837  880
  837  879
  838  880
  839  882
  839  881
  840  883
  840  841
  841  883
  841  884
  842  886
  842  884
  843  887
  843  886
  844  888
  844  845
  844  887
  845  889
  845  888
  846  890
  847  891
  847  848
  847  890
  849  893
  849  934
  849  892
  850  894
  850  893
  851  852
  852  895
  852  853
  853  896
  853 2240
  854 2240
  854  940
  854  898
  854 2239
  855  898
  855  856
  856  899
  856  857
  857  900
  857  858
  858  859
  859  900
  859  860
  860  861
  860  901
  861  945
  861  903
  861  902
  862 2232
  862  903
  862  863
  863 2241
  863 2232
  863  904
  863  903
  864  948
  864  905
  865  866
  865  906
  866  908
  866  907
  867  868
  867  908
  868  909
  868  869
  869 2208
  869  870
  870  871
  870 2208
  871  911
  872  912
  872  873
  872  911
  873  914
  873  913
  873  912
  875  916
  876  918
  876  917
  876  916
  877  878
  877  919
  877  918
  878  879
  879  920
  880  923
  880  922
  881  923
  882  924
  882  883
  883  966
  883  884
  883  925
  884  925
  884  885
  885  927
  885  886
  885  926
  886  887
  886  928
  886  927
  887  888
  888  970
  888  929
  888  928
  889  931
  890  891
  890  931
  891  892
  891  933
  891  932
  893  935
  893  894
  894  935
  894  936
  894  895
  895  896
  896  937
  896  897
  897  940
  897 2239
  897  938
  898  941
  898  942
  899 1023
  899  900
  899  942
  899  943
  900  901
  901  902
  901  943
  902  944
  902  945
  903  946
  903  904
  903  945
  904  905
  904 2241
  905  947
  905 2241
  906  989
  906  949
  906  948
  907  950
  907  949
  909  953
  909  951
  910  953
  910 2208
  911  912
  911  955
  912 2197
  912  956
  912  913
  912  955
  913  957
  914  957
  916  960
  916  959
  917  961
  917  960
  918  919
  918  961
  919 1002
  919 1001
  919  962
  919  920
  919  961
  920  962
  920  921
  921 1003
  921  922
  921  963
  921  962
  922  963
  922  923
  923  964
  923  963
  924  966
  924  965
  925  967
  925  926
  926 1008
  926  968
  926  967
  927  969
  927  968
  929  971
  929  930
  929  970
  930  931
  931  932
  931  972
  932  933
  932  973
  933  974
  933  975
  933  934
  935  936
  935  977
  936  937
  936  977
  937 1019
  937  938
  937  978
  938  979
  938  939
  939  980
  939  979
  939  940
  940 2239
  940  981
  940  980
  940  941
  941  982
  941  981
  942 1023
  942  982
  943  944
  943  984
  943  983
  944 1026
  944 1025
  944  984
  944  985
  944  945
  945  985
  946  987
  946  986
  947  988
  947  987
  948  988
  949  990
  950  951
  951 1032
  951  952
  951  990
  952  992
  952  991
  952  953
  953  993
  953  992
  954 2208
  954  994
  954  955
  955 2197
  956  997
  956  957
  956 2197
  957  998
  957  997
  959 1000
  960 1042
  960 1000
  961 1042
  961 1001
  962 1003
  962 1002
  963 1046
  963 1004
  963  964
  964 1006
  964  965
  964 1005
  964 1004
  966 1007
  966 1049
  966 1006
  967 1008
  967 1007
  968 1009
  968 1008
  968  969
  969 1010
  969 1009
  970 1011
  970  971
  970 1010
  971 1012
  971  972
  972  973
  972 1013
  973 1014
  974  975
  974 1014
  975 1016
  975  976
  976 1017
  976  977
  976 1016
  977 1060
  977 1061
  977 1018
  977 1017
  978 1063
  978 1062
  978 1019
  978 1018
  979 1020
  979  980
  979 1019
  980 1020
  980  981
  980 1021
  981 1021
  981  982
  982 1023
  983 1024
  983  984
  983 1023
  984 1024
  984 1025
  985 1071
  985 1027
  985  986
  985 1026
  986 1028
  986 1027
  987 1028
  988 1029
  989 1031
  990 1031
  990 1076
  990 1032
  991 1033
  991  992
  991 1032
  992  993
  992 1033
  993 1034
  993 2207
  994 2207
  994 1037
  995 2197
  996 2199
  996 2197
  997 1040
  997 1039
 1000 1086
 1000 1041
 1000 1042
 1001 1043
 1001 1002
 1001 1042
 1002 1045
 1002 1043
 1003 1046
 1003 1090
 1004 1005
 1004 1046
 1005 1092
 1005 1048
 1005 1006
 1006 1049
 1006 1048
 1007 1050
 1007 1008
 1007 1049
 1008 1009
 1008 1050
 1009 1052
 1009 1010
 1010 1052
 1010 1011
 1011 1055
 1011 1054
 1012 1056
 1012 1013
 1012 1055
 1013 1014
 1013 1057
 1014 1057
 1014 1015
 1015 1016
 1016 1017
 1016 1059
 1016 1058
 1017 1059
 1018 1106
 1018 1062
 1018 1061
 1019 1020
 1019 1063
 1020 1065
 1020 1064
 1021 1022
 1021 1065
 1022 1067
 1022 1023
 1022 1066
 1023 1068
 1023 1024
 1024 1068
 1025 1070
 1025 1026
 1026 1071
 1027 1073
 1027 1072
 1027 1071
 1028 1073
 1028 1029
 1029 1030
 1029 1075
 1030 1031
 1031 1122
 1031 1075
 1031 1076
 1032 1033
 1032 1076
 1033 1034
 1033 1077
 1035 1079
 1035 1036
 1035 2207
 1036 1081
 1036 1037
 1036 1080
 1037 1081
 1037 1038
 1038 2199
 1038 1082
 1038 1081
 1038 2198
 1039 2199
 1039 1083
 1039 1040
 1039 1082
 1040 1083
 1041 1086
 1042 1087
 1043 1044
 1043 1088
 1044 1089
 1044 1045
 1045 1090
 1045 1136
 1046 1138
 1046 1047
 1046 1091
 1047 1092
 1048 1093
 1048 1049
 1049 1093
 1049 1094
 1050 1051
 1050 1095
 1051 1097
 1052 1097
 1052 1053
 1052 1098
 1053 1054
 1053 1100
 1053 1099
 1054 1147
 1054 1100
 1054 1101
 1054 1055
 1055 1101
 1055 1056
 1056 1148
 1056 1149
 1056 1102
 1056 1057
 1056 1101
 1057 1058
 1057 1102
 1058 1102
 1058 1103
 1058 1059
 1059 1104
 1059 1060
 1059 1103
 1060 1061
 1061 1106
 1062 1107
 1062 1063
 1063 1064
 1063 1108
 1064 1108
 1064 1109
 1065 1110
 1065 1066
 1066 1111
 1067 1113
 1067 1068
 1068 1114
 1068 1113
 1069 1116
 1069 1114
 1070 1116
 1070 1071
 1071 1117
 1071 1072
 1072 1073
 1072 1118
 1072 1119
 1073 1120
 1073 1074
 1074 1121
 1074 1075
 1075 1121
 1075 1122
 1076 1123
 1077 1125
 1078 1079
 1078 1126
 1079 1080
 1079 1126
 1079 1127
 1080 1081
 1080 1127
 1080 1128
 1081 1129
 1081 1082
 1082 1130
 1082 1083
 1082 2199
 1083 1084
 1084 1130
 1085 1133
 1087 1133
 1088 1135
 1089 1136
 1089 1135
 1090 1138
 1090 1137
 1091 1139
 1092 1140
 1092 1139
 1092 1093
 1093 1094
 1093 1140
 1094 1095
 1094 1141
 1095 1096
 1096 1143
 1097 2233
 1097 1143
 1098 1144
 1098 1099
 1099 1145
 1099 1100
 1099 1144
 1100 1147
 1100 1145
 1101 1148
 1101 1147
 1102 1151
 1102 1103
 1102 1149
 1103 1152
 1103 1151
 1104 1152
 1104 1153
 1105 1106
 1105 1153
 1105 1154
 1106 1155
 1106 1107
 1107 1156
 1107 1108
 1108 1109
 1109 1156
 1109 1110
 1110 1111
 1110 1157
 1111 1112
 1112 1113
 1112 1158
 1113 1114
 1113 1160
 1114 1161
 1114 1160
 1115 1116
 1115 1162
 1115 1161
 1116 1117
 1117 1163
 1117 1118
 1118 1205
 1118 2238
 1118 1119
 1119 1164
 1119 1205
 1119 1120
 1120 1121
 1120 1164
 1121 1165
 1121 1164
 1121 1166
 1122 1123
 1122 1167
 1123 1124
 1123 1168
 1124 1125
 1124 1169
 1125 1126
 1126 1170
 1126 1169
 1127 1171
 1127 1170
 1128 1173
 1130 1214
 1130 1213
 1130 1174
 1130 1173
 1132 1176
 1132 1133
 1133 1176
 1133 1134
 1133 1177
 1134 1178
 1134 1135
 1134 1177
 1136 1179
 1137 1180
 1138 1180
 1139 1182
 1139 2218
 1139 1140
 1139 1181
 1140 1182
 1140 1141
 1141 1142
 1142 1184
 1143 1185
 1144 2233
 1144 1145
 1144 1186
 1145 1186
 1145 1146
 1146 1188
 1146 1147
 1147 2242
 1148 1149
 1148 2242
 1149 1150
 1149 1189
 1150 1191
 1150 1151
 1150 1190
 1151 1191
 1151 1152
 1152 1153
 1153 1192
 1154 1155
 1154 1193
 1155 1196
 1155 1156
 1155 1195
 1156 1196
 1156 1157
 1157 1158
 1157 1197
 1158 2234
 1158 1198
 1158 1159
 1159 1199
 1160 1200
 1160 1199
 1160 1161
 1161 1200
 1162 1202
 1162 1203
 1163 2238
 1163 1203
 1163 1204
 1164 1165
 1164 1206
 1164 1205
 1165 1250
 1165 1206
 1165 1207
 1166 1207
 1166 1167
 1167 1208
 1168 1253
 1168 1252
 1168 1209
 1168 1169
 1168 1208
 1169 1170
 1170 1255
 1170 1254
 1170 1210
 1170 1209
 1171 1211
 1171 1172
 1172 1211
 1172 1212
 1172 1173
 1173 1213
 1173 1212
 1174 1214
 1176 1217
 1176 1216
 1177 1218
 1177 1178
 1178 1219
 1178 1179
 1178 1218
 1179 1263
 1179 1265
 1179 1180
 1179 1264
 1179 1219
 1180 1265
 1180 1181
 1180 1220
 1181 1220
 1181 1221
 1181 2218
 1182 2218
 1182 1223
 1182 1183
 1183 1224
 1183 1184
 1184 1270
 1184 1185
 1184 1225
 1185 1271
 1185 1226
 1185 1225
 1185 2233
 1186 1226
 1186 1227
 1186 2233
 1187 1228
 1187 1227
 1188 2242
 1188 1229
 1188 1228
 1189 1190
 1189 1230
 1189 2242
 1190 1232
 1191 1233
 1191 1192
 1191 1234
 1192 1193
 1192 1234
 1193 1235
 1193 1194
 1194 1195
 1195 1196
 1195 1238
 1195 1237
 1196 1239
 1196 1283
 1196 1238
 1197 1240
 1198 1199
 1198 1241
 1199 1243
 1199 1244
 1199 1200
 1200 1201
 1200 1244
 1201 1202
 1202 1246
 1202 1203
 1203 1204
 1204 1247
 1205 2238
 1205 1249
 1205 1248
 1206 1250
 1206 1249
 1207 1294
 1207 1251
 1207 1208
 1207 1250
 1208 1252
 1208 1251
 1209 1296
 1209 1254
 1209 1253
 1210 1211
 1210 1255
 1211 1299
 1211 1256
 1211 1255
 1212 1256
 1212 1257
 1214 1258
 1215 1259
 1217 1262
 1217 1303
 1217 1261
 1217 1218
 1218 1262
 1218 1219
 1219 1262
 1220 1221
 1220 1267
 1220 1265
 1221 1268
 1221 2218
 1222 2218
 1222 1223
 1224 1269
 1225 1271
 1226 2233
 1226 1272
 1226 1227
 1227 1272
 1228 2224
 1228 1274
 1228 1229
 1229 1274
 1229 2242
 1229 1230
 1230 1231
 1231 1232
 1231 1275
 1232 1277
 1233 1234
 1233 1277
 1234 1277
 1234 1278
 1235 1236
 1235 1278
 1236 1281
 1236 1279
 1237 1319
 1237 1282
 1237 1238
 1237 1281
 1238 1283
 1239 1284
 1239 1283
 1239 1240
 1240 2235
 1240 1284
 1241 1242
 1243 1287
 1243 1244
 1243 1286
 1244 1288
 1244 1287
 1244 1245
 1245 1289
 1245 1288
 1245 1246
 1246 1290
 1247 1292
 1247 1291
 1247 1248
 1247 2238
 1248 1292
 1248 2238
 1249 2243
 1250 1334
 1250 1333
 1250 1294
 1251 1252
 1251 1294
 1252 1253
 1253 1295
 1254 1298
 1254 1255
 1254 1296
 1255 1299
 1256 1340
 1256 1339
 1256 1299
 1257 1341
 1257 1340
 1257 1258
 1258 1341
 1258 1259
 1258 1300
 1259 1301
 1259 1300
 1259 1260
 1261 1303
 1262 1263
 1262 1303
 1262 1304
 1262 1345
 1263 1305
 1263 1264
 1264 1265
 1265 1306
 1265 1266
 1266 1350
 1266 1307
 1268 1269
 1268 1307
 1269 1309
 1269 1270
 1269 1310
 1270 1310
 1271 1354
 1271 1312
 1271 1272
 1271 1311
 1272 1313
 1272 1312
 1273 2224
 1273 1313
 1274 1357
 1274 1315
 1274 2224
 1275 1276
 1275 1315
 1276 1317
 1276 1316
 1277 1361
 1277 1360
 1277 1278
 1277 1317
 1278 1362
 1278 1318
 1278 1361
 1279 1318
 1280 1318
 1281 1364
 1281 2228
 1281 1319
 1282 1320
 1282 1283
 1283 1321
 1283 1284
 1284 1322
 1284 1321
 1285 1322
 1285 1323
 1285 1286
 1285 2235
 1286 1287
 1286 1323
 1287 1326
 1287 1325
 1288 1326
 1289 1328
 1290 1291
 1290 1328
 1291 1329
 1291 1292
 1291 1328
 1291 1330
 1292 1330
 1292 2243
 1293 2243
 1293 1333
 1294 1295
 1294 1334
 1295 1296
 1295 1335
 1296 1297
 1297 1298
 1297 1336
 1298 1337
 1298 1299
 1299 1338
 1300 1343
 1300 1342
 1300 1341
 1303 1345
 1303 1344
 1305 1347
 1306 1348
 1307 1351
 1307 1308
 1307 1350
 1308 1395
 1308 1352
 1308 1309
 1308 1351
 1310 1397
 1310 1311
 1310 1353
 1311 1398
 1311 1397
 1311 1354
 1312 1313
 1312 1354
 1313 1314
 1314 1356
 1314 1355
 1315 1316
 1315 1357
 1316 1359
 1317 1360
 1318 1363
 1318 2228
 1318 1362
 1319 1365
 1320 1321
 1320 1365
 1321 1366
 1321 1322
 1322 2235
 1322 1411
 1322 1367
 1322 1366
 1323 1324
 1323 1368
 1323 1367
 1325 1415
 1325 1414
 1325 1326
 1325 1369
 1326 1327
 1326 1415
 1327 1370
 1327 1328
 1328 1371
 1329 1372
 1329 1373
 1329 1330
 1330 1374
 1330 1373
 1331 1332
 1331 1374
 1331 2243
 1332 1376
 1333 1334
 1333 1377
 1333 1376
 1334 1378
 1334 1377
 1335 1379
 1335 1378
 1336 1380
 1337 1381
 1338 2211
 1338 1339
 1338 1381
 1339 1340
 1339 1382
 1340 1341
 1340 1383
 1341 1384
 1341 1342
 1342 1343
 1342 1385
 1343 1386
 1345 1388
 1346 1389
 1346 1347
 1347 1391
 1347 1348
 1347 1390
 1348 1393
 1348 1349
 1349 1350
 1349 1393
 1351 1435
 1351 1394
 1352 1396
 1352 1353
 1352 1395
 1354 1399
 1354 1398
 1355 1399
 1356 1401
 1356 1357
 1356 2224
 1357 2224
 1357 1401
 1357 1402
 1358 1359
 1358 1402
 1359 1403
 1360 1404
 1361 1405
 1361 1362
 1361 1404
 1362 1406
 1362 1405
 1363 1407
 1364 2228
 1364 1365
 1364 1409
 1364 2227
 1365 1410
 1366 1411
 1366 1410
 1367 1412
 1367 1411
 1368 2226
 1368 1413
 1368 1412
 1369 1414
 1369 1413
 1370 1459
 1371 1417
 1371 1416
 1371 1372
 1372 1418
 1372 1417
 1372 1373
 1373 1418
 1373 1374
 1374 1419
 1375 1419
 1375 1376
 1376 1421
 1376 1377
 1377 1422
 1377 1378
 1378 1423
 1378 1422
 1379 1424
 1379 1380
 1380 1425
 1380 1424
 1380 1381
 1381 2209
 1381 1425
 1382 1426
 1383 1427
 1385 1428
 1385 1427
 1386 1429
 1388 1389
 1389 1474
 1389 1431
 1389 1430
 1389 1390
 1389 1432
 1390 1432
 1390 1391
 1391 1433
 1391 1432
 1391 1392
 1392 1477
 1392 1393
 1392 1433
 1393 1477
 1393 1434
 1393 1394
 1395 1480
 1395 1396
 1395 1435
 1396 1436
 1396 1437
 1396 1397
 1397 1438
 1397 1398
 1397 1437
 1398 1439
 1398 1438
 1399 1440
 1399 1439
 1400 1440
 1400 1401
 1401 1442
 1401 1402
 1402 1444
 1402 1442
 1403 1404
 1403 1445
 1404 1446
 1404 1445
 1404 1405
 1405 1447
 1405 1406
 1405 1446
 1406 1448
 1406 1447
 1406 1407
 1407 1449
 1407 2227
 1408 1449
 1408 1409
 1409 1451
 1410 1452
 1410 1451
 1411 1453
 1411 1452
 1411 1412
 1411 1454
 1412 2226
 1412 1454
 1413 1455
 1413 2226
 1414 1496
 1414 1415
 1414 1457
 1415 2222
 1415 1457
 1416 1460
 1416 1459
 1417 1418
 1417 1460
 1418 1462
 1418 1419
 1418 1460
 1418 1461
 1419 1462
 1420 1502
 1420 1421
 1420 1462
 1421 1464
 1422 1464
 1422 1465
 1422 1423
 1423 1466
 1423 1506
 1423 1424
 1423 1465
 1424 1466
 1424 1467
 1425 1468
 1426 1510
 1426 2212
 1426 1469
 1426 1427
 1427 1470
 1427 1469
 1428 1472
 1428 1471
 1428 1429
 1428 1470
 1430 1474
 1431 1432
 1431 1475
 1432 1476
 1432 1433
 1433 1477
 1434 1435
 1434 1478
 1434 1477
 1436 1481
 1436 1437
 1436 1480
 1437 1438
 1437 1481
 1438 1483
 1438 1439
 1439 1484
 1439 1483
 1440 1485
 1441 1442
 1441 1485
 1442 1487
 1442 1443
 1443 1444
 1445 1531
 1445 1532
 1445 1488
 1446 1489
 1446 1532
 1447 1490
 1447 1448
 1448 1449
 1448 1490
 1449 1491
 1449 1490
 1450 1492
 1450 1491
 1451 1493
 1451 1492
 1452 1493
 1452 1453
 1453 1538
 1453 1454
 1453 1493
 1454 2225
 1455 1495
 1455 2225
 1456 1496
 1456 1495
 1457 1458
 1457 1496
 1459 2222
 1459 1498
 1460 1500
 1460 1461
 1460 1499
 1461 1501
 1461 1500
 1462 1502
 1462 1501
 1463 1504
 1463 1502
 1464 1505
 1464 1465
 1464 1504
 1465 1506
 1466 1547
 1466 1506
 1466 1507
 1467 1549
 1467 1508
 1467 1507
 1467 1468
 1468 2210
 1468 1509
 1468 1508
 1469 1553
 1469 1511
 1469 1470
 1469 1510
 1470 1511
 1470 1471
 1470 1512
 1471 1513
 1471 1512
 1472 1513
 1473 1516
 1474 1516
 1474 1517
 1475 1517
 1476 1519
 1476 1518
 1477 1560
 1477 1561
 1477 1478
 1477 1520
 1477 1519
 1478 1520
 1478 1521
 1478 1479
 1479 1522
 1479 1521
 1479 1480
 1480 1481
 1480 1522
 1481 1482
 1481 1522
 1482 1523
 1482 1483
 1483 1525
 1483 1484
 1483 1526
 1484 1526
 1484 1485
 1485 1569
 1485 1527
 1486 1487
 1486 1527
 1486 1528
 1487 1529
 1487 1488
 1488 1530
 1489 1490
 1489 1532
 1490 1533
 1490 1491
 1491 1534
 1492 1536
 1493 1538
 1493 1537
 1494 1580
 1494 1539
 1494 2225
 1494 1538
 1495 1581
 1496 1582
 1496 1540
 1497 1498
 1497 1541
 1498 1542
 1498 1541
 1499 1586
 1499 1585
 1499 1500
 1499 1542
 1500 1586
 1501 1544
 1501 1543
 1502 1544
 1503 1545
 1503 1504
 1503 1544
 1504 2217
 1504 1505
 1505 1506
 1505 1546
 1506 1547
 1507 1548
 1507 1547
 1508 1550
 1508 1509
 1508 1549
 1509 2212
 1509 1510
 1509 2210
 1510 2212
 1510 1551
 1511 1512
 1511 1553
 1512 1594
 1512 1554
 1513 1554
 1514 1554
 1515 1516
 1516 1556
 1516 1517
 1517 1558
 1517 1518
 1517 1559
 1518 1519
 1518 1559
 1519 1559
 1520 1602
 1520 1563
 1520 1562
 1521 1563
 1521 1564
 1521 1522
 1522 1523
 1523 1564
 1523 1524
 1524 1567
 1524 1525
 1524 1565
 1525 1568
 1525 1526
 1526 1569
 1526 1568
 1527 1609
 1527 1569
 1528 1571
 1528 1570
 1529 1572
 1529 1530
 1529 1571
 1530 1531
 1530 1572
 1530 1573
 1531 1574
 1531 1573
 1531 1532
 1532 1575
 1532 1574
 1533 1615
 1533 1534
 1533 1575
 1534 1535
 1534 1576
 1536 1578
 1536 1537
 1536 1577
 1537 1579
 1537 1538
 1537 1578
 1538 1579
 1539 1620
 1539 1619
 1539 1581
 1539 1580
 1541 1583
 1541 1542
 1542 1585
 1542 1584
 1543 1587
 1543 1586
 1544 1626
 1544 1587
 1545 1629
 1545 2217
 1545 1588
 1546 1589
 1546 1547
 1547 1632
 1547 1631
 1547 1548
 1548 1590
 1548 1632
 1549 1590
 1550 1591
 1551 1592
 1552 1592
 1552 1553
 1553 1594
 1554 1595
 1554 1594
 1555 1595
 1556 1598
 1557 1558
 1558 1559
 1558 1600
 1559 1560
 1560 1601
 1561 1601
 1562 1602
 1562 1601
 1563 1603
 1563 1564
 1564 1565
 1564 1603
 1565 1604
 1565 1566
 1566 1567
 1566 1605
 1567 1607
 1568 1608
 1568 1569
 1568 1607
 1569 1608
 1570 1653
 1570 1609
 1571 1654
 1571 1611
 1572 1573
 1572 1611
 1572 1612
 1573 1574
 1574 1613
 1574 1575
 1575 1614
 1575 1613
 1576 1659
 1576 1577
 1576 1615
 1577 1616
 1577 1578
 1578 1579
 1578 1618
 1578 1617
 1579 1618
 1580 1618
 1581 1621
 1581 1582
 1581 1620
 1582 1666
 1582 1621
 1583 1622
 1583 1584
 1584 1667
 1584 1623
 1584 1622
 1584 1585
 1585 1586
 1585 1624
 1586 1624
 1587 1626
 1588 1626
 1589 2217
 1589 1631
 1589 1674
 1590 1677
 1590 1678
 1590 1633
 1590 1591
 1590 1632
 1591 1634
 1591 1592
 1591 1633
 1592 1635
 1593 1636
 1595 1683
 1595 1638
 1595 1637
 1597 1598
 1597 1640
 1598 1640
 1598 1641
 1598 1599
 1600 1642
 1601 1644
 1601 1643
 1602 1646
 1602 1603
 1602 1645
 1602 1644
 1603 1646
 1604 1648
 1604 1605
 1604 1646
 1605 1606
 1606 1650
 1606 1648
 1606 1607
 1607 1651
 1607 1608
 1608 1651
 1609 1652
 1609 1651
 1610 1654
 1610 1653
 1611 1612
 1611 1654
 1612 1656
 1613 1703
 1613 1702
 1613 1657
 1613 1614
 1613 1656
 1614 1657
 1615 1704
 1616 1660
 1616 1659
 1617 1661
 1617 1618
 1617 1660
 1618 1619
 1618 1661
 1619 1662
 1619 1620
 1620 1664
 1620 1663
 1621 1664
 1622 1667
 1622 1666
 1623 1714
 1623 1624
 1623 1667
 1624 1715
 1624 1668
 1624 1669
 1625 1669
 1625 1626
 1626 1627
 1627 1671
 1627 1628
 1627 1670
 1628 1671
 1629 1719
 1629 1673
 1629 1630
 1629 2217
 1629 1672
 1630 1674
 1631 1632
 1631 1675
 1632 1675
 1632 1676
 1633 1724
 1633 1679
 1633 1678
 1634 1680
 1634 1635
 1635 1681
 1635 1680
 1635 1636
 1636 1727
 1636 1682
 1636 1681
 1637 1728
 1637 1683
 1637 1682
 1638 1683
 1639 1686
 1640 1686
 1640 1641
 1641 1642
 1641 1687
 1641 1686
 1642 1688
 1642 1687
 1643 1688
 1644 1690
 1644 1734
 1645 1734
 1645 1646
 1645 1691
 1646 1692
 1646 1691
 1647 1737
 1647 1648
 1648 1649
 1648 1693
 1650 1695
 1651 1697
 1651 1696
 1651 1652
 1652 1698
 1652 1697
 1653 1698
 1654 1700
 1655 1700
 1656 1701
 1657 1704
 1657 1703
 1658 1705
 1658 1659
 1659 1706
 1660 1749
 1660 1708
 1661 1662
 1661 1708
 1662 1708
 1662 1709
 1663 1664
 1663 1709
 1664 1711
 1664 1710
 1665 1712
 1665 1711
 1666 1712
 1666 1667
 1667 1713
 1667 1714
 1668 1715
 1668 1714
 1669 1716
 1669 1715
 1670 1671
 1670 1716
 1671 1718
 1671 1717
 1672 1719
 1672 1718
 1673 1720
 1674 1721
 1674 1675
 1675 1676
 1675 1721
 1676 1722
 1676 1677
 1677 1678
 1678 1724
 1679 1725
 1679 1680
 1679 1724
 1680 1726
 1680 1725
 1681 1766
 1681 1726
 1682 1728
 1682 1727
 1683 1729
 1683 1728
 1686 1769
 1686 1730
 1686 1731
 1687 1688
 1687 1731
 1688 1732
 1688 1689
 1689 1690
 1689 1732
 1690 1734
 1690 1733
 1691 1692
 1691 1736
 1691 1734
 1692 1775
 1692 1737
 1692 1736
 1693 1694
 1693 1737
 1694 1740
 1694 1695
 1694 1738
 1695 1740
 1695 1696
 1696 1697
 1696 1741
 1696 1740
 1697 1741
 1697 1698
 1698 1781
 1698 1742
 1699 1743
 1700 1744
 1700 1701
 1700 1743
 1701 1702
 1701 1744
 1702 1745
 1702 1744
 1702 1703
 1703 1704
 1703 1746
 1703 1745
 1704 1786
 1704 1746
 1704 1705
 1705 1747
 1705 1786
 1706 1707
 1706 1747
 1707 1749
 1708 1750
 1708 1709
 1709 1710
 1709 1750
 1710 1711
 1711 1751
 1712 1753
 1713 1794
 1713 1793
 1713 1714
 1713 1754
 1713 1753
 1714 1754
 1715 1756
 1715 1716
 1716 2216
 1717 2216
 1717 1718
 1718 1757
 1719 1758
 1720 1800
 1720 1760
 1720 1759
 1721 1761
 1721 1722
 1721 1760
 1722 1761
 1722 1723
 1723 1763
 1723 1762
 1724 1764
 1724 1763
 1724 1725
 1725 1765
 1725 1726
 1725 1764
 1726 1805
 1726 1765
 1727 1808
 1727 1807
 1727 1766
 1728 1767
 1728 1808
 1730 1769
 1731 1770
 1731 1732
 1732 1771
 1732 1770
 1732 1733
 1733 1772
 1733 1734
 1733 1771
 1734 1735
 1734 1774
 1734 1772
 1735 1736
 1736 1774
 1737 1776
 1737 1775
 1738 1739
 1738 1776
 1739 1778
 1740 1819
 1740 1779
 1740 1741
 1740 1778
 1741 1779
 1742 1781
 1742 1779
 1743 1744
 1743 1782
 1744 1745
 1744 1782
 1744 1784
 1745 1785
 1746 1786
 1747 1787
 1747 1748
 1747 1786
 1748 1749
 1749 1829
 1749 1828
 1749 1750
 1750 1830
 1750 1829
 1750 1789
 1751 1752
 1751 1789
 1751 1791
 1752 1792
 1753 1793
 1753 1792
 1754 1755
 1754 1794
 1755 1796
 1755 1756
 1756 2216
 1756 1796
 1757 1758
 1757 1798
 1758 1759
 1760 1840
 1760 1761
 1760 1800
 1761 1841
 1761 1801
 1761 1840
 1762 1842
 1763 1843
 1763 1803
 1763 1764
 1764 1803
 1765 1804
 1766 1806
 1766 1805
 1767 1808
 1769 1851
 1769 1810
 1770 1812
 1770 1771
 1770 1811
 1771 1772
 1771 1812
 1772 1813
 1772 1773
 1773 1814
 1773 1774
 1773 1813
 1774 1856
 1774 1815
 1774 1775
 1775 1776
 1775 1815
 1776 2203
 1776 1816
 1777 1778
 1777 2203
 1778 1818
 1778 1819
 1779 1820
 1779 1819
 1780 1781
 1780 1820
 1781 1822
 1782 1823
 1782 1783
 1782 1822
 1783 1823
 1783 1784
 1783 1824
 1784 1825
 1784 1785
 1785 1825
 1785 1786
 1786 1827
 1786 1787
 1787 2201
 1787 1827
 1788 2201
 1788 1828
 1789 1831
 1789 1830
 1790 1831
 1790 1791
 1791 1833
 1792 1833
 1793 1834
 1793 1794
 1794 1874
 1794 1834
 1794 1835
 1795 1835
 1795 1796
 1796 1877
 1796 1797
 1796 2216
 1797 1878
 1797 1877
 1797 1837
 1797 2216
 1798 1837
 1798 2216
 1799 1800
 1799 1837
 1799 1839
 1800 1840
 1800 1839
 1801 1842
 1801 1841
 1802 1843
 1802 1842
 1803 1804
 1803 1843
 1804 1805
 1804 1845
 1805 1888
 1805 1846
 1805 1845
 1806 1846
 1807 1847
 1808 1848
 1809 1848
 1810 1851
 1811 1851
 1812 1854
 1812 1853
 1813 1854
 1814 1856
 1814 1855
 1815 1900
 1815 1857
 1815 1856
 1816 1857
 1817 1859
 1817 2203
 1818 1860
 1818 1819
 1818 1859
 1819 1904
 1819 1820
 1819 1860
 1820 1861
 1821 1861
 1822 1862
 1822 1863
 1822 1823
 1823 1908
 1823 1863
 1824 1910
 1824 1825
 1824 1865
 1824 1864
 1825 1865
 1825 1866
 1826 1827
 1826 1866
 1827 2201
 1827 1912
 1828 1829
 1828 1869
 1829 1870
 1829 1830
 1830 1870
 1831 1871
 1832 1871
 1832 1833
 1833 1873
 1833 1834
 1834 1919
 1834 1874
 1834 1873
 1835 1875
 1835 1836
 1835 1874
 1836 1877
 1837 1879
 1837 1878
 1838 1881
 1838 1879
 1839 1882
 1839 1881
 1839 1840
 1840 1883
 1840 1841
 1841 1884
 1841 1883
 1842 1885
 1843 1844
 1843 2202
 1844 1887
 1845 1888
 1845 1887
 1846 1889
 1846 1847
 1847 1891
 1847 1890
 1847 1848
 1848 1892
 1848 1891
 1850 1894
 1851 1894
 1851 1895
 1851 1852
 1852 1853
 1852 1896
 1852 1895
 1853 1896
 1853 1897
 1853 1854
 1854 1897
 1854 1855
 1855 1899
 1856 1900
 1857 1901
 1857 1900
 1857 2203
 1858 1901
 1858 1902
 1859 1946
 1859 1902
 1860 1904
 1860 1903
 1861 1905
 1861 1904
 1862 1907
 1862 1905
 1863 1908
 1863 1907
 1864 1908
 1865 1866
 1866 1867
 1866 1910
 1866 1953
 1867 1911
 1867 1912
 1868 1913
 1868 1915
 1868 1869
 1869 1870
 1869 1916
 1870 1916
 1870 1871
 1871 1917
 1871 1960
 1871 1916
 1872 1918
 1873 1919
 1873 1918
 1874 1920
 1874 1875
 1874 1919
 1875 1921
 1875 1920
 1876 1922
 1877 1922
 1877 1878
 1878 1923
 1878 1922
 1879 1924
 1879 1880
 1880 1926
 1881 1926
 1881 1882
 1882 1883
 1882 1927
 1882 1971
 1882 1926
 1883 1927
 1883 1884
 1884 1885
 1884 1929
 1884 1928
 1885 1973
 1885 1930
 1885 1929
 1886 2202
 1886 1931
 1887 1932
 1887 1931
 1887 1888
 1888 1889
 1888 1933
 1888 1932
 1889 1934
 1889 1933
 1889 1890
 1890 1891
 1890 1934
 1891 1936
 1891 1935
 1894 1981
 1894 1938
 1894 1937
 1895 1982
 1895 1938
 1895 1939
 1896 1897
 1896 1939
 1897 1983
 1897 1940
 1897 1939
 1898 1899
 1899 1942
 1900 1943
 1900 1944
 1900 1942
 1900 1901
 1901 1944
 1902 1946
 1903 1947
 1903 1904
 1903 1946
 1904 1947
 1904 1905
 1905 1949
 1905 1948
 1906 1949
 1906 1907
 1907 1951
 1907 1908
 1908 1909
 1908 1951
 1910 1999
 1910 1998
 1910 1952
 1910 1953
 1911 2000
 1911 1953
 1912 1955
 1912 1956
 1912 1913
 1912 2201
 1913 2201
 1913 1956
 1914 2221
 1914 1915
 1915 1958
 1916 1959
 1916 1958
 1916 1960
 1917 1961
 1917 1960
 1918 1963
 1918 1919
 1918 1962
 1919 2204
 1919 1963
 1920 1921
 1920 1965
 1920 1964
 1921 1967
 1922 1967
 1922 1968
 1922 1923
 1923 1968
 1923 1924
 1924 1969
 1924 1968
 1925 1970
 1925 1969
 1926 2196
 1926 1970
 1927 1928
 1927 1971
 1928 1929
 1929 1973
 1929 1972
 1930 1931
 1930 1973
 1931 1975
 1931 1932
 1932 2020
 1932 1975
 1932 1933
 1933 1934
 1934 1977
 1934 1976
 1935 1978
 1936 1978
 1937 1981
 1938 1982
 1939 1983
 1939 1982
 1940 1984
 1940 1983
 1940 1941
 1941 1942
 1941 1984
 1942 1943
 1942 1986
 1943 1944
 1943 1986
 1944 1987
 1944 1989
 1944 1988
 1945 1946
 1946 1947
 1946 1990
 1947 1992
 1947 1990
 1947 1948
 1948 1993
 1948 1949
 1949 2035
 1949 1994
 1949 1993
 1950 1995
 1951 1952
 1951 1995
 1951 1996
 1952 1996
 1952 1998
 1953 1999
 1954 2001
 1954 2000
 1955 1956
 1955 2001
 1956 2043
 1956 2042
 1956 2001
 1956 2221
 1957 2221
 1958 2003
 1958 2002
 1958 1959
 1959 2004
 1959 1960
 1959 2003
 1960 2004
 1960 2005
 1962 2006
 1962 2005
 1963 2204
 1963 2006
 1964 1965
 1964 2204
 1965 2050
 1965 1966
 1965 2007
 1966 2009
 1967 2010
 1967 2009
 1967 1968
 1968 2012
 1968 1969
 1968 2010
 1969 2012
 1970 2014
 1970 2013
 1971 2015
 1971 1972
 1971 2014
 1972 2016
 1972 2057
 1972 2015
 1973 1974
 1973 2017
 1973 2016
 1974 2019
 1975 2020
 1975 2019
 1976 2021
 1976 2020
 1976 1977
 1977 1978
 1977 2023
 1977 2022
 1978 2024
 1978 2023
 1981 2026
 1981 2025
 1982 2068
 1982 2027
 1982 2026
 1983 2028
 1983 1984
 1984 2070
 1984 2029
 1984 1985
 1984 2028
 1985 2030
 1986 2073
 1986 2031
 1986 1987
 1986 2030
 1987 1988
 1988 2075
 1988 1989
 1989 2075
 1989 1990
 1990 2033
 1990 1991
 1991 2079
 1991 1992
 1991 2034
 1991 2033
 1993 2080
 1993 2035
 1993 2034
 1995 2036
 1995 1996
 1996 2037
 1996 2038
 1996 2036
 1998 2039
 1998 2038
 1999 2040
 1999 2000
 1999 2039
 2000 2040
 2001 2087
 2001 2042
 2002 2089
 2002 2003
 2003 2090
 2003 2045
 2004 2046
 2004 2045
 2005 2046
 2005 2006
 2006 2204
 2006 2048
 2007 2050
 2008 2009
 2008 2050
 2009 2052
 2009 2010
 2010 2052
 2010 2011
 2011 2054
 2011 2012
 2012 2054
 2013 2054
 2014 2101
 2014 2056
 2014 2015
 2014 2196
 2015 2056
 2016 2017
 2017 2059
 2017 2058
 2018 2019
 2018 2059
 2019 2061
 2019 2020
 2020 2063
 2020 2062
 2020 2021
 2021 2022
 2021 2063
 2022 2023
 2023 2065
 2023 2064
 2024 2065
 2026 2112
 2026 2068
 2026 2067
 2027 2028
 2027 2068
 2028 2116
 2028 2070
 2029 2030
 2029 2072
 2029 2120
 2030 2073
 2030 2072
 2031 2075
 2031 2073
 2032 2076
 2032 2075
 2033 2076
 2033 2077
 2033 2078
 2034 2079
 2035 2081
 2035 2080
 2036 2037
 2036 2082
 2036 2081
 2037 2082
 2037 2038
 2038 2084
 2038 2039
 2039 2085
 2039 2040
 2040 2086
 2040 2041
 2041 2087
 2042 2088
 2042 2087
 2042 2043
 2043 2089
 2043 2221
 2044 2151
 2044 2089
 2045 2046
 2045 2090
 2046 2092
 2046 2047
 2046 2091
 2048 2049
 2048 2094
 2048 2095
 2048 2093
 2048 2204
 2049 2050
 2049 2204
 2050 2095
 2050 2051
 2051 2097
 2052 2098
 2052 2053
 2052 2097
 2053 2054
 2054 2100
 2054 2099
 2054 2055
 2054 2098
 2055 2101
 2056 2057
 2056 2102
 2056 2101
 2057 2103
 2057 2058
 2058 2059
 2059 2104
 2059 2103
 2060 2106
 2060 2104
 2060 2061
 2061 2062
 2062 2107
 2062 2106
 2062 2063
 2063 2107
 2063 2064
 2064 2109
 2064 2065
 2065 2110
 2065 2109
 2068 2114
 2068 2069
 2068 2112
 2069 2116
 2069 2114
 2070 2118
 2070 2071
 2070 2116
 2071 2120
 2071 2118
 2072 2122
 2072 2120
 2073 2074
 2073 2122
 2074 2125
 2074 2123
 2074 2075
 2075 2127
 2075 2125
 2076 2077
 2076 2127
 2077 2078
 2077 2128
 2078 2131
 2078 2129
 2078 2079
 2079 2133
 2079 2080
 2079 2131
 2080 2134
 2080 2081
 2081 2136
 2081 2082
 2081 2134
 2082 2138
 2082 2136
 2082 2083
 2083 2140
 2083 2084
 2083 2138
 2084 2142
 2084 2085
 2084 2140
 2085 2144
 2085 2142
 2085 2086
 2086 2146
 2086 2087
 2086 2144
 2087 2147
 2088 2149
 2088 2089
 2088 2147
 2089 2221
 2089 2151
 2089 2149
 2090 2153
 2090 2091
 2090 2151
 2091 2154
 2091 2092
 2092 2156
 2092 2093
 2092 2154
 2093 2158
 2093 2156
 2093 2094
 2094 2160
 2094 2095
 2094 2158
 2095 2162
 2095 2160
 2095 2096
 2096 2164
 2096 2097
 2096 2162
 2097 2166
 2097 2098
 2097 2164
 2098 2168
 2098 2099
 2098 2166
 2099 2170
 2099 2168
 2100 2172
 2100 2101
 2100 2170
 2101 2174
 2101 2172
 2102 2176
 2102 2103
 2102 2174
 2103 2178
 2103 2176
 2103 2104
 2104 2179
 2104 2178
 2105 2181
 2105 2106
 2105 2179
 2106 2183
 2106 2181
 2107 2185
 2107 2108
 2107 2183
 2108 2187
 2108 2109
 2108 2185
 2109 2189
 2109 2187
 2109 2110
 2200 2236
 2205 2206
 2210 2211
 2210 2212
 2211 2212
 2225 2226
 2231 2232
 2234 2235
 2239 2240
