    2  126
    2   82
    3   82
    4   83
    4   82
    6   84
    6   83
    8   84
    9   86
    9   85
   11  130
   11   87
   11   86
   13   87
   14   88
   14   89
   16  132
   16   90
   16   89
   18   91
   18   90
   19   92
   21   93
   21   92
   22   93
   23   94
   23   93
   25   94
   25   95
   27   96
   27   95
   28   96
   29   97
   29   96
   31   98
   31   97
   33  141
   33   99
   33   98
   34  100
   36  101
   36  100
   38  102
   38  101
   39  102
   40  102
   40  103
   42  147
   42  104
   42  103
   44  105
   44  104
   46  106
   46  105
   48  106
   48  107
   50  151
   50  108
   50  107
   52  108
   53  110
   53  109
   55  111
   55  110
   57  154
   57  111
   57  112
   59  112
   59  113
   61  113
   61  114
   62  114
   62  115
   64  115
   64  116
   66  117
   66  116
   67  117
   68  118
   68  117
   70  119
   70  118
   71  120
   73  121
   73  120
   75  122
   75  121
   77  123
   77  122
   79  166
   79  123
   81  126
   82  127
   82  126
   83  128
   83   84
   84   85
   85 2430
   85  129
   85   86
   87   88
   87  130
   88  175
   88   89
   88  131
   90   91
   90  132
   91  134
   91   92
   91  133
   93  136
   93   94
   93  135
   94  137
   94   95
   96  182
   96  138
   96  139
   96   97
   97   98
   98  141
   98  140
   99  142
   99  100
   99  141
  100  101
  101  102
  101  143
  102  145
  102  144
  103  147
  104  148
  104  105
  105  106
  106  148
  106  107
  107  149
  108  196
  108  109
  108  151
  109  110
  109  196
  110  197
  110  152
  110  153
  110  111
  112  113
  112  154
  113  156
  113  155
  114  115
  115  116
  115  156
  115  158
  116  117
  117  160
  117  159
  118  119
  119  162
  119  120
  119  161
  120 2429
  120  121
  121 2429
  121  122
  122  163
  122  123
  123  166
  123  165
  123  164
  124  166
  125  169
  126  170
  126  169
  126  127
  127  128
  128 2430
  128  170
  129  130
  129 2430
  130  131
  130  173
  131  174
  131  173
  132  133
  132 2438
  132  175
  133 2438
  133  134
  133  176
  134  135
  135  179
  135  178
  135  136
  136 2433
  136  137
  137  138
  137 2433
  137  180
  138  180
  139  183
  139  182
  140  141
  140  183
  141  186
  141  184
  141  185
  142  187
  142  143
  143  144
  143  188
  144  190
  144  145
  144  189
  145  190
  145  146
  146  192
  146  147
  147  148
  147  192
  148  239
  148  149
  148  193
  149  150
  150  194
  150  151
  151  241
  151  196
  151  195
  153  154
  153  198
  154  155
  154  199
  155  156
  155  200
  155  201
  156  157
  157  202
  157  158
  157  248
  158  159
  158  202
  159  205
  159  160
  159  204
  160  206
  160  161
  161  162
  161  206
  163  208
  163  209
  163  164
  163 2429
  165  210
  165  166
  165  209
  166  212
  166  211
  169  213
  169  215
  169  214
  169  170
  170  216
  170  217
  170  215
  170  171
  171 2430
  172 2430
  172  173
  172  218
  172  219
  173  219
  173  174
  174  220
  174  175
  176  223
  176  222
  176 2438
  177  178
  177  223
  178  225
  178  179
  179 2433
  179  226
  179  225
  180  227
  180 2433
  181  182
  182  276
  182  229
  182  228
  182  183
  183  184
  184  230
  184  185
  184  229
  185  231
  185  230
  187  188
  187  231
  188  232
  188  189
  189  233
  189  232
  189  190
  190  191
  190  234
  192  236
  192  235
  192  193
  193  238
  193  236
  194  195
  194  240
  194  239
  195  240
  195  241
  196  243
  197  198
  197  243
  198  243
  198  244
  198  199
  199  200
  200  245
  200  246
  201  247
  201  248
  201  246
  202  298
  202  249
  202  250
  203  204
  204  251
  204  205
  204  250
  205  206
  206  302
  206  253
  206  207
  206  252
  207 2429
  208  255
  208  209
  208  254
  209  256
  209  210
  209  255
  210  257
  210  256
  210  211
  211  307
  211  258
  211  257
  213  260
  214  260
  215  261
  215  260
  216  261
  216  217
  217  263
  217  261
  218  264
  218  263
  218 2430
  219  265
  219  220
  219  264
  220  266
  220  221
  221 2438
  222  223
  222  269
  222  267
  223  224
  224  270
  224  225
  225  226
  225  270
  226  272
  226  271
  227  228
  228  274
  229  230
  229  276
  230  279
  230  280
  230  278
  231  281
  232  282
  232  233
  232  281
  233  234
  233  283
  233  282
  234  283
  234  235
  236  285
  236  237
  236  284
  237  286
  237  285
  237  238
  238  287
  238  239
  240  289
  240  288
  241  290
  241  242
  241  289
  242  291
  242  243
  243  244
  244  339
  244  293
  244  245
  244  292
  245  295
  245  246
  246  247
  246  295
  247  296
  248  249
  249  298
  249  297
  250  251
  251  252
  251  300
  252  301
  252  302
  253  350
  253  303
  254  305
  254  255
  254  304
  254 2429
  255  256
  255  305
  256  257
  257  306
  258  307
  260  309
  260  310
  261  311
  261  262
  262  312
  262  311
  262  263
  263  314
  263  312
  263  264
  264  265
  265  315
  265  316
  266  317
  266  316
  266  267
  267  268
  267 2438
  268  319
  268  269
  268  318
  269  320
  270  321
  270  271
  270  320
  271  322
  271  321
  271  272
  272  273
  272  322
  273  274
  273  323
  273 2433
  274  275
  275  276
  275  324
  276  325
  276  277
  277  326
  277  278
  277  325
  278  279
  279  327
  279  326
  280  281
  281  328
  282  329
  282  283
  283  330
  283  284
  283  329
  285  333
  285  332
  285  286
  286  287
  287  334
  287  288
  287  333
  288  289
  289  384
  289  335
  289  290
  290  336
  290  335
  291  338
  291  292
  291  336
  293  388
  293  294
  293  340
  293  339
  294  340
  294  341
  294  295
  295  342
  295  296
  295  341
  296  297
  297  298
  297  343
  298  344
  298  299
  299  393
  299  300
  299  345
  300  347
  300  346
  300  301
  301  348
  301  347
  302  350
  302  348
  303  304
  304  352
  304  351
  305  353
  305  352
  306  354
  306  353
  307  355
  307  354
  310  357
  310  356
  310  311
  311  358
  311  357
  312  359
  312  358
  312  313
  313  360
  313  314
  313  359
  314  361
  314  360
  314  315
  315  362
  315  316
  315  361
  316  364
  316  363
  316  362
  316  317
  317  318
  317  365
  317  364
  318  366
  318  365
  318  319
  319  367
  319  320
  319  366
  320  367
  320  368
  320  321
  321  322
  322  415
  322  369
  322  370
  323  324
  323  371
  323  370
  324  372
  324  371
  324  325
  325  372
  325  326
  326  374
  326  375
  326  373
  326  327
  327  420
  327  376
  327  375
  328  329
  328  376
  329  423
  329  330
  329  377
  329  378
  330  378
  330  379
  330  380
  330  331
  331  381
  331  332
  331  380
  332  381
  332  382
  332  333
  333  334
  333  383
  333  382
  334  384
  334  383
  335  336
  335  384
  336  430
  336  431
  336  386
  336  385
  336  337
  337  338
  338  339
  338  386
  338  387
  339  387
  339  388
  340  434
  340  389
  340  388
  341  389
  341  342
  342  390
  342  389
  342  343
  343  391
  344  392
  344  345
  344  391
  345  439
  345  393
  346  440
  346  394
  346  347
  346  393
  347  395
  347  394
  348  349
  349  442
  349  350
  349  395
  350  397
  350  396
  350  351
  351  352
  352  445
  352  398
  352  397
  352  353
  353  399
  353  398
  354  447
  354  400
  354  399
  355  400
  357  450
  357  403
  357  402
  358  404
  358  403
  358  359
  359  452
  360  406
  360  405
  360  361
  361  408
  361  362
  361  406
  362  409
  362  408
  363  455
  363  410
  363  409
  363  364
  364  411
  364  410
  365  412
  366  367
  366  413
  366  412
  367  368
  368  414
  368  369
  368  413
  369  460
  369  414
  369  415
  370  416
  370  461
  370  371
  370  415
  371  372
  371  416
  371  417
  372  463
  372  373
  372  418
  373  419
  373  374
  373  418
  374  375
  375  466
  376  421
  376  420
  377  423
  377  422
  377  421
  378  469
  378  424
  378  423
  379  380
  379  425
  381  426
  381  382
  381  425
  382  426
  382  383
  383  384
  383  429
  383  427
  384  385
  385  476
  385  429
  386  432
  386  387
  386  431
  387  388
  388  434
  388  432
  389  436
  389  390
  389  434
  390  437
  390  391
  390  436
  391  438
  391  437
  391  392
  392  439
  392  438
  393  485
  393  440
  393  439
  394  395
  394  440
  395  441
  396  444
  396  397
  396  443
  396  442
  397  445
  397  444
  398  446
  398  445
  399  446
  400  492
  400  448
  402  450
  403  404
  403  451
  404  498
  405  453
  405  406
  405  452
  406  453
  407  500
  407  454
  407  453
  408  409
  409  501
  409  455
  409  454
  410  456
  410  455
  411  457
  411  456
  411  412
  412  458
  412  413
  413  458
  413  414
  414  507
  414  459
  415  461
  416  417
  417  463
  417  462
  418  465
  418  419
  418  463
  419  466
  419  465
  420  514
  420  421
  420  466
  421  468
  421  422
  421  467
  422  423
  423  469
  424  470
  424  425
  424  469
  424  471
  425  472
  425  426
  425  471
  426  473
  426  472
  427  474
  427  428
  428  523
  428  475
  428  429
  428  474
  429  476
  429  475
  430  477
  430  431
  430  476
  431  479
  431  477
  431  432
  432  433
  432  480
  433  481
  433  480
  433  434
  435  482
  435  436
  435  481
  437  533
  437  438
  437  482
  438  534
  438  439
  438  483
  439  485
  440  486
  440  485
  441  487
  441  442
  442  487
  442  443
  443  444
  443  488
  443  487
  444  445
  444  490
  445  491
  445  490
  446 2431
  446  491
  447  492
  447 2431
  448  492
  449  450
  449  495
  450  451
  450  496
  451  497
  452  498
  452  453
  453  551
  453  499
  453  500
  454  501
  454  500
  455  456
  455  501
  456  504
  456  457
  456  502
  457  505
  457  504
  457  458
  458  505
  458  459
  459  557
  459  507
  459  506
  460  509
  460  507
  460  461
  461  510
  461  462
  462  511
  462  510
  462  463
  463  512
  463  464
  464  513
  464  512
  465  466
  466  514
  466  513
  467  516
  467  468
  467  515
  467  514
  468  567
  468  518
  468  516
  468  469
  469  518
  470  568
  470  471
  470  519
  470  518
  471  521
  471  519
  471  472
  472  521
  473  522
  473  521
  474  523
  475  524
  475  476
  476  477
  476  524
  477  576
  477  526
  477  525
  478  527
  478  526
  478  479
  479  529
  479  528
  479  480
  480  531
  480  481
  480  529
  481  482
  482  532
  482  533
  483  534
  483  533
  484  536
  484  485
  484  534
  485  486
  486  537
  486  487
  486  536
  486  538
  487  538
  487  539
  487  488
  488  540
  488  539
  489  541
  489  490
  490  491
  490  541
  491  542
  492  544
  492  543
  492 2431
  493  544
  495  546
  495  547
  497  498
  497  548
  497  547
  498  549
  499  552
  499  551
  500  552
  500  501
  501  502
  501  552
  502  554
  502  503
  502  602
  503  603
  503  554
  503  555
  504  556
  504  505
  505  556
  506  556
  507  508
  507  557
  508  559
  508  509
  508  558
  509  560
  509  559
  509  510
  510  561
  510  560
  512  513
  512  562
  512  561
  513  562
  513  563
  513  514
  514  565
  514  515
  514  563
  515  516
  516  566
  516  517
  516  565
  517  567
  518  567
  519  569
  519  568
  519  570
  520  521
  521  522
  521  572
  522  572
  522  523
  522  573
  522  574
  523  524
  524  575
  524  574
  525  622
  525  576
  525  575
  526  577
  526  576
  527  528
  528  578
  528  577
  528  529
  529  530
  529  578
  530  626
  530  580
  530  531
  531  532
  532  533
  532  580
  533  629
  533  583
  533  581
  533  534
  534  583
  535  584
  535  583
  535  536
  536  585
  536  537
  536  584
  537  633
  537  538
  537  586
  538  539
  539  540
  539  586
  540  541
  540  587
  541  589
  541  588
  542 2431
  542  590
  543  639
  543  592
  544  593
  546  595
  546  547
  547  595
  548  597
  548  644
  548  549
  548  596
  549  597
  549  550
  550  598
  550  597
  550  551
  551  599
  551  552
  551  598
  552  553
  552  599
  553  601
  553  600
  554  603
  555  604
  555  556
  555  603
  556  557
  556  605
  557  605
  557  606
  558  607
  558  559
  559  560
  559  608
  560  609
  560  561
  561  609
  561  562
  562  610
  562  609
  563  610
  563  564
  564  565
  564  611
  565  613
  565  566
  565  612
  566  614
  566  567
  566  615
  566  613
  567  615
  568  664
  568  569
  569  617
  569  616
  570  617
  570  571
  571  619
  571  618
  571  572
  571  617
  572  573
  572  620
  573  574
  574  575
  575  669
  575  621
  576  624
  576  577
  576  622
  577  578
  578  625
  578  624
  579  625
  579  626
  580  627
  580  581
  580  626
  581  628
  581  627
  581  582
  582  629
  582  628
  583  584
  583  629
  584  632
  584  631
  584  585
  585  633
  586  634
  586  587
  586  633
  587  635
  587  588
  587  634
  588  636
  588  635
  588  589
  589  637
  589  636
  590  638
  590  591
  590  637
  591  687
  591  639
  591 2432
  592  640
  592  593
  592  639
  593  640
  594  643
  595  643
  595  596
  596  644
  596  643
  597  645
  597  646
  597  598
  599  694
  599  600
  599  646
  599  647
  600  648
  600  601
  601  602
  601  648
  602  650
  602  603
  603  604
  603  650
  603  652
  604  653
  604  605
  605  654
  605  606
  606  655
  606  654
  606  607
  607  656
  607  702
  607  608
  607  655
  608  657
  608  609
  608  656
  609  657
  609  610
  610  611
  610  659
  610  705
  611  707
  611  659
  611  660
  611  612
  612  661
  612  660
  612  613
  613  709
  613  662
  613  614
  614  615
  614  662
  615  710
  615  663
  616  665
  616  664
  616  617
  617  618
  617  666
  618  667
  618  666
  619  620
  620  715
  620  669
  620  667
  620  621
  621  669
  622  670
  622  669
  623  624
  623  670
  624  625
  624  671
  624  673
  625  626
  625  673
  626  674
  626  675
  627  676
  627  675
  627  628
  628  678
  628  629
  628  676
  629  724
  629  679
  629  630
  631  680
  631  632
  632  728
  632  682
  632  681
  632  633
  633  683
  633  634
  634  635
  635  636
  635  683
  636  685
  636  637
  636  684
  637  686
  637  638
  638  687
  638  686
  639  688
  639  687
  640  688
  641  688
  642  691
  643  691
  643  644
  644  692
  645  693
  645  692
  645  646
  646  694
  646  693
  647  694
  648  695
  648  696
  648  649
  649  650
  650  697
  650  696
  651  652
  652  653
  652  698
  652  699
  653  654
  653  699
  653  701
  654  701
  655  702
  655  701
  656  703
  656  751
  656  657
  656  702
  657  658
  657  703
  658  704
  658  754
  658  705
  659  707
  659  705
  660  708
  660  707
  661  709
  662  709
  663  758
  663  709
  664  759
  664  711
  664  665
  664  710
  665  712
  665  711
  666  713
  666  667
  667  714
  667  668
  667  713
  668  715
  668  714
  669  717
  669  715
  669  670
  670  717
  671  672
  671  718
  671  717
  672  673
  672  718
  672  719
  672  720
  673  767
  673  721
  673  720
  675  722
  675  721
  675  676
  676  723
  676  722
  677  723
  677  678
  678  723
  679  725
  679  680
  679  724
  680  726
  680  725
  680  681
  681  727
  681  728
  681  726
  682  683
  682  729
  682  728
  683  730
  683  729
  683  684
  684  732
  684  731
  684  685
  684  730
  685  778
  685  733
  685  732
  686  734
  686  733
  687  735
  687  734
  688  736
  688  735
  689  736
  691  738
  691  739
  692  741
  692  740
  693  787
  693  742
  693  694
  693  741
  694  695
  695  696
  695  744
  695  742
  696  745
  696  744
  696  697
  697  698
  697  745
  698  746
  698  699
  698  745
  699  700
  699  746
  700  748
  700  701
  701  748
  701  702
  702  750
  702  749
  703  704
  703  751
  704  753
  704  754
  704  752
  705  754
  706  803
  706  755
  706  754
  706  707
  707  756
  707  708
  708  805
  708  709
  708  757
  708  756
  709  806
  709  758
  710  759
  710  758
  711  808
  711  712
  711  759
  712  809
  712  761
  712  760
  712  713
  713  762
  713  714
  714  715
  715  763
  715  762
  716  814
  716  764
  716  717
  716  763
  717  765
  717  718
  717  764
  718  815
  718  766
  718  765
  720  817
  720  767
  720  766
  721  768
  721  722
  721  818
  722  723
  722  768
  722  770
  723  724
  724  771
  724  770
  724  725
  725  772
  725  771
  726  772
  727  774
  727  728
  727  773
  728  774
  728  729
  729  730
  729  776
  730  828
  730  777
  730  776
  731  777
  732  829
  732  778
  732  777
  733  779
  733  778
  734  831
  734  780
  735  780
  736  782
  736  781
  738  784
  739  784
  739  740
  739  785
  740  786
  740  785
  741  838
  741  787
  741  786
  742  789
  742  743
  742  787
  743  744
  743  790
  743  789
  744  745
  745  746
  745  791
  746  794
  746  792
  746  747
  747  748
  748  795
  748  796
  748  794
  749  750
  750  849
  750  798
  750  797
  751  798
  752  800
  752  798
  752  799
  752  753
  753  801
  753  754
  754  803
  754  801
  756  804
  756  805
  756  803
  757  855
  757  806
  757  805
  758  807
  758  759
  759  807
  760  808
  761  762
  761  809
  762  812
  762  763
  762  811
  763  812
  763  814
  764  815
  764  765
  766  817
  766  815
  767  818
  767  817
  768  819
  768  818
  769  868
  769  770
  769  819
  770  822
  770  820
  770  771
  771  772
  771  822
  772  773
  772  823
  773  824
  773  774
  774  873
  774  826
  774  825
  775  827
  775  776
  776  827
  778  877
  778  830
  778  779
  778  829
  779  878
  779  831
  779  830
  780  833
  780  832
  780  781
  781  880
  781  834
  781  833
  783  836
  784  836
  785  837
  785  836
  786  884
  786  837
  786  838
  787  885
  787  839
  787  838
  788  789
  788  839
  789  839
  789  790
  790  842
  790  841
  790  791
  790  840
  791  843
  791  792
  792  793
  793  844
  793  794
  793  845
  793  843
  794  845
  794  846
  794  795
  795  847
  795  846
  796  847
  796  797
  797  849
  797  847
  798  849
  799  896
  799  800
  799  850
  799  849
  800  850
  800  851
  800  801
  802  899
  802  852
  802  803
  802  851
  803  852
  803  853
  803  804
  805  902
  805  854
  806  856
  806  807
  806  855
  807  905
  807  857
  807  856
  808  858
  808  809
  808  857
  809  858
  809  859
  809  810
  810  860
  810  811
  810  859
  811  860
  811  812
  812  861
  812  860
  813  862
  813  861
  813  814
  814  863
  814  815
  815  864
  815  816
  815  865
  815  863
  816  865
  816  866
  816  817
  817  818
  818  867
  818  866
  820  869
  820  821
  820  868
  822  870
  822  823
  822  869
  823  870
  823  871
  824  871
  824  825
  825  873
  825  872
  825  871
  826  923
  826  874
  826  827
  826  873
  827  875
  827  874
  828  875
  828  829
  829  926
  829  877
  829  876
  829  875
  830  877
  831  879
  831  832
  831  878
  832  879
  832  833
  834  880
  836  882
  836  883
  837  884
  837  883
  838  885
  839  936
  839  886
  839  885
  840  841
  840  887
  841  842
  841  888
  842  889
  842  843
  843  844
  843  889
  844  845
  844  891
  844  889
  845  892
  845  891
  847  893
  847  848
  848  895
  848  849
  848  893
  849  896
  850  898
  850  851
  850  896
  851  898
  851  899
  852  853
  852  900
  852  899
  853  901
  853  900
  853  854
  854  902
  854  901
  855  903
  855  856
  855  902
  856  904
  856  903
  857  907
  857  858
  857  905
  858  908
  858  907
  859  909
  859  860
  860  910
  860  861
  861  911
  861  862
  862  912
  862  911
  862  863
  863  864
  863  913
  864  914
  864  913
  865  915
  865  866
  866  916
  866  867
  866  915
  867  916
  867  868
  868  917
  868  869
  868  916
  869  963
  869  918
  869  917
  869  870
  870  871
  870  918
  871  872
  871  919
  871  920
  872  921
  872  922
  873  923
  874  971
  874  875
  874  923
  875  926
  875  971
  876  927
  876  926
  878  928
  878  927
  879  929
  879  928
  880  930
  880  929
  881  930
  882  933
  883  933
  883  884
  884  934
  885  984
  885  936
  885  935
  886  937
  886  936
  886  887
  887  888
  887  938
  888  987
  888  938
  888  939
  888  889
  889  890
  889  939
  890  989
  890  941
  890  940
  891  942
  891  892
  892  942
  892  893
  893  991
  893  894
  893  943
  893  942
  894  993
  894  895
  895  944
  896  994
  896  944
  897  946
  897  945
  898  947
  898  899
  899  947
  900  998
  900  901
  900  947
  901  948
  901  949
  902  903
  903  949
  903  950
  904 1001
  904  951
  904  950
  906 1002
  906  952
  906  951
  907  952
  907  908
  907  953
  908  909
  908  954
  909  955
  909  910
  910  911
  910  955
  911  912
  911  955
  912  958
  912  913
  912  957
  913  958
  914  959
  914  915
  914  958
  915  916
  915  959
  916  917
  916  960
  917  961
  917  962
  918  919
  918  965
  918  963
  919  966
  919 1015
  919  965
  919  920
  920  921
  920  966
  921  967
  921  968
  922  923
  922  969
  924  969
  925  972
  925  971
  926  927
  927  974
  927  973
  927  928
  927  972
  928 1022
  928  975
  928  974
  929  976
  929  975
  930  978
  930  977
  932  980
  933  980
  934  982
  934  935
  934  981
  935  982
  935  984
  935  983
  936  937
  936  985
  936  986
  936  984
  937  986
  938 1033
  938  986
  938  987
  939 1034
  939  988
  939  940
  940  988
  941  990
  941  942
  941  989
  942  990
  943  993
  943  992
  943  991
  944  994
  944  993
  945  995
  945  946
  945  994
  946  996
  946  947
  946  995
  947  998
  947  996
  948  999
  948  949
  949  999
  949 1000
  949  950
  950 1001
  950 1046
  951 1002
  951 1001
  952  953
  952 1002
  953 1003
  953 1004
  953  954
  954 1005
  954  955
  954 1006
  954 1004
  955  956
  956 1007
  956 1006
  956  957
  957  958
  957 1009
  957 1007
  958 1010
  958  959
  960 1011
  960 1010
  960  961
  961 1012
  961  962
  961 1011
  962 1058
  962 1013
  962 1012
  963  964
  964 1014
  964 1013
  966 1061
  966 1016
  966 1015
  967  968
  968 1017
  968  969
  968 1016
  969 1018
  969 1017
  969  970
  970  971
  970 1018
  971 1020
  971 1019
  971  972
  972  973
  972 1020
  973  974
  973 1020
  974 1021
  975 1068
  975 1023
  976 1023
  976  977
  977 1025
  977 1024
  977 1023
  979 1027
  980 1027
  980 1028
  980  981
  981 1029
  981 1028
  982 1029
  982  983
  983 1030
  983 1029
  984 1030
  985  986
  985 1030
  986 1031
  986 1032
  987 1033
  988 1080
  988 1079
  988  989
  988 1034
  989 1035
  989 1036
  989  990
  990 1037
  990  991
  990 1081
  991 1038
  991 1037
  991  992
  992 1039
  992 1084
  992 1038
  993 1040
  993  994
  993 1039
  994  995
  995 1087
  995  996
  995 1040
  996 1041
  996 1043
  997 1043
  997  998
  998 1044
  998  999
  998 1043
  999 1000
  999 1045
 1000 1045
 1001 1002
 1001 1046
 1002 1047
 1002 1048
 1003 1049
 1003 1004
 1004 1050
 1004 1005
 1005 1052
 1005 1006
 1005 1050
 1006 1007
 1007 1053
 1007 1054
 1007 1052
 1008 1009
 1009 1010
 1009 1054
 1009 1056
 1010 1056
 1010 1011
 1011 1012
 1011 1056
 1012 1057
 1013 1014
 1013 1060
 1013 1058
 1014 1060
 1014 1015
 1015 1060
 1016 1111
 1016 1062
 1016 1017
 1016 1061
 1017 1018
 1017 1062
 1018 1019
 1018 1063
 1019 1066
 1019 1020
 1019 1064
 1020 1021
 1020 1067
 1021 1022
 1022 1068
 1022 1067
 1023 2435
 1023 1069
 1023 1024
 1024 1070
 1025 1070
 1027 1073
 1027 1072
 1028 1074
 1028 1073
 1029 1075
 1029 1030
 1029 1074
 1030 1031
 1030 1075
 1031 1077
 1031 1032
 1031 1076
 1032 1128
 1032 1077
 1032 1078
 1033 1034
 1034 1079
 1034 1078
 1036 1080
 1037 1038
 1037 1081
 1038 1084
 1038 1082
 1039 1040
 1039 1084
 1040 1085
 1040 1086
 1040 1087
 1041 1088
 1041 1042
 1041 1087
 1042 1089
 1042 1043
 1042 1088
 1043 1044
 1043 1089
 1044 1045
 1044 1090
 1044 1140
 1044 1091
 1045 1091
 1045 1092
 1046 1094
 1046 1092
 1046 1047
 1047 1048
 1048 1096
 1048 1095
 1048 1049
 1048 1094
 1049 1147
 1049 1097
 1049 1050
 1049 1096
 1051 1098
 1051 1097
 1051 1052
 1052 1099
 1052 1098
 1052 1053
 1053 1099
 1054 1101
 1054 1100
 1054 1055
 1055 1102
 1055 1056
 1055 1101
 1056 1105
 1056 1103
 1056 1057
 1057 1058
 1057 1105
 1058 1106
 1058 1059
 1059 1109
 1059 1108
 1059 1060
 1059 1107
 1060 1110
 1060 1061
 1061 1111
 1061 1110
 1062 1112
 1062 1159
 1063 1113
 1063 1112
 1063 1064
 1064 1160
 1064 1065
 1065 1115
 1065 1066
 1065 1114
 1066 1067
 1066 1115
 1066 1116
 1067 1118
 1067 1117
 1067 1116
 1067 1068
 1068 2435
 1068 1118
 1069 1119
 1069 1070
 1069 2435
 1070 1121
 1070 1120
 1072 1123
 1073 1171
 1073 1123
 1073 1124
 1074 1171
 1074 1125
 1075 1076
 1075 1126
 1075 1125
 1076 1126
 1076 1077
 1077 1128
 1077 1126
 1078 1175
 1078 1079
 1078 1128
 1079 1131
 1079 1130
 1079 1080
 1080 1081
 1081 1133
 1081 1132
 1081 1131
 1081 1082
 1082 1083
 1082 1134
 1083 1134
 1083 1135
 1083 1084
 1084 1135
 1085 1136
 1087 1136
 1087 1137
 1087 1088
 1088 1184
 1088 1138
 1088 1137
 1089 1090
 1089 1139
 1090 1140
 1090 1139
 1091 1092
 1091 1142
 1091 1140
 1092 1142
 1093 1144
 1093 1143
 1093 1094
 1093 1142
 1094 1190
 1094 1144
 1094 1145
 1094 1095
 1095 1145
 1096 1192
 1096 1191
 1096 1147
 1096 1146
 1097 1148
 1097 1098
 1097 1147
 1098 1195
 1098 1148
 1098 1149
 1099 1150
 1099 1100
 1100 1101
 1100 1151
 1100 1150
 1101 1151
 1102 1151
 1102 1199
 1102 1152
 1104 1200
 1104 1152
 1104 1153
 1104 1105
 1105 1154
 1105 1153
 1107 1202
 1107 1155
 1107 1108
 1107 1154
 1108 1156
 1108 1155
 1109 1110
 1110 1111
 1110 1156
 1111 1158
 1111 1157
 1111 1159
 1112 1159
 1112 1207
 1112 1160
 1114 1161
 1114 1115
 1114 1160
 1115 1162
 1115 1116
 1116 1162
 1116 1117
 1117 1164
 1117 1118
 1117 1163
 1118 1166
 1118 2435
 1118 1165
 1119 1168
 1120 1169
 1120 1168
 1123 1217
 1123 1170
 1124 1217
 1125 1218
 1125 1172
 1125 1126
 1126 1174
 1126 1172
 1126 1127
 1128 1221
 1128 1174
 1129 1176
 1129 1175
 1130 1223
 1130 1131
 1130 1177
 1131 1132
 1132 1178
 1132 1177
 1133 1226
 1133 1179
 1133 1178
 1133 1134
 1134 1135
 1134 1179
 1135 1181
 1135 1180
 1135 1136
 1136 1182
 1136 1183
 1136 1181
 1136 1137
 1137 1183
 1138 1185
 1138 1139
 1138 1184
 1139 1140
 1139 1186
 1140 1186
 1140 1141
 1141 1142
 1141 1186
 1142 1188
 1142 1187
 1143 1188
 1143 1189
 1144 1190
 1145 1238
 1145 1191
 1145 1190
 1146 1191
 1147 1194
 1147 1148
 1147 1192
 1148 1242
 1148 1194
 1149 1196
 1149 1150
 1149 1195
 1150 1198
 1150 1151
 1150 1196
 1151 1199
 1151 1198
 1152 1200
 1152 1199
 1153 1201
 1153 1154
 1153 1200
 1154 1202
 1154 1201
 1155 1156
 1155 1204
 1155 1202
 1156 1157
 1157 1158
 1157 1205
 1157 1206
 1157 1204
 1158 1159
 1159 1254
 1159 1206
 1159 1207
 1160 1161
 1160 1208
 1160 1207
 1161 1162
 1162 1210
 1162 1209
 1163 1211
 1163 1210
 1163 1164
 1164 1212
 1164 1211
 1165 1212
 1165 1166
 1166 1213
 1166 1212
 1166 2437
 1167 1213
 1167 2437
 1167 1214
 1167 1168
 1168 1214
 1169 1214
 1170 1217
 1171 1218
 1171 1217
 1172 1173
 1172 1219
 1173 1219
 1173 1174
 1174 1221
 1174 1268
 1174 1220
 1175 1270
 1175 1176
 1175 1222
 1175 1221
 1176 1222
 1176 1223
 1177 1224
 1177 1178
 1177 1223
 1178 1224
 1178 1226
 1179 1227
 1179 1226
 1180 1181
 1180 1228
 1181 1230
 1181 1228
 1181 1182
 1182 1183
 1182 1231
 1182 1230
 1183 1279
 1183 1232
 1183 1184
 1184 1185
 1185 1234
 1185 1186
 1185 1232
 1186 1234
 1187 1234
 1187 1235
 1187 1188
 1188 1189
 1188 1237
 1188 1235
 1189 1237
 1189 1190
 1190 1238
 1190 1237
 1191 1239
 1191 1238
 1192 1193
 1193 1240
 1194 1242
 1194 1240
 1195 1243
 1195 1242
 1196 1244
 1196 1197
 1197 1198
 1198 1245
 1198 1199
 1199 1200
 1199 1245
 1200 1248
 1200 1201
 1200 1246
 1201 1248
 1202 1203
 1202 1248
 1203 1204
 1203 1250
 1203 1251
 1203 1249
 1204 1252
 1204 1205
 1204 1251
 1205 1252
 1205 1206
 1206 1253
 1206 1254
 1207 1208
 1207 1254
 1208 1256
 1208 1255
 1208 1257
 1208 1209
 1209 1210
 1209 1258
 1209 1257
 1210 1211
 1210 1259
 1211 1212
 1211 1260
 1212 1261
 1212 1260
 1213 2437
 1213 1261
 1213 1214
 1214 1262
 1215 1262
 1216 1265
 1217 1265
 1218 1266
 1218 1265
 1219 1267
 1219 1220
 1220 1268
 1220 1267
 1221 1270
 1221 1268
 1222 1223
 1222 1271
 1222 1270
 1223 1271
 1223 1224
 1224 1273
 1224 1272
 1225 1273
 1226 1274
 1226 1227
 1227 1228
 1227 1274
 1228 1322
 1228 1275
 1228 1276
 1229 1276
 1229 1230
 1230 1277
 1230 1231
 1230 1276
 1231 1278
 1231 1277
 1232 1280
 1232 1233
 1232 1279
 1233 1234
 1233 1281
 1234 1281
 1234 1283
 1234 1235
 1235 1284
 1235 1283
 1236 1237
 1237 1330
 1237 1238
 1237 1286
 1238 1286
 1238 1287
 1239 1288
 1239 1240
 1240 1241
 1241 1289
 1241 1288
 1242 1290
 1242 1243
 1242 1289
 1243 1290
 1243 1244
 1244 1245
 1244 1290
 1245 1246
 1245 1291
 1246 1292
 1246 1247
 1247 1295
 1247 1248
 1247 1294
 1247 1293
 1248 1295
 1249 1250
 1250 1297
 1250 1296
 1251 1344
 1251 1297
 1251 1298
 1251 1252
 1252 1253
 1253 1254
 1253 1298
 1253 1299
 1253 1300
 1254 1300
 1254 1301
 1255 1347
 1255 1256
 1255 1301
 1255 1302
 1256 1302
 1256 1303
 1257 1258
 1258 1350
 1258 1304
 1258 1259
 1258 1303
 1259 1305
 1259 1304
 1259 1260
 1260 1307
 1260 1306
 1260 1305
 1261 1308
 1261 1307
 1262 1310
 1262 1309
 1264 1312
 1265 1312
 1265 1266
 1265 1313
 1266 1314
 1266 1267
 1267 1315
 1267 1314
 1267 1268
 1268 1363
 1268 1316
 1268 1315
 1270 1317
 1270 1271
 1270 1316
 1271 1365
 1271 1318
 1271 1317
 1272 1319
 1272 1273
 1273 1274
 1274 1320
 1274 1275
 1274 1321
 1274 1319
 1275 1322
 1275 1321
 1276 1322
 1277 1324
 1277 1322
 1277 1278
 1278 1325
 1278 1324
 1279 1326
 1279 1280
 1280 1281
 1280 1326
 1281 1327
 1281 1326
 1282 1376
 1282 1328
 1282 1283
 1282 1327
 1283 1328
 1283 1329
 1284 1285
 1284 1329
 1285 1330
 1285 1329
 1286 1287
 1286 1330
 1287 1333
 1287 1288
 1287 1332
 1287 1331
 1288 1333
 1288 1334
 1288 1289
 1289 1290
 1290 1334
 1290 1336
 1290 1291
 1291 1292
 1291 1337
 1291 1336
 1292 1338
 1293 1339
 1293 1294
 1294 1295
 1295 1340
 1295 1341
 1295 1296
 1295 1339
 1296 1341
 1296 1342
 1296 1297
 1297 1343
 1297 1342
 1298 1345
 1298 1299
 1298 1393
 1298 1344
 1299 1394
 1299 1345
 1299 1346
 1300 1346
 1301 1347
 1302 1349
 1302 1303
 1302 1347
 1303 1350
 1303 1349
 1304 1305
 1304 1352
 1304 1350
 1305 1353
 1305 1306
 1306 1353
 1306 1354
 1307 1354
 1307 1308
 1308 1309
 1308 1355
 1309 1356
 1309 1355
 1310 1356
 1312 1359
 1312 1358
 1313 1360
 1314 1361
 1314 1360
 1315 1363
 1315 1362
 1316 1412
 1316 1317
 1316 1364
 1316 1363
 1317 1364
 1318 1319
 1318 1366
 1318 1367
 1318 1365
 1319 1367
 1319 1320
 1320 1417
 1320 1321
 1320 1369
 1321 1418
 1321 1370
 1321 1322
 1322 1371
 1322 1370
 1324 1421
 1324 1372
 1324 1325
 1324 1371
 1325 1374
 1325 1373
 1325 1326
 1325 1372
 1326 1375
 1326 1327
 1327 1376
 1328 1377
 1328 1329
 1328 1378
 1329 1330
 1329 1379
 1330 1379
 1330 1380
 1331 1332
 1332 1333
 1332 1381
 1332 1380
 1333 1431
 1333 1383
 1333 1334
 1334 1385
 1334 1335
 1334 1383
 1335 1336
 1335 1385
 1336 1385
 1336 1386
 1337 1388
 1337 1386
 1337 1338
 1338 1389
 1338 1339
 1338 1388
 1339 1340
 1340 1389
 1340 1390
 1341 1390
 1342 1343
 1342 1390
 1343 1392
 1343 1391
 1344 1392
 1345 1442
 1345 1394
 1346 1396
 1346 1395
 1346 1347
 1346 1394
 1347 1348
 1347 1396
 1348 1398
 1348 1349
 1349 1446
 1349 1399
 1349 1350
 1350 1399
 1350 1351
 1351 1400
 1351 1399
 1352 1353
 1353 1401
 1353 1354
 1353 1400
 1354 1402
 1354 1403
 1355 1404
 1356 1405
 1357 1405
 1359 1455
 1359 1408
 1359 1407
 1359 1360
 1360 1409
 1361 1362
 1361 1410
 1361 1409
 1362 1411
 1362 1410
 1362 1412
 1363 1412
 1364 1414
 1364 1413
 1364 1412
 1365 1415
 1365 1366
 1366 1367
 1367 1415
 1368 1416
 1368 1417
 1369 1418
 1370 1371
 1370 1420
 1370 1418
 1371 1420
 1371 1421
 1372 1422
 1372 1421
 1373 1422
 1373 1423
 1373 1374
 1374 1375
 1375 1423
 1376 1425
 1376 1424
 1377 1378
 1378 1425
 1378 1426
 1379 1427
 1379 1380
 1379 1426
 1380 1429
 1380 1428
 1380 1427
 1380 1381
 1381 1476
 1381 1430
 1381 1429
 1382 1430
 1382 1431
 1383 1432
 1383 1431
 1384 1433
 1384 1385
 1384 1432
 1385 1386
 1385 1434
 1386 1434
 1387 1388
 1388 1437
 1388 1435
 1388 1389
 1389 1484
 1389 1438
 1389 1437
 1389 1390
 1390 1440
 1390 1391
 1390 1438
 1391 1441
 1391 1392
 1392 1393
 1392 1442
 1394 1442
 1395 1491
 1395 1443
 1395 1396
 1396 1445
 1396 1444
 1398 1446
 1398 1445
 1399 1448
 1399 1400
 1399 1446
 1400 1449
 1400 1401
 1402 1496
 1402 1450
 1402 1449
 1403 1451
 1403 1450
 1403 1404
 1404 1452
 1404 1405
 1404 1451
 1405 1453
 1405 1452
 1407 1455
 1408 1503
 1408 1502
 1408 1409
 1409 1456
 1409 1503
 1410 1456
 1410 1457
 1410 1411
 1412 1458
 1412 1457
 1412 1413
 1413 1507
 1413 1459
 1413 1458
 1414 1415
 1415 1461
 1415 1416
 1415 1459
 1416 1461
 1416 1417
 1416 1462
 1417 1462
 1417 1463
 1417 1418
 1418 1512
 1418 1464
 1419 1464
 1420 1465
 1420 1421
 1420 1464
 1421 1466
 1421 1422
 1421 1465
 1422 1423
 1422 1467
 1422 1466
 1423 1424
 1423 1468
 1424 1471
 1424 1469
 1424 1470
 1424 1425
 1425 1518
 1425 1472
 1425 1471
 1425 1426
 1426 1474
 1426 1427
 1426 1472
 1427 1474
 1428 1475
 1428 1474
 1429 1475
 1429 1476
 1430 1477
 1430 1476
 1431 1478
 1431 1432
 1431 1477
 1432 1433
 1432 1478
 1433 1479
 1433 1480
 1433 1434
 1434 1481
 1434 1435
 1434 1480
 1435 1483
 1435 1436
 1435 1481
 1436 1483
 1438 1485
 1438 1484
 1439 1440
 1440 1486
 1440 1441
 1440 1485
 1440 1487
 1441 1488
 1441 1487
 1441 1442
 1442 1443
 1442 1490
 1442 1489
 1442 1488
 1443 1491
 1443 1490
 1444 1445
 1444 1492
 1444 1491
 1445 1493
 1445 1446
 1445 1492
 1446 1447
 1447 1448
 1447 1493
 1448 1494
 1448 1495
 1448 1449
 1449 1496
 1449 1495
 1450 1497
 1450 1496
 1451 1499
 1451 1498
 1451 1497
 1452 1500
 1452 1499
 1455 1502
 1455 1501
 1456 1457
 1456 1504
 1457 1458
 1457 1504
 1457 1505
 1458 1507
 1458 1505
 1459 1508
 1459 1460
 1459 1507
 1460 1555
 1461 1510
 1461 1509
 1461 1462
 1462 1557
 1462 1463
 1462 1511
 1463 1512
 1463 1558
 1464 1513
 1464 1512
 1465 1466
 1466 1467
 1466 1513
 1466 1560
 1467 1514
 1467 1515
 1468 1516
 1468 1515
 1469 1470
 1469 1517
 1469 1516
 1470 1517
 1471 1518
 1472 1519
 1472 1518
 1473 1520
 1473 1474
 1474 1522
 1474 1475
 1474 1520
 1475 1522
 1476 1522
 1476 1523
 1477 1478
 1478 1523
 1478 1479
 1479 1572
 1479 1525
 1479 1524
 1479 1480
 1480 1481
 1480 1527
 1480 1525
 1481 1527
 1482 1483
 1482 1528
 1482 1527
 1483 1530
 1483 1529
 1483 1484
 1483 1528
 1484 1530
 1484 1485
 1485 1531
 1485 1486
 1485 1532
 1485 1530
 1486 1532
 1486 1487
 1487 1534
 1487 1533
 1489 1536
 1489 1535
 1489 1490
 1490 1537
 1490 1536
 1491 1538
 1491 1492
 1492 1493
 1492 1539
 1493 1540
 1493 1494
 1493 1539
 1494 1541
 1494 1540
 1494 1495
 1495 1542
 1495 1496
 1495 1541
 1496 1497
 1496 1542
 1497 1544
 1497 1543
 1498 1545
 1498 1544
 1499 1546
 1499 1545
 1500 1546
 1502 1595
 1502 1548
 1503 1549
 1504 1551
 1504 1505
 1504 1550
 1505 1553
 1505 1551
 1505 1506
 1506 1507
 1506 1553
 1507 1554
 1507 1508
 1508 1601
 1508 1555
 1508 1554
 1509 1556
 1509 1555
 1510 1557
 1511 1558
 1511 1557
 1512 1513
 1512 1558
 1513 1560
 1513 1559
 1514 1515
 1514 1560
 1515 1516
 1515 1561
 1515 1562
 1516 1610
 1516 1517
 1516 1562
 1517 1565
 1517 1610
 1517 1518
 1518 1565
 1519 1566
 1519 1520
 1519 1565
 1520 1567
 1521 1568
 1521 1522
 1522 1523
 1522 1570
 1522 1568
 1523 1570
 1523 1571
 1523 1524
 1524 1572
 1524 1571
 1525 1526
 1525 1572
 1526 1573
 1526 1574
 1526 1527
 1527 1528
 1527 1575
 1527 1622
 1528 1576
 1528 1575
 1529 1530
 1530 1577
 1530 1531
 1530 1576
 1531 1579
 1531 1532
 1532 1579
 1532 1533
 1533 1581
 1533 1580
 1534 1535
 1534 1581
 1535 1581
 1536 1583
 1536 1537
 1536 1582
 1537 1584
 1537 1583
 1537 1538
 1538 1632
 1538 1585
 1538 1539
 1538 1584
 1539 1586
 1539 1585
 1540 1587
 1540 1541
 1541 1542
 1541 1588
 1542 1588
 1543 1590
 1543 1588
 1543 1544
 1544 1590
 1545 1592
 1546 1593
 1546 1592
 1548 1595
 1549 1597
 1549 1550
 1549 1596
 1549 1595
 1550 1597
 1551 1598
 1551 1597
 1552 1599
 1552 1553
 1552 1598
 1553 1600
 1553 1599
 1553 1554
 1554 1601
 1554 1600
 1555 1648
 1555 1556
 1556 1602
 1556 1603
 1556 1557
 1557 1604
 1557 1603
 1558 1605
 1558 1559
 1559 1606
 1559 1560
 1560 1606
 1560 1561
 1561 1608
 1561 1562
 1561 1607
 1562 1609
 1562 1608
 1563 1609
 1563 1610
 1564 1565
 1564 1611
 1564 1610
 1565 1611
 1565 1566
 1566 1659
 1566 1613
 1566 1567
 1566 1612
 1567 1614
 1567 1613
 1567 1568
 1568 1569
 1568 1614
 1569 1616
 1569 1615
 1569 1570
 1570 1571
 1570 1616
 1571 1572
 1571 1617
 1572 1619
 1572 1618
 1572 1620
 1573 1621
 1573 1574
 1574 1622
 1575 1667
 1575 1576
 1575 1623
 1575 1622
 1576 1577
 1576 1623
 1576 1624
 1577 1625
 1577 1624
 1578 1626
 1578 1625
 1579 1580
 1580 1672
 1580 1628
 1580 1581
 1580 1626
 1581 1628
 1581 1582
 1582 1673
 1582 1629
 1582 1583
 1582 1628
 1583 1584
 1583 1629
 1584 1630
 1584 1632
 1585 1678
 1585 1633
 1585 1586
 1586 1587
 1586 1633
 1587 1634
 1587 1635
 1587 1588
 1588 1636
 1588 1635
 1589 1682
 1589 1637
 1589 1590
 1589 1636
 1590 1638
 1590 1637
 1590 1591
 1591 1639
 1591 1592
 1591 1638
 1592 1640
 1592 1639
 1594 1642
 1595 1642
 1596 1643
 1596 1642
 1597 1643
 1597 1644
 1597 1598
 1598 1645
 1598 1599
 1598 1644
 1599 1600
 1600 1601
 1600 1645
 1601 1648
 1601 1647
 1601 1646
 1602 1648
 1602 1603
 1603 1604
 1603 1650
 1603 1649
 1604 1651
 1604 1605
 1604 1650
 1605 1606
 1605 1652
 1605 1651
 1606 1653
 1606 1607
 1607 1654
 1607 1608
 1607 1653
 1608 1654
 1608 1655
 1609 1610
 1610 1655
 1610 1611
 1611 1612
 1611 1657
 1611 1656
 1612 1659
 1612 1707
 1613 1660
 1613 1659
 1615 1661
 1615 1616
 1615 1660
 1616 1710
 1616 1662
 1616 1661
 1617 1663
 1617 1662
 1618 1619
 1619 1664
 1619 1663
 1620 1664
 1620 1621
 1621 1665
 1621 1622
 1622 1715
 1622 1667
 1622 1666
 1623 1624
 1623 1667
 1624 1668
 1624 1625
 1625 1718
 1625 1626
 1625 1669
 1626 1671
 1626 1670
 1626 1627
 1627 1721
 1627 1671
 1628 1723
 1628 1672
 1629 1630
 1629 1675
 1629 1673
 1630 1676
 1630 1631
 1630 1675
 1631 1676
 1631 1632
 1631 1677
 1632 1678
 1633 1727
 1633 1679
 1633 1678
 1634 1729
 1634 1680
 1634 1635
 1635 1680
 1635 1636
 1636 1682
 1637 1733
 1637 1684
 1637 1683
 1637 1682
 1638 1684
 1638 1639
 1639 1686
 1639 1685
 1640 1686
 1641 1689
 1642 1689
 1642 1690
 1643 1691
 1643 1690
 1644 1692
 1644 1693
 1644 1691
 1644 1645
 1645 1741
 1645 1742
 1645 1646
 1645 1694
 1645 1693
 1646 1647
 1646 1694
 1647 1695
 1647 1696
 1648 1649
 1649 1650
 1649 1696
 1650 1697
 1650 1651
 1651 1652
 1651 1700
 1651 1698
 1652 1700
 1653 1750
 1653 1701
 1653 1654
 1653 1700
 1654 1751
 1654 1655
 1654 1701
 1654 1702
 1655 1704
 1655 1703
 1655 1702
 1655 1656
 1656 1657
 1656 1705
 1656 1704
 1657 1705
 1658 1707
 1658 1705
 1659 1660
 1660 1708
 1660 1709
 1661 1710
 1662 1712
 1662 1663
 1662 1711
 1663 1713
 1663 1664
 1664 1665
 1665 1762
 1665 1713
 1665 1666
 1666 1763
 1666 1715
 1666 1714
 1667 1764
 1667 1716
 1667 1715
 1668 1717
 1668 1669
 1669 1717
 1670 1767
 1670 1671
 1670 1719
 1670 1718
 1671 1719
 1671 1721
 1672 1723
 1672 1722
 1672 1721
 1673 1723
 1674 1724
 1674 1675
 1674 1771
 1675 1676
 1675 1724
 1676 1726
 1676 1725
 1677 1727
 1679 1728
 1679 1729
 1679 1727
 1680 1731
 1680 1681
 1680 1729
 1681 1682
 1682 1732
 1682 1731
 1683 1733
 1683 1732
 1684 1734
 1684 1733
 1685 1735
 1685 1734
 1687 1735
 1689 1738
 1689 1737
 1689 1690
 1690 1739
 1691 1740
 1692 1787
 1692 1741
 1692 1740
 1693 1741
 1694 1789
 1694 1695
 1694 1744
 1694 1742
 1695 1744
 1695 1745
 1695 1696
 1696 1697
 1697 1745
 1697 1698
 1698 1748
 1698 1699
 1698 1746
 1699 1749
 1699 1700
 1700 1750
 1701 1796
 1701 1750
 1702 1797
 1702 1752
 1702 1751
 1703 1704
 1704 1705
 1704 1753
 1704 1754
 1705 1756
 1705 1755
 1707 1757
 1707 1756
 1707 1708
 1708 1802
 1708 1758
 1708 1709
 1708 1757
 1709 1803
 1709 1758
 1709 1710
 1709 1759
 1711 1760
 1711 1712
 1711 1759
 1712 1761
 1712 1713
 1712 1760
 1714 1808
 1714 1807
 1714 1763
 1714 1762
 1715 1764
 1715 1763
 1716 1765
 1716 1764
 1717 1766
 1717 1718
 1718 1767
 1718 1766
 1719 1768
 1719 1767
 1721 1815
 1721 1769
 1721 1768
 1722 1723
 1723 1769
 1723 1770
 1723 1771
 1724 1818
 1724 1772
 1724 1771
 1725 1726
 1726 1727
 1726 1774
 1726 1773
 1726 1772
 1727 1776
 1727 1728
 1727 1774
 1728 1776
 1728 1777
 1729 1777
 1730 1778
 1730 1731
 1731 1779
 1731 1732
 1731 1778
 1732 1779
 1732 1733
 1733 1780
 1734 1781
 1734 1780
 1735 1782
 1735 1781
 1735 1736
 1736 1782
 1737 1785
 1739 1786
 1739 1740
 1739 1787
 1740 1787
 1741 1788
 1741 1787
 1743 1789
 1743 1788
 1744 1745
 1745 1746
 1745 1791
 1745 1790
 1746 1792
 1746 1791
 1746 1747
 1747 1748
 1747 1793
 1747 1792
 1748 1794
 1748 1793
 1748 1749
 1749 1795
 1749 1794
 1751 1845
 1751 1797
 1751 1796
 1752 1846
 1752 1798
 1752 1753
 1752 1797
 1753 1754
 1754 1798
 1754 1799
 1755 1756
 1756 1800
 1756 1757
 1756 1799
 1757 1802
 1757 1800
 1758 1851
 1758 1803
 1759 1852
 1759 1804
 1759 1760
 1759 1803
 1760 1806
 1760 1761
 1760 1804
 1761 1762
 1762 1806
 1762 1807
 1763 1764
 1763 1808
 1764 1859
 1764 1811
 1764 1765
 1764 1809
 1765 1766
 1766 1812
 1766 1811
 1766 1767
 1767 1768
 1767 1814
 1768 1814
 1768 1815
 1769 1816
 1769 1770
 1769 1815
 1770 1816
 1770 1771
 1771 1818
 1772 1820
 1772 1773
 1772 1819
 1772 1818
 1773 1820
 1774 1868
 1774 1775
 1775 1822
 1775 1821
 1775 1776
 1776 1822
 1777 1778
 1777 1822
 1778 1825
 1778 1779
 1778 1823
 1779 1826
 1779 1825
 1780 1828
 1780 1827
 1780 1826
 1781 1876
 1781 1829
 1782 1877
 1782 1830
 1784 1785
 1784 1832
 1785 1832
 1785 1833
 1785 1786
 1786 1787
 1786 1834
 1786 1833
 1787 1835
 1787 1882
 1787 1788
 1788 1836
 1788 1835
 1788 1789
 1789 1838
 1789 1790
 1789 1837
 1789 1836
 1790 1791
 1791 1840
 1791 1792
 1791 1838
 1792 1793
 1793 1842
 1793 1840
 1793 1794
 1794 1843
 1794 1842
 1795 1796
 1796 1844
 1796 1843
 1796 1845
 1797 1846
 1797 1896
 1798 1799
 1798 1847
 1798 1846
 1799 1847
 1799 1848
 1799 1800
 1800 1850
 1800 1801
 1800 1848
 1801 1850
 1802 1901
 1803 1851
 1804 1853
 1804 1904
 1804 1852
 1805 1854
 1805 1806
 1806 1807
 1806 1855
 1806 1854
 1807 1855
 1807 1808
 1808 1857
 1808 1856
 1809 1810
 1810 1859
 1811 1812
 1811 1860
 1811 1859
 1812 1860
 1812 1861
 1813 1862
 1813 1814
 1814 1912
 1814 1815
 1814 1862
 1815 1863
 1815 1864
 1816 1864
 1817 1865
 1817 1818
 1818 1866
 1818 1865
 1819 1916
 1819 1867
 1819 1820
 1820 1868
 1820 1867
 1821 1822
 1821 1869
 1822 1869
 1822 1823
 1823 1824
 1823 1871
 1823 1872
 1823 1870
 1824 1921
 1824 1872
 1824 1873
 1825 1874
 1825 1826
 1825 1873
 1826 1875
 1826 1874
 1827 1875
 1828 1924
 1828 1876
 1828 1875
 1829 1925
 1829 1877
 1829 1876
 1830 1877
 1831 1880
 1832 1880
 1833 1881
 1833 1880
 1834 1882
 1834 1881
 1835 1836
 1835 1884
 1835 1882
 1836 1837
 1836 1885
 1837 1932
 1837 1886
 1837 1838
 1838 1887
 1838 1839
 1838 1886
 1839 1889
 1839 1887
 1839 1840
 1840 1841
 1840 1890
 1840 1889
 1841 1890
 1841 1891
 1842 1891
 1842 1843
 1842 1892
 1843 1893
 1843 1892
 1843 1844
 1844 1895
 1844 1894
 1844 1893
 1845 1896
 1846 1897
 1846 1896
 1847 1848
 1847 1897
 1848 1898
 1848 1849
 1849 1900
 1849 1850
 1849 1899
 1850 1901
 1850 1900
 1851 1903
 1851 1852
 1851 1901
 1852 1904
 1852 1903
 1853 1950
 1853 1905
 1853 1904
 1854 1855
 1855 1905
 1855 1856
 1856 1857
 1857 1908
 1857 1907
 1857 1858
 1858 1954
 1858 1908
 1859 1909
 1859 1860
 1860 1861
 1860 1911
 1860 1909
 1861 1911
 1861 1862
 1862 1958
 1863 1864
 1864 1865
 1864 1914
 1864 1913
 1865 1915
 1865 1914
 1866 1962
 1866 1916
 1866 1915
 1867 1964
 1867 1918
 1867 1868
 1867 1916
 1868 1918
 1868 1869
 1869 1918
 1870 1920
 1870 1919
 1871 1920
 1872 1921
 1872 1920
 1873 1874
 1873 1921
 1874 1923
 1874 1922
 1875 1971
 1875 1923
 1876 1924
 1877 1926
 1877 1925
 1880 1928
 1880 1927
 1881 1929
 1881 1928
 1882 1930
 1882 1883
 1883 1884
 1883 1931
 1884 1931
 1884 1932
 1886 1934
 1886 1932
 1886 1887
 1887 1981
 1887 1935
 1887 1934
 1889 1935
 1889 1936
 1889 1890
 1890 1938
 1890 1891
 1890 1936
 1892 1893
 1892 1939
 1892 1938
 1893 1940
 1893 1939
 1894 1940
 1895 1941
 1895 1940
 1896 1988
 1896 1942
 1896 1941
 1896 1897
 1897 1943
 1897 1942
 1898 1899
 1898 1943
 1899 1944
 1899 1943
 1899 1900
 1900 1901
 1900 1946
 1900 1944
 1901 1947
 1901 1946
 1902 1948
 1902 1947
 1903 1904
 1903 1949
 1903 1948
 1904 1950
 1905 1951
 1905 1906
 1905 1950
 1906 1952
 1906 1907
 1907 1908
 1907 1952
 1907 1953
 1908 1953
 1909 1910
 1909 1955
 1909 1954
 1910 1911
 1910 1955
 1910 1956
 1911 1957
 1911 1958
 1912 1913
 1912 1959
 1912 1958
 1913 1959
 1914 1961
 1914 2006
 1914 1960
 1914 1915
 1915 1961
 1916 1917
 1916 1962
 1917 2009
 1917 1964
 1918 1919
 1918 1964
 1919 1966
 1919 1965
 1919 1920
 1920 1921
 1920 1966
 1921 1968
 1921 1922
 1922 2014
 1922 1970
 1922 1923
 1922 1969
 1923 2015
 1924 1972
 1924 1971
 1925 2018
 1925 1973
 1925 1972
 1927 1928
 1927 1975
 1928 1929
 1929 1976
 1929 1930
 1930 1977
 1930 1976
 1931 1978
 1931 1977
 1931 1932
 1932 1933
 1932 1980
 1932 1979
 1932 1978
 1934 1980
 1934 1981
 1935 1982
 1935 1936
 1935 1981
 1936 1937
 1936 1982
 1937 1983
 1937 1984
 1937 1938
 1938 1985
 1938 1939
 1938 1984
 1939 1940
 1939 1985
 1940 1986
 1940 1987
 1941 2032
 1941 1987
 1942 1943
 1942 1989
 1943 1991
 1943 1944
 1943 1989
 1944 1945
 1944 1992
 1946 1993
 1946 1947
 1946 1992
 1947 1994
 1947 1948
 1948 1949
 1948 1995
 1949 1950
 1950 1997
 1950 1951
 1950 1995
 1951 2045
 1951 1998
 1951 1952
 1951 1997
 1952 1998
 1952 1953
 1953 2000
 1953 1954
 1954 2001
 1954 1955
 1955 2002
 1955 1956
 1955 2001
 1956 2003
 1956 2002
 1957 2004
 1957 1958
 1958 2005
 1958 1959
 1959 2005
 1960 2006
 1960 2005
 1961 2008
 1961 1962
 1961 2006
 1962 1963
 1963 2009
 1963 2008
 1964 2058
 1964 2010
 1964 2009
 1965 2011
 1965 1966
 1966 2060
 1966 1967
 1966 2012
 1967 1968
 1968 2061
 1968 2013
 1968 2012
 1969 2014
 1969 2013
 1970 2015
 1970 2014
 1971 2016
 1971 2015
 1971 1972
 1972 2017
 1973 2018
 1975 2069
 1975 2020
 1976 2022
 1976 2021
 1977 2023
 1977 2022
 1978 2023
 1978 2024
 1978 1979
 1979 2073
 1979 2025
 1979 1980
 1980 2074
 1980 2026
 1980 2025
 1980 1981
 1981 2026
 1982 1983
 1982 2028
 1982 2027
 1983 1984
 1983 2028
 1984 1985
 1984 2028
 1985 2029
 1985 2030
 1986 2031
 1986 2030
 1986 1987
 1987 2032
 1988 1989
 1988 2032
 1989 2034
 1989 2033
 1990 2034
 1990 1991
 1990 2036
 1991 2036
 1991 2037
 1991 1992
 1992 2038
 1992 2039
 1992 2037
 1992 1993
 1993 2040
 1993 1994
 1993 2039
 1994 1995
 1994 2040
 1995 2043
 1995 2042
 1995 2041
 1995 1996
 1996 2043
 1997 2044
 1998 2046
 1998 2045
 1999 2046
 1999 2000
 2000 2001
 2000 2048
 2001 2002
 2001 2049
 2002 2003
 2002 2050
 2003 2051
 2003 2050
 2003 2004
 2004 2051
 2004 2005
 2005 2006
 2005 2054
 2005 2052
 2006 2055
 2006 2054
 2007 2008
 2008 2057
 2008 2056
 2008 2009
 2008 2055
 2009 2057
 2010 2059
 2010 2011
 2010 2058
 2011 2060
 2011 2059
 2012 2061
 2012 2060
 2013 2062
 2013 2061
 2014 2015
 2014 2063
 2015 2110
 2015 2064
 2015 2063
 2016 2064
 2017 2065
 2017 2064
 2018 2066
 2018 2065
 2019 2066
 2020 2069
 2021 2070
 2021 2069
 2022 2072
 2022 2071
 2022 2023
 2023 2072
 2024 2073
 2024 2072
 2025 2074
 2025 2073
 2026 2076
 2026 2027
 2026 2074
 2027 2077
 2027 2076
 2027 2028
 2028 2078
 2028 2029
 2029 2079
 2029 2030
 2029 2078
 2030 2128
 2030 2031
 2030 2080
 2031 2032
 2032 2081
 2032 2080
 2033 2081
 2033 2082
 2033 2034
 2034 2132
 2034 2082
 2034 2083
 2036 2133
 2036 2134
 2036 2037
 2036 2083
 2036 2084
 2037 2084
 2037 2085
 2038 2085
 2039 2086
 2039 2040
 2039 2085
 2040 2086
 2040 2041
 2041 2088
 2041 2089
 2041 2042
 2041 2087
 2042 2043
 2043 2044
 2043 2090
 2044 2091
 2044 2090
 2044 2045
 2045 2091
 2045 2046
 2046 2092
 2046 2091
 2047 2092
 2047 2093
 2047 2048
 2048 2094
 2048 2049
 2048 2093
 2049 2095
 2049 2094
 2049 2096
 2050 2096
 2050 2051
 2051 2098
 2051 2097
 2051 2096
 2052 2098
 2052 2099
 2052 2053
 2054 2099
 2054 2055
 2055 2101
 2055 2100
 2055 2056
 2056 2103
 2056 2057
 2056 2101
 2057 2104
 2057 2103
 2058 2105
 2058 2104
 2058 2059
 2059 2060
 2059 2106
 2060 2108
 2060 2106
 2060 2061
 2061 2062
 2062 2109
 2062 2063
 2063 2110
 2063 2109
 2064 2111
 2064 2110
 2065 2113
 2065 2112
 2066 2114
 2066 2113
 2068 2116
 2069 2116
 2069 2117
 2070 2071
 2070 2118
 2070 2117
 2071 2118
 2071 2119
 2071 2072
 2072 2119
 2072 2073
 2073 2121
 2074 2075
 2074 2121
 2075 2076
 2075 2122
 2076 2077
 2076 2123
 2077 2124
 2077 2125
 2077 2078
 2078 2126
 2078 2079
 2078 2127
 2079 2128
 2079 2127
 2080 2081
 2080 2129
 2080 2128
 2081 2082
 2081 2129
 2081 2131
 2082 2132
 2083 2133
 2083 2132
 2084 2085
 2084 2135
 2085 2086
 2085 2135
 2085 2185
 2086 2087
 2086 2136
 2086 2137
 2087 2088
 2088 2138
 2088 2089
 2089 2140
 2089 2138
 2089 2090
 2090 2091
 2090 2141
 2091 2143
 2091 2141
 2091 2092
 2092 2144
 2092 2093
 2092 2143
 2093 2145
 2093 2094
 2093 2144
 2094 2095
 2094 2146
 2095 2096
 2096 2147
 2096 2146
 2096 2097
 2097 2098
 2097 2147
 2098 2149
 2098 2099
 2099 2150
 2099 2100
 2099 2149
 2100 2151
 2100 2101
 2100 2150
 2101 2152
 2101 2151
 2101 2102
 2102 2154
 2102 2103
 2103 2104
 2104 2105
 2104 2155
 2104 2156
 2104 2154
 2105 2156
 2105 2106
 2106 2107
 2106 2157
 2107 2108
 2107 2158
 2107 2159
 2108 2161
 2109 2162
 2109 2161
 2109 2110
 2110 2111
 2110 2162
 2111 2164
 2111 2163
 2111 2112
 2112 2113
 2112 2164
 2113 2166
 2113 2165
 2116 2215
 2116 2168
 2116 2167
 2117 2216
 2117 2168
 2117 2169
 2118 2119
 2118 2169
 2119 2170
 2119 2120
 2119 2169
 2120 2121
 2120 2171
 2121 2122
 2121 2173
 2122 2174
 2122 2123
 2123 2175
 2123 2124
 2124 2175
 2125 2177
 2125 2126
 2126 2127
 2127 2177
 2127 2128
 2128 2129
 2128 2178
 2129 2180
 2129 2130
 2130 2180
 2130 2131
 2131 2182
 2131 2132
 2132 2133
 2132 2182
 2133 2134
 2134 2184
 2134 2135
 2135 2184
 2136 2186
 2136 2185
 2137 2187
 2137 2138
 2137 2188
 2138 2188
 2139 2140
 2139 2188
 2140 2190
 2141 2190
 2141 2142
 2142 2143
 2142 2190
 2143 2192
 2144 2192
 2145 2195
 2145 2146
 2145 2194
 2146 2196
 2147 2198
 2147 2148
 2147 2196
 2148 2199
 2149 2199
 2149 2150
 2150 2200
 2150 2199
 2151 2200
 2151 2152
 2152 2201
 2152 2200
 2153 2202
 2153 2201
 2153 2154
 2154 2434
 2155 2203
 2155 2156
 2156 2157
 2156 2203
 2157 2158
 2158 2205
 2158 2159
 2158 2204
 2159 2205
 2159 2160
 2160 2161
 2161 2208
 2161 2207
 2161 2162
 2162 2208
 2162 2163
 2163 2210
 2163 2209
 2164 2211
 2164 2210
 2165 2212
 2166 2212
 2167 2215
 2168 2216
 2169 2217
 2169 2170
 2169 2216
 2170 2171
 2170 2217
 2171 2172
 2172 2173
 2172 2218
 2173 2174
 2173 2220
 2174 2175
 2174 2220
 2175 2176
 2175 2223
 2175 2222
 2176 2177
 2177 2178
 2177 2224
 2178 2226
 2178 2224
 2178 2179
 2179 2227
 2179 2180
 2180 2272
 2180 2181
 2180 2227
 2181 2229
 2182 2183
 2182 2229
 2182 2230
 2183 2184
 2183 2230
 2183 2232
 2184 2185
 2184 2232
 2185 2233
 2186 2235
 2186 2234
 2186 2187
 2187 2188
 2187 2236
 2188 2236
 2189 2190
 2189 2236
 2190 2238
 2190 2191
 2191 2239
 2191 2192
 2191 2238
 2192 2239
 2192 2193
 2192 2240
 2193 2194
 2194 2195
 2194 2242
 2195 2243
 2195 2196
 2196 2197
 2197 2198
 2197 2244
 2197 2243
 2198 2245
 2198 2199
 2199 2246
 2199 2200
 2200 2248
 2200 2201
 2200 2246
 2201 2248
 2202 2293
 2202 2250
 2202 2249
 2203 2434
 2203 2251
 2203 2250
 2204 2252
 2204 2295
 2204 2251
 2205 2206
 2205 2253
 2205 2252
 2206 2207
 2206 2255
 2207 2256
 2207 2208
 2208 2256
 2208 2209
 2209 2257
 2209 2210
 2210 2211
 2211 2212
 2211 2259
 2211 2258
 2212 2260
 2212 2259
 2215 2262
 2215 2261
 2216 2306
 2216 2263
 2216 2262
 2217 2264
 2217 2218
 2218 2309
 2218 2265
 2218 2219
 2218 2264
 2219 2266
 2219 2220
 2220 2311
 2220 2221
 2220 2266
 2221 2222
 2222 2223
 2222 2268
 2223 2224
 2223 2268
 2224 2225
 2224 2270
 2225 2317
 2225 2226
 2225 2270
 2225 2271
 2226 2227
 2227 2272
 2227 2271
 2228 2273
 2228 2272
 2229 2273
 2229 2230
 2230 2275
 2230 2231
 2230 2273
 2231 2232
 2232 2276
 2232 2233
 2233 2277
 2233 2234
 2234 2277
 2235 2325
 2235 2279
 2235 2236
 2236 2279
 2236 2237
 2237 2327
 2237 2238
 2237 2280
 2238 2282
 2238 2281
 2239 2240
 2239 2283
 2240 2241
 2241 2242
 2241 2283
 2242 2243
 2242 2285
 2243 2285
 2243 2287
 2244 2245
 2244 2287
 2245 2289
 2245 2246
 2246 2289
 2246 2247
 2247 2291
 2247 2248
 2248 2291
 2249 2291
 2250 2251
 2250 2293
 2250 2434
 2251 2294
 2252 2253
 2253 2297
 2253 2254
 2254 2255
 2254 2297
 2255 2299
 2255 2256
 2256 2301
 2256 2300
 2256 2257
 2257 2258
 2257 2301
 2258 2259
 2259 2303
 2259 2302
 2260 2303
 2262 2350
 2262 2306
 2262 2305
 2263 2264
 2263 2306
 2264 2354
 2264 2307
 2265 2266
 2265 2310
 2265 2358
 2266 2311
 2266 2310
 2267 2313
 2267 2311
 2268 2313
 2268 2269
 2269 2314
 2269 2270
 2269 2313
 2270 2314
 2270 2315
 2271 2317
 2272 2318
 2273 2274
 2273 2319
 2274 2320
 2274 2275
 2275 2322
 2275 2276
 2276 2323
 2276 2277
 2277 2324
 2277 2278
 2278 2325
 2279 2326
 2279 2325
 2279 2280
 2280 2327
 2281 2389
 2281 2327
 2282 2283
 2282 2328
 2283 2331
 2283 2284
 2283 2329
 2284 2285
 2285 2286
 2285 2333
 2285 2331
 2286 2287
 2287 2333
 2287 2288
 2288 2289
 2288 2335
 2289 2336
 2289 2290
 2290 2291
 2291 2338
 2291 2337
 2291 2292
 2291 2336
 2292 2339
 2293 2339
 2293 2294
 2294 2295
 2294 2340
 2294 2339
 2295 2341
 2295 2296
 2296 2297
 2297 2342
 2297 2341
 2298 2344
 2298 2342
 2298 2299
 2299 2300
 2300 2345
 2300 2344
 2300 2301
 2301 2345
 2301 2302
 2302 2347
 2302 2303
 2303 2348
 2303 2347
 2306 2352
 2306 2307
 2306 2350
 2307 2354
 2307 2352
 2308 2356
 2308 2309
 2308 2354
 2309 2358
 2309 2356
 2310 2360
 2310 2358
 2311 2312
 2311 2360
 2312 2363
 2312 2361
 2312 2313
 2313 2365
 2313 2363
 2314 2315
 2314 2365
 2315 2316
 2315 2366
 2316 2369
 2316 2367
 2316 2317
 2317 2371
 2317 2318
 2317 2369
 2318 2372
 2318 2319
 2319 2374
 2319 2320
 2319 2372
 2320 2376
 2320 2374
 2320 2321
 2321 2378
 2321 2322
 2321 2376
 2322 2380
 2322 2323
 2322 2378
 2323 2382
 2323 2380
 2323 2324
 2324 2384
 2324 2325
 2324 2382
 2325 2385
 2326 2387
 2326 2327
 2326 2385
 2327 2389
 2327 2387
 2328 2391
 2328 2329
 2328 2389
 2329 2392
 2329 2330
 2330 2394
 2330 2331
 2330 2392
 2331 2396
 2331 2394
 2331 2332
 2332 2398
 2332 2333
 2332 2396
 2333 2400
 2333 2398
 2333 2334
 2334 2402
 2334 2335
 2334 2400
 2335 2404
 2335 2336
 2335 2402
 2336 2406
 2336 2337
 2336 2404
 2337 2408
 2337 2406
 2338 2410
 2338 2339
 2338 2408
 2339 2412
 2339 2410
 2340 2414
 2340 2341
 2340 2412
 2341 2416
 2341 2414
 2341 2342
 2342 2417
 2342 2416
 2343 2419
 2343 2344
 2343 2417
 2344 2421
 2344 2419
 2345 2423
 2345 2346
 2345 2421
 2346 2425
 2346 2347
 2346 2423
 2347 2427
 2347 2425
 2347 2348
 2431 2432
 2435 2436
 2436 2437
