    2  127
    2   82
    3   82
    4   83
    4   82
    6   84
    6   83
    8   84
    9   86
    9   85
   10   86
   11  131
   11   88
   11   87
   13   88
   14   89
   14   90
   16  133
   16   91
   16   90
   18   92
   18   91
   19   93
   21   94
   21   93
   22   94
   23   95
   23   94
   25   95
   25   96
   27   97
   27   96
   28   97
   29   98
   29   97
   31   99
   31   98
   33  142
   33  100
   33   99
   34  101
   36  102
   36  101
   38  103
   38  102
   39  103
   40  103
   40  104
   42  148
   42  105
   42  104
   44  106
   44  105
   46  107
   46  106
   48  107
   48  108
   50  152
   50  109
   50  108
   52  109
   53  111
   53  110
   55  112
   55  111
   57  155
   57  112
   57  113
   59  113
   59  114
   61  114
   61  115
   62  115
   62  116
   64  116
   64  117
   66  118
   66  117
   67  118
   68  119
   68  118
   70  120
   70  119
   71  121
   73  122
   73  121
   75  123
   75  122
   77  124
   77  123
   79  167
   79  124
   81  127
   82  128
   82  127
   83  129
   83   84
   84 2436
   84   85
   85 2436
   85  130
   85   86
   86  130
   88   89
   88  131
   89  176
   89   90
   89  132
   90  133
   91   92
   92  135
   92   93
   92  134
   94  137
   94   95
   94  136
   95  138
   95   96
   97  184
   97  139
   97  140
   97   98
   98   99
   99  142
   99  141
  100  143
  100  101
  100  142
  101  102
  102  103
  102  144
  103  146
  103  145
  104  148
  105  149
  105  106
  106  107
  107  149
  107  108
  108  150
  109  199
  109  110
  109  152
  110  111
  110  199
  111  201
  111  200
  111  153
  111  154
  111  112
  113  114
  113  155
  114  157
  114  156
  115  116
  116  117
  116  157
  116  159
  117  118
  118  161
  118  160
  119  120
  120  163
  120  121
  120  162
  121 2435
  121  122
  122 2435
  122  123
  123  164
  123  124
  124  167
  124  166
  124  165
  125  167
  126  170
  127  171
  127  170
  127  128
  128  129
  129  171
  130  131
  130 2436
  131  132
  131  174
  132  175
  132  174
  133  134
  133  177
  133  176
  134  178
  134  135
  134  177
  135  136
  136  180
  136  181
  136  137
  137 2439
  137  138
  138  139
  138 2439
  138  182
  139  182
  140  185
  140  184
  141  142
  141  185
  142  188
  142  186
  142  187
  143  189
  143  144
  144  145
  144  190
  145  192
  145  146
  145  191
  146  192
  146  147
  147  148
  148  149
  148  194
  149  196
  149  150
  149  195
  150  151
  151  197
  151  152
  152  245
  152  199
  152  198
  154  155
  154  201
  155  156
  155  202
  156  157
  156  203
  156  204
  157  158
  158  159
  158  252
  159  160
  159  205
  160  208
  160  161
  160  207
  161  209
  161  162
  162  163
  162  209
  164  211
  164  212
  164  165
  164 2435
  166  213
  166  167
  166  212
  167  215
  167  214
  170  216
  170  218
  170  217
  170  171
  171  219
  171  220
  171  218
  171  172
  172  221
  172 2436
  173 2436
  173  222
  173  174
  173  221
  174  222
  174  223
  174  175
  175  176
  175  224
  177  226
  177  225
  177  178
  178  227
  179  180
  179  227
  180  229
  180  181
  181 2439
  181  230
  181  229
  182  231
  182 2439
  183  184
  184  233
  184  232
  184  185
  185  186
  186  234
  186  187
  186  233
  187  235
  187  234
  189  190
  189  235
  190  236
  190  191
  191  237
  191  236
  191  192
  192  193
  192  238
  193  194
  194  239
  194  195
  195  242
  195  240
  196  243
  196  242
  197  198
  197  243
  198  293
  198  244
  198  245
  199  247
  200  247
  201  247
  201  248
  201  202
  202  203
  202  248
  203  249
  203  250
  204  251
  204  252
  204  250
  205  253
  205  254
  205  206
  206  207
  207  255
  207  208
  207  254
  208  209
  209  257
  209  210
  209  256
  210 2435
  211  259
  211  212
  211  258
  212  260
  212  213
  213  261
  213  260
  213  214
  214  312
  214  262
  214  261
  216  264
  217  264
  218  265
  218  264
  219  265
  219  220
  220  267
  220  265
  221  268
  221  222
  221  267
  222  223
  223  268
  223  269
  223  224
  224  270
  224  225
  224  321
  224  269
  225  226
  226  227
  226  272
  226  271
  226  273
  227  228
  228  274
  228  229
  229  230
  229  275
  229  274
  230  276
  230  275
  231  232
  232  280
  232  278
  233  281
  233  282
  233  234
  233  280
  234  283
  234  284
  234  282
  235  285
  236  286
  236  237
  236  285
  237  238
  237  287
  237  286
  238  239
  239  240
  239  287
  240  289
  240  241
  240  288
  241  289
  241  242
  242  291
  242  243
  242  290
  243  244
  244  293
  244  292
  245  294
  245  246
  245  293
  246  295
  246  247
  248  297
  248  249
  248  298
  248  296
  249  300
  249  250
  249  298
  249  299
  250  251
  250  300
  251  301
  252  253
  253  303
  253  302
  254  305
  254  304
  254  255
  254  303
  255  256
  255  306
  255  305
  256  353
  256  306
  256  307
  257  355
  257  308
  257  307
  258  357
  258  310
  258  259
  258  309
  258 2435
  259  311
  259  260
  259  310
  260  311
  261  311
  262  312
  264  314
  264  315
  265  316
  265  266
  266  317
  266  316
  266  267
  267  319
  267  318
  267  317
  267  268
  268  269
  269  320
  270  322
  270  321
  270  271
  271  323
  271  272
  272  324
  272  273
  273  325
  274  326
  274  275
  274  325
  275  327
  275  276
  276  277
  276  327
  277  375
  277  278
  277  327
  277  328
  277 2439
  278  328
  278  329
  278  279
  279  330
  279  280
  280  330
  280  281
  281  331
  281  330
  282  283
  283  284
  283  331
  284  381
  284  333
  284  332
  284  285
  286  334
  286  287
  287  335
  287  288
  287  334
  288  289
  288  337
  288  335
  289  338
  289  290
  290  291
  291  339
  291  292
  291  338
  292  389
  292  293
  293  389
  293  340
  294  341
  294  340
  295  343
  295  342
  295  296
  295  341
  296  343
  296  344
  296  297
  297  344
  298  393
  298  344
  298  345
  299  345
  299  346
  299  300
  300  347
  300  301
  300  346
  301  302
  302  396
  302  303
  302  348
  302  349
  303  350
  303  349
  303  304
  304  398
  305  352
  305  351
  305  306
  306  352
  307  354
  307  355
  307  353
  308  309
  308  356
  308  355
  309  357
  309  356
  310  358
  310  357
  311  359
  311  358
  312  360
  312  359
  315  362
  315  361
  315  316
  316  363
  316  362
  316  317
  317  364
  317  363
  318  365
  318  319
  318  364
  319  366
  319  365
  319  320
  320  367
  320  321
  320  366
  321  369
  321  367
  321  322
  322  323
  322  370
  322  369
  323  371
  323  370
  323  324
  324  372
  324  325
  324  371
  325  372
  325  373
  325  326
  327  421
  327  374
  327  375
  328  329
  328  375
  329  377
  329  376
  329  330
  330  377
  330  331
  331  379
  331  380
  331  378
  331  332
  332  426
  332  381
  332  380
  333  427
  333  334
  333  382
  333  381
  334  429
  334  335
  334  382
  334  383
  335  383
  335  385
  335  336
  336  386
  336  337
  336  385
  337  386
  337  387
  337  338
  338  339
  338  388
  338  387
  339  388
  340  341
  340  389
  341  436
  341  437
  341  391
  341  390
  341  342
  343  344
  343  391
  343  392
  344  392
  345  440
  345  394
  345  393
  346  394
  346  347
  347  395
  347  394
  347  348
  348  396
  348  395
  349  397
  349  396
  350  445
  350  398
  351  446
  351  399
  351  352
  351  398
  352  400
  352  399
  354  448
  354  355
  354  400
  355  402
  355  401
  357  451
  357  403
  357  402
  357  358
  358  405
  358  404
  358  403
  359  406
  359  453
  359  405
  360  406
  362  456
  362  409
  362  408
  363  410
  363  409
  363  364
  364  458
  364  365
  364  411
  365  412
  365  411
  366  414
  366  367
  366  412
  367  415
  367  414
  368  461
  368  416
  368  415
  368  369
  369  417
  369  416
  370  418
  371  372
  371  419
  371  418
  372  373
  373  420
  373  374
  373  419
  374  466
  374  420
  374  421
  375  422
  375  467
  375  421
  376  377
  376  422
  376  423
  377  469
  377  378
  377  424
  378  425
  378  379
  378  424
  379  380
  380  472
  381  427
  381  426
  382  429
  382  427
  383  475
  383  430
  383  429
  384  385
  384  431
  386  432
  386  387
  386  431
  387  432
  387  388
  388  389
  388  435
  388  433
  389  390
  390  482
  390  435
  391  438
  391  392
  391  437
  392  393
  393  440
  393  438
  394  442
  394  395
  394  440
  395  396
  395  442
  396  444
  396  443
  397  445
  397  444
  398  491
  398  446
  398  445
  399  400
  399  446
  400  447
  401  450
  401  402
  401  449
  401  448
  402  451
  402  450
  403  452
  403  451
  404  452
  405  452
  406  498
  406  454
  408  456
  409  410
  409  457
  410  504
  411  459
  411  458
  412  459
  413  506
  413  460
  414  415
  415  507
  415  461
  415  460
  416  462
  416  461
  417  463
  417  462
  417  418
  418  464
  418  419
  419  464
  419  420
  420  513
  420  465
  421  467
  422  423
  423  469
  423  468
  424  471
  424  425
  424  469
  425  472
  425  471
  426  520
  426  427
  426  472
  427  474
  427  473
  428  429
  429  475
  430  476
  430  431
  430  475
  430  477
  431  478
  431  432
  431  477
  432  479
  432  478
  433  480
  433  434
  434  529
  434  481
  434  435
  434  480
  435  482
  435  481
  436  483
  436  437
  436  482
  437  485
  437  483
  437  438
  438  439
  438  486
  439  487
  439  486
  439  440
  441  488
  441  442
  441  487
  443  539
  443  444
  443  488
  444  540
  444  445
  444  489
  445  491
  446  492
  446  491
  447  493
  447  448
  448  493
  448  449
  449  450
  449  494
  449  493
  450  451
  450  496
  451  497
  451  452
  452 2437
  452  497
  453  498
  453 2437
  454  498
  455  456
  455  501
  456  457
  456  502
  457  503
  458  504
  458  459
  459  557
  459  505
  459  506
  459  504
  460  507
  460  506
  461  462
  461  507
  462  510
  462  463
  462  508
  463  511
  463  510
  463  464
  464  511
  464  465
  465  563
  465  513
  465  512
  466  515
  466  513
  466  467
  467  516
  467  468
  468  517
  468  516
  468  469
  469  518
  469  470
  470  519
  470  518
  471  472
  472  520
  472  519
  473  522
  473  474
  473  521
  473  520
  474  573
  474  524
  474  522
  474  475
  475  524
  476  574
  476  477
  476  525
  476  524
  477  527
  477  525
  477  478
  478  527
  479  528
  479  527
  480  529
  481  530
  481  482
  482  483
  482  530
  483  582
  483  532
  483  531
  484  533
  484  532
  484  485
  485  535
  485  534
  485  486
  486  537
  486  487
  486  535
  487  488
  488  538
  488  539
  489  540
  489  539
  490  542
  490  491
  490  540
  491  492
  492  543
  492  493
  492  542
  492  544
  493  544
  493  545
  493  494
  494  546
  494  545
  495  547
  495  496
  496  548
  496  497
  496  547
  497  548
  498  550
  498  549
  498 2437
  499  550
  501  552
  501  553
  503  504
  503  554
  503  553
  504  555
  504  557
  504  556
  505  558
  505  557
  506  558
  506  507
  507  508
  507  558
  508  560
  508  509
  508  608
  509  609
  509  560
  509  561
  510  562
  510  511
  511  562
  512  562
  513  514
  513  563
  514  565
  514  515
  514  564
  515  566
  515  565
  515  516
  516  567
  516  566
  518  519
  518  568
  518  567
  519  568
  519  569
  519  520
  520  571
  520  521
  520  569
  521  522
  522  572
  522  523
  522  571
  523  573
  524  573
  525  575
  525  574
  525  576
  526  527
  527  528
  527  578
  528  578
  528  529
  528  579
  528  580
  529  530
  530  581
  530  580
  531  628
  531  582
  531  581
  532  583
  532  582
  533  534
  534  584
  534  583
  534  535
  535  536
  535  584
  536  632
  536  586
  536  537
  537  538
  538  539
  538  586
  539  635
  539  589
  539  587
  539  540
  540  589
  541  590
  541  589
  541  542
  542  591
  542  543
  542  590
  543  639
  543  544
  543  592
  544  545
  545  546
  545  592
  546  547
  546  593
  547  594
  547  548
  548 2437
  548  643
  548  596
  548  595
  549  645
  549  598
  550  599
  552  601
  552  553
  553  601
  554  603
  554  650
  554  555
  554  602
  555  603
  555  556
  556  604
  556  603
  557  605
  557  558
  557  604
  558  559
  558  605
  559  607
  559  606
  560  609
  561  610
  561  562
  561  609
  562  563
  562  611
  563  611
  563  612
  564  613
  564  565
  565  566
  565  614
  566  615
  566  567
  567  615
  567  568
  568  616
  568  615
  569  616
  569  570
  570  571
  570  617
  571  619
  571  572
  571  618
  572  620
  572  573
  572  621
  572  619
  573  621
  574  670
  574  575
  575  623
  575  622
  576  623
  576  577
  577  625
  577  624
  577  578
  577  623
  578  579
  578  626
  579  580
  580  581
  581  675
  581  627
  582  630
  582  583
  582  628
  583  584
  584  631
  584  630
  585  631
  585  632
  586  633
  586  587
  586  632
  587  634
  587  633
  587  588
  588  635
  588  634
  589  590
  589  635
  590  638
  590  637
  590  591
  591  639
  592  640
  592  593
  592  639
  593  641
  593  594
  593  640
  594  642
  594  641
  594  595
  595  642
  596  644
  596  597
  596  643
  597  693
  597  645
  597 2438
  598  646
  598  599
  598  645
  599  646
  600  649
  601  649
  601  602
  602  650
  602  649
  603  652
  603  650
  603  604
  605  700
  605  606
  605  652
  605  653
  606  654
  606  607
  607  608
  607  654
  608  656
  608  609
  609  610
  609  656
  609  658
  610  659
  610  611
  611  660
  611  612
  612  661
  612  660
  612  613
  613  662
  613  708
  613  614
  613  661
  614  663
  614  615
  614  662
  615  663
  615  616
  616  617
  616  665
  616  711
  617  713
  617  665
  617  666
  617  618
  618  667
  618  666
  618  619
  619  715
  619  668
  619  620
  620  621
  620  668
  621  716
  621  669
  622  671
  622  670
  622  623
  623  624
  623  672
  624  673
  624  672
  625  626
  626  721
  626  675
  626  673
  626  627
  627  675
  628  676
  628  675
  629  630
  629  676
  630  631
  630  677
  630  679
  631  632
  631  679
  632  680
  632  681
  633  682
  633  681
  633  634
  634  684
  634  635
  634  682
  635  730
  635  685
  635  636
  637  686
  637  638
  638  734
  638  688
  638  687
  638  639
  639  689
  639  640
  640  641
  641  642
  641  689
  642  692
  642  691
  642  643
  642  690
  643  692
  643  644
  644  693
  644  692
  645  694
  645  693
  646  694
  647  694
  648  697
  649  697
  649  650
  650  698
  650  651
  651  698
  651  652
  652  700
  652  699
  653  700
  654  701
  654  702
  654  655
  655  656
  656  703
  656  702
  657  658
  658  659
  658  704
  658  705
  659  660
  659  705
  659  707
  660  707
  661  708
  661  707
  662  709
  662  757
  662  663
  662  708
  663  664
  663  709
  664  710
  664  760
  664  711
  665  713
  665  711
  666  714
  666  713
  667  715
  668  715
  669  764
  669  715
  670  765
  670  717
  670  671
  670  716
  671  718
  671  717
  672  719
  672  673
  673  720
  673  674
  673  719
  674  721
  674  720
  675  723
  675  721
  675  676
  676  723
  677  678
  677  724
  677  723
  678  679
  678  724
  678  725
  678  726
  679  773
  679  727
  679  726
  681  728
  681  727
  681  682
  682  729
  682  728
  683  729
  683  684
  684  729
  685  731
  685  686
  685  730
  686  732
  686  731
  686  687
  687  733
  687  734
  687  732
  688  689
  688  735
  688  734
  689  736
  689  735
  689  690
  690  738
  690  737
  690  691
  690  736
  691  784
  691  739
  691  692
  692  740
  692  739
  693  741
  693  740
  694  742
  694  741
  695  742
  697  744
  697  745
  698  747
  698  699
  698  746
  699  793
  699  748
  699  700
  699  747
  700  701
  701  702
  701  750
  701  748
  702  751
  702  750
  702  703
  703  704
  703  751
  704  752
  704  705
  704  751
  705  706
  705  752
  706  754
  706  707
  707  754
  707  708
  708  756
  708  755
  709  710
  709  757
  710  759
  710  760
  710  758
  711  760
  712  809
  712  761
  712  760
  712  713
  713  762
  713  714
  714  811
  714  715
  714  763
  714  762
  715  812
  715  764
  716  765
  716  764
  717  814
  717  718
  717  765
  718  815
  718  767
  718  766
  718  719
  719  768
  719  720
  720  721
  721  769
  721  768
  722  820
  722  770
  722  723
  722  769
  723  771
  723  724
  723  770
  724  821
  724  772
  724  771
  726  823
  726  773
  726  772
  727  774
  727  728
  727  824
  728  729
  728  774
  728  776
  729  730
  730  777
  730  776
  730  731
  731  778
  731  777
  732  778
  733  780
  733  734
  733  779
  734  780
  734  735
  735  736
  735  782
  736  834
  736  783
  736  782
  737  783
  738  835
  738  784
  738  783
  739  740
  739  784
  740  837
  740  786
  740  785
  741  786
  742  788
  742  787
  744  790
  745  790
  745  746
  745  791
  746  792
  746  791
  747  844
  747  793
  747  792
  748  795
  748  749
  748  793
  749  750
  749  796
  749  795
  750  751
  751  752
  751  797
  752  800
  752  798
  752  753
  753  754
  754  801
  754  802
  754  800
  755  756
  756  855
  756  804
  756  803
  757  804
  758  806
  758  804
  758  805
  758  759
  759  807
  759  760
  760  809
  760  807
  762  810
  762  811
  762  809
  763  861
  763  812
  763  811
  764  813
  764  765
  765  813
  766  814
  767  768
  767  815
  768  818
  768  769
  768  817
  769  818
  769  820
  770  821
  770  771
  772  823
  772  821
  773  824
  773  823
  774  825
  774  824
  775  874
  775  776
  775  825
  776  828
  776  826
  776  777
  777  778
  777  828
  778  779
  778  829
  779  830
  779  780
  780  879
  780  832
  780  831
  781  833
  781  782
  782  833
  784  883
  784  836
  784  785
  784  835
  785  884
  785  837
  785  836
  786  839
  786  838
  786  787
  787  886
  787  840
  789  842
  790  842
  791  843
  791  842
  792  890
  792  843
  792  844
  793  891
  793  845
  793  844
  794  795
  794  845
  795  845
  795  796
  796  848
  796  847
  796  797
  796  846
  797  849
  797  798
  798  799
  799  850
  799  800
  799  851
  799  849
  800  851
  800  852
  800  801
  801  853
  801  852
  802  853
  802  803
  803  855
  803  853
  804  855
  805  902
  805  806
  805  856
  805  855
  806  856
  806  857
  806  807
  808  905
  808  858
  808  809
  808  857
  809  858
  809  859
  809  810
  811  908
  811  860
  812  862
  812  813
  812  861
  813  911
  813  863
  813  862
  814  864
  814  815
  814  863
  815  864
  815  865
  815  816
  816  866
  816  817
  816  865
  817  866
  817  818
  818  867
  818  866
  819  868
  819  867
  819  820
  820  869
  820  821
  821  870
  821  822
  821  871
  821  869
  822  871
  822  872
  822  823
  823  824
  824  873
  824  872
  826  875
  826  827
  826  874
  828  876
  828  829
  828  875
  829  876
  829  877
  830  877
  830  831
  831  879
  831  878
  831  877
  832  929
  832  880
  832  833
  832  879
  833  881
  833  880
  834  881
  834  835
  835  932
  835  883
  835  882
  835  881
  836  883
  837  885
  837  838
  837  884
  838  885
  838  839
  839  886
  840  886
  842  888
  842  889
  843  890
  843  889
  844  891
  844  890
  845  942
  845  892
  845  891
  846  847
  846  893
  847  848
  847  894
  848  895
  848  849
  849  850
  849  895
  850  851
  850  897
  850  895
  851  898
  851  897
  853  899
  853  854
  854  901
  854  855
  854  899
  855  902
  856  904
  856  857
  856  902
  857  904
  857  905
  858  859
  858  906
  858  905
  859  907
  859  906
  859  860
  860  908
  860  907
  861  909
  861  862
  861  908
  862  910
  862  909
  863  913
  863  864
  863  911
  864  914
  864  913
  865  915
  865  866
  866  916
  866  867
  867  917
  867  868
  868  918
  868  917
  868  869
  869  870
  869  919
  870  920
  870  919
  871  921
  871  872
  872  922
  872  873
  872  921
  873  922
  873  874
  874  923
  874  875
  874  922
  875  969
  875  924
  875  923
  875  876
  876  877
  876  924
  877  878
  877  925
  877  926
  878  927
  878  928
  879  929
  880  977
  880  881
  880  929
  881  932
  881  977
  882  933
  882  932
  884  934
  884  933
  884  885
  885  935
  885  934
  886  936
  886  935
  887  936
  888  939
  889  939
  889  890
  890  941
  890  940
  890  891
  891  990
  891  942
  892  943
  892  942
  892  893
  893  894
  893  944
  894  993
  894  944
  894  945
  894  895
  895  896
  895  945
  896  995
  896  947
  896  946
  897  948
  897  898
  898  948
  898  899
  899  997
  899  900
  899  949
  899  948
  900  999
  900  901
  901  950
  902 1000
  902  950
  903  952
  903  951
  904  953
  904  905
  905  953
  906 1004
  906  907
  906  953
  907  954
  907  955
  908  909
  909  955
  909  956
  910 1007
  910  957
  910  956
  912 1008
  912  958
  912  957
  913  958
  913  914
  913  959
  914  915
  914  960
  915  961
  915  916
  916  917
  916  961
  917  918
  917  961
  918  964
  918  919
  918  963
  919  964
  920  965
  920  921
  920  964
  921  922
  921  965
  922  923
  922  966
  923  967
  923  968
  924  925
  924  971
  924  969
  925  972
  925 1021
  925  971
  925  926
  926  927
  926  972
  927  973
  927  974
  928  929
  928  975
  930  975
  931  978
  931  977
  932  933
  933  980
  933  979
  933  934
  933  978
  934 1028
  934  981
  934  980
  935  982
  935  981
  936  984
  936  983
  938  986
  939  986
  940  988
  940  941
  940  987
  941  988
  941  989
  942  943
  942  991
  942  992
  942  990
  943  992
  944 1039
  944  992
  944  993
  945 1040
  945  994
  945  946
  946  994
  947  996
  947  948
  947  995
  948  996
  949  999
  949  998
  949  997
  950 1000
  950  999
  951 1001
  951  952
  951 1000
  952 1002
  952  953
  952 1001
  953 1004
  953 1002
  954 1005
  954  955
  955 1005
  955 1006
  955  956
  956 1007
  956 1052
  957 1008
  957 1007
  958  959
  958 1008
  959 1009
  959 1010
  959  960
  960 1011
  960  961
  960 1012
  960 1010
  961  962
  962 1013
  962 1012
  962  963
  963  964
  963 1015
  963 1013
  964 1016
  964  965
  966 1017
  966 1016
  966  967
  967 1018
  967  968
  967 1017
  968 1064
  968 1019
  968 1018
  969  970
  970 1020
  970 1019
  972 1067
  972 1022
  972 1021
  973  974
  974 1023
  974  975
  974 1022
  975 1024
  975 1023
  975  976
  976  977
  976 1024
  977 1026
  977 1025
  977  978
  978  979
  978 1026
  979  980
  979 1026
  980 1027
  981 1074
  981 1029
  981 1028
  982 1029
  982  983
  983 1031
  983 1030
  983 1029
  985 1033
  986 1033
  986 1034
  986  987
  987 1035
  987 1034
  988 1035
  988  989
  989 1036
  989 1035
  990 1036
  991  992
  991 1036
  992 1037
  992 1038
  993 1039
  994 1086
  994 1085
  994  995
  994 1040
  995 1041
  995 1042
  995  996
  996 1043
  996  997
  996 1087
  997 1044
  997 1043
  997  998
  998 1045
  998 1090
  998 1044
  999 1046
  999 1000
  999 1045
 1000 1001
 1001 1093
 1001 1002
 1001 1046
 1002 1047
 1002 1049
 1003 1049
 1003 1004
 1004 1050
 1004 1005
 1004 1049
 1005 1006
 1005 1051
 1006 1051
 1007 1008
 1007 1052
 1008 1053
 1008 1054
 1009 1055
 1009 1010
 1010 1056
 1010 1011
 1011 1058
 1011 1012
 1011 1056
 1012 1013
 1013 1059
 1013 1060
 1013 1058
 1014 1015
 1015 1016
 1015 1060
 1015 1062
 1016 1062
 1016 1017
 1017 1018
 1017 1062
 1018 1063
 1019 1020
 1019 1066
 1019 1064
 1020 1066
 1020 1021
 1021 1066
 1022 1117
 1022 1068
 1022 1023
 1022 1067
 1023 1024
 1023 1068
 1024 1025
 1024 1069
 1025 1072
 1025 1026
 1025 1070
 1026 1027
 1026 1073
 1027 1028
 1028 1074
 1028 1073
 1029 2441
 1029 1075
 1029 1030
 1029 1074
 1030 1076
 1031 1076
 1033 1079
 1033 1078
 1034 1080
 1034 1079
 1035 1081
 1035 1036
 1035 1080
 1036 1037
 1036 1081
 1037 1083
 1037 1038
 1037 1082
 1038 1134
 1038 1083
 1038 1084
 1039 1040
 1040 1085
 1040 1084
 1042 1086
 1043 1044
 1043 1087
 1044 1090
 1044 1088
 1045 1046
 1045 1090
 1046 1091
 1046 1092
 1046 1093
 1047 1094
 1047 1048
 1047 1093
 1048 1095
 1048 1049
 1048 1094
 1049 1050
 1049 1095
 1050 1051
 1050 1096
 1050 1146
 1050 1097
 1051 1097
 1051 1098
 1052 1100
 1052 1098
 1052 1053
 1053 1054
 1054 1102
 1054 1101
 1054 1055
 1054 1100
 1055 1153
 1055 1103
 1055 1056
 1055 1102
 1057 1104
 1057 1103
 1057 1058
 1058 1105
 1058 1104
 1058 1059
 1059 1105
 1060 1107
 1060 1106
 1060 1061
 1061 1108
 1061 1062
 1061 1107
 1062 1111
 1062 1109
 1062 1063
 1063 1064
 1063 1111
 1064 1112
 1064 1065
 1065 1115
 1065 1114
 1065 1066
 1065 1113
 1066 1116
 1066 1067
 1067 1117
 1067 1116
 1068 1118
 1068 1165
 1069 1119
 1069 1118
 1069 1070
 1070 1166
 1070 1071
 1071 1121
 1071 1072
 1071 1120
 1072 1073
 1072 1121
 1072 1122
 1073 1124
 1073 1123
 1073 1122
 1073 1074
 1074 1124
 1075 1125
 1075 1126
 1075 2441
 1076 1127
 1076 1126
 1078 1129
 1079 1177
 1079 1129
 1079 1130
 1080 1177
 1080 1131
 1080 1081
 1081 1132
 1081 1131
 1082 1132
 1082 1083
 1083 1134
 1083 1132
 1084 1181
 1084 1085
 1084 1134
 1085 1137
 1085 1136
 1085 1086
 1086 1087
 1087 1139
 1087 1138
 1087 1137
 1087 1088
 1088 1089
 1088 1140
 1089 1140
 1089 1141
 1089 1090
 1090 1141
 1091 1142
 1093 1142
 1093 1143
 1093 1094
 1094 1190
 1094 1144
 1094 1143
 1095 1096
 1095 1145
 1096 1146
 1096 1145
 1097 1098
 1097 1148
 1097 1146
 1098 1148
 1099 1150
 1099 1149
 1099 1100
 1099 1148
 1100 1196
 1100 1150
 1100 1151
 1100 1101
 1101 1151
 1102 1198
 1102 1197
 1102 1153
 1102 1152
 1103 1154
 1103 1104
 1103 1153
 1104 1201
 1104 1154
 1104 1155
 1105 1156
 1105 1106
 1106 1107
 1106 1157
 1106 1156
 1107 1157
 1108 1157
 1108 1205
 1108 1158
 1110 1206
 1110 1158
 1110 1159
 1110 1111
 1111 1160
 1111 1159
 1113 1208
 1113 1161
 1113 1114
 1113 1160
 1114 1162
 1114 1161
 1115 1116
 1116 1117
 1116 1162
 1117 1164
 1117 1163
 1117 1165
 1118 1165
 1118 1213
 1118 1166
 1120 1167
 1120 1121
 1120 1166
 1121 1168
 1121 1122
 1122 1168
 1122 1123
 1123 1170
 1123 1124
 1123 1169
 1124 1172
 1124 2441
 1124 1171
 1125 1173
 1125 1174
 1126 1175
 1126 1174
 1129 1223
 1129 1176
 1130 1223
 1131 1224
 1131 1178
 1131 1132
 1132 1180
 1132 1178
 1132 1133
 1134 1227
 1134 1180
 1135 1182
 1135 1181
 1136 1229
 1136 1137
 1136 1183
 1137 1138
 1138 1184
 1138 1183
 1139 1232
 1139 1185
 1139 1184
 1139 1140
 1140 1141
 1140 1185
 1141 1187
 1141 1186
 1141 1142
 1142 1188
 1142 1189
 1142 1187
 1142 1143
 1143 1189
 1144 1191
 1144 1145
 1144 1190
 1145 1146
 1145 1192
 1146 1192
 1146 1147
 1147 1148
 1147 1192
 1148 1194
 1148 1193
 1149 1194
 1149 1195
 1150 1196
 1151 1244
 1151 1197
 1151 1196
 1152 1197
 1153 1200
 1153 1154
 1153 1198
 1154 1248
 1154 1200
 1155 1202
 1155 1156
 1155 1201
 1156 1204
 1156 1157
 1156 1202
 1157 1205
 1157 1204
 1158 1206
 1158 1205
 1159 1207
 1159 1160
 1159 1206
 1160 1208
 1160 1207
 1161 1162
 1161 1210
 1161 1208
 1162 1163
 1163 1164
 1163 1211
 1163 1212
 1163 1210
 1164 1165
 1165 1260
 1165 1212
 1165 1213
 1166 1167
 1166 1214
 1166 1213
 1167 1168
 1168 1216
 1168 1215
 1169 1217
 1169 1216
 1169 1170
 1170 1218
 1170 1217
 1171 1172
 1172 2442
 1172 1219
 1172 1218
 1173 1219
 1173 2443
 1173 1220
 1174 1220
 1175 1220
 1176 1223
 1177 1224
 1177 1223
 1178 1225
 1178 1224
 1179 1225
 1179 1180
 1180 1227
 1180 1274
 1180 1226
 1181 1276
 1181 1182
 1181 1228
 1181 1227
 1182 1228
 1182 1229
 1183 1230
 1183 1184
 1183 1229
 1184 1230
 1184 1232
 1185 1233
 1185 1232
 1186 1187
 1186 1234
 1187 1236
 1187 1234
 1187 1188
 1188 1189
 1188 1237
 1188 1236
 1189 1285
 1189 1238
 1189 1190
 1190 1191
 1191 1240
 1191 1192
 1191 1238
 1192 1240
 1193 1240
 1193 1241
 1193 1194
 1194 1195
 1194 1243
 1194 1241
 1195 1243
 1195 1196
 1196 1244
 1196 1243
 1197 1245
 1197 1244
 1198 1199
 1199 1246
 1200 1248
 1200 1246
 1201 1249
 1201 1248
 1202 1250
 1202 1203
 1203 1204
 1204 1251
 1204 1205
 1205 1206
 1205 1251
 1206 1254
 1206 1207
 1206 1252
 1207 1254
 1208 1209
 1208 1254
 1209 1210
 1209 1256
 1209 1257
 1209 1255
 1210 1258
 1210 1211
 1210 1257
 1211 1258
 1211 1212
 1212 1259
 1212 1260
 1213 1214
 1213 1260
 1214 1262
 1214 1261
 1214 1263
 1214 1215
 1215 1216
 1215 1264
 1215 1263
 1216 1217
 1216 1265
 1217 1218
 1217 1266
 1218 1267
 1218 1219
 1218 1266
 1219 2443
 1219 1267
 1219 1220
 1220 1268
 1221 1268
 1222 1271
 1223 1271
 1224 1225
 1224 1272
 1224 1273
 1224 1271
 1225 1273
 1226 1274
 1227 1276
 1227 1274
 1228 1229
 1228 1277
 1228 1276
 1229 1277
 1229 1230
 1230 1279
 1230 1278
 1231 1279
 1232 1280
 1232 1233
 1233 1234
 1233 1280
 1234 1328
 1234 1281
 1234 1282
 1235 1282
 1235 1236
 1236 1283
 1236 1237
 1236 1282
 1237 1284
 1237 1283
 1238 1286
 1238 1239
 1238 1285
 1239 1240
 1239 1287
 1240 1287
 1240 1289
 1240 1241
 1241 1290
 1241 1289
 1242 1243
 1243 1336
 1243 1244
 1243 1292
 1244 1292
 1244 1293
 1245 1294
 1245 1246
 1246 1247
 1247 1295
 1247 1294
 1248 1296
 1248 1249
 1248 1295
 1249 1296
 1249 1250
 1250 1251
 1250 1296
 1251 1252
 1251 1297
 1252 1298
 1252 1253
 1253 1301
 1253 1254
 1253 1300
 1253 1299
 1254 1301
 1255 1256
 1256 1303
 1256 1302
 1257 1350
 1257 1303
 1257 1304
 1257 1258
 1258 1259
 1259 1260
 1259 1304
 1259 1305
 1259 1306
 1260 1306
 1260 1307
 1261 1353
 1261 1262
 1261 1307
 1261 1308
 1262 1308
 1262 1309
 1263 1264
 1264 1356
 1264 1310
 1264 1265
 1264 1309
 1265 1311
 1265 1310
 1265 1266
 1266 1313
 1266 1267
 1266 1311
 1267 1314
 1267 1313
 1268 1316
 1268 1315
 1270 1318
 1271 1318
 1271 1319
 1272 1320
 1272 1273
 1272 1319
 1273 1321
 1273 1320
 1273 1274
 1274 1369
 1274 1322
 1274 1321
 1276 1323
 1276 1277
 1276 1322
 1277 1371
 1277 1324
 1277 1323
 1278 1325
 1278 1279
 1279 1280
 1280 1326
 1280 1281
 1280 1327
 1280 1325
 1281 1328
 1281 1327
 1282 1328
 1283 1330
 1283 1328
 1283 1284
 1284 1331
 1284 1330
 1285 1332
 1285 1286
 1286 1287
 1286 1332
 1287 1333
 1287 1332
 1288 1382
 1288 1334
 1288 1289
 1288 1333
 1289 1334
 1289 1335
 1290 1291
 1290 1335
 1291 1336
 1291 1335
 1292 1293
 1292 1336
 1293 1339
 1293 1294
 1293 1338
 1293 1337
 1294 1339
 1294 1340
 1294 1295
 1295 1296
 1296 1340
 1296 1342
 1296 1297
 1297 1298
 1297 1343
 1297 1342
 1298 1344
 1299 1345
 1299 1300
 1300 1301
 1301 1346
 1301 1347
 1301 1302
 1301 1345
 1302 1347
 1302 1348
 1302 1303
 1303 1349
 1303 1348
 1304 1351
 1304 1305
 1304 1399
 1304 1350
 1305 1400
 1305 1351
 1305 1352
 1306 1352
 1307 1353
 1308 1355
 1308 1309
 1308 1353
 1309 1356
 1309 1355
 1310 1311
 1310 1358
 1310 1356
 1311 1359
 1311 1312
 1312 1359
 1312 1360
 1312 1313
 1313 1360
 1313 1314
 1314 1315
 1314 1361
 1315 1362
 1315 1361
 1316 1362
 1318 1365
 1318 1364
 1319 1366
 1320 1367
 1320 1368
 1320 1321
 1320 1366
 1321 1369
 1322 1418
 1322 1323
 1322 1370
 1322 1369
 1323 1370
 1324 1325
 1324 1372
 1324 1373
 1324 1371
 1325 1373
 1325 1326
 1326 1423
 1326 1327
 1326 1375
 1327 1424
 1327 1376
 1327 1328
 1328 1377
 1328 1376
 1330 1427
 1330 1378
 1330 1331
 1330 1377
 1331 1380
 1331 1379
 1331 1332
 1331 1378
 1332 1381
 1332 1333
 1333 1382
 1334 1383
 1334 1335
 1334 1384
 1335 1336
 1335 1385
 1336 1385
 1336 1386
 1337 1338
 1338 1339
 1338 1387
 1338 1386
 1339 1437
 1339 1389
 1339 1340
 1340 1391
 1340 1341
 1340 1389
 1341 1342
 1341 1391
 1342 1391
 1342 1392
 1343 1394
 1343 1392
 1343 1344
 1344 1395
 1344 1345
 1344 1394
 1345 1346
 1346 1395
 1346 1396
 1347 1396
 1348 1349
 1348 1396
 1349 1398
 1349 1397
 1350 1398
 1351 1448
 1351 1400
 1352 1402
 1352 1401
 1352 1353
 1352 1400
 1353 1354
 1353 1402
 1354 1404
 1354 1355
 1355 1452
 1355 1405
 1355 1356
 1356 1405
 1356 1357
 1357 1406
 1357 1405
 1358 1359
 1359 1407
 1359 1360
 1359 1406
 1360 1408
 1360 1409
 1361 1410
 1362 1411
 1363 1411
 1365 1461
 1365 1414
 1365 1413
 1365 1366
 1366 1415
 1367 1368
 1367 1415
 1368 1416
 1368 1418
 1369 1418
 1370 1420
 1370 1419
 1370 1418
 1371 1421
 1371 1372
 1372 1373
 1373 1421
 1374 1422
 1374 1423
 1375 1424
 1376 1377
 1376 1426
 1376 1424
 1377 1426
 1377 1427
 1378 1428
 1378 1427
 1379 1428
 1379 1429
 1379 1380
 1380 1381
 1381 1429
 1382 1431
 1382 1430
 1383 1384
 1384 1431
 1384 1432
 1385 1433
 1385 1386
 1385 1432
 1386 1435
 1386 1434
 1386 1433
 1386 1387
 1387 1482
 1387 1436
 1387 1435
 1388 1436
 1388 1437
 1389 1438
 1389 1437
 1390 1439
 1390 1391
 1390 1438
 1391 1392
 1391 1440
 1392 1440
 1393 1394
 1394 1443
 1394 1441
 1394 1395
 1395 1490
 1395 1444
 1395 1443
 1395 1396
 1396 1446
 1396 1397
 1396 1444
 1397 1447
 1397 1398
 1398 1399
 1398 1448
 1400 1448
 1401 1497
 1401 1449
 1401 1402
 1402 1451
 1402 1450
 1404 1452
 1404 1451
 1405 1454
 1405 1406
 1405 1452
 1406 1455
 1406 1407
 1408 1502
 1408 1409
 1408 1455
 1409 1457
 1409 1456
 1409 1410
 1410 1458
 1410 1411
 1410 1457
 1411 1459
 1411 1458
 1413 1461
 1414 1509
 1414 1508
 1414 1415
 1415 1416
 1415 1462
 1415 1509
 1416 1462
 1416 1463
 1416 1417
 1418 1464
 1418 1463
 1418 1419
 1419 1513
 1419 1465
 1419 1464
 1420 1421
 1421 1467
 1421 1422
 1421 1465
 1422 1467
 1422 1423
 1422 1468
 1423 1468
 1423 1469
 1423 1424
 1424 1518
 1424 1470
 1425 1470
 1426 1471
 1426 1427
 1426 1470
 1427 1472
 1427 1428
 1427 1471
 1428 1429
 1428 1473
 1428 1472
 1429 1430
 1429 1474
 1430 1477
 1430 1475
 1430 1476
 1430 1431
 1431 1524
 1431 1478
 1431 1477
 1431 1432
 1432 1480
 1432 1433
 1432 1478
 1433 1480
 1434 1481
 1434 1480
 1435 1481
 1435 1482
 1436 1483
 1436 1482
 1437 1484
 1437 1438
 1437 1483
 1438 1439
 1438 1484
 1439 1485
 1439 1486
 1439 1440
 1440 1487
 1440 1441
 1440 1486
 1441 1489
 1441 1442
 1441 1487
 1442 1489
 1444 1491
 1444 1490
 1445 1446
 1446 1492
 1446 1447
 1446 1491
 1446 1493
 1447 1494
 1447 1493
 1447 1448
 1448 1449
 1448 1496
 1448 1495
 1448 1494
 1449 1497
 1449 1496
 1450 1451
 1450 1498
 1450 1497
 1451 1499
 1451 1452
 1451 1498
 1452 1453
 1453 1454
 1453 1499
 1454 1500
 1454 1501
 1454 1455
 1455 1502
 1455 1501
 1456 1503
 1456 1457
 1456 1502
 1457 1505
 1457 1504
 1457 1503
 1458 1506
 1458 1505
 1461 1508
 1461 1507
 1462 1463
 1462 1510
 1463 1464
 1463 1510
 1463 1511
 1464 1513
 1464 1511
 1465 1514
 1465 1466
 1465 1513
 1466 1561
 1467 1516
 1467 1515
 1467 1468
 1468 1563
 1468 1469
 1468 1517
 1469 1518
 1469 1564
 1470 1519
 1470 1518
 1471 1472
 1472 1473
 1472 1519
 1472 1566
 1473 1520
 1473 1521
 1474 1522
 1474 1521
 1475 1476
 1475 1523
 1475 1522
 1476 1523
 1477 1524
 1478 1525
 1478 1524
 1479 1526
 1479 1480
 1480 1528
 1480 1481
 1480 1526
 1481 1528
 1482 1528
 1482 1529
 1483 1484
 1484 1529
 1484 1485
 1485 1578
 1485 1531
 1485 1530
 1485 1486
 1486 1487
 1486 1533
 1486 1531
 1487 1533
 1488 1489
 1488 1534
 1488 1533
 1489 1536
 1489 1535
 1489 1490
 1489 1534
 1490 1536
 1490 1491
 1491 1537
 1491 1492
 1491 1538
 1491 1536
 1492 1538
 1492 1493
 1493 1540
 1493 1539
 1495 1542
 1495 1541
 1495 1496
 1496 1543
 1496 1542
 1497 1544
 1497 1498
 1498 1499
 1498 1545
 1499 1546
 1499 1500
 1499 1545
 1500 1547
 1500 1546
 1500 1501
 1501 1548
 1501 1502
 1501 1547
 1502 1503
 1502 1548
 1503 1550
 1503 1549
 1504 1551
 1504 1550
 1505 1552
 1505 1551
 1506 1552
 1508 1601
 1508 1555
 1508 1554
 1509 1555
 1510 1557
 1510 1511
 1510 1556
 1511 1559
 1511 1557
 1511 1512
 1512 1513
 1512 1559
 1513 1560
 1513 1514
 1514 1607
 1514 1561
 1514 1560
 1515 1562
 1515 1561
 1516 1563
 1517 1564
 1517 1563
 1518 1519
 1518 1564
 1519 1566
 1519 1565
 1520 1521
 1520 1566
 1521 1522
 1521 1567
 1521 1568
 1522 1616
 1522 1523
 1522 1568
 1523 1571
 1523 1616
 1523 1524
 1524 1571
 1525 1572
 1525 1526
 1525 1571
 1526 1573
 1527 1574
 1527 1528
 1528 1529
 1528 1576
 1528 1574
 1529 1576
 1529 1577
 1529 1530
 1530 1578
 1530 1577
 1531 1532
 1531 1578
 1532 1579
 1532 1580
 1532 1533
 1533 1534
 1533 1581
 1533 1628
 1534 1582
 1534 1581
 1535 1536
 1536 1583
 1536 1537
 1536 1582
 1537 1585
 1537 1538
 1538 1585
 1538 1539
 1539 1587
 1539 1586
 1540 1541
 1540 1587
 1541 1587
 1542 1589
 1542 1543
 1542 1588
 1543 1590
 1543 1589
 1543 1544
 1544 1638
 1544 1591
 1544 1545
 1544 1590
 1545 1592
 1545 1591
 1546 1593
 1546 1547
 1547 1548
 1547 1594
 1548 1594
 1549 1596
 1549 1594
 1549 1550
 1550 1596
 1551 1598
 1551 1597
 1552 1599
 1552 1598
 1554 1601
 1555 1603
 1555 1556
 1555 1602
 1556 1603
 1556 1557
 1557 1603
 1558 1605
 1558 1559
 1558 1604
 1559 1606
 1559 1605
 1559 1560
 1560 1607
 1560 1606
 1561 1654
 1561 1562
 1562 1608
 1562 1609
 1562 1563
 1563 1610
 1563 1609
 1564 1611
 1564 1565
 1565 1612
 1565 1566
 1566 1612
 1566 1567
 1567 1614
 1567 1568
 1567 1613
 1568 1615
 1568 1614
 1569 1615
 1569 1616
 1570 1571
 1570 1617
 1570 1616
 1571 1617
 1571 1572
 1572 1665
 1572 1619
 1572 1573
 1572 1618
 1573 1620
 1573 1619
 1573 1574
 1574 1575
 1574 1620
 1575 1622
 1575 1621
 1575 1576
 1576 1577
 1576 1622
 1577 1578
 1577 1623
 1578 1625
 1578 1624
 1578 1626
 1579 1627
 1579 1580
 1580 1628
 1581 1673
 1581 1582
 1581 1629
 1581 1628
 1582 1583
 1582 1629
 1582 1630
 1583 1631
 1583 1630
 1584 1632
 1584 1631
 1585 1586
 1586 1678
 1586 1634
 1586 1587
 1586 1632
 1587 1634
 1587 1588
 1588 1679
 1588 1635
 1588 1589
 1588 1634
 1589 1590
 1589 1635
 1590 1636
 1590 1638
 1591 1684
 1591 1639
 1591 1592
 1592 1593
 1592 1639
 1593 1640
 1593 1641
 1593 1594
 1594 1642
 1594 1641
 1595 1688
 1595 1643
 1595 1596
 1595 1642
 1596 1644
 1596 1643
 1596 1597
 1597 1645
 1597 1644
 1598 1646
 1598 1645
 1600 1648
 1601 1648
 1602 1649
 1602 1648
 1603 1649
 1603 1650
 1603 1604
 1604 1651
 1604 1605
 1605 1606
 1606 1607
 1606 1651
 1607 1654
 1607 1653
 1607 1652
 1608 1654
 1608 1609
 1609 1610
 1609 1656
 1609 1655
 1610 1657
 1610 1611
 1610 1656
 1611 1612
 1611 1658
 1611 1657
 1612 1659
 1612 1613
 1613 1660
 1613 1614
 1613 1659
 1614 1660
 1614 1661
 1615 1616
 1616 1661
 1616 1617
 1617 1618
 1617 1663
 1617 1662
 1618 1665
 1618 1713
 1619 1666
 1619 1665
 1621 1667
 1621 1622
 1621 1666
 1622 1716
 1622 1668
 1622 1667
 1623 1669
 1623 1668
 1624 1625
 1625 1670
 1625 1669
 1626 1670
 1626 1627
 1627 1671
 1627 1628
 1628 1721
 1628 1673
 1628 1672
 1629 1630
 1629 1673
 1630 1674
 1630 1631
 1631 1724
 1631 1632
 1631 1675
 1632 1677
 1632 1676
 1632 1633
 1633 1727
 1633 1677
 1634 1729
 1634 1678
 1635 1636
 1635 1681
 1635 1679
 1636 1682
 1636 1637
 1636 1681
 1637 1682
 1637 1638
 1637 1683
 1638 1684
 1639 1733
 1639 1685
 1639 1684
 1640 1735
 1640 1686
 1640 1641
 1641 1686
 1641 1642
 1642 1688
 1643 1739
 1643 1690
 1643 1644
 1643 1688
 1644 1690
 1644 1645
 1645 1692
 1645 1691
 1646 1692
 1647 1695
 1648 1695
 1648 1696
 1649 1697
 1649 1650
 1649 1696
 1650 1698
 1650 1699
 1650 1697
 1650 1651
 1651 1747
 1651 1748
 1651 1652
 1651 1700
 1651 1699
 1652 1653
 1652 1700
 1653 1701
 1653 1702
 1654 1655
 1655 1656
 1655 1702
 1656 1703
 1656 1657
 1657 1658
 1657 1706
 1657 1704
 1658 1706
 1659 1756
 1659 1707
 1659 1660
 1659 1706
 1660 1757
 1660 1661
 1660 1707
 1660 1708
 1661 1710
 1661 1709
 1661 1708
 1661 1662
 1662 1663
 1662 1711
 1662 1710
 1663 1711
 1664 1713
 1664 1711
 1665 1666
 1666 1714
 1666 1715
 1667 1716
 1668 1718
 1668 1669
 1668 1717
 1669 1719
 1669 1670
 1670 1671
 1671 1768
 1671 1719
 1671 1672
 1672 1769
 1672 1721
 1672 1720
 1673 1770
 1673 1722
 1673 1721
 1674 1723
 1674 1675
 1675 1723
 1676 1773
 1676 1677
 1676 1725
 1676 1724
 1677 1725
 1677 1727
 1678 1729
 1678 1728
 1678 1727
 1679 1729
 1680 1730
 1680 1681
 1680 1777
 1681 1682
 1681 1730
 1682 1732
 1682 1731
 1683 1733
 1685 1734
 1685 1735
 1685 1733
 1686 1737
 1686 1687
 1686 1735
 1687 1688
 1688 1738
 1688 1737
 1689 1739
 1690 1740
 1690 1739
 1691 1741
 1691 1740
 1693 1741
 1695 1744
 1695 1743
 1695 1696
 1696 1745
 1696 1697
 1696 1746
 1698 1793
 1698 1747
 1698 1746
 1699 1747
 1700 1795
 1700 1701
 1700 1750
 1700 1748
 1701 1750
 1701 1751
 1701 1702
 1702 1703
 1703 1751
 1703 1704
 1704 1754
 1704 1705
 1704 1752
 1705 1755
 1705 1706
 1706 1756
 1707 1802
 1707 1756
 1708 1803
 1708 1758
 1708 1757
 1709 1710
 1710 1711
 1710 1759
 1710 1760
 1711 1762
 1711 1761
 1713 1763
 1713 1762
 1713 1714
 1714 1808
 1714 1764
 1714 1715
 1714 1763
 1715 1809
 1715 1764
 1715 1716
 1715 1765
 1717 1766
 1717 1718
 1717 1765
 1718 1767
 1718 1719
 1718 1766
 1720 1814
 1720 1813
 1720 1769
 1720 1768
 1721 1770
 1721 1769
 1722 1771
 1722 1770
 1723 1772
 1723 1724
 1724 1773
 1724 1772
 1725 1774
 1725 1773
 1727 1821
 1727 1775
 1727 1774
 1728 1729
 1729 1775
 1729 1776
 1729 1777
 1730 1824
 1730 1778
 1730 1777
 1731 1732
 1732 1733
 1732 1780
 1732 1779
 1732 1778
 1733 1782
 1733 1734
 1733 1780
 1734 1782
 1734 1783
 1735 1783
 1736 1784
 1736 1737
 1737 1785
 1737 1738
 1737 1784
 1738 1785
 1738 1786
 1738 1739
 1739 1786
 1740 1787
 1740 1786
 1741 1788
 1741 1787
 1741 1742
 1742 1788
 1743 1791
 1744 1791
 1745 1792
 1745 1746
 1745 1793
 1747 1794
 1747 1793
 1749 1795
 1749 1794
 1750 1751
 1751 1752
 1751 1797
 1751 1796
 1752 1798
 1752 1797
 1752 1753
 1753 1754
 1753 1799
 1753 1798
 1754 1800
 1754 1799
 1754 1755
 1755 1801
 1755 1800
 1757 1851
 1757 1803
 1757 1802
 1758 1852
 1758 1804
 1758 1759
 1758 1803
 1759 1760
 1760 1804
 1760 1805
 1761 1762
 1762 1806
 1762 1763
 1762 1805
 1763 1808
 1763 1806
 1764 1857
 1764 1809
 1765 1858
 1765 1810
 1765 1766
 1765 1809
 1766 1812
 1766 1767
 1766 1810
 1767 1768
 1768 1812
 1768 1813
 1769 1770
 1769 1814
 1770 1865
 1770 1817
 1770 1771
 1770 1815
 1771 1772
 1772 1818
 1772 1817
 1772 1773
 1773 1774
 1773 1820
 1774 1820
 1774 1821
 1775 1822
 1775 1776
 1775 1821
 1776 1822
 1776 1777
 1777 1824
 1778 1826
 1778 1779
 1778 1825
 1778 1824
 1779 1826
 1780 1874
 1780 1781
 1781 1828
 1781 1827
 1781 1782
 1782 1828
 1783 1784
 1783 1828
 1784 1831
 1784 1785
 1784 1829
 1785 1786
 1785 1831
 1786 1834
 1786 1833
 1786 1832
 1787 1882
 1787 1835
 1788 1883
 1788 1836
 1790 1838
 1791 1838
 1791 1839
 1791 1792
 1792 1793
 1792 1840
 1792 1839
 1793 1841
 1793 1888
 1793 1794
 1793 1840
 1794 1842
 1794 1841
 1794 1795
 1795 1844
 1795 1796
 1795 1843
 1795 1842
 1796 1797
 1797 1846
 1797 1798
 1797 1844
 1798 1799
 1799 1848
 1799 1846
 1799 1800
 1800 1849
 1800 1848
 1801 1802
 1802 1850
 1802 1849
 1802 1851
 1803 1852
 1803 1902
 1804 1805
 1804 1853
 1804 1852
 1805 1853
 1805 1854
 1805 1806
 1806 1856
 1806 1807
 1806 1854
 1807 1856
 1808 1907
 1809 1857
 1810 1859
 1810 1910
 1810 1858
 1811 1860
 1811 1812
 1812 1813
 1812 1861
 1812 1860
 1813 1861
 1813 1814
 1814 1863
 1814 1862
 1815 1816
 1816 1865
 1817 1818
 1817 1866
 1817 1865
 1818 1866
 1818 1867
 1819 1868
 1819 1820
 1820 1918
 1820 1821
 1820 1868
 1821 1869
 1821 1870
 1822 1870
 1823 1871
 1823 1824
 1824 1872
 1824 1871
 1825 1922
 1825 1873
 1825 1826
 1826 1874
 1826 1873
 1827 1828
 1827 1875
 1828 1875
 1828 1829
 1829 1830
 1829 1877
 1829 1878
 1829 1876
 1830 1927
 1830 1878
 1830 1879
 1831 1880
 1831 1832
 1831 1879
 1832 1881
 1832 1880
 1833 1834
 1834 1930
 1834 1882
 1834 1881
 1835 1931
 1835 1883
 1835 1882
 1836 1883
 1837 1886
 1838 1886
 1839 1887
 1839 1886
 1840 1888
 1840 1887
 1841 1842
 1841 1890
 1841 1888
 1842 1843
 1842 1891
 1843 1938
 1843 1892
 1843 1844
 1844 1893
 1844 1845
 1844 1892
 1845 1895
 1845 1893
 1845 1846
 1846 1847
 1846 1896
 1846 1895
 1847 1896
 1847 1897
 1848 1897
 1848 1849
 1848 1898
 1849 1899
 1849 1898
 1849 1850
 1850 1901
 1850 1900
 1850 1899
 1851 1902
 1852 1903
 1852 1902
 1853 1854
 1853 1903
 1854 1904
 1854 1855
 1855 1906
 1855 1856
 1855 1905
 1856 1907
 1856 1906
 1857 1909
 1857 1858
 1857 1907
 1858 1910
 1858 1909
 1859 1956
 1859 1911
 1859 1910
 1860 1861
 1861 1911
 1861 1862
 1862 1863
 1863 1914
 1863 1913
 1863 1864
 1864 1960
 1864 1914
 1865 1915
 1865 1866
 1866 1867
 1866 1917
 1866 1915
 1867 1917
 1867 1868
 1868 1964
 1869 1870
 1870 1871
 1870 1920
 1870 1919
 1871 1921
 1871 1920
 1872 1968
 1872 1922
 1872 1921
 1873 1970
 1873 1924
 1873 1874
 1873 1922
 1874 1924
 1874 1875
 1875 1924
 1876 1926
 1876 1925
 1877 1926
 1878 1927
 1878 1926
 1879 1880
 1879 1927
 1880 1929
 1880 1928
 1881 1977
 1881 1930
 1882 1930
 1883 1932
 1883 1931
 1886 1934
 1886 1933
 1887 1935
 1887 1934
 1888 1936
 1888 1889
 1889 1890
 1889 1936
 1890 1937
 1890 1938
 1892 1940
 1892 1938
 1892 1893
 1893 1987
 1893 1941
 1893 1940
 1895 1941
 1895 1942
 1895 1896
 1896 1944
 1896 1897
 1896 1942
 1898 1899
 1898 1945
 1898 1944
 1899 1946
 1899 1945
 1900 1946
 1901 1947
 1901 1946
 1902 1994
 1902 1948
 1902 1947
 1902 1903
 1903 1949
 1903 1948
 1904 1905
 1904 1949
 1905 1950
 1905 1949
 1905 1906
 1906 1907
 1906 1952
 1906 1950
 1907 1953
 1907 1952
 1908 1954
 1908 1953
 1909 1910
 1909 1955
 1909 1954
 1910 1956
 1911 1957
 1911 1912
 1911 1956
 1912 1958
 1912 1913
 1913 1914
 1913 1958
 1913 1959
 1914 1959
 1915 1916
 1915 1961
 1915 1960
 1916 1917
 1916 1961
 1916 1962
 1917 1963
 1917 1964
 1918 1919
 1918 1965
 1918 1964
 1919 1965
 1920 1967
 1920 2012
 1920 1966
 1920 1921
 1921 1967
 1922 1923
 1922 1968
 1923 2015
 1923 1970
 1924 1925
 1924 1970
 1925 1972
 1925 1971
 1925 1926
 1926 1927
 1926 1972
 1927 1974
 1927 1928
 1928 2020
 1928 1976
 1928 1929
 1928 1975
 1929 2021
 1929 1977
 1930 1978
 1930 1977
 1931 2024
 1931 1979
 1931 1978
 1933 1981
 1934 1981
 1934 1935
 1935 1982
 1935 1936
 1936 1983
 1936 1937
 1936 1982
 1937 1984
 1937 1983
 1937 1938
 1938 1939
 1938 1986
 1938 1985
 1938 1984
 1940 1986
 1940 1987
 1941 1988
 1941 1942
 1941 1987
 1942 1943
 1942 1988
 1943 1989
 1943 1990
 1943 1944
 1944 1991
 1944 1945
 1944 1990
 1945 1946
 1945 1991
 1946 1992
 1946 1993
 1947 2038
 1947 1993
 1948 1949
 1948 1995
 1949 1997
 1949 1950
 1949 1995
 1950 1951
 1950 1998
 1952 1999
 1952 1953
 1952 1998
 1953 2000
 1953 1954
 1954 1955
 1954 2001
 1955 1956
 1956 2003
 1956 1957
 1956 2001
 1957 2051
 1957 2004
 1957 1958
 1957 2003
 1958 2004
 1958 1959
 1959 2006
 1959 1960
 1960 2007
 1960 1961
 1961 2008
 1961 1962
 1961 2007
 1962 2009
 1962 2008
 1963 2010
 1963 1964
 1964 2011
 1964 1965
 1965 2011
 1966 2012
 1966 2011
 1967 2014
 1967 1968
 1967 2012
 1968 1969
 1969 2015
 1969 2014
 1970 2064
 1970 2016
 1970 2015
 1971 2017
 1971 1972
 1972 2066
 1972 1973
 1972 2018
 1973 1974
 1974 2067
 1974 2019
 1974 2018
 1975 2020
 1975 2019
 1976 2021
 1976 2020
 1977 2022
 1977 2021
 1977 1978
 1978 2023
 1979 2024
 1981 2075
 1981 2026
 1982 2028
 1982 1983
 1982 2027
 1983 2029
 1984 2029
 1984 2030
 1984 1985
 1985 2079
 1985 2031
 1985 1986
 1986 2080
 1986 2032
 1986 2031
 1986 1987
 1987 2032
 1988 1989
 1988 2034
 1988 2033
 1989 1990
 1989 2034
 1990 1991
 1990 2034
 1991 2035
 1991 2036
 1992 2037
 1992 2036
 1992 1993
 1993 2038
 1994 1995
 1994 2038
 1995 2040
 1995 2039
 1996 2040
 1996 1997
 1996 2042
 1997 2042
 1997 2043
 1997 1998
 1998 2044
 1998 2045
 1998 2043
 1998 1999
 1999 2046
 1999 2000
 1999 2045
 2000 2001
 2000 2046
 2001 2049
 2001 2048
 2001 2047
 2001 2002
 2002 2049
 2003 2050
 2004 2052
 2004 2051
 2005 2052
 2005 2006
 2006 2007
 2006 2054
 2007 2008
 2007 2055
 2008 2009
 2008 2056
 2009 2057
 2009 2056
 2009 2010
 2010 2057
 2010 2011
 2011 2012
 2011 2060
 2011 2058
 2012 2061
 2012 2060
 2013 2014
 2014 2063
 2014 2015
 2014 2061
 2015 2063
 2016 2065
 2016 2017
 2016 2064
 2017 2066
 2017 2065
 2018 2067
 2018 2066
 2019 2068
 2019 2067
 2020 2021
 2020 2069
 2021 2116
 2021 2070
 2021 2069
 2022 2070
 2023 2071
 2023 2070
 2024 2072
 2024 2071
 2025 2072
 2026 2075
 2027 2077
 2027 2076
 2027 2028
 2027 2075
 2028 2078
 2028 2029
 2029 2078
 2031 2080
 2031 2127
 2032 2082
 2032 2033
 2032 2080
 2033 2083
 2033 2082
 2033 2034
 2034 2084
 2034 2035
 2035 2085
 2035 2036
 2035 2084
 2036 2134
 2036 2037
 2036 2086
 2037 2038
 2038 2087
 2038 2086
 2039 2087
 2039 2088
 2039 2040
 2040 2138
 2040 2088
 2040 2089
 2042 2139
 2042 2140
 2042 2043
 2042 2089
 2042 2090
 2043 2090
 2043 2091
 2044 2091
 2045 2092
 2045 2046
 2045 2091
 2046 2092
 2046 2047
 2047 2094
 2047 2095
 2047 2048
 2047 2093
 2048 2095
 2049 2096
 2049 2095
 2050 2097
 2050 2051
 2051 2097
 2051 2052
 2052 2098
 2052 2097
 2053 2099
 2053 2054
 2054 2055
 2054 2099
 2055 2101
 2055 2100
 2056 2102
 2056 2057
 2057 2104
 2057 2103
 2057 2102
 2058 2105
 2058 2059
 2060 2105
 2060 2061
 2061 2107
 2061 2106
 2061 2062
 2062 2109
 2062 2108
 2062 2063
 2062 2107
 2063 2110
 2063 2109
 2064 2111
 2064 2110
 2064 2065
 2065 2066
 2065 2112
 2066 2114
 2066 2112
 2066 2067
 2067 2114
 2068 2114
 2068 2115
 2068 2069
 2069 2116
 2070 2117
 2070 2116
 2071 2119
 2071 2118
 2072 2120
 2072 2119
 2074 2122
 2075 2122
 2075 2123
 2076 2077
 2076 2124
 2076 2123
 2077 2124
 2077 2125
 2077 2078
 2078 2126
 2078 2125
 2078 2079
 2079 2127
 2079 2126
 2080 2081
 2080 2127
 2081 2082
 2081 2128
 2082 2083
 2082 2129
 2083 2182
 2083 2130
 2083 2084
 2084 2132
 2084 2085
 2084 2133
 2085 2134
 2085 2133
 2086 2087
 2086 2135
 2086 2134
 2087 2088
 2087 2135
 2087 2137
 2088 2138
 2089 2139
 2089 2138
 2090 2091
 2090 2141
 2091 2092
 2091 2191
 2091 2142
 2092 2192
 2092 2142
 2092 2143
 2094 2144
 2094 2095
 2094 2143
 2095 2146
 2095 2144
 2095 2096
 2096 2097
 2096 2147
 2096 2146
 2097 2149
 2097 2147
 2097 2098
 2098 2198
 2098 2150
 2098 2099
 2098 2149
 2099 2151
 2099 2100
 2099 2150
 2100 2101
 2100 2152
 2100 2151
 2101 2102
 2102 2202
 2102 2153
 2102 2152
 2102 2103
 2103 2154
 2103 2153
 2104 2154
 2104 2155
 2104 2105
 2105 2156
 2105 2106
 2105 2155
 2106 2157
 2106 2107
 2106 2156
 2107 2159
 2107 2157
 2107 2108
 2108 2160
 2109 2160
 2109 2110
 2110 2440
 2110 2111
 2110 2162
 2110 2160
 2111 2162
 2111 2112
 2112 2164
 2112 2163
 2113 2166
 2113 2114
 2113 2164
 2113 2165
 2114 2167
 2114 2115
 2115 2168
 2115 2167
 2115 2116
 2116 2117
 2116 2168
 2117 2170
 2117 2169
 2117 2118
 2118 2171
 2118 2170
 2119 2172
 2119 2171
 2122 2221
 2122 2174
 2122 2173
 2123 2222
 2123 2174
 2123 2175
 2124 2125
 2124 2175
 2125 2176
 2125 2126
 2125 2175
 2126 2127
 2126 2177
 2127 2128
 2127 2179
 2128 2180
 2128 2129
 2129 2181
 2129 2180
 2129 2130
 2130 2182
 2130 2181
 2131 2183
 2131 2182
 2132 2133
 2132 2183
 2133 2184
 2133 2183
 2133 2134
 2134 2135
 2134 2184
 2135 2186
 2135 2136
 2136 2186
 2136 2137
 2137 2188
 2137 2138
 2138 2189
 2138 2139
 2138 2188
 2139 2189
 2140 2189
 2140 2190
 2141 2191
 2141 2190
 2142 2192
 2142 2191
 2143 2193
 2143 2144
 2143 2194
 2143 2192
 2144 2194
 2145 2146
 2145 2194
 2146 2196
 2146 2147
 2147 2196
 2148 2149
 2148 2196
 2149 2198
 2150 2198
 2151 2201
 2151 2152
 2151 2200
 2152 2202
 2153 2204
 2153 2154
 2153 2202
 2154 2205
 2154 2155
 2155 2205
 2155 2156
 2156 2206
 2156 2205
 2157 2206
 2157 2158
 2158 2207
 2158 2206
 2159 2208
 2159 2207
 2159 2160
 2160 2440
 2161 2209
 2161 2162
 2162 2210
 2162 2209
 2163 2210
 2163 2164
 2164 2211
 2164 2165
 2164 2210
 2165 2211
 2165 2166
 2166 2167
 2167 2214
 2167 2213
 2167 2168
 2168 2215
 2168 2169
 2169 2216
 2169 2215
 2170 2217
 2170 2216
 2171 2218
 2172 2218
 2173 2221
 2174 2222
 2175 2223
 2175 2176
 2175 2222
 2176 2177
 2176 2223
 2177 2178
 2178 2179
 2178 2224
 2179 2180
 2179 2226
 2180 2181
 2180 2226
 2181 2182
 2181 2229
 2181 2228
 2182 2183
 2183 2184
 2183 2230
 2184 2232
 2184 2230
 2184 2185
 2185 2233
 2185 2186
 2186 2278
 2186 2187
 2186 2233
 2187 2235
 2188 2189
 2188 2235
 2188 2236
 2189 2190
 2189 2236
 2189 2238
 2190 2239
 2190 2238
 2191 2239
 2192 2241
 2192 2240
 2192 2193
 2193 2194
 2193 2242
 2194 2242
 2195 2196
 2195 2242
 2196 2244
 2196 2197
 2197 2245
 2197 2198
 2197 2244
 2198 2245
 2198 2199
 2198 2246
 2199 2200
 2200 2201
 2200 2248
 2201 2249
 2201 2202
 2202 2203
 2203 2204
 2203 2250
 2203 2249
 2204 2251
 2204 2205
 2205 2252
 2205 2206
 2206 2254
 2206 2207
 2206 2252
 2207 2254
 2208 2299
 2208 2256
 2208 2255
 2209 2440
 2209 2210
 2209 2256
 2210 2258
 2210 2301
 2210 2257
 2211 2212
 2211 2259
 2211 2258
 2212 2213
 2212 2261
 2213 2262
 2213 2214
 2214 2262
 2214 2215
 2215 2263
 2215 2216
 2216 2217
 2217 2218
 2217 2265
 2217 2264
 2218 2266
 2218 2265
 2221 2268
 2221 2267
 2222 2312
 2222 2269
 2222 2268
 2223 2270
 2223 2224
 2224 2315
 2224 2271
 2224 2225
 2224 2270
 2225 2272
 2225 2226
 2226 2317
 2226 2273
 2226 2227
 2227 2228
 2228 2229
 2228 2274
 2229 2230
 2229 2274
 2230 2231
 2230 2276
 2231 2323
 2231 2232
 2231 2276
 2231 2277
 2232 2233
 2233 2278
 2233 2277
 2234 2279
 2234 2235
 2234 2278
 2235 2236
 2236 2281
 2236 2237
 2236 2279
 2237 2238
 2238 2282
 2238 2239
 2239 2283
 2239 2240
 2240 2283
 2241 2331
 2241 2285
 2241 2242
 2242 2285
 2242 2243
 2243 2333
 2243 2244
 2243 2286
 2244 2288
 2244 2287
 2245 2246
 2245 2289
 2246 2247
 2247 2248
 2247 2289
 2248 2249
 2248 2291
 2249 2291
 2249 2293
 2250 2251
 2250 2293
 2251 2295
 2251 2252
 2252 2296
 2252 2253
 2253 2297
 2253 2254
 2254 2297
 2255 2297
 2256 2257
 2256 2299
 2256 2440
 2257 2300
 2258 2259
 2259 2303
 2259 2260
 2260 2261
 2260 2303
 2261 2305
 2261 2262
 2262 2307
 2262 2306
 2262 2263
 2263 2264
 2263 2307
 2264 2265
 2265 2309
 2265 2308
 2266 2309
 2268 2356
 2268 2312
 2268 2311
 2269 2270
 2269 2312
 2270 2360
 2270 2313
 2271 2272
 2271 2316
 2271 2364
 2272 2317
 2272 2316
 2273 2319
 2273 2317
 2274 2319
 2274 2275
 2275 2320
 2275 2276
 2275 2319
 2276 2320
 2276 2322
 2277 2323
 2278 2324
 2279 2280
 2279 2325
 2280 2326
 2280 2281
 2281 2328
 2281 2282
 2282 2329
 2282 2283
 2283 2330
 2283 2284
 2284 2331
 2285 2332
 2285 2331
 2285 2286
 2286 2333
 2287 2395
 2287 2333
 2288 2289
 2288 2334
 2289 2337
 2289 2290
 2289 2335
 2290 2291
 2291 2292
 2291 2339
 2291 2337
 2292 2293
 2293 2339
 2293 2294
 2294 2295
 2294 2341
 2295 2342
 2295 2296
 2296 2297
 2297 2344
 2297 2343
 2297 2298
 2297 2342
 2298 2345
 2298 2299
 2299 2300
 2300 2301
 2300 2346
 2300 2345
 2301 2347
 2301 2302
 2302 2303
 2303 2348
 2303 2347
 2304 2350
 2304 2348
 2304 2305
 2305 2306
 2306 2351
 2306 2350
 2306 2307
 2307 2351
 2307 2308
 2308 2353
 2308 2309
 2309 2354
 2309 2353
 2312 2358
 2312 2313
 2312 2356
 2313 2360
 2313 2358
 2314 2362
 2314 2315
 2314 2360
 2315 2364
 2315 2362
 2316 2366
 2316 2364
 2317 2318
 2317 2366
 2318 2369
 2318 2367
 2318 2319
 2319 2371
 2319 2369
 2320 2321
 2320 2371
 2321 2322
 2321 2372
 2322 2375
 2322 2373
 2322 2323
 2323 2377
 2323 2324
 2323 2375
 2324 2378
 2324 2325
 2325 2380
 2325 2326
 2325 2378
 2326 2382
 2326 2380
 2326 2327
 2327 2384
 2327 2328
 2327 2382
 2328 2386
 2328 2329
 2328 2384
 2329 2388
 2329 2386
 2329 2330
 2330 2390
 2330 2331
 2330 2388
 2331 2391
 2332 2393
 2332 2333
 2332 2391
 2333 2395
 2333 2393
 2334 2397
 2334 2335
 2334 2395
 2335 2398
 2335 2336
 2336 2400
 2336 2337
 2336 2398
 2337 2402
 2337 2400
 2337 2338
 2338 2404
 2338 2339
 2338 2402
 2339 2406
 2339 2404
 2339 2340
 2340 2408
 2340 2341
 2340 2406
 2341 2410
 2341 2342
 2341 2408
 2342 2412
 2342 2343
 2342 2410
 2343 2414
 2343 2412
 2344 2416
 2344 2345
 2344 2414
 2345 2418
 2345 2416
 2346 2420
 2346 2347
 2346 2418
 2347 2422
 2347 2420
 2347 2348
 2348 2423
 2348 2422
 2349 2425
 2349 2350
 2349 2423
 2350 2427
 2350 2425
 2351 2429
 2351 2352
 2351 2427
 2352 2431
 2352 2353
 2352 2429
 2353 2433
 2353 2431
 2353 2354
 2437 2438
 2441 2442
 2442 2443
