    2  126
    2   82
    3   82
    4   83
    4   82
    6   84
    6   83
    8   84
    9   86
    9   85
   11  130
   11   87
   11   86
   13   87
   14   88
   14   89
   16  132
   16   90
   16   89
   18   91
   18   90
   19   92
   21   93
   21   92
   22   93
   23   94
   23   93
   25   94
   25   95
   27   96
   27   95
   28   96
   29   97
   29   96
   31   98
   31   97
   33  140
   33   99
   33   98
   34  100
   34   99
   36  101
   36  100
   38  102
   38  101
   39  102
   40  102
   40  103
   42  146
   42  104
   42  103
   44  105
   44  104
   46  106
   46  105
   48  106
   48  107
   50  150
   50  108
   50  107
   52  108
   53  110
   53  109
   55  111
   55  110
   57  153
   57  111
   57  112
   59  112
   59  113
   61  113
   61  114
   62  114
   62  115
   64  115
   64  116
   66  117
   66  116
   67  117
   68  118
   68  117
   70  119
   70  118
   71  120
   71  119
   73  121
   73  120
   75  122
   75  121
   77  123
   77  122
   79  165
   79  123
   81  126
   82  127
   82  126
   83  128
   83   84
   84   85
   85 2313
   85  129
   85   86
   87   88
   87  130
   88  174
   88   89
   88  173
   88  131
   90   91
   90  132
   91  134
   91   92
   91  133
   93  136
   93   94
   93  135
   94  137
   94   95
   96  182
   96  181
   96   97
   96  138
   97   98
   98  140
   98  139
   99  141
   99  140
  100  101
  101  102
  101  142
  102  144
  102  143
  103  146
  103  144
  104  147
  104  105
  105  106
  106  147
  106  107
  107  150
  107  148
  108  194
  108  109
  108  150
  109  110
  109  194
  110  196
  110  195
  110  151
  110  152
  110  111
  111  153
  112  113
  112  153
  113  155
  113  154
  114  115
  115  116
  115  155
  115  157
  117  159
  117  158
  117  118
  118  119
  119  161
  119  160
  120 2312
  120  121
  121 2312
  121  122
  122  162
  122  123
  123  165
  123  164
  123  163
  124  165
  125  168
  126  169
  126  168
  126  127
  127  128
  127  169
  128 2313
  129  130
  129 2313
  130  131
  130  172
  131  173
  131  172
  132  133
  132 2321
  132  174
  133 2321
  133  134
  133  175
  134  135
  135  178
  135  177
  135  136
  136 2316
  136  137
  137  138
  137 2316
  137  179
  138  179
  139  225
  139  183
  139  140
  139  182
  140  141
  140  183
  141  185
  141  142
  142  186
  142  143
  143  188
  143  144
  143  187
  144  188
  145  190
  145  146
  146  147
  146  190
  147  233
  147  234
  147  148
  147  191
  148  149
  149  192
  150  236
  150  194
  150  193
  152  196
  153  240
  153  154
  153  197
  154  241
  154  198
  154  155
  154  240
  155  156
  156  199
  156  288
  156  157
  156  243
  157  158
  157  199
  158  202
  158  159
  158  201
  159  203
  159  160
  160  161
  160  203
  162  205
  162  206
  162  163
  162 2312
  164  207
  164  165
  164  206
  165  209
  165  208
  168  210
  168  212
  168  211
  168  169
  169  213
  169  255
  169  212
  169  170
  170 2313
  171 2313
  171  172
  171  214
  171  215
  172  215
  172  173
  173  216
  173  215
  175  219
  175  218
  175 2321
  176  177
  176  219
  177  221
  177  178
  178 2316
  178  265
  178  264
  178  221
  179  222
  179 2316
  180  181
  181  269
  181  224
  181  223
  181  182
  182  225
  183  226
  183  225
  185  273
  185  186
  185  226
  186  227
  186  187
  187  228
  187  227
  187  188
  188  189
  188  229
  188  228
  189  229
  190  231
  190  230
  190  191
  191  233
  191  231
  191  232
  192  193
  192  235
  192  234
  193  281
  193  235
  193  236
  194  238
  194  236
  195  196
  195  238
  196  239
  196  197
  198  242
  198  243
  198  241
  199  289
  199  244
  199  288
  200  201
  201  245
  201  202
  201  244
  202  245
  202  203
  203  293
  203  247
  203  204
  203  246
  204  295
  204 2312
  205  249
  205  206
  205  248
  206  250
  206  207
  206  249
  207  251
  207  250
  207  208
  208  298
  208  252
  208  251
  210  254
  211  254
  211  212
  212  255
  213  257
  213  255
  214  258
  214  257
  214 2313
  215  259
  215  258
  216  260
  216  217
  217 2321
  218  309
  218  262
  218 2321
  218  261
  219  220
  220  221
  220  263
  221  264
  221  263
  222  223
  223  267
  224  225
  224  269
  225  272
  225  271
  225  270
  227  274
  227  228
  227  273
  228  275
  228  274
  229  275
  231  277
  231  276
  232  278
  232  277
  232  233
  233  279
  233  278
  235  281
  235  280
  236  282
  236  281
  237  238
  237  283
  238  239
  239  328
  239  284
  239  240
  239  283
  240  286
  240  241
  241  286
  242  287
  245  246
  245  292
  245  291
  246  337
  246  336
  246  292
  246  293
  247  338
  247  294
  248  296
  248  249
  248  295
  248 2312
  249  250
  249  296
  250  251
  251  297
  252  298
  254  300
  254  301
  255  302
  255  256
  256  303
  256  302
  256  257
  257  304
  257  303
  257  258
  258  306
  258  259
  258  305
  259  306
  259  307
  260  308
  260  307
  260  261
  261 2321
  262  310
  262  309
  262  311
  263  312
  263  264
  263  311
  264  313
  264  312
  265  313
  265 2316
  266 2316
  266  267
  267  314
  267  268
  268  316
  268  269
  268  315
  269  316
  269  270
  270  317
  270  271
  270  316
  271  272
  271  317
  272  273
  273  320
  273  319
  274  320
  274  275
  275  321
  275  276
  275  320
  276  321
  277  324
  277  323
  277  278
  278  324
  279  325
  279  280
  279  324
  280  368
  281  368
  281  282
  282  369
  282  326
  282  368
  283  326
  284  372
  284  285
  284  329
  284  328
  285  330
  285  286
  286  331
  286  287
  287  288
  288  289
  288  332
  289  334
  289  333
  289  290
  290  291
  290  335
  292  336
  293  338
  293  337
  295  340
  295  339
  296  341
  296  340
  297  342
  297  341
  298  343
  298  342
  301  345
  301  344
  301  302
  302  346
  302  345
  302  303
  303  346
  303  304
  304  348
  304  305
  305  389
  305  306
  305  348
  306  389
  306  349
  307  351
  307  308
  308  309
  309  353
  309  352
  309  310
  310  354
  310  353
  311  312
  312  356
  312  355
  313  396
  313  357
  314  315
  314  358
  314  357
  315  358
  316 2326
  316  360
  316  359
  316  317
  317  400
  317  361
  318  319
  319  401
  320 2335
  320  362
  320  403
  320  321
  321  363
  321  362
  321  364
  322  365
  322  323
  323  366
  323  365
  323  324
  324  367
  324  366
  326  370
  326  327
  327  328
  327  370
  328  371
  329  414
  329  330
  329  373
  329  372
  330  373
  330  331
  331  374
  331  332
  332  375
  332  374
  333  418
  333  334
  333  375
  334  376
  334  418
  335  336
  335  376
  336  337
  336  377
  337  421
  337  379
  337  378
  338  339
  339  340
  339  380
  340  424
  340  381
  340  380
  340  341
  341  382
  341  381
  342  426
  342  383
  342  382
  343  383
  345  429
  345  386
  345  385
  345  346
  346  386
  346  347
  347  431
  348  388
  348  389
  349  390
  349  350
  349  389
  350  433
  350  391
  350  351
  351  352
  352  393
  352  392
  353  354
  353  394
  353  393
  354  355
  355  395
  355  356
  355  394
  356  438
  356  396
  358  359
  358  397
  358  398
  360  399
  360  400
  360 2326
  361  442
  361  401
  362  445
  362  404
  362  403
  363  405
  363  404
  365  406
  365  366
  365  405
  366  407
  366  406
  367  368
  368  409
  368  369
  369  451
  369  410
  369  409
  370  412
  370  371
  371  412
  371  372
  372  414
  372  413
  372  412
  373  415
  373  374
  373  414
  374  375
  374  415
  376  419
  376  418
  377  378
  377  420
  377  419
  378  420
  378  421
  379  423
  379  380
  380  424
  380  423
  381  425
  381  424
  382  425
  383  427
  385  429
  386  387
  386  429
  387  472
  387  431
  388  432
  388  389
  388  431
  389  473
  389  390
  390  474
  390  433
  390  473
  391  434
  391  392
  391  433
  393  436
  393  394
  393  435
  394  436
  394  395
  395  480
  395  438
  395  437
  396  439
  396  438
  397  398
  397  440
  397  439
  398 2327
  398  440
  399 2337
  399  485
  399  400
  399  441
  400 2337
  400  442
  401  442
  401  402
  402  403
  402 2335
  402  443
  403  444
  403  445
  404  446
  404  445
  404  447
  406  448
  406  407
  407  408
  407  449
  407  448
  408  409
  409  451
  409  450
  410  452
  410  411
  410  451
  412  454
  413  456
  413  455
  413  414
  414  457
  414  456
  415  457
  416  458
  416  417
  417  418
  418  459
  418  460
  419  460
  420  462
  420  421
  420  461
  421  462
  421  422
  422  423
  422  463
  422  464
  422  462
  423  424
  423  464
  424  466
  424  425
  425 2314
  425  466
  426  511
  426  510
  426  467
  426 2314
  426  427
  428  429
  428  469
  429  430
  429  469
  431  432
  432  518
  432  473
  433  475
  433  474
  434  435
  435  477
  436  478
  436  437
  436  479
  437  524
  437  480
  437  479
  438  481
  438  482
  438  480
  440 2327
  440  484
  440  483
  440  441
  441  529
  441  485
  441  484
  441 2326
  442 2336
  442 2337
  443  444
  443  486
  444  488
  444  487
  445  535
  445  534
  445  446
  446  489
  446  535
  447  448
  448  449
  448  491
  449  493
  449  491
  450  494
  450  451
  450  493
  451  495
  451  494
  452  453
  453  496
  453  454
  454  497
  454  455
  455  456
  455  498
  456  546
  456  500
  456  499
  457  500
  457  501
  458  502
  458  501
  459  504
  459  503
  459  460
  459  502
  460  461
  461  552
  461  505
  461  462
  461  504
  462  506
  462  552
  463  464
  463  506
  464  507
  464  465
  465  466
  465  508
  466 2314
  467  511
  469  513
  469  514
  470  471
  471  472
  471  515
  471  514
  471  516
  472  517
  473  519
  473  474
  474  520
  474  475
  475  521
  475  476
  475  566
  475  520
  476  477
  477  478
  477  522
  478  523
  479  524
  479  523
  480  525
  480  524
  481  526
  481  525
  482  483
  483  528
  483  527
  484  529
  484  528
  485 2337
  485  530
  485  529
  486  532
  487  532
  488  533
  488  534
  489  490
  489  536
  489  537
  490  491
  491  492
  491  539
  491  538
  492  540
  492  493
  494  540
  494  541
  494  495
  495  584
  495  542
  495  541
  496  543
  496  542
  497  544
  497  498
  497  543
  498  499
  498  544
  499  545
  499  587
  499  546
  500  547
  500  546
  501  549
  501  502
  503  550
  503  549
  503  504
  505  594
  505  552
  505  551
  506  553
  506  552
  508  555
  508  554
  509 2314
  509  598
  509  556
  510  599
  510  558
  510 2314
  511  559
  513  561
  513  514
  514  561
  515  604
  515  562
  515  516
  515  561
  516  562
  516  517
  517  606
  517  562
  518  563
  518  606
  519  563
  520  565
  520  566
  520  564
  521  567
  522  567
  522  523
  523  524
  523  569
  523  568
  524  569
  524  570
  525  571
  525  570
  526  527
  526  572
  528  573
  528  529
  529  574
  529  573
  530  575
  530  574
  531 2336
  531  576
  531  575
  531  532
  532  576
  532  533
  533  534
  533  577
  534  578
  534  535
  535  579
  535  536
  535  578
  536  580
  537  538
  538  539
  538  580
  539  583
  539  582
  540  583
  541  584
  541  628
  542  543
  542  585
  544  586
  544  545
  544  585
  545  586
  545  587
  546  588
  546  587
  547  589
  547  548
  548  590
  549  550
  549  590
  550  593
  550  591
  550  551
  552  595
  552  594
  553  596
  553  554
  554  597
  554  596
  554  555
  555  598
  555  597
  556  645
  556  557
  556  598
  557  645
  557  599
  557 2315
  558  600
  558  559
  558  599
  559  600
  560  603
  561  603
  561  604
  562  606
  562  604
  563  564
  563  607
  563  606
  564  607
  564  608
  565  609
  565  566
  565  608
  566  610
  566  567
  566  609
  567  568
  568  612
  568  613
  568  569
  569  614
  569  613
  570  615
  571  572
  572  573
  572  616
  573  618
  573  617
  573  574
  574  619
  576  621
  576  620
  576  577
  577  622
  577  621
  578  623
  578  622
  579  624
  579  580
  579  623
  580  581
  581  626
  581  625
  581  582
  582  583
  582  626
  583  628
  584  629
  584  628
  585  629
  586  631
  587  632
  587  633
  587  588
  588  634
  588  589
  589  636
  589  590
  590  591
  591  592
  591  637
  592  638
  592  593
  592  639
  593  683
  593  640
  593  594
  594  641
  594  640
  594  595
  595  596
  595  641
  596  597
  596  641
  597  643
  597  598
  597  642
  598  645
  599  600
  599  645
  600  646
  601  646
  602  603
  602  649
  603  604
  604  650
  604  605
  605  651
  605  606
  606  652
  607  608
  607  653
  608  654
  609  654
  609  610
  610  655
  610  611
  610  654
  611  612
  611  656
  611  655
  612  613
  612  656
  613  658
  613  657
  613  659
  614  659
  614  615
  615  660
  616  617
  616  660
  617  618
  617  706
  617  661
  618  708
  618  662
  618  619
  619  663
  620  663
  621  665
  621  664
  622  666
  622  665
  623  667
  623  624
  623  666
  624  625
  625  668
  625  669
  625  626
  626  670
  626  627
  627  671
  628 2341
  628  671
  629 2341
  629  630
  630  631
  630  674
  631  675
  631  632
  632  633
  632  676
  633  677
  633  676
  633  634
  634  635
  634  678
  635  678
  635  636
  636  679
  637  638
  637  679
  638  680
  638  639
  639  682
  639  683
  639  681
  640  684
  640  683
  641  685
  641  684
  642  727
  642  686
  643  687
  643  728
  644  688
  645  689
  646  690
  646  689
  647  690
  649  692
  649  694
  651  736
  651  696
  651  695
  653  696
  654  699
  654  698
  655  656
  655  699
  656  700
  656  657
  657  658
  657  701
  657  700
  658  702
  659  703
  659  660
  660  705
  661  707
  661  708
  661  706
  662  663
  662  751
  663  664
  664  665
  664  709
  665  710
  665  711
  666  712
  666  711
  667  668
  667  712
  668  757
  668  669
  669  714
  669  713
  669  670
  670  671
  670  714
  671  672
  672  673
  672  715
  672 2341
  673  674
  673  763
  673  762
  673 2341
  674  675
  675  717
  675  716
  676  766
  676  677
  676  717
  677  719
  677  678
  677  718
  677  720
  678  720
  678  679
  679  680
  680  681
  680  722
  680  721
  681  682
  681  722
  682  724
  682  723
  683  725
  683  724
  684 2342
  684  726
  685  776
  685  727
  685  726
  686  777
  686  728
  686  727
  687  729
  687  688
  687  728
  688  778
  688  730
  688  729
  688  689
  689  730
  690  732
  690  731
  692  693
  692  734
  693  734
  693  694
  693  735
  694  784
  694  695
  694  735
  695  784
  695  736
  696  737
  696  697
  696  736
  697  738
  697  698
  697  737
  698  738
  698  739
  699  740
  699  739
  700  742
  700  740
  700  741
  700  701
  701  702
  702  743
  702  744
  702  703
  702  742
  703  745
  703  704
  704  705
  704  746
  705  706
  706  746
  706  707
  707  749
  707  748
  708  751
  708  750
  709  753
  709  751
  710  801
  710  753
  710  754
  711  712
  711  754
  712  755
  712  756
  713  759
  713  714
  713  757
  714  760
  714  715
  715  762
  716  765
  716  763
  717  765
  718  767
  718  719
  718  766
  719  814
  719  720
  719  767
  720  770
  720  768
  720  721
  721  771
  721  722
  721  770
  722  723
  722  771
  723  772
  723  773
  723  724
  724  819
  724  774
  724  773
  725 2342
  725  774
  726  775
  726 2342
  727  776
  728  823
  728  729
  728  777
  729  778
  730  779
  730  731
  730  778
  731  826
  731  780
  731  779
  733  782
  734  782
  735  784
  735  783
  735  782
  736  785
  736  737
  736  784
  737  786
  737  738
  738  788
  738  787
  739  789
  739  788
  740  789
  740  741
  741  790
  741  742
  741  791
  742  791
  742  792
  742  743
  743  793
  743  792
  744  793
  744  745
  745  795
  745  793
  746  747
  746  795
  747  841
  747  748
  747  796
  747  795
  748  796
  748  797
  748  749
  749  750
  749  797
  750  798
  751  752
  752  800
  752  753
  752  799
  754  802
  754  755
  754  801
  755  850
  755  803
  755  756
  755  802
  756  804
  756  757
  756  803
  757  804
  757  805
  757  758
  758  806
  758  759
  758  805
  759  806
  759  760
  760  807
  760  761
  760  806
  761  808
  761  807
  761  762
  762  763
  763  810
  763  764
  763  811
  763  809
  764  811
  764  812
  764  765
  765  766
  766  813
  766  767
  766  812
  768  815
  768  769
  768  814
  770  816
  770  771
  770  815
  771  816
  771  817
  772  817
  772  773
  773  818
  773  817
  774  868
  774 2342
  774  819
  775  821
  775  820
  776  821
  777  822
  778  779
  778  824
  779  825
  780  826
  782  828
  782  829
  782  783
  783  784
  783  829
  784  831
  785  880
  786  832
  786  880
  787  832
  787  833
  788  833
  788  834
  789  790
  789  834
  790  791
  790  836
  790  835
  791  837
  791  836
  793  838
  793  794
  794  840
  794  795
  794  838
  795  840
  795  841
  796  843
  796  797
  796  841
  797  843
  797  844
  798  799
  798  845
  798  844
  799  846
  799  845
  799  800
  800  847
  800  846
  801  848
  801  802
  801  847
  802  849
  802  848
  803  852
  803  804
  803  850
  804  853
  804  852
  805  854
  805  806
  806  855
  806  807
  807  856
  807  808
  808  857
  808  856
  808  809
  809  810
  809  858
  809  857
  810  859
  810  858
  811  860
  811  812
  812  861
  812  813
  812  860
  813  861
  813  814
  814  862
  814  815
  814  861
  815  907
  815  863
  815  862
  815  816
  816  817
  816  863
  817  818
  817  864
  817  865
  818  866
  818  819
  819  867
  820  915
  820  869
  820  868
  820 2342
  821  870
  821  915
  822  871
  822  870
  823  871
  824  872
  824  871
  826  874
  826  873
  827  874
  828  829
  828  877
  829  830
  830  878
  831  879
  832  881
  833  930
  833  882
  834  884
  834  883
  835  932
  835  885
  835  884
  836  886
  836  837
  837  886
  837  838
  838  934
  838  839
  838  887
  838  886
  839  936
  839  840
  840  888
  841  937
  841  888
  842  890
  842  889
  843  891
  843  844
  844  845
  844  891
  845  941
  845  846
  845  891
  846  892
  846  893
  847  848
  848  893
  848  894
  849  944
  849  895
  849  894
  851  945
  851  896
  851  895
  852  896
  852  853
  852  897
  853  854
  853  898
  854  899
  854  855
  855  856
  855  899
  856  857
  856  899
  857  902
  857  858
  857  901
  858  902
  859  903
  859  860
  859  902
  860  861
  860  903
  861  862
  861  904
  862  905
  862  906
  863  864
  863  909
  863  907
  864  910
  864  958
  864  909
  864  865
  865  866
  865  910
  866  911
  866  912
  867  868
  867  912
  868  913
  869  914
  869  913
  870  871
  870  916
  870  915
  871  918
  871  917
  871  916
  872  964
  872  919
  872  918
  872  873
  873  920
  873  874
  873  919
  874  922
  874  921
  877  969
  877  923
  878  879
  878  924
  879  925
  879  927
  879  926
  880  927
  881  882
  881  929
  882  975
  882  929
  883  976
  883  930
  884  932
  884  931
  885  933
  885  886
  885  932
  886  933
  887  936
  887  935
  887  934
  888  937
  888  936
  889  938
  889  890
  889  937
  890  939
  890  891
  890  938
  891  941
  891  939
  892  942
  892  893
  893  942
  893  943
  893  894
  894  944
  894  988
  895  945
  895  944
  896  897
  896  945
  897  946
  897  947
  897  898
  898  948
  898  899
  898  949
  898  947
  899  900
  900  950
  900  949
  900  901
  901  902
  901  952
  901  950
  902  953
  902  903
  904  954
  904  953
  904  905
  905  955
  905  906
  905  954
  906 1000
  906  956
  906  955
  907  908
  908  957
  908  956
  910 1003
  910  911
  910  958
  911  959
  912  960
  912  959
  913  961
  913  960
  914  915
  914  961
  915  962
  915  916
  916 2329
  916  917
  917  918
  917 2329
  918  964
  919 1010
  919  965
  919  964
  920  965
  920  921
  921  967
  921  966
  921  965
  923  969
  924  970
  924  971
  924  925
  924  969
  925  971
  926  927
  926  972
  926  971
  927  928
  928  929
  928  972
  929  973
  930  976
  930  975
  931 1021
  931  976
  932  977
  932  978
  932  933
  933  979
  933  934
  933 1023
  934  980
  934  979
  934  935
  935  981
  935 1026
  935  980
  936  982
  936  937
  936  981
  937  938
  938 1029
  938  939
  938  982
  939  983
  939  985
  940  985
  940  941
  941  986
  941  942
  941  985
  942  943
  942  987
  943  987
  944  945
  944  988
  945  989
  945  990
  946  991
  946  947
  947  992
  947  948
  948  994
  948  949
  948  992
  949  950
  950  995
  950  996
  950  994
  951  952
  952  953
  952  996
  952  998
  953  998
  953  954
  954  955
  954  998
  955  999
  956  957
  956 1002
  956 1000
  957 1002
  957  958
  958 1002
  959 1053
  959 1004
  959 1003
  960 1005
  960 1004
  961 1006
  962 1008
  962 1007
  963 1008
  963 2329
  964 1010
  965 2318
  965 1011
  965  966
  965 1010
  966 1012
  967 1012
  969 1015
  969 1014
  970 1016
  970 1015
  971 1017
  971  972
  971 1016
  972  973
  972 1018
  972 1017
  973 1019
  973  974
  973 1018
  974 1068
  974 1019
  974  975
  974 1020
  975 1020
  976 1021
  976 1020
  977 1022
  978 1022
  979  980
  979 1023
  980 1026
  980 1024
  981  982
  981 1026
  982 1027
  982 1028
  982 1029
  983 1030
  983  984
  983 1029
  984 1031
  984  985
  984 1030
  985  986
  985 1031
  986  987
  986 1032
  986 1080
  986 1033
  987 1033
  987 1034
  988 1036
  988 1034
  988  989
  989  990
  990 1038
  990 1037
  990  991
  990 1036
  991 1087
  991 1039
  991  992
  991 1038
  993 1040
  993 1039
  993  994
  994 1041
  994 1040
  994  995
  995 1041
  996 1043
  996 1042
  996  997
  997 1044
  997  998
  997 1043
  998 1047
  998 1045
  998  999
  999 1000
  999 1047
 1000 1048
 1000 1001
 1001 1051
 1001 1050
 1001 1002
 1001 1049
 1002 1052
 1002 1003
 1003 1053
 1003 1052
 1004 1054
 1004 1099
 1005 1054
 1005 1006
 1006 1100
 1006 1055
 1006 1007
 1007 1056
 1008 1057
 1009 2329
 1009 1058
 1009 1010
 1010 2318
 1011 1061
 1011 1012
 1011 2318
 1012 1062
 1012 1061
 1014 1064
 1015 1110
 1015 1064
 1015 1065
 1016 1110
 1016 1066
 1017 1067
 1017 1066
 1018 1067
 1018 1019
 1019 1068
 1019 1067
 1020 1114
 1020 1069
 1021 1071
 1021 1022
 1021 1070
 1021 1069
 1022 1071
 1022 1023
 1023 1073
 1023 1072
 1023 1071
 1023 1024
 1024 1025
 1024 1074
 1025 1074
 1025 1075
 1025 1026
 1026 1075
 1027 1076
 1029 1076
 1029 1077
 1029 1030
 1030 1123
 1030 1078
 1030 1077
 1031 1032
 1031 1079
 1032 1080
 1032 1079
 1033 1034
 1033 1082
 1033 1080
 1034 1082
 1035 1084
 1035 1083
 1035 1036
 1035 1082
 1036 1129
 1036 1084
 1036 1085
 1036 1037
 1037 1085
 1038 1131
 1038 1130
 1038 1087
 1038 1086
 1039 1088
 1039 1040
 1039 1087
 1040 1134
 1040 1088
 1040 1089
 1041 1090
 1041 1042
 1042 1043
 1042 1091
 1042 1090
 1043 1091
 1044 1091
 1044 1138
 1044 1092
 1046 1139
 1046 1092
 1046 1093
 1046 1047
 1047 1094
 1047 1093
 1049 1141
 1049 1095
 1049 1050
 1049 1094
 1050 1096
 1050 1095
 1051 1052
 1052 1053
 1052 1096
 1053 1098
 1053 1097
 1053 1099
 1054 1146
 1054 1100
 1055 1101
 1055 1056
 1055 1100
 1056 1102
 1056 1057
 1056 1101
 1057 1102
 1057 1103
 1058 2328
 1058 1105
 1059 2318
 1060 1107
 1060 2320
 1060 2318
 1061 1108
 1064 1156
 1064 1109
 1065 1156
 1066 1157
 1066 1111
 1067 1113
 1067 1111
 1067 1112
 1068 1160
 1068 1114
 1069 1115
 1069 1070
 1070 1162
 1070 1116
 1071 1116
 1071 1072
 1072 1117
 1072 1116
 1073 1165
 1073 1118
 1073 1117
 1073 1074
 1074 1075
 1074 1118
 1075 1120
 1075 1119
 1075 1076
 1076 1121
 1076 1122
 1076 1120
 1076 1077
 1077 1122
 1078 1124
 1078 1079
 1078 1123
 1079 1080
 1079 1125
 1080 1125
 1080 1081
 1081 1082
 1081 1125
 1082 1127
 1082 1126
 1083 1127
 1083 1128
 1084 1129
 1085 1177
 1085 1130
 1085 1129
 1086 1130
 1087 1133
 1087 1088
 1087 1131
 1088 1181
 1088 1133
 1089 1135
 1089 1090
 1089 1134
 1090 1137
 1090 1091
 1090 1135
 1091 1138
 1091 1137
 1092 1139
 1092 1138
 1093 1140
 1093 1094
 1093 1139
 1094 1141
 1094 1140
 1095 1096
 1095 1143
 1095 1141
 1096 1097
 1097 1098
 1097 1144
 1097 1145
 1097 1143
 1098 1099
 1099 1193
 1099 1145
 1099 1146
 1100 1147
 1100 1146
 1101 1148
 1101 1147
 1102 1149
 1103 1150
 1103 1104
 1103 2328
 1104 1151
 1104 1105
 1104 1150
 1105 1151
 1105 1106
 1106 2320
 1106 1152
 1106 1151
 1106 2319
 1107 2320
 1107 1153
 1107 1108
 1107 1152
 1108 1153
 1109 1156
 1110 1157
 1110 1156
 1111 1112
 1111 1158
 1112 1113
 1112 1159
 1113 1160
 1113 1207
 1114 1209
 1114 1161
 1115 1161
 1115 1162
 1116 1163
 1116 1117
 1117 1163
 1117 1165
 1118 1166
 1118 1165
 1119 1120
 1119 1167
 1120 1169
 1120 1167
 1120 1121
 1121 1122
 1121 1170
 1121 1169
 1122 1218
 1122 1171
 1122 1123
 1123 1124
 1124 1173
 1124 1125
 1124 1171
 1125 1173
 1126 1173
 1126 1174
 1126 1127
 1127 1128
 1127 1176
 1127 1174
 1128 1176
 1128 1129
 1129 1177
 1129 1176
 1130 1178
 1130 1177
 1131 1132
 1132 1179
 1133 1181
 1133 1179
 1134 1182
 1134 1181
 1135 1183
 1135 1136
 1136 1137
 1137 1184
 1137 1138
 1138 1139
 1138 1184
 1139 1187
 1139 1140
 1139 1185
 1140 1187
 1141 1142
 1141 1187
 1142 1143
 1142 1189
 1142 1190
 1142 1188
 1143 1191
 1143 1144
 1143 1190
 1144 1191
 1144 1145
 1145 1192
 1145 1193
 1146 1194
 1146 1193
 1147 1195
 1147 1196
 1148 1149
 1148 1197
 1148 1196
 1149 1150
 1149 1197
 1149 1198
 1150 1151
 1150 1198
 1151 1152
 1151 1199
 1152 1201
 1152 1153
 1152 2320
 1153 1154
 1154 1201
 1155 1204
 1157 1204
 1158 1206
 1159 1207
 1159 1206
 1160 1209
 1160 1208
 1161 1210
 1162 1211
 1162 1210
 1163 1212
 1163 1164
 1163 1211
 1164 1212
 1165 1213
 1165 1166
 1166 1167
 1166 1213
 1167 1259
 1167 1214
 1167 1215
 1168 1215
 1168 1169
 1169 1216
 1169 1170
 1169 1215
 1170 1217
 1170 1216
 1171 1219
 1171 1172
 1171 1218
 1172 1173
 1172 1220
 1173 1220
 1173 1222
 1173 1174
 1174 1223
 1174 1222
 1175 1176
 1176 1267
 1176 1177
 1176 1225
 1177 1225
 1177 1226
 1178 1227
 1178 1179
 1179 1180
 1180 1228
 1180 1227
 1181 1229
 1181 1182
 1181 1228
 1182 1229
 1182 1183
 1183 1184
 1183 1229
 1184 1185
 1184 1230
 1185 1231
 1185 1186
 1186 1234
 1186 1187
 1186 1233
 1186 1232
 1187 1234
 1188 1189
 1189 1236
 1189 1235
 1190 1281
 1190 1236
 1190 1237
 1190 1191
 1191 1192
 1192 1193
 1192 1237
 1192 1238
 1192 1239
 1193 1239
 1193 1240
 1194 1284
 1194 1195
 1194 1240
 1194 1241
 1195 1241
 1195 1242
 1196 1242
 1197 1287
 1197 1243
 1198 1244
 1198 1243
 1199 1246
 1201 1293
 1201 1292
 1201 1247
 1201 1246
 1203 1249
 1203 1204
 1204 1249
 1204 1205
 1204 1250
 1205 1251
 1205 1206
 1205 1250
 1206 1251
 1207 1252
 1208 1253
 1209 1253
 1210 1255
 1210 2340
 1210 1254
 1211 1255
 1211 1256
 1212 1256
 1212 1213
 1213 1257
 1213 1214
 1213 1258
 1213 1256
 1214 1259
 1214 1258
 1215 1259
 1216 1261
 1216 1259
 1216 1217
 1217 1262
 1217 1261
 1218 1263
 1218 1219
 1219 1220
 1219 1263
 1220 1264
 1220 1263
 1221 1312
 1221 1265
 1221 1222
 1221 1264
 1222 1265
 1222 1266
 1223 1224
 1223 1266
 1224 1267
 1224 1266
 1225 1226
 1225 1267
 1226 1270
 1226 1227
 1226 1269
 1226 1268
 1227 1270
 1227 1271
 1227 1228
 1228 1229
 1229 1271
 1229 1273
 1229 1230
 1230 1231
 1230 1274
 1230 1273
 1231 1275
 1232 1276
 1232 1233
 1233 1234
 1234 1277
 1234 1278
 1234 1235
 1234 1276
 1235 1278
 1235 1279
 1235 1236
 1236 1280
 1236 1279
 1237 1282
 1237 1238
 1237 1329
 1237 1281
 1238 1330
 1238 1282
 1238 1283
 1239 1283
 1240 1284
 1241 1286
 1241 1285
 1241 1284
 1242 1287
 1242 1286
 1243 1289
 1243 1288
 1244 1290
 1244 1245
 1244 1289
 1245 1291
 1245 1290
 1245 1246
 1246 1292
 1246 1291
 1247 1293
 1249 1295
 1250 1297
 1251 1252
 1251 1297
 1252 1299
 1252 1253
 1253 1347
 1253 1300
 1253 1254
 1253 1299
 1254 1300
 1254 1301
 1254 2340
 1255 1302
 1255 1303
 1256 1304
 1256 1257
 1256 1303
 1257 1352
 1257 1258
 1257 1305
 1258 1353
 1258 1306
 1258 1259
 1259 1307
 1259 1306
 1261 1356
 1261 1308
 1261 1262
 1261 1307
 1262 1310
 1262 1309
 1262 1263
 1262 1308
 1263 1311
 1263 1264
 1264 1312
 1265 1313
 1265 1266
 1265 1314
 1266 1267
 1266 1315
 1267 1315
 1267 1316
 1268 1269
 1269 1270
 1269 1317
 1269 1316
 1270 1366
 1270 1319
 1270 1271
 1271 1321
 1271 1272
 1271 1319
 1272 1273
 1272 1321
 1273 1321
 1273 1322
 1274 1324
 1274 1322
 1274 1275
 1275 1325
 1275 1276
 1275 1324
 1276 1277
 1277 1325
 1277 1326
 1278 1326
 1279 1280
 1279 1326
 1280 1328
 1280 1327
 1281 1328
 1282 1377
 1282 1330
 1283 1332
 1283 1331
 1283 1284
 1283 1330
 1284 1285
 1284 1332
 1285 1334
 1285 1333
 1286 1381
 1286 1335
 1287 1335
 1287 1288
 1288 1336
 1288 1335
 1289 1336
 1290 1338
 1290 1337
 1291 1338
 1291 1339
 1293 1340
 1294 1341
 1295 1296
 1296 1344
 1296 1389
 1296 1343
 1296 1297
 1297 1344
 1297 1298
 1298 1299
 1298 1345
 1298 1344
 1299 1345
 1299 1347
 1299 1346
 1300 1301
 1300 1349
 1300 1347
 1301 1350
 1302 2340
 1302 1303
 1303 1351
 1303 1304
 1304 1352
 1305 1353
 1305 1352
 1306 1307
 1306 1355
 1306 1353
 1307 1355
 1307 1356
 1308 1357
 1308 1356
 1309 1357
 1309 1358
 1309 1310
 1310 1311
 1311 1358
 1312 1360
 1312 1359
 1313 1314
 1314 1360
 1314 1361
 1315 1362
 1315 1316
 1315 1361
 1316 1364
 1316 1363
 1316 1362
 1316 1317
 1317 1410
 1317 1365
 1317 1364
 1318 1365
 1318 1366
 1319 1367
 1319 1366
 1320 1368
 1320 1321
 1320 1367
 1321 1322
 1321 1369
 1322 1369
 1323 1324
 1324 1372
 1324 1370
 1324 1325
 1325 1418
 1325 1373
 1325 1372
 1325 1326
 1326 1375
 1326 1327
 1326 1373
 1327 1376
 1327 1328
 1328 1329
 1328 1377
 1330 1377
 1331 1425
 1331 1378
 1331 1332
 1332 1380
 1332 1379
 1333 1380
 1333 1334
 1334 1381
 1334 1380
 1335 1382
 1335 1383
 1336 1384
 1336 1383
 1336 1337
 1337 1384
 1338 1430
 1338 1385
 1339 1432
 1339 1340
 1340 1386
 1340 1341
 1340 1432
 1341 1387
 1341 1386
 1341 1342
 1343 1389
 1344 1345
 1344 1389
 1344 1390
 1344 1436
 1345 1391
 1345 1346
 1346 1347
 1347 1392
 1347 1348
 1348 1441
 1349 1393
 1350 1394
 1350 1393
 1350 2340
 1351 1395
 1352 1396
 1352 1397
 1352 1353
 1353 1445
 1353 1398
 1354 1398
 1355 1399
 1355 1356
 1355 1398
 1356 1400
 1356 1357
 1356 1399
 1357 1358
 1357 1401
 1357 1400
 1358 1359
 1358 1402
 1359 1405
 1359 1403
 1359 1404
 1359 1360
 1360 1451
 1360 1406
 1360 1405
 1360 1361
 1361 1408
 1361 1362
 1361 1406
 1362 1408
 1363 1409
 1363 1408
 1364 1409
 1364 1410
 1365 1411
 1365 1410
 1366 1412
 1366 1367
 1366 1411
 1367 1368
 1367 1412
 1368 1413
 1368 1414
 1368 1369
 1369 1415
 1369 1370
 1369 1414
 1370 1417
 1370 1371
 1370 1415
 1370 1416
 1371 1417
 1372 1417
 1373 1419
 1373 1418
 1374 1375
 1375 1420
 1375 1376
 1375 1419
 1375 1421
 1376 1422
 1376 1421
 1376 1377
 1377 1378
 1377 1424
 1377 1423
 1377 1422
 1378 1425
 1378 1424
 1379 1380
 1379 1426
 1379 1425
 1380 1381
 1380 1426
 1381 1382
 1381 1427
 1382 1427
 1382 1428
 1383 1428
 1383 1429
 1384 1430
 1384 1429
 1385 1432
 1385 1431
 1385 1430
 1386 1434
 1386 1433
 1386 1432
 1389 1436
 1389 1435
 1390 1438
 1391 1438
 1392 1439
 1393 1442
 1393 1441
 1394 1488
 1394 1395
 1394 1442
 1395 1443
 1395 1396
 1396 1490
 1396 1397
 1396 1444
 1397 1491
 1397 1490
 1397 1445
 1398 1446
 1398 1445
 1399 1400
 1400 1401
 1400 1446
 1400 1493
 1401 1447
 1401 1448
 1402 1449
 1402 1448
 1403 1404
 1403 1450
 1403 1449
 1404 1450
 1405 1451
 1406 1452
 1406 1451
 1407 1453
 1407 1408
 1408 1455
 1408 1409
 1408 1453
 1409 1455
 1410 1455
 1410 1456
 1411 1412
 1412 1456
 1412 1413
 1413 1505
 1413 1458
 1413 1457
 1413 1414
 1414 1415
 1414 1459
 1414 1458
 1415 1416
 1416 1417
 1416 1461
 1417 1418
 1417 1462
 1417 1461
 1418 1463
 1418 1419
 1419 1464
 1419 1420
 1419 1465
 1419 1463
 1420 1465
 1420 1421
 1421 1467
 1421 1466
 1423 1469
 1423 1468
 1423 1424
 1424 1470
 1424 1469
 1425 1471
 1425 1426
 1426 1472
 1427 1473
 1427 1472
 1428 1474
 1428 1473
 1429 2332
 1429 1430
 1429 1474
 1430 1431
 1430 1475
 1431 1432
 1431 1476
 1432 1477
 1432 1433
 1433 1434
 1433 1478
 1434 1479
 1436 1526
 1436 1481
 1437 1482
 1438 1484
 1438 1439
 1438 1483
 1439 1440
 1440 1441
 1440 1486
 1441 1486
 1442 1532
 1442 1487
 1443 1489
 1443 1444
 1443 1488
 1444 1489
 1444 1490
 1445 1446
 1445 1491
 1446 1493
 1446 1492
 1447 1494
 1447 1448
 1447 1493
 1448 1449
 1448 1494
 1448 1495
 1449 1541
 1449 1450
 1449 1495
 1450 1498
 1450 1541
 1450 1451
 1451 1498
 1452 1499
 1452 1453
 1452 1498
 1453 1500
 1454 1501
 1454 1455
 1455 1456
 1455 1503
 1455 1501
 1456 1503
 1456 1504
 1456 1457
 1457 1505
 1457 1504
 1458 1459
 1458 1505
 1459 1506
 1459 1460
 1460 1461
 1460 1508
 1460 1507
 1461 1509
 1461 1462
 1462 2345
 1463 1510
 1463 1511
 1463 1464
 1464 1512
 1464 1465
 1465 1512
 1465 1466
 1466 1514
 1466 1513
 1467 1468
 1467 1514
 1468 1515
 1468 1514
 1469 1516
 1469 1470
 1469 1515
 1470 1517
 1470 1516
 1470 1471
 1471 1563
 1471 1518
 1471 1472
 1471 1517
 1472 1519
 1472 1518
 1473 1520
 1473 1519
 1474 2330
 1474 1520
 1475 1521
 1475 2334
 1476 1522
 1476 1521
 1477 1522
 1478 1568
 1478 1523
 1479 1524
 1481 1526
 1482 1528
 1482 1483
 1482 1527
 1482 1526
 1483 1528
 1483 1484
 1484 1529
 1484 1528
 1484 1485
 1485 1530
 1485 1486
 1485 1529
 1486 1531
 1486 1530
 1486 1487
 1487 1532
 1487 1531
 1488 1578
 1488 1532
 1489 1533
 1489 1534
 1489 1490
 1490 1535
 1490 1534
 1491 1536
 1491 1492
 1492 1537
 1492 1493
 1493 1537
 1493 1538
 1493 1494
 1494 1495
 1494 1538
 1495 1540
 1495 1496
 1496 1540
 1496 1541
 1497 1498
 1497 1542
 1497 1541
 1498 1542
 1498 1499
 1499 1588
 1499 1544
 1499 1500
 1499 1543
 1500 1545
 1500 1544
 1500 1501
 1501 1502
 1501 1545
 1502 1546
 1502 1503
 1503 1548
 1503 1504
 1504 1549
 1504 1505
 1505 1550
 1505 1549
 1505 1506
 1506 1507
 1506 1551
 1507 1552
 1508 1509
 1508 1554
 1508 1553
 1509 2345
 1509 1555
 1510 2345
 1510 1556
 1510 1511
 1511 1557
 1512 1513
 1512 1557
 1513 1601
 1513 1559
 1513 1514
 1513 1557
 1514 1559
 1514 1515
 1515 1560
 1515 1516
 1515 1559
 1516 1517
 1516 1560
 1517 1561
 1517 1562
 1517 1563
 1518 1607
 1518 1564
 1518 1563
 1519 1565
 1519 1564
 1520 1566
 1520 1565
 1521 2333
 1521 1611
 1521 1567
 1522 1568
 1523 1570
 1523 1569
 1523 1524
 1523 1568
 1525 1572
 1526 1572
 1526 1527
 1527 1528
 1527 1573
 1528 1574
 1528 1529
 1529 1575
 1529 1530
 1530 1531
 1531 1576
 1532 1577
 1532 1576
 1533 1579
 1533 1578
 1533 1534
 1534 1535
 1534 1580
 1534 1579
 1535 1581
 1535 1536
 1535 1580
 1536 1537
 1536 1582
 1536 1581
 1537 1582
 1537 1538
 1538 1539
 1538 1583
 1539 1585
 1539 1540
 1540 1541
 1541 1586
 1541 1542
 1542 1632
 1542 1587
 1542 1543
 1543 1588
 1543 1587
 1544 1588
 1544 1545
 1545 1546
 1546 1589
 1546 1547
 1547 1591
 1547 1548
 1547 1590
 1548 1592
 1548 1549
 1549 1550
 1550 1551
 1550 1592
 1551 1593
 1551 1552
 1552 1594
 1552 1553
 1553 1596
 1553 1595
 1554 1555
 1554 1596
 1555 1598
 1555 1556
 1556 1643
 1556 1599
 1557 1600
 1557 1599
 1557 1558
 1558 1601
 1558 1600
 1559 1602
 1559 1601
 1560 1561
 1560 1604
 1560 1602
 1561 1605
 1561 1562
 1562 1563
 1562 1606
 1563 1607
 1564 1649
 1564 1608
 1564 1607
 1565 1651
 1565 1608
 1565 1566
 1566 2331
 1566 1610
 1566 1609
 1567 1655
 1567 1654
 1567 1612
 1567 1568
 1567 1611
 1568 1612
 1568 1569
 1569 1614
 1569 1613
 1570 1614
 1571 1617
 1572 1617
 1572 1618
 1573 1618
 1574 1619
 1575 1663
 1575 1664
 1575 1621
 1575 1620
 1576 1621
 1576 1622
 1577 1623
 1577 1622
 1577 1578
 1578 1579
 1578 1623
 1579 1580
 1579 1623
 1580 1624
 1580 1581
 1581 1626
 1581 1582
 1581 1627
 1582 1627
 1583 1672
 1583 1584
 1583 1627
 1584 1585
 1584 1628
 1584 1629
 1585 1631
 1585 1630
 1586 1632
 1586 1631
 1587 1632
 1588 1589
 1588 1633
 1589 1634
 1589 1590
 1590 1636
 1591 1638
 1591 1592
 1591 1636
 1592 1639
 1592 1593
 1593 1594
 1594 1640
 1594 1639
 1594 1595
 1595 1685
 1595 1640
 1596 1597
 1596 1641
 1597 1598
 1597 1642
 1598 1643
 1599 1689
 1599 1600
 1599 1644
 1600 1645
 1600 1644
 1601 1646
 1601 1645
 1602 1603
 1603 1647
 1603 1604
 1603 1646
 1604 2339
 1604 1605
 1605 1648
 1606 1649
 1606 1648
 1606 1607
 1608 1650
 1608 1649
 1609 1652
 1609 1610
 1609 1651
 1610 2333
 1610 1611
 1610 2331
 1611 2333
 1611 1653
 1612 1656
 1612 1655
 1613 1657
 1613 1656
 1615 1657
 1616 1617
 1617 1659
 1617 1618
 1618 1661
 1618 1619
 1618 1662
 1619 1620
 1619 1662
 1620 1662
 1620 1663
 1621 1709
 1621 1666
 1621 1665
 1622 1666
 1622 1667
 1622 1623
 1623 1624
 1624 1667
 1624 1625
 1625 1670
 1625 1626
 1625 1668
 1626 1671
 1626 1627
 1627 1671
 1628 1716
 1628 1672
 1629 1674
 1629 1630
 1629 1673
 1630 1675
 1630 1631
 1631 1677
 1631 1676
 1632 1678
 1632 1677
 1632 1633
 1633 1679
 1633 1678
 1634 1722
 1634 1635
 1634 1679
 1635 1680
 1635 1636
 1635 1681
 1636 1637
 1637 1682
 1637 1638
 1638 1683
 1638 1639
 1639 1683
 1640 1727
 1640 1685
 1640 1684
 1641 1685
 1642 1687
 1643 1689
 1643 1688
 1644 1690
 1645 1691
 1645 1690
 1646 1692
 1646 1691
 1647 2339
 1647 1694
 1647 1693
 1648 1695
 1648 1649
 1649 1739
 1649 1650
 1649 1696
 1650 1696
 1650 1697
 1651 1697
 1652 1698
 1652 1697
 1653 1699
 1653 1698
 1654 1699
 1654 1655
 1655 1656
 1656 1657
 1656 1700
 1657 1702
 1657 1701
 1657 1658
 1658 1702
 1659 1705
 1660 1661
 1661 1662
 1661 1707
 1662 1663
 1663 1708
 1664 1665
 1664 1708
 1665 1709
 1666 1710
 1666 1667
 1667 1668
 1667 1710
 1668 1711
 1668 1669
 1669 1670
 1669 1712
 1670 1714
 1670 1671
 1671 1715
 1671 1672
 1672 1715
 1673 1761
 1673 1716
 1674 1762
 1674 1718
 1675 1676
 1675 1718
 1676 1677
 1676 1719
 1677 1678
 1678 1720
 1678 1679
 1679 1721
 1679 1720
 1680 1723
 1680 1722
 1681 1724
 1681 1682
 1681 1723
 1682 1726
 1682 1725
 1683 1684
 1683 1726
 1684 1726
 1685 1729
 1685 1728
 1686 1775
 1686 1729
 1687 2344
 1687 1730
 1687 1688
 1688 1731
 1688 2344
 1688 1689
 1689 1690
 1689 1732
 1690 1732
 1691 1734
 1691 1692
 1692 1693
 1692 1734
 1693 1735
 1694 1738
 1694 2339
 1694 1737
 1695 2339
 1695 1739
 1695 1783
 1696 1740
 1696 1739
 1697 1786
 1697 1787
 1697 1741
 1697 1740
 1698 1742
 1698 1741
 1699 1743
 1700 1744
 1702 1792
 1702 1746
 1702 1745
 1704 1705
 1704 1748
 1705 1748
 1705 1749
 1705 1706
 1707 1797
 1707 1750
 1708 1752
 1708 1751
 1709 1754
 1709 1753
 1709 1752
 1710 1754
 1710 1711
 1711 1756
 1711 1712
 1711 1754
 1712 1713
 1713 1758
 1713 1756
 1713 1714
 1714 1759
 1714 1715
 1715 1759
 1716 1760
 1716 1759
 1717 1762
 1717 1761
 1718 1719
 1718 1763
 1719 1764
 1719 1720
 1720 1765
 1720 1766
 1720 1721
 1721 1766
 1722 1814
 1722 1766
 1723 1767
 1724 1769
 1724 1768
 1725 1770
 1725 1726
 1725 1769
 1726 1727
 1726 1770
 1727 1771
 1727 1728
 1728 1729
 1728 1772
 1729 1773
 1730 1776
 1730 1775
 1731 1824
 1731 2344
 1731 1732
 1732 1825
 1732 1733
 1732 1778
 1733 1778
 1733 1734
 1734 1735
 1735 1780
 1735 1736
 1736 1780
 1736 1737
 1737 1782
 1737 1738
 1737 1781
 1738 1783
 1739 1740
 1739 1784
 1740 1784
 1740 1785
 1741 1834
 1741 1788
 1741 1787
 1742 1789
 1742 1743
 1742 1788
 1743 1790
 1743 1789
 1743 1744
 1744 1837
 1744 1791
 1744 1790
 1745 1838
 1745 1792
 1745 1791
 1746 1792
 1747 1795
 1748 1795
 1748 1749
 1749 1750
 1749 1796
 1749 1795
 1750 1797
 1750 1796
 1751 1797
 1752 1799
 1752 1844
 1753 1844
 1753 1754
 1753 1800
 1754 1801
 1754 1800
 1755 1802
 1755 1801
 1755 1756
 1756 1757
 1756 1803
 1757 1805
 1758 1805
 1758 1806
 1759 1807
 1759 1806
 1759 1760
 1760 1808
 1760 1807
 1761 1808
 1762 1810
 1763 1810
 1763 1811
 1764 1812
 1764 1811
 1764 1765
 1765 1813
 1765 1766
 1766 1813
 1767 1815
 1767 1768
 1768 1816
 1769 1861
 1769 1818
 1769 1770
 1770 1771
 1771 1818
 1771 1772
 1772 1773
 1772 1819
 1773 1820
 1773 1774
 1774 1822
 1774 1821
 1775 1822
 1775 1776
 1776 2344
 1776 1823
 1776 1824
 1777 1825
 1777 1824
 1778 1826
 1778 1825
 1779 1780
 1779 1826
 1780 1828
 1780 1827
 1781 1829
 1781 1828
 1782 1830
 1783 1831
 1783 1784
 1784 1785
 1784 1831
 1785 1832
 1785 1786
 1786 1787
 1787 1834
 1788 1835
 1788 1834
 1789 1836
 1790 1878
 1790 1836
 1791 1838
 1791 1837
 1792 1839
 1792 1838
 1795 1882
 1795 1840
 1795 1841
 1797 1842
 1797 1798
 1798 1843
 1798 1799
 1798 1842
 1799 1844
 1799 1843
 1800 1846
 1800 1801
 1800 1844
 1801 1888
 1801 1846
 1801 1802
 1802 1847
 1803 1847
 1803 1804
 1804 1850
 1804 1848
 1805 1850
 1805 1806
 1806 1807
 1806 1851
 1807 1851
 1807 1808
 1808 1853
 1808 1852
 1809 1854
 1809 1853
 1810 1855
 1810 1811
 1810 1854
 1811 1812
 1812 1856
 1812 1813
 1813 1814
 1813 1857
 1813 1856
 1814 1858
 1814 1857
 1814 1815
 1815 1859
 1815 1858
 1816 1817
 1816 1859
 1817 1861
 1818 1862
 1818 1819
 1819 1820
 1819 1862
 1820 1821
 1821 1863
 1822 1865
 1823 1908
 1823 1907
 1823 1824
 1823 1866
 1823 1865
 1824 2344
 1824 1866
 1825 1868
 1825 1826
 1826 2338
 1826 1868
 1827 2338
 1827 1828
 1828 1869
 1829 1830
 1829 1870
 1830 1914
 1830 1872
 1831 1873
 1831 1832
 1831 1872
 1832 1873
 1832 1833
 1833 1875
 1833 1874
 1834 1876
 1834 1875
 1834 1835
 1835 1918
 1835 1877
 1835 1836
 1835 1876
 1836 1919
 1836 1877
 1837 1879
 1837 1878
 1838 1922
 1838 1880
 1838 1879
 1840 1882
 1841 1883
 1841 1842
 1841 1882
 1842 1883
 1843 1885
 1843 1844
 1843 1884
 1844 1845
 1844 1887
 1844 1885
 1845 1846
 1846 1888
 1847 1889
 1847 1888
 1848 1849
 1848 1889
 1849 1891
 1850 1892
 1850 1851
 1850 1891
 1851 1892
 1851 1893
 1852 1853
 1852 1893
 1853 1935
 1853 1894
 1854 1855
 1854 1896
 1855 1898
 1855 1856
 1855 1896
 1856 1899
 1857 1900
 1857 1858
 1858 1901
 1858 1900
 1859 1860
 1859 1901
 1860 1861
 1861 1943
 1861 1942
 1861 1862
 1862 1944
 1862 1943
 1862 1903
 1863 1864
 1863 1903
 1863 1905
 1864 1906
 1865 1907
 1865 1906
 1866 1867
 1866 1908
 1867 1910
 1868 2338
 1868 1910
 1869 1870
 1869 1912
 1870 1871
 1872 1956
 1872 1873
 1872 1914
 1873 1957
 1873 1915
 1873 1956
 1874 1958
 1874 1915
 1875 1959
 1875 1917
 1875 1876
 1876 1918
 1877 1918
 1878 1920
 1878 1919
 1878 1879
 1879 1921
 1880 1922
 1882 1967
 1882 1924
 1883 1926
 1883 1884
 1883 1925
 1884 1970
 1884 1885
 1884 1926
 1885 1927
 1885 1886
 1886 1928
 1886 1887
 1886 1927
 1887 1972
 1887 1929
 1887 1888
 1888 1889
 1888 1929
 1889 1890
 1889 1930
 1890 1891
 1890 2324
 1891 1932
 1892 1932
 1892 1893
 1892 1933
 1893 1934
 1893 1933
 1894 1934
 1895 1936
 1896 1937
 1896 1897
 1896 1936
 1897 1937
 1897 1898
 1897 1938
 1898 1939
 1898 1899
 1899 1939
 1899 1900
 1900 1941
 1900 1901
 1901 2322
 1901 1941
 1902 2322
 1902 1942
 1903 1945
 1903 1944
 1904 1945
 1904 1905
 1905 1947
 1906 1947
 1907 1949
 1907 1948
 1907 1908
 1908 1950
 1908 1949
 1909 1950
 1909 1910
 1910 1995
 1910 1952
 1910 2338
 1911 1912
 1911 2338
 1911 1952
 1912 1953
 1912 2338
 1913 1914
 1913 1953
 1913 1955
 1914 1956
 1914 1955
 1915 1957
 1916 1959
 1916 1958
 1917 1918
 1917 1959
 1918 1919
 1918 1961
 1919 2006
 1919 1962
 1919 1961
 1920 1962
 1921 1963
 1922 1964
 1922 1963
 1923 1964
 1924 1967
 1925 1967
 1926 1970
 1926 1969
 1927 1970
 1928 1972
 1928 1971
 1929 1974
 1929 1973
 1929 1972
 1930 1974
 1931 1976
 1931 2324
 1932 1977
 1932 1933
 1932 1976
 1933 1934
 1933 1978
 1933 1977
 1934 1978
 1935 1978
 1936 1979
 1936 1980
 1936 1937
 1937 2027
 1937 1980
 1938 2029
 1938 1982
 1938 1981
 1939 1982
 1939 1983
 1939 1940
 1940 1941
 1940 1983
 1941 1985
 1941 2322
 1942 1943
 1942 1987
 1943 1988
 1943 1944
 1944 1988
 1945 1989
 1945 1988
 1946 1989
 1946 1947
 1947 1991
 1947 1948
 1948 2039
 1948 1992
 1948 1991
 1948 1949
 1949 1992
 1950 1993
 1950 1951
 1950 1992
 1951 1995
 1952 1996
 1952 1995
 1952 2338
 1953 1996
 1953 1954
 1954 1999
 1954 1997
 1955 2000
 1955 1999
 1955 1956
 1956 2001
 1956 1957
 1957 2002
 1957 2001
 1958 2003
 1959 1960
 1959 2323
 1960 2005
 1961 2006
 1961 2005
 1962 2007
 1962 1963
 1963 2009
 1963 2008
 1964 2010
 1964 2009
 1966 2012
 1967 2012
 1967 2013
 1967 1968
 1968 1969
 1968 2014
 1968 2013
 1969 2014
 1969 2015
 1969 1970
 1970 2015
 1970 1971
 1971 2017
 1972 2018
 1972 1973
 1973 1974
 1973 2018
 1974 2020
 1974 2019
 1974 2324
 1975 2020
 1975 2021
 1976 2022
 1976 1977
 1976 2066
 1976 2021
 1977 2022
 1978 2024
 1978 2023
 1979 2026
 1979 2024
 1980 2027
 1980 2026
 1981 2027
 1982 1983
 1983 1984
 1983 2029
 1983 2073
 1984 2030
 1984 2031
 1985 2032
 1985 2322
 1985 2031
 1986 2032
 1986 2034
 1986 1987
 1987 2035
 1988 2036
 1988 2035
 1988 1989
 1989 2080
 1989 2037
 1990 2038
 1991 2039
 1991 2038
 1992 2040
 1992 1993
 1992 2039
 1993 2041
 1993 2040
 1994 2042
 1995 2042
 1995 1996
 1996 2043
 1996 2042
 1997 2044
 1997 1998
 1998 2046
 1999 2046
 1999 2000
 2000 2001
 2000 2047
 2000 2091
 2000 2046
 2001 2047
 2001 2002
 2002 2003
 2002 2049
 2002 2048
 2003 2093
 2003 2050
 2003 2049
 2004 2323
 2004 2051
 2005 2052
 2005 2051
 2005 2006
 2006 2007
 2006 2053
 2006 2052
 2007 2054
 2007 2053
 2007 2008
 2008 2009
 2008 2054
 2009 2056
 2009 2055
 2012 2101
 2012 2058
 2012 2057
 2013 2102
 2013 2058
 2013 2059
 2014 2015
 2014 2059
 2015 2103
 2015 2060
 2015 2059
 2016 2017
 2016 2060
 2017 2062
 2018 2063
 2018 2062
 2018 2019
 2019 2064
 2019 2020
 2020 2064
 2021 2066
 2022 2067
 2022 2066
 2023 2067
 2023 2024
 2024 2069
 2024 2068
 2025 2069
 2025 2026
 2026 2071
 2026 2027
 2027 2028
 2027 2071
 2029 2119
 2029 2118
 2029 2072
 2029 2073
 2030 2120
 2030 2073
 2031 2075
 2031 2076
 2031 2032
 2032 2322
 2032 2076
 2033 2343
 2033 2034
 2034 2078
 2035 2079
 2035 2078
 2035 2036
 2036 2080
 2036 2079
 2037 2081
 2037 2080
 2038 2083
 2038 2039
 2038 2082
 2039 2325
 2039 2083
 2040 2041
 2040 2085
 2040 2084
 2041 2087
 2042 2087
 2042 2088
 2042 2043
 2043 2088
 2043 2044
 2044 2089
 2044 2088
 2045 2090
 2045 2089
 2046 2317
 2046 2090
 2047 2048
 2047 2091
 2048 2049
 2049 2093
 2049 2092
 2050 2051
 2050 2093
 2051 2095
 2051 2052
 2052 2141
 2052 2095
 2052 2053
 2053 2054
 2054 2097
 2054 2096
 2055 2098
 2056 2098
 2057 2101
 2058 2102
 2059 2103
 2059 2102
 2060 2104
 2060 2103
 2061 2062
 2061 2104
 2062 2063
 2062 2106
 2063 2064
 2063 2106
 2064 2107
 2064 2109
 2064 2108
 2065 2066
 2066 2067
 2066 2110
 2067 2112
 2067 2110
 2067 2068
 2068 2113
 2068 2069
 2069 2156
 2069 2114
 2069 2113
 2070 2115
 2071 2072
 2071 2115
 2071 2116
 2072 2116
 2072 2118
 2073 2119
 2074 2121
 2074 2120
 2075 2076
 2075 2122
 2075 2121
 2076 2343
 2076 2122
 2077 2343
 2078 2124
 2078 2123
 2078 2079
 2079 2125
 2079 2080
 2079 2124
 2080 2125
 2080 2126
 2082 2127
 2082 2126
 2083 2325
 2083 2127
 2084 2085
 2084 2325
 2085 2171
 2085 2086
 2085 2128
 2086 2130
 2087 2131
 2087 2130
 2087 2088
 2088 2133
 2088 2089
 2088 2131
 2089 2133
 2090 2135
 2090 2134
 2091 2136
 2091 2092
 2091 2135
 2092 2137
 2092 2178
 2092 2136
 2093 2094
 2093 2138
 2093 2137
 2094 2140
 2095 2141
 2095 2140
 2096 2142
 2096 2141
 2096 2097
 2097 2098
 2097 2144
 2097 2143
 2098 2145
 2098 2144
 2101 2147
 2101 2146
 2102 2189
 2102 2148
 2102 2147
 2103 2149
 2103 2104
 2104 2191
 2104 2150
 2104 2105
 2104 2149
 2105 2151
 2106 2194
 2106 2152
 2106 2107
 2106 2151
 2107 2108
 2108 2196
 2108 2109
 2109 2196
 2109 2110
 2110 2154
 2110 2111
 2111 2200
 2111 2112
 2111 2155
 2111 2154
 2113 2201
 2113 2156
 2113 2155
 2115 2157
 2115 2116
 2116 2158
 2116 2159
 2116 2157
 2118 2160
 2118 2159
 2119 2161
 2119 2120
 2119 2160
 2120 2161
 2121 2208
 2121 2163
 2121 2122
 2122 2164
 2122 2163
 2123 2210
 2123 2124
 2124 2211
 2124 2166
 2125 2167
 2125 2166
 2126 2167
 2126 2127
 2127 2325
 2127 2169
 2128 2171
 2129 2130
 2129 2171
 2130 2173
 2130 2131
 2131 2173
 2131 2132
 2132 2175
 2132 2133
 2133 2175
 2134 2175
 2135 2222
 2135 2177
 2135 2136
 2135 2317
 2136 2177
 2138 2180
 2138 2179
 2138 2139
 2139 2140
 2139 2180
 2140 2182
 2140 2141
 2141 2184
 2141 2183
 2141 2142
 2142 2143
 2142 2184
 2143 2144
 2144 2186
 2144 2185
 2145 2186
 2147 2233
 2147 2189
 2147 2188
 2148 2149
 2148 2189
 2149 2237
 2149 2191
 2150 2151
 2150 2193
 2150 2241
 2151 2194
 2151 2193
 2152 2196
 2152 2194
 2153 2197
 2153 2196
 2154 2197
 2154 2198
 2154 2199
 2155 2200
 2156 2202
 2156 2201
 2157 2158
 2157 2203
 2157 2202
 2158 2203
 2158 2159
 2159 2205
 2159 2160
 2160 2206
 2160 2161
 2161 2207
 2161 2162
 2162 2208
 2163 2209
 2163 2208
 2163 2164
 2164 2210
 2164 2343
 2165 2272
 2165 2210
 2166 2167
 2166 2211
 2167 2214
 2167 2168
 2167 2212
 2168 2169
 2169 2170
 2169 2216
 2169 2214
 2169 2325
 2170 2171
 2170 2325
 2171 2216
 2171 2172
 2172 2218
 2173 2219
 2173 2174
 2173 2218
 2174 2175
 2175 2221
 2175 2220
 2175 2176
 2175 2219
 2176 2222
 2177 2178
 2177 2223
 2177 2222
 2178 2224
 2178 2179
 2179 2180
 2180 2225
 2180 2224
 2181 2227
 2181 2225
 2181 2182
 2182 2183
 2183 2228
 2183 2227
 2183 2184
 2184 2228
 2184 2185
 2185 2230
 2185 2186
 2186 2231
 2186 2230
 2189 2235
 2189 2190
 2189 2233
 2190 2237
 2190 2235
 2191 2239
 2191 2192
 2191 2237
 2192 2241
 2192 2239
 2193 2243
 2193 2241
 2194 2195
 2194 2243
 2195 2246
 2195 2244
 2195 2196
 2196 2248
 2196 2246
 2197 2198
 2197 2248
 2198 2199
 2198 2249
 2199 2252
 2199 2250
 2199 2200
 2200 2254
 2200 2201
 2200 2252
 2201 2255
 2201 2202
 2202 2257
 2202 2203
 2202 2255
 2203 2259
 2203 2257
 2203 2204
 2204 2261
 2204 2205
 2204 2259
 2205 2263
 2205 2206
 2205 2261
 2206 2265
 2206 2263
 2206 2207
 2207 2267
 2207 2208
 2207 2265
 2208 2268
 2209 2270
 2209 2210
 2209 2268
 2210 2343
 2210 2272
 2210 2270
 2211 2274
 2211 2212
 2211 2272
 2212 2275
 2212 2213
 2213 2277
 2213 2214
 2213 2275
 2214 2279
 2214 2277
 2214 2215
 2215 2281
 2215 2216
 2215 2279
 2216 2283
 2216 2281
 2216 2217
 2217 2285
 2217 2218
 2217 2283
 2218 2287
 2218 2219
 2218 2285
 2219 2289
 2219 2220
 2219 2287
 2220 2291
 2220 2289
 2221 2293
 2221 2222
 2221 2291
 2222 2295
 2222 2293
 2223 2297
 2223 2224
 2223 2295
 2224 2299
 2224 2297
 2224 2225
 2225 2300
 2225 2299
 2226 2302
 2226 2227
 2226 2300
 2227 2304
 2227 2302
 2228 2306
 2228 2229
 2228 2304
 2229 2308
 2229 2230
 2229 2306
 2230 2310
 2230 2308
 2230 2231
 2326 2327
 2330 2331
 2331 2333
 2332 2333
 2332 2334
