    2  128
    2   82
    3   82
    4   83
    4   82
    6   84
    6   83
    8   84
    9   86
    9   85
   10   86
   11  132
   11   88
   11   87
   13   88
   14   89
   14   90
   16  134
   16   91
   16   90
   18   92
   18   91
   19   93
   21   94
   21   93
   22   94
   23   95
   23   94
   25   95
   26   96
   27   98
   27   97
   28   98
   29   99
   29   98
   31  100
   31   99
   33  144
   33  100
   33  101
   34  102
   36  103
   36  102
   38  104
   38  103
   39  104
   40  104
   40  105
   42  150
   42  106
   42  105
   44  107
   44  106
   46  108
   46  107
   48  108
   48  109
   50  154
   50  110
   50  109
   52  110
   53  112
   53  111
   55  113
   55  112
   57  157
   57  113
   57  114
   59  114
   59  115
   61  115
   61  116
   62  116
   62  117
   64  117
   64  118
   66  119
   66  118
   67  119
   68  120
   68  119
   70  121
   70  120
   71  122
   73  123
   73  122
   75  124
   75  123
   77  125
   77  124
   79  169
   79  125
   81  128
   82  129
   82  128
   83  130
   83   84
   84 2447
   84   85
   85 2447
   85  131
   85   86
   86  131
   88   89
   88  132
   89  178
   89   90
   89  133
   90  134
   91   92
   92  136
   92   93
   92  135
   94  138
   94   95
   94  137
   95  139
   95   96
   96  139
   96   97
   98  140
   98  142
   98  141
   98   99
   99  100
  100  143
  101  145
  101  102
  101  144
  102  103
  103  104
  103  146
  104  148
  104  147
  105  150
  106  151
  106  107
  107  108
  108  151
  108  109
  109  152
  110  201
  110  111
  110  154
  111  112
  111  201
  112  203
  112  202
  112  155
  112  156
  112  113
  114  115
  114  157
  115  159
  115  158
  116  117
  117  118
  117  159
  117  161
  118  119
  119  163
  119  162
  120  121
  121  165
  121  122
  121  164
  122 2446
  122  123
  123 2446
  123  124
  124  166
  124  125
  125  169
  125  167
  126  169
  127  172
  128  173
  128  172
  128  129
  129  130
  130  173
  131  175
  131  176
  131  132
  131 2447
  132  133
  132  176
  133  177
  133  176
  134  135
  134  179
  134  178
  135  180
  135  136
  135  179
  136  137
  137  182
  137  183
  137  138
  138  139
  139  140
  139  183
  139  184
  140  184
  141  186
  141  142
  142  187
  142  235
  142  186
  143  188
  143  144
  143  187
  144  145
  144  190
  144  188
  144  189
  145  191
  145  146
  146  193
  146  147
  146  192
  147  194
  147  148
  147  193
  148  194
  148  149
  149  150
  150  151
  150  196
  151  245
  151  198
  151  152
  151  197
  152  153
  153  199
  153  154
  154  248
  154  201
  154  200
  156  157
  156  203
  157  205
  157  158
  157  204
  158  253
  158  159
  158  205
  158  206
  159  160
  160  161
  160  255
  161  162
  161  207
  162  210
  162  163
  162  209
  163  211
  163  164
  164  165
  164  211
  166  213
  166  214
  166  167
  166 2446
  167  214
  167  168
  168  215
  168  169
  168  214
  169  217
  169  216
  172  218
  172  220
  172  219
  172  173
  173  221
  173  222
  173  220
  173  174
  174  270
  174  223
  174 2447
  174  222
  175  224
  175  176
  175  223
  176  224
  176  177
  177  178
  177  226
  177  225
  178  179
  178  226
  179  228
  179  227
  180  229
  181  231
  181  230
  181  182
  181  229
  182  231
  182  183
  183  232
  183  233
  183  184
  183  231
  184  233
  185  186
  186  235
  186  234
  187  236
  187  188
  187  235
  188  237
  188  236
  189  238
  189  237
  191  288
  191  192
  191  239
  191  238
  193  240
  193  239
  193  194
  194  195
  194  241
  194  240
  195  196
  195  241
  195  242
  196  243
  196  242
  196  197
  197  245
  197  243
  197  244
  198  246
  198  245
  199  200
  199  247
  199  246
  200  296
  200  247
  200  248
  201  250
  202  250
  203  250
  203  251
  203  204
  204  252
  204  205
  204  251
  205  252
  205  253
  206  254
  206  255
  206  253
  207  306
  207  256
  207  257
  207  208
  208  209
  209  258
  209  210
  209  257
  210  259
  210  258
  210  211
  211  310
  211  260
  211  212
  211  259
  212  311
  212  312
  212  261
  212 2446
  213  262
  213  214
  213  261
  214  263
  214  215
  215  264
  215  263
  215  216
  216  315
  216  265
  216  264
  218  267
  219  267
  220  268
  220  267
  222  270
  222  268
  223  271
  223  224
  223 2447
  224  225
  225  271
  225  272
  225  226
  226  273
  226  227
  226  324
  226  272
  227  273
  227  274
  227  228
  228  229
  228  275
  228  274
  228  276
  229  230
  229  277
  229  276
  229  328
  231  232
  231  278
  231  277
  232  280
  232  278
  232  233
  233  281
  233  280
  233  234
  234  235
  234  282
  234  283
  234  281
  235  283
  236  283
  236  285
  236  237
  237  287
  237  238
  237  285
  238  288
  239  289
  239  240
  239  288
  240  290
  240  289
  241  242
  242  243
  242  290
  243  292
  243  291
  244  292
  245  294
  245  246
  245  293
  246  295
  246  294
  246  247
  247  296
  247  295
  248  297
  248  249
  248  296
  249  298
  249  344
  249  250
  249  297
  250  298
  250  299
  250  251
  251  252
  251  301
  251  299
  252  303
  252  253
  252  301
  253  303
  254  304
  255  305
  255  256
  256  306
  256  305
  257  308
  257  307
  257  258
  257  306
  258  259
  258  309
  258  308
  259  356
  259  309
  259  310
  260  358
  260  311
  260  310
  261  360
  261  313
  261  262
  261 2446
  262  314
  262  263
  263  314
  264  314
  265  315
  267  317
  267  268
  267  319
  267  318
  268  319
  268  269
  269  320
  269  319
  269  270
  270  322
  270  321
  270  320
  270  271
  271  272
  272  323
  273  325
  273  324
  274  326
  274  275
  275  327
  276  328
  277  329
  277  278
  278  330
  278  279
  279  330
  280  378
  280  281
  280  330
  280  331
  281  331
  281  332
  282  333
  282  283
  283  333
  284  334
  284  333
  285  286
  286  287
  286  334
  287  384
  287  336
  287  335
  287  288
  289  337
  289  290
  290  338
  290  291
  290  337
  291  292
  291  340
  291  338
  292  341
  292  293
  294  342
  294  341
  295  392
  295  296
  296  392
  296  343
  297  344
  297  343
  298  346
  298  345
  298  344
  299  347
  299  300
  300  347
  301  396
  301  347
  301  348
  302  348
  302  349
  302  303
  303  350
  303  304
  303  349
  304  350
  305  399
  305  306
  305  351
  305  352
  306  352
  306  307
  307  401
  308  355
  308  354
  308  309
  309  355
  310  358
  310  356
  311  359
  311  358
  312  360
  313  314
  313  361
  313  360
  314  362
  314  361
  315  363
  315  362
  318  365
  318  364
  318  319
  319  365
  319  320
  320  367
  320  366
  321  368
  321  322
  321  367
  322  369
  322  368
  322  323
  323  370
  323  324
  323  369
  324  372
  324  370
  324  325
  325  326
  325  373
  325  372
  326  374
  326  373
  326  327
  327  375
  327  328
  327  374
  328  375
  328  376
  328  329
  330  425
  330  377
  330  378
  331  332
  331  378
  332  380
  332  379
  332  333
  333  380
  333  334
  334  382
  334  383
  334  381
  334  335
  335  430
  335  384
  335  383
  336  431
  336  337
  336  385
  336  384
  337  433
  337  338
  337  385
  337  386
  338  386
  338  388
  338  339
  339  389
  339  340
  339  388
  340  389
  340  390
  340  341
  341  342
  341  391
  341  390
  342  391
  343  344
  343  392
  344  440
  344  441
  344  394
  344  393
  346  347
  346  394
  346  395
  347  395
  348  444
  348  397
  348  396
  349  397
  350  398
  350  397
  350  351
  351  399
  351  398
  352  400
  352  399
  353  449
  353  401
  354  450
  354  402
  354  355
  354  401
  355  403
  355  402
  357  452
  357  358
  357  403
  358  405
  358  404
  360  455
  360  406
  360  405
  360  361
  361  408
  361  362
  361  406
  362  409
  362  457
  362  408
  363  409
  365  413
  365  412
  365  411
  365  366
  366  414
  366  413
  366  367
  367  462
  367  368
  367  415
  368  416
  368  415
  369  418
  369  370
  369  416
  370  419
  370  418
  371  465
  371  420
  371  419
  371  372
  372  421
  372  420
  373  422
  374  375
  374  423
  374  422
  375  376
  376  424
  376  377
  376  423
  377  470
  377  424
  377  425
  378  426
  378  471
  378  425
  379  380
  379  426
  379  427
  380  473
  380  381
  380  428
  381  429
  381  382
  381  428
  382  383
  383  476
  384  431
  384  430
  385  433
  385  431
  386  479
  386  434
  386  433
  387  388
  387  435
  389  436
  389  390
  389  435
  390  436
  390  391
  391  392
  391  439
  391  437
  392  393
  393  486
  393  439
  394  442
  394  395
  394  441
  395  396
  396  444
  396  442
  397  446
  397  398
  397  444
  398  399
  398  446
  399  448
  399  447
  400  449
  400  448
  401  495
  401  450
  401  449
  402  403
  402  450
  403  451
  404  454
  404  405
  404  453
  404  452
  405  455
  405  454
  406  456
  406  455
  408  457
  408  456
  409  502
  409  458
  411  460
  412  460
  412  413
  413  414
  413  460
  414  508
  415  463
  415  462
  416  463
  417  510
  417  464
  418  419
  419  511
  419  465
  419  464
  420  466
  420  465
  421  467
  421  466
  421  422
  422  468
  422  423
  423  468
  423  424
  424  517
  424  469
  425  471
  426  427
  427  473
  427  472
  428  475
  428  429
  428  473
  429  476
  429  475
  430  524
  430  431
  430  476
  431  478
  431  477
  432  433
  433  479
  434  480
  434  435
  434  479
  434  481
  435  482
  435  436
  435  481
  436  483
  436  482
  437  484
  437  438
  438  533
  438  485
  438  439
  438  484
  439  486
  439  485
  440  487
  440  441
  440  486
  441  489
  441  487
  441  442
  442  443
  442  490
  443  491
  443  490
  443  444
  445  492
  445  446
  445  491
  447  543
  447  448
  447  492
  448  544
  448  449
  448  493
  449  495
  450  496
  450  495
  451  497
  451  452
  452  497
  452  453
  453  454
  453  498
  453  497
  454  455
  454  500
  455  501
  455  456
  456  457
  457  502
  457  501
  458  502
  459  460
  459  505
  460  461
  460  506
  461  508
  461  507
  462  508
  462  463
  463  561
  463  509
  463  510
  463  508
  464  511
  464  510
  465  466
  465  511
  466  514
  466  467
  466  512
  467  515
  467  514
  467  468
  468  515
  468  469
  469  567
  469  517
  469  516
  470  519
  470  517
  470  471
  471  520
  471  472
  472  521
  472  520
  472  473
  473  522
  473  474
  474  523
  474  522
  475  476
  476  524
  476  523
  477  526
  477  478
  477  525
  477  524
  478  577
  478  528
  478  526
  478  479
  479  528
  480  578
  480  481
  480  529
  480  528
  481  531
  481  529
  481  482
  482  531
  483  532
  483  531
  484  533
  485  534
  485  486
  486  487
  486  534
  487  586
  487  536
  487  535
  488  537
  488  536
  488  489
  489  539
  489  538
  489  490
  490  541
  490  491
  490  539
  491  492
  492  542
  492  543
  493  544
  493  543
  494  546
  494  495
  494  544
  495  496
  496  547
  496  497
  496  546
  496  548
  497  548
  497  549
  497  498
  498  550
  498  549
  499  551
  499  500
  500  552
  500  501
  500  551
  501  553
  501  552
  501  502
  502  503
  502  553
  503  554
  505  556
  505  557
  507  508
  507  558
  507  557
  507  559
  508  559
  508  561
  509  562
  509  561
  510  562
  510  511
  511  512
  511  562
  512  564
  512  513
  512  612
  513  613
  513  564
  513  565
  514  566
  514  515
  515  566
  516  566
  517  518
  517  567
  518  569
  518  519
  518  568
  519  570
  519  569
  519  520
  520  571
  520  570
  522  523
  522  572
  522  571
  523  572
  523  573
  523  524
  524  575
  524  525
  524  573
  525  526
  526  576
  526  527
  526  575
  527  577
  528  577
  529  579
  529  578
  529  580
  530  531
  531  532
  531  582
  532  582
  532  533
  532  583
  532  584
  533  534
  534  585
  534  584
  535  632
  535  586
  535  585
  536  587
  536  586
  537  538
  538  588
  538  587
  538  539
  539  540
  539  588
  540  636
  540  590
  540  541
  541  542
  542  543
  542  590
  543  639
  543  593
  543  591
  543  544
  544  593
  545  594
  545  593
  545  546
  546  595
  546  547
  546  594
  547  643
  547  548
  547  596
  548  549
  549  550
  549  596
  550  551
  550  597
  551  598
  551  552
  552  647
  552  601
  552  600
  552  599
  553  649
  553  602
  553  601
  554  603
  554  602
  556  605
  556  557
  557  606
  557  605
  557  558
  558  607
  558  654
  558  606
  559  607
  560  608
  560  607
  561  609
  561  562
  561  608
  562  563
  562  609
  563  611
  563  610
  564  613
  565  614
  565  566
  565  613
  566  567
  566  615
  567  615
  567  616
  568  617
  568  569
  569  570
  569  618
  570  619
  570  571
  571  619
  571  572
  572  620
  572  619
  573  620
  573  574
  574  575
  574  621
  575  623
  575  576
  575  622
  576  624
  576  577
  576  625
  576  623
  577  625
  578  674
  578  579
  579  627
  579  626
  580  627
  580  581
  581  629
  581  628
  581  582
  581  627
  582  583
  582  630
  583  584
  584  585
  585  679
  585  631
  586  634
  586  587
  586  632
  587  588
  588  635
  588  634
  589  635
  589  636
  590  637
  590  591
  590  636
  591  638
  591  637
  591  592
  592  639
  592  638
  593  594
  593  639
  594  642
  594  641
  594  595
  595  643
  596  644
  596  597
  596  643
  597  645
  597  598
  597  644
  598  646
  598  645
  598  599
  599  646
  600  648
  600  647
  601  697
  601  648
  602  650
  602  649
  603  650
  604  653
  605  653
  605  606
  606  653
  607  656
  607  654
  607  608
  609  704
  609  610
  609  656
  609  657
  610  658
  610  611
  611  612
  611  658
  612  660
  612  613
  613  614
  613  660
  613  662
  614  663
  614  615
  615  664
  615  616
  616  665
  616  664
  616  617
  617  666
  617  712
  617  618
  617  665
  618  667
  618  619
  618  666
  619  667
  619  620
  620  621
  620  669
  620  715
  621  717
  621  669
  621  670
  621  622
  622  671
  622  670
  622  623
  623  719
  623  672
  623  624
  624  625
  624  672
  625  720
  625  673
  626  675
  626  674
  626  627
  627  628
  627  676
  628  677
  628  676
  629  630
  630  725
  630  679
  630  677
  630  631
  631  679
  632  680
  632  679
  633  634
  633  680
  634  635
  634  681
  634  683
  635  636
  635  683
  636  684
  636  685
  637  686
  637  685
  637  638
  638  688
  638  639
  638  686
  639  734
  639  689
  639  640
  641  690
  641  642
  642  738
  642  692
  642  691
  642  643
  643  693
  643  644
  644  645
  645  646
  645  693
  646  696
  646  695
  646  647
  646  694
  648  697
  648  696
  649  698
  649  697
  650  698
  651  698
  652  701
  653  701
  653  654
  654  702
  654  655
  654  701
  655  702
  655  656
  656  704
  656  703
  657  704
  658  705
  658  706
  658  659
  659  660
  660  707
  660  706
  661  662
  662  663
  662  708
  662  709
  663  664
  663  709
  663  711
  664  711
  665  712
  665  711
  666  713
  666  761
  666  667
  666  712
  667  668
  667  713
  668  714
  668  764
  668  715
  669  717
  669  715
  670  718
  670  717
  671  719
  672  719
  673  768
  673  719
  674  769
  674  721
  674  675
  674  720
  675  722
  675  721
  676  723
  676  677
  677  724
  677  678
  677  723
  678  725
  678  724
  679  727
  679  725
  679  680
  680  727
  681  682
  681  728
  681  727
  682  683
  682  728
  682  729
  682  730
  683  777
  683  731
  683  730
  685  732
  685  731
  685  686
  686  733
  686  732
  687  733
  687  688
  688  733
  689  735
  689  690
  689  734
  690  736
  690  735
  690  691
  691  737
  691  738
  691  736
  692  693
  692  739
  692  738
  693  740
  693  739
  693  694
  694  742
  694  741
  694  695
  694  740
  695  788
  695  743
  695  696
  696  744
  696  743
  696  697
  697  745
  697  744
  698  746
  698  745
  699  746
  701  748
  701  750
  701  749
  701  702
  702  751
  702  750
  703  797
  703  752
  703  704
  704  705
  705  706
  705  754
  705  752
  706  755
  706  754
  706  707
  707  708
  707  755
  708  756
  708  709
  708  755
  709  710
  709  756
  710  758
  710  711
  711  758
  711  712
  712  760
  712  759
  713  714
  713  761
  714  763
  714  764
  714  762
  715  764
  716  813
  716  765
  716  764
  716  717
  717  766
  717  718
  718  815
  718  719
  718  767
  718  766
  719  816
  719  768
  720  769
  720  768
  721  818
  721  722
  721  769
  722  819
  722  771
  722  770
  722  723
  723  772
  723  724
  724  725
  725  773
  725  772
  726  824
  726  774
  726  727
  726  773
  727  775
  727  728
  727  774
  728  825
  728  776
  728  775
  730  827
  730  777
  730  776
  731  778
  731  732
  731  828
  732  733
  732  778
  732  780
  733  734
  734  781
  734  780
  734  735
  735  782
  735  781
  736  782
  737  784
  737  738
  737  783
  738  784
  738  739
  739  740
  739  786
  740  838
  740  787
  740  786
  741  787
  742  839
  742  788
  742  787
  743  744
  743  788
  744  841
  744  790
  744  789
  745  790
  746  792
  746  791
  746  790
  748  749
  748  794
  749  750
  749  795
  750  796
  750  795
  751  849
  751  797
  751  796
  752  799
  752  753
  752  797
  753  754
  753  800
  753  799
  754  755
  755  756
  755  801
  756  804
  756  802
  756  757
  757  758
  758  805
  758  806
  758  804
  759  760
  760  860
  760  808
  760  807
  761  808
  762  810
  762  808
  762  809
  762  763
  763  811
  763  764
  764  813
  764  811
  766  814
  766  815
  766  813
  767  866
  767  816
  767  815
  768  817
  768  769
  769  817
  770  818
  771  772
  771  819
  772  822
  772  773
  772  821
  773  822
  773  824
  774  825
  774  775
  776  827
  776  825
  777  828
  777  827
  778  829
  778  828
  779  879
  779  780
  779  829
  780  832
  780  830
  780  781
  781  782
  781  832
  782  783
  782  833
  783  834
  783  784
  784  884
  784  836
  784  835
  785  837
  785  786
  786  837
  788  888
  788  840
  788  789
  788  839
  789  889
  789  841
  789  840
  790  843
  790  842
  790  841
  791  891
  791  844
  793  846
  794  846
  795  796
  795  847
  795  846
  796  847
  796  848
  797  896
  797  850
  797  849
  798  799
  798  850
  799  850
  799  800
  800  853
  800  852
  800  801
  800  851
  801  854
  801  802
  802  803
  803  855
  803  804
  803  856
  803  854
  804  856
  804  857
  804  805
  805  858
  805  857
  806  858
  806  807
  807  860
  807  858
  808  860
  809  907
  809  810
  809  861
  809  860
  810  861
  810  862
  810  811
  812  910
  812  863
  812  813
  812  862
  813  863
  813  864
  813  814
  815  913
  815  865
  816  867
  816  817
  816  866
  817  916
  817  868
  817  867
  818  869
  818  819
  818  868
  819  869
  819  870
  819  820
  820  871
  820  821
  820  870
  821  871
  821  822
  822  872
  822  871
  823  873
  823  872
  823  824
  824  874
  824  825
  825  875
  825  826
  825  876
  825  874
  826  876
  826  877
  826  827
  827  828
  828  878
  828  877
  830  880
  830  831
  830  879
  832  881
  832  833
  832  880
  833  881
  833  882
  834  882
  834  835
  835  884
  835  883
  835  882
  836  934
  836  885
  836  837
  836  884
  837  886
  837  885
  838  886
  838  839
  839  937
  839  888
  839  887
  839  886
  840  888
  841  890
  841  889
  842  843
  843  891
  844  891
  846  893
  846  894
  847  895
  847  848
  847  894
  849  896
  849  895
  850  947
  850  897
  850  896
  851  852
  851  898
  852  853
  852  899
  853  900
  853  854
  854  855
  854  900
  855  856
  855  902
  855  900
  856  903
  856  902
  858  904
  858  859
  859  906
  859  860
  859  904
  860  907
  861  909
  861  862
  861  907
  862  909
  862  910
  863  864
  863  911
  863  910
  864  912
  864  911
  864  865
  865  913
  865  912
  866  914
  866  867
  866  913
  867  915
  867  914
  868  918
  868  869
  868  916
  869  919
  869  918
  870  920
  870  871
  871  921
  871  872
  872  922
  872  873
  873  923
  873  922
  873  874
  874  875
  874  924
  875  925
  875  924
  876  926
  876  877
  877  927
  877  878
  877  926
  878  927
  878  879
  879  928
  879  880
  879  927
  880  974
  880  929
  880  928
  880  881
  881  882
  881  929
  882  883
  882  930
  882  931
  883  932
  883  933
  884  934
  885  982
  885  886
  885  934
  886  937
  886  982
  887  938
  887  937
  889  939
  889  938
  889  890
  890  940
  890  891
  890  939
  891  941
  891  940
  892  941
  893  944
  894  944
  894  895
  895  946
  895  945
  895  896
  895  944
  896  995
  896  947
  897  948
  897  947
  897  898
  898  899
  898  949
  899  998
  899  949
  899  950
  899  900
  900  901
  900  950
  901 1000
  901  952
  901  951
  902  953
  902  903
  903  953
  903  904
  904 1002
  904  905
  904  954
  904  953
  905 1004
  905  906
  906  955
  907 1005
  907  955
  908  957
  908  956
  909  958
  909  910
  910  958
  911 1009
  911  912
  911  958
  912  959
  912  960
  913  914
  914  960
  914  961
  915 1012
  915  962
  915  961
  917 1013
  917  963
  917  962
  918  963
  918  919
  918  964
  919  920
  919  965
  920  966
  920  921
  921  922
  921  966
  922  923
  922  966
  923  969
  923  924
  923  968
  924  969
  925  970
  925  926
  925  969
  926  927
  926  970
  927  928
  927  971
  928  972
  928  973
  929  930
  929  976
  929  974
  930  977
  930 1026
  930  976
  930  931
  931  932
  931  977
  932  978
  932  979
  933  934
  933  980
  935  980
  936  983
  936  982
  937  938
  938  985
  938  984
  938  939
  938  983
  939 1033
  939  986
  939  940
  940  987
  940  986
  941  989
  941  988
  943  991
  944  991
  944  945
  944  992
  945  946
  945  992
  946  993
  946  994
  947  948
  947  996
  947  997
  947  995
  948  997
  949 1044
  949  997
  949  998
  950 1045
  950  999
  950  951
  951  999
  952 1001
  952  953
  952 1000
  953 1001
  954 1004
  954 1003
  954 1002
  955 1005
  955 1004
  956 1006
  956  957
  956 1005
  957 1007
  957  958
  957 1006
  958 1009
  958 1007
  959 1010
  959  960
  960 1010
  960 1011
  960  961
  961 1012
  961 1057
  962 1013
  962 1012
  963  964
  963 1013
  964 1014
  964 1015
  964  965
  965 1016
  965  966
  965 1017
  965 1015
  966  967
  967 1018
  967 1017
  967  968
  968  969
  968 1020
  968 1018
  969 1021
  969  970
  971 1022
  971 1021
  971  972
  972 1023
  972  973
  972 1022
  973 1069
  973 1024
  973 1023
  974  975
  975 1025
  975 1024
  977 1072
  977 1027
  977 1026
  978  979
  979 1028
  979  980
  979 1027
  980 1029
  980 1028
  980  981
  981  982
  981 1029
  982 1031
  982 1030
  982  983
  983  984
  983 1031
  984  985
  984 1031
  985 1032
  986 1079
  986 1034
  986 1033
  987 1034
  987  988
  988 1036
  988 1035
  988 1034
  990 1038
  991 1038
  991 1039
  992 1040
  992  993
  992 1039
  993  994
  994 1041
  994 1040
  995 1041
  996  997
  996 1041
  997 1042
  997 1043
  998 1044
  999 1091
  999 1090
  999 1000
  999 1045
 1000 1046
 1000 1047
 1000 1001
 1001 1048
 1001 1002
 1001 1092
 1002 1049
 1002 1048
 1002 1003
 1003 1050
 1003 1095
 1003 1049
 1004 1051
 1004 1005
 1004 1050
 1005 1006
 1006 1098
 1006 1007
 1006 1051
 1007 1052
 1007 1054
 1008 1054
 1008 1009
 1009 1055
 1009 1010
 1009 1054
 1010 1011
 1010 1056
 1011 1056
 1012 1013
 1012 1057
 1013 1058
 1013 1059
 1014 1060
 1014 1015
 1015 1061
 1015 1016
 1016 1063
 1016 1017
 1016 1061
 1017 1018
 1018 1064
 1018 1065
 1018 1063
 1019 1020
 1020 1021
 1020 1065
 1020 1067
 1021 1067
 1021 1022
 1022 1023
 1022 1067
 1023 1068
 1024 1025
 1024 1071
 1024 1069
 1025 1071
 1025 1026
 1026 1071
 1027 1122
 1027 1073
 1027 1028
 1027 1072
 1028 1029
 1028 1073
 1029 1030
 1029 1074
 1030 1077
 1030 1031
 1030 1075
 1031 1032
 1031 1078
 1032 1033
 1033 1078
 1034 1080
 1034 1035
 1034 1079
 1035 1081
 1036 1081
 1038 1084
 1038 1083
 1039 1085
 1039 1084
 1039 1040
 1040 1086
 1040 1041
 1041 1042
 1041 1086
 1042 1088
 1042 1043
 1042 1087
 1043 1139
 1043 1088
 1043 1089
 1044 1045
 1045 1090
 1045 1089
 1047 1091
 1048 1049
 1048 1092
 1049 1095
 1049 1093
 1050 1051
 1050 1095
 1051 1096
 1051 1097
 1051 1098
 1052 1099
 1052 1053
 1052 1098
 1053 1100
 1053 1054
 1053 1099
 1054 1055
 1054 1100
 1055 1056
 1055 1101
 1055 1151
 1055 1102
 1056 1102
 1056 1103
 1057 1105
 1057 1103
 1057 1058
 1058 1059
 1059 1107
 1059 1106
 1059 1060
 1059 1105
 1060 1158
 1060 1108
 1060 1061
 1060 1107
 1062 1109
 1062 1108
 1062 1063
 1063 1110
 1063 1109
 1063 1064
 1064 1110
 1065 1112
 1065 1111
 1065 1066
 1066 1113
 1066 1067
 1066 1112
 1067 1116
 1067 1114
 1067 1068
 1068 1069
 1068 1116
 1069 1117
 1069 1070
 1070 1120
 1070 1119
 1070 1071
 1070 1118
 1071 1121
 1071 1072
 1072 1122
 1072 1121
 1073 1123
 1073 1170
 1074 1124
 1074 1123
 1074 1075
 1075 1171
 1075 1076
 1076 1126
 1076 1077
 1076 1125
 1077 1078
 1077 1126
 1077 1127
 1078 1129
 1078 1128
 1078 1127
 1078 1079
 1079 1130
 1079 1080
 1079 1129
 1080 1131
 1080 1130
 1081 1132
 1081 1131
 1083 1134
 1084 1182
 1084 1134
 1084 1135
 1084 1085
 1085 1182
 1085 1136
 1085 1086
 1086 1137
 1086 1136
 1087 1137
 1087 1088
 1088 1139
 1088 1137
 1089 1186
 1089 1090
 1089 1139
 1090 1142
 1090 1141
 1090 1091
 1091 1092
 1092 1144
 1092 1143
 1092 1142
 1092 1093
 1093 1094
 1093 1145
 1094 1145
 1094 1146
 1094 1095
 1095 1146
 1096 1147
 1098 1147
 1098 1148
 1098 1099
 1099 1195
 1099 1149
 1099 1148
 1100 1101
 1100 1150
 1101 1151
 1101 1150
 1102 1103
 1102 1153
 1102 1151
 1103 1153
 1104 1155
 1104 1154
 1104 1105
 1104 1153
 1105 1201
 1105 1155
 1105 1156
 1105 1106
 1106 1156
 1107 1203
 1107 1202
 1107 1158
 1107 1157
 1108 1159
 1108 1109
 1108 1158
 1109 1206
 1109 1159
 1109 1160
 1110 1161
 1110 1111
 1111 1112
 1111 1162
 1111 1161
 1112 1162
 1113 1162
 1113 1210
 1113 1163
 1115 1211
 1115 1163
 1115 1164
 1115 1116
 1116 1165
 1116 1164
 1118 1213
 1118 1166
 1118 1119
 1118 1165
 1119 1167
 1119 1166
 1120 1121
 1121 1122
 1121 1167
 1122 1169
 1122 1168
 1122 1170
 1123 1170
 1123 1218
 1123 1171
 1125 1172
 1125 1126
 1125 1171
 1126 1173
 1126 1127
 1127 1173
 1127 1128
 1128 1175
 1128 1129
 1128 1174
 1129 1130
 1129 1176
 1130 1179
 1130 1178
 1130 1177
 1131 1180
 1131 1179
 1134 1228
 1134 1181
 1135 1228
 1135 1182
 1136 1229
 1136 1183
 1136 1137
 1137 1185
 1137 1183
 1137 1138
 1139 1232
 1139 1185
 1140 1187
 1140 1186
 1141 1234
 1141 1142
 1141 1188
 1142 1143
 1143 1189
 1143 1188
 1144 1237
 1144 1190
 1144 1189
 1144 1145
 1145 1146
 1145 1190
 1146 1192
 1146 1191
 1146 1147
 1147 1193
 1147 1194
 1147 1192
 1147 1148
 1148 1194
 1149 1196
 1149 1150
 1149 1195
 1150 1151
 1150 1197
 1151 1197
 1151 1152
 1152 1153
 1152 1197
 1153 1199
 1153 1198
 1154 1199
 1154 1200
 1155 1201
 1156 1249
 1156 1202
 1156 1201
 1157 1202
 1158 1205
 1158 1159
 1158 1203
 1159 1253
 1159 1205
 1160 1207
 1160 1161
 1160 1206
 1161 1209
 1161 1162
 1161 1207
 1162 1210
 1162 1209
 1163 1211
 1163 1210
 1164 1212
 1164 1165
 1164 1211
 1165 1213
 1165 1212
 1166 1167
 1166 1215
 1166 1213
 1167 1168
 1168 1169
 1168 1216
 1168 1217
 1168 1215
 1169 1170
 1170 1265
 1170 1217
 1170 1218
 1171 1172
 1171 1219
 1171 1218
 1172 1173
 1173 1221
 1173 1220
 1174 1222
 1174 1221
 1174 1175
 1175 1223
 1175 1222
 1177 1224
 1177 1223
 1177 1178
 1178 1225
 1178 1224
 1179 1225
 1180 1225
 1181 1228
 1182 1228
 1183 1230
 1183 1229
 1184 1230
 1184 1185
 1185 1232
 1185 1279
 1185 1231
 1186 1281
 1186 1187
 1186 1233
 1186 1232
 1187 1233
 1187 1234
 1188 1235
 1188 1189
 1188 1234
 1189 1235
 1189 1237
 1190 1238
 1190 1237
 1191 1192
 1191 1239
 1192 1241
 1192 1239
 1192 1193
 1193 1194
 1193 1242
 1193 1241
 1194 1290
 1194 1243
 1194 1195
 1195 1196
 1196 1245
 1196 1197
 1196 1243
 1197 1245
 1198 1245
 1198 1246
 1198 1199
 1199 1200
 1199 1248
 1199 1246
 1200 1248
 1200 1201
 1201 1249
 1201 1248
 1202 1250
 1202 1249
 1203 1204
 1204 1251
 1205 1253
 1205 1251
 1206 1254
 1206 1253
 1207 1255
 1207 1208
 1208 1209
 1209 1256
 1209 1210
 1210 1211
 1210 1256
 1211 1259
 1211 1212
 1211 1257
 1212 1259
 1213 1214
 1213 1259
 1214 1215
 1214 1261
 1214 1262
 1214 1260
 1215 1263
 1215 1216
 1215 1262
 1216 1263
 1216 1217
 1217 1264
 1217 1265
 1218 1219
 1218 1265
 1219 1267
 1219 1266
 1219 1268
 1219 1220
 1220 1221
 1220 1269
 1220 1268
 1221 1222
 1221 1270
 1222 1223
 1222 1271
 1223 1272
 1223 1224
 1223 1271
 1224 1273
 1224 1225
 1225 1273
 1226 1273
 1227 1276
 1228 1276
 1228 1229
 1229 1230
 1229 1278
 1229 1276
 1230 1278
 1231 1279
 1232 1281
 1232 1279
 1233 1234
 1233 1282
 1233 1281
 1234 1282
 1234 1235
 1235 1284
 1235 1283
 1236 1284
 1237 1285
 1237 1238
 1238 1239
 1238 1285
 1239 1333
 1239 1286
 1239 1287
 1240 1287
 1240 1241
 1241 1288
 1241 1242
 1241 1287
 1242 1289
 1242 1288
 1243 1291
 1243 1244
 1243 1290
 1244 1245
 1244 1292
 1245 1292
 1245 1294
 1245 1246
 1246 1295
 1246 1294
 1247 1248
 1248 1341
 1248 1249
 1248 1297
 1249 1297
 1249 1298
 1250 1299
 1250 1251
 1251 1252
 1252 1300
 1252 1299
 1253 1301
 1253 1254
 1253 1300
 1254 1301
 1254 1255
 1255 1256
 1255 1301
 1256 1257
 1256 1302
 1257 1303
 1257 1258
 1258 1306
 1258 1259
 1258 1305
 1258 1304
 1259 1306
 1260 1261
 1261 1308
 1261 1307
 1262 1355
 1262 1308
 1262 1309
 1262 1263
 1263 1264
 1264 1265
 1264 1309
 1264 1310
 1264 1311
 1265 1311
 1265 1312
 1266 1358
 1266 1267
 1266 1312
 1266 1313
 1267 1313
 1267 1314
 1268 1269
 1269 1361
 1269 1315
 1269 1270
 1269 1314
 1270 1316
 1270 1315
 1270 1271
 1271 1318
 1271 1272
 1271 1316
 1272 1319
 1272 1273
 1273 1321
 1273 1320
 1273 1319
 1275 1323
 1276 1323
 1276 1277
 1276 1324
 1277 1325
 1277 1278
 1277 1324
 1278 1326
 1278 1325
 1278 1279
 1279 1374
 1279 1327
 1279 1326
 1281 1328
 1281 1282
 1281 1327
 1282 1376
 1282 1329
 1282 1328
 1283 1330
 1283 1284
 1284 1285
 1285 1331
 1285 1286
 1285 1332
 1285 1330
 1286 1333
 1286 1332
 1287 1333
 1288 1335
 1288 1333
 1288 1289
 1289 1336
 1289 1335
 1290 1337
 1290 1291
 1291 1292
 1291 1337
 1292 1338
 1292 1337
 1293 1387
 1293 1339
 1293 1294
 1293 1338
 1294 1339
 1294 1340
 1295 1296
 1295 1340
 1296 1341
 1296 1340
 1297 1298
 1297 1341
 1298 1344
 1298 1299
 1298 1343
 1298 1342
 1299 1344
 1299 1345
 1299 1300
 1300 1301
 1301 1345
 1301 1347
 1301 1302
 1302 1303
 1302 1348
 1302 1347
 1303 1349
 1304 1350
 1304 1305
 1305 1306
 1306 1351
 1306 1352
 1306 1307
 1306 1350
 1307 1352
 1307 1353
 1307 1308
 1308 1354
 1308 1353
 1309 1356
 1309 1310
 1309 1404
 1309 1355
 1310 1405
 1310 1356
 1310 1357
 1311 1357
 1312 1358
 1313 1360
 1313 1314
 1313 1358
 1314 1361
 1314 1360
 1315 1316
 1315 1363
 1315 1361
 1316 1364
 1316 1317
 1317 1364
 1317 1365
 1317 1318
 1318 1366
 1318 1365
 1318 1319
 1319 1320
 1319 1366
 1320 1367
 1320 1366
 1321 1367
 1323 1370
 1323 1369
 1324 1371
 1324 1325
 1325 1373
 1325 1326
 1325 1371
 1326 1374
 1327 1423
 1327 1328
 1327 1375
 1327 1374
 1328 1375
 1329 1330
 1329 1377
 1329 1378
 1329 1376
 1330 1378
 1330 1331
 1331 1428
 1331 1332
 1331 1380
 1332 1429
 1332 1381
 1332 1333
 1333 1382
 1333 1381
 1335 1432
 1335 1383
 1335 1336
 1335 1382
 1336 1385
 1336 1384
 1336 1337
 1336 1383
 1337 1386
 1337 1338
 1338 1387
 1339 1388
 1339 1340
 1339 1389
 1340 1341
 1340 1390
 1341 1390
 1341 1391
 1342 1343
 1343 1344
 1343 1392
 1343 1391
 1344 1442
 1344 1394
 1344 1345
 1345 1396
 1345 1346
 1345 1394
 1346 1347
 1346 1396
 1347 1396
 1347 1397
 1348 1399
 1348 1397
 1348 1349
 1349 1400
 1349 1350
 1349 1399
 1350 1351
 1351 1400
 1351 1401
 1352 1401
 1353 1354
 1353 1401
 1354 1403
 1354 1402
 1355 1403
 1356 1453
 1356 1405
 1357 1407
 1357 1406
 1357 1358
 1357 1405
 1358 1359
 1358 1407
 1359 1409
 1359 1360
 1360 1457
 1360 1410
 1360 1361
 1361 1410
 1361 1362
 1362 1411
 1362 1410
 1363 1364
 1364 1412
 1364 1365
 1364 1411
 1365 1366
 1365 1413
 1366 1414
 1366 1415
 1367 1416
 1368 1416
 1370 1466
 1370 1419
 1370 1418
 1370 1371
 1370 1420
 1371 1420
 1371 1372
 1372 1373
 1372 1420
 1373 1421
 1373 1423
 1374 1423
 1375 1425
 1375 1424
 1375 1423
 1376 1426
 1376 1377
 1377 1378
 1378 1426
 1379 1427
 1379 1428
 1380 1429
 1381 1382
 1381 1431
 1381 1429
 1382 1431
 1382 1432
 1383 1433
 1383 1432
 1384 1433
 1384 1434
 1384 1385
 1385 1386
 1386 1434
 1387 1436
 1387 1435
 1388 1389
 1389 1436
 1389 1437
 1390 1438
 1390 1391
 1390 1437
 1391 1440
 1391 1439
 1391 1438
 1391 1392
 1392 1487
 1392 1441
 1392 1440
 1393 1441
 1393 1442
 1394 1443
 1394 1442
 1395 1444
 1395 1396
 1395 1443
 1396 1397
 1396 1445
 1397 1445
 1398 1399
 1399 1448
 1399 1446
 1399 1400
 1400 1495
 1400 1449
 1400 1448
 1400 1401
 1401 1451
 1401 1402
 1401 1449
 1402 1452
 1402 1403
 1403 1404
 1403 1453
 1405 1453
 1406 1502
 1406 1454
 1406 1407
 1407 1456
 1407 1455
 1409 1457
 1409 1456
 1410 1459
 1410 1411
 1410 1457
 1411 1460
 1411 1412
 1413 1507
 1413 1460
 1414 1462
 1414 1461
 1414 1415
 1415 1463
 1415 1416
 1415 1462
 1416 1464
 1416 1463
 1418 1466
 1419 1514
 1419 1513
 1419 1420
 1420 1421
 1420 1467
 1420 1514
 1421 1467
 1421 1468
 1421 1422
 1423 1469
 1423 1468
 1423 1424
 1424 1518
 1424 1470
 1424 1469
 1425 1426
 1426 1472
 1426 1427
 1426 1470
 1427 1472
 1427 1428
 1427 1473
 1428 1473
 1428 1474
 1428 1429
 1429 1523
 1429 1475
 1430 1475
 1431 1476
 1431 1432
 1431 1475
 1432 1477
 1432 1433
 1432 1476
 1433 1434
 1433 1478
 1433 1477
 1434 1435
 1434 1479
 1435 1482
 1435 1480
 1435 1481
 1435 1436
 1436 1529
 1436 1483
 1436 1482
 1436 1437
 1437 1485
 1437 1438
 1437 1483
 1438 1485
 1439 1486
 1439 1485
 1440 1486
 1440 1487
 1441 1488
 1441 1487
 1442 1489
 1442 1443
 1442 1488
 1443 1444
 1443 1489
 1444 1490
 1444 1491
 1444 1445
 1445 1492
 1445 1446
 1445 1491
 1446 1494
 1446 1447
 1446 1492
 1447 1494
 1449 1496
 1449 1495
 1450 1451
 1451 1497
 1451 1452
 1451 1496
 1451 1498
 1452 1499
 1452 1498
 1452 1453
 1453 1454
 1453 1501
 1453 1500
 1453 1499
 1454 1502
 1454 1501
 1455 1456
 1455 1503
 1455 1502
 1456 1504
 1456 1457
 1456 1503
 1457 1458
 1458 1459
 1458 1504
 1459 1505
 1459 1506
 1459 1460
 1460 1507
 1460 1506
 1461 1508
 1461 1462
 1461 1507
 1462 1510
 1462 1508
 1462 1463
 1463 1511
 1463 1510
 1466 1513
 1466 1512
 1467 1468
 1467 1514
 1468 1469
 1468 1515
 1468 1516
 1469 1518
 1469 1516
 1470 1519
 1470 1471
 1470 1518
 1471 1567
 1472 1521
 1472 1520
 1472 1473
 1473 1569
 1473 1474
 1473 1522
 1474 1523
 1474 1570
 1475 1524
 1475 1523
 1476 1477
 1477 1478
 1477 1524
 1477 1572
 1478 1525
 1478 1526
 1479 1527
 1479 1526
 1480 1481
 1480 1528
 1480 1527
 1481 1528
 1482 1529
 1483 1530
 1483 1529
 1484 1531
 1484 1485
 1485 1533
 1485 1486
 1485 1531
 1486 1533
 1487 1533
 1487 1534
 1488 1489
 1489 1534
 1489 1490
 1490 1584
 1490 1536
 1490 1535
 1490 1491
 1491 1492
 1491 1538
 1491 1536
 1492 1538
 1493 1494
 1493 1539
 1493 1538
 1494 1541
 1494 1540
 1494 1495
 1494 1539
 1495 1541
 1495 1496
 1496 1542
 1496 1497
 1496 1543
 1496 1541
 1497 1543
 1497 1498
 1498 1545
 1498 1544
 1500 1547
 1500 1546
 1500 1501
 1501 1548
 1501 1547
 1502 1549
 1502 1503
 1503 1504
 1503 1550
 1504 1551
 1504 1505
 1504 1550
 1505 1552
 1505 1551
 1505 1506
 1506 1553
 1506 1507
 1506 1552
 1507 1508
 1507 1553
 1508 1554
 1509 1556
 1509 1555
 1509 1510
 1510 1557
 1510 1556
 1511 1557
 1513 1559
 1513 1560
 1513 1561
 1514 1562
 1514 1515
 1515 1563
 1515 1516
 1515 1562
 1516 1565
 1516 1563
 1516 1517
 1517 1518
 1517 1565
 1518 1566
 1518 1519
 1519 1613
 1519 1567
 1519 1566
 1520 1568
 1520 1567
 1521 1569
 1522 1570
 1522 1569
 1523 1524
 1523 1570
 1524 1572
 1524 1571
 1525 1526
 1525 1572
 1526 1527
 1526 1573
 1526 1574
 1527 1622
 1527 1528
 1527 1574
 1528 1577
 1528 1622
 1528 1529
 1529 1577
 1530 1578
 1530 1531
 1530 1577
 1531 1579
 1532 1580
 1532 1533
 1533 1534
 1533 1582
 1533 1580
 1534 1582
 1534 1583
 1534 1535
 1535 1584
 1535 1583
 1536 1537
 1536 1584
 1537 1585
 1537 1586
 1537 1538
 1538 1539
 1538 1587
 1538 1634
 1539 1588
 1539 1587
 1540 1541
 1541 1589
 1541 1542
 1541 1588
 1542 1591
 1542 1543
 1543 1591
 1543 1544
 1544 1593
 1544 1592
 1545 1546
 1545 1593
 1546 1593
 1547 1595
 1547 1548
 1547 1594
 1548 1596
 1548 1595
 1548 1549
 1549 1644
 1549 1597
 1549 1550
 1549 1596
 1550 1598
 1550 1597
 1551 1599
 1551 1552
 1552 1553
 1552 1600
 1553 1600
 1554 1602
 1554 1600
 1554 1555
 1555 1556
 1555 1602
 1556 1604
 1556 1602
 1557 1605
 1557 1604
 1559 1607
 1560 1607
 1560 1561
 1561 1609
 1561 1562
 1561 1608
 1561 1607
 1562 1563
 1563 1609
 1564 1611
 1564 1565
 1564 1610
 1565 1612
 1565 1611
 1565 1566
 1566 1613
 1566 1612
 1567 1660
 1567 1568
 1568 1614
 1568 1615
 1568 1569
 1569 1616
 1569 1615
 1570 1617
 1570 1571
 1571 1618
 1571 1572
 1572 1618
 1572 1573
 1573 1620
 1573 1574
 1573 1619
 1574 1621
 1574 1620
 1575 1621
 1575 1622
 1576 1577
 1576 1623
 1576 1622
 1577 1623
 1577 1578
 1578 1671
 1578 1625
 1578 1579
 1578 1624
 1579 1626
 1579 1625
 1579 1580
 1580 1581
 1580 1626
 1581 1628
 1581 1627
 1581 1582
 1582 1583
 1582 1628
 1583 1584
 1583 1629
 1584 1631
 1584 1630
 1584 1632
 1585 1633
 1585 1586
 1586 1634
 1587 1679
 1587 1588
 1587 1635
 1587 1634
 1588 1589
 1588 1635
 1588 1636
 1589 1637
 1589 1636
 1590 1638
 1590 1637
 1591 1592
 1592 1684
 1592 1640
 1592 1593
 1592 1638
 1593 1640
 1593 1594
 1594 1685
 1594 1641
 1594 1595
 1594 1640
 1595 1596
 1595 1641
 1596 1642
 1596 1644
 1597 1690
 1597 1645
 1597 1598
 1598 1599
 1598 1645
 1599 1646
 1599 1647
 1599 1600
 1600 1648
 1600 1647
 1601 1694
 1601 1649
 1601 1602
 1601 1648
 1602 1650
 1602 1649
 1602 1603
 1603 1651
 1603 1604
 1603 1650
 1604 1652
 1604 1651
 1606 1654
 1607 1654
 1607 1608
 1608 1609
 1608 1654
 1609 1655
 1609 1656
 1610 1657
 1610 1611
 1611 1612
 1612 1613
 1612 1657
 1613 1660
 1613 1659
 1613 1658
 1614 1660
 1614 1615
 1615 1616
 1615 1662
 1615 1661
 1616 1663
 1616 1617
 1616 1662
 1617 1618
 1617 1664
 1617 1663
 1618 1665
 1618 1619
 1619 1666
 1619 1620
 1619 1665
 1620 1666
 1620 1667
 1621 1622
 1622 1667
 1622 1623
 1623 1624
 1623 1669
 1623 1668
 1624 1671
 1624 1719
 1625 1672
 1625 1671
 1627 1673
 1627 1628
 1627 1672
 1628 1722
 1628 1674
 1628 1673
 1629 1675
 1629 1674
 1630 1631
 1631 1676
 1631 1675
 1632 1676
 1632 1633
 1633 1677
 1633 1634
 1634 1727
 1634 1679
 1634 1678
 1635 1636
 1635 1679
 1636 1680
 1636 1637
 1637 1730
 1637 1638
 1637 1681
 1638 1683
 1638 1682
 1638 1639
 1639 1733
 1639 1683
 1640 1735
 1640 1684
 1641 1642
 1641 1687
 1641 1685
 1642 1688
 1642 1643
 1642 1687
 1643 1688
 1643 1644
 1643 1689
 1644 1690
 1645 1739
 1645 1691
 1645 1690
 1646 1741
 1646 1692
 1646 1647
 1647 1692
 1647 1648
 1648 1694
 1649 1745
 1649 1696
 1649 1650
 1649 1694
 1650 1696
 1650 1651
 1651 1698
 1651 1697
 1652 1698
 1653 1701
 1654 1701
 1654 1702
 1654 1655
 1655 1656
 1655 1702
 1656 1704
 1656 1705
 1656 1703
 1656 1657
 1657 1753
 1657 1754
 1657 1658
 1657 1706
 1657 1705
 1658 1659
 1658 1706
 1659 1707
 1659 1708
 1660 1661
 1661 1662
 1661 1708
 1662 1709
 1662 1663
 1663 1664
 1663 1712
 1663 1710
 1664 1712
 1665 1762
 1665 1713
 1665 1666
 1665 1712
 1666 1763
 1666 1667
 1666 1713
 1666 1714
 1667 1716
 1667 1715
 1667 1714
 1667 1668
 1668 1669
 1668 1717
 1668 1716
 1669 1717
 1670 1719
 1670 1717
 1671 1672
 1672 1720
 1672 1721
 1673 1722
 1674 1724
 1674 1675
 1674 1723
 1675 1725
 1675 1676
 1676 1677
 1677 1774
 1677 1725
 1677 1678
 1678 1775
 1678 1727
 1678 1726
 1679 1776
 1679 1728
 1679 1727
 1680 1729
 1680 1681
 1681 1729
 1682 1779
 1682 1683
 1682 1731
 1682 1730
 1683 1731
 1683 1733
 1684 1735
 1684 1734
 1684 1733
 1685 1735
 1686 1736
 1686 1687
 1686 1783
 1687 1688
 1687 1736
 1688 1738
 1688 1737
 1689 1739
 1691 1740
 1691 1741
 1691 1739
 1692 1743
 1692 1693
 1692 1741
 1693 1694
 1694 1744
 1694 1743
 1695 1745
 1696 1697
 1696 1745
 1697 1747
 1697 1746
 1699 1747
 1701 1750
 1701 1749
 1701 1702
 1702 1751
 1702 1750
 1702 1752
 1704 1799
 1704 1753
 1704 1752
 1705 1753
 1706 1801
 1706 1707
 1706 1756
 1706 1754
 1707 1756
 1707 1757
 1707 1708
 1708 1709
 1709 1757
 1709 1710
 1710 1760
 1710 1711
 1710 1758
 1711 1761
 1711 1712
 1712 1762
 1713 1808
 1713 1762
 1714 1809
 1714 1764
 1714 1763
 1715 1716
 1716 1717
 1716 1765
 1716 1766
 1717 1768
 1717 1767
 1719 1769
 1719 1768
 1719 1720
 1720 1814
 1720 1770
 1720 1721
 1720 1769
 1721 1815
 1721 1770
 1721 1722
 1721 1771
 1723 1772
 1723 1724
 1723 1771
 1724 1773
 1724 1725
 1724 1772
 1726 1820
 1726 1819
 1726 1775
 1726 1774
 1727 1776
 1727 1775
 1728 1777
 1728 1776
 1729 1778
 1729 1730
 1730 1779
 1730 1778
 1731 1780
 1731 1779
 1733 1827
 1733 1781
 1733 1780
 1734 1735
 1735 1781
 1735 1782
 1735 1783
 1736 1830
 1736 1784
 1736 1783
 1737 1738
 1738 1739
 1738 1786
 1738 1785
 1738 1784
 1739 1788
 1739 1740
 1739 1786
 1740 1788
 1740 1789
 1741 1789
 1742 1790
 1742 1743
 1743 1791
 1743 1744
 1743 1790
 1744 1791
 1744 1792
 1744 1745
 1745 1746
 1746 1793
 1746 1792
 1747 1794
 1747 1793
 1747 1748
 1748 1794
 1749 1797
 1750 1797
 1750 1751
 1750 1798
 1751 1752
 1751 1799
 1753 1800
 1753 1799
 1755 1801
 1755 1800
 1756 1757
 1757 1758
 1757 1803
 1757 1802
 1758 1804
 1758 1803
 1758 1759
 1759 1760
 1759 1805
 1759 1804
 1760 1806
 1760 1805
 1760 1761
 1761 1807
 1761 1806
 1763 1857
 1763 1809
 1763 1808
 1764 1858
 1764 1810
 1764 1765
 1764 1809
 1765 1766
 1766 1810
 1766 1811
 1767 1768
 1768 1812
 1768 1769
 1768 1811
 1769 1814
 1769 1812
 1770 1863
 1770 1815
 1771 1864
 1771 1816
 1771 1772
 1771 1815
 1772 1818
 1772 1773
 1772 1816
 1773 1774
 1774 1818
 1774 1819
 1775 1776
 1775 1820
 1776 1871
 1776 1823
 1776 1777
 1776 1821
 1777 1778
 1778 1824
 1778 1823
 1778 1779
 1779 1780
 1779 1826
 1780 1826
 1780 1827
 1781 1828
 1781 1782
 1781 1827
 1782 1828
 1782 1783
 1783 1830
 1784 1832
 1784 1785
 1784 1831
 1784 1830
 1785 1832
 1786 1880
 1786 1787
 1787 1834
 1787 1833
 1787 1788
 1788 1834
 1789 1790
 1789 1834
 1790 1837
 1790 1791
 1790 1835
 1791 1792
 1791 1837
 1792 1840
 1792 1839
 1792 1838
 1792 1793
 1793 1888
 1793 1841
 1793 1840
 1794 1889
 1794 1842
 1796 1844
 1797 1844
 1797 1845
 1797 1798
 1798 1799
 1798 1845
 1799 1847
 1799 1894
 1799 1800
 1799 1846
 1800 1848
 1800 1847
 1800 1801
 1801 1850
 1801 1802
 1801 1849
 1801 1848
 1802 1803
 1803 1852
 1803 1804
 1803 1850
 1804 1805
 1805 1854
 1805 1852
 1805 1806
 1806 1855
 1806 1854
 1807 1808
 1808 1856
 1808 1855
 1808 1857
 1809 1858
 1809 1908
 1810 1811
 1810 1859
 1810 1858
 1811 1859
 1811 1860
 1811 1812
 1812 1862
 1812 1813
 1812 1860
 1813 1862
 1814 1913
 1815 1863
 1816 1865
 1816 1916
 1816 1864
 1817 1866
 1817 1818
 1818 1819
 1818 1867
 1818 1866
 1819 1867
 1819 1820
 1820 1869
 1820 1868
 1821 1822
 1822 1871
 1823 1824
 1823 1872
 1823 1871
 1824 1872
 1824 1873
 1825 1874
 1825 1826
 1826 1924
 1826 1827
 1826 1874
 1827 1875
 1827 1876
 1828 1876
 1829 1877
 1829 1830
 1830 1878
 1830 1877
 1831 1928
 1831 1879
 1831 1832
 1832 1880
 1832 1879
 1833 1834
 1833 1881
 1834 1881
 1834 1835
 1835 1836
 1835 1883
 1835 1884
 1835 1882
 1836 1933
 1836 1884
 1836 1885
 1837 1886
 1837 1838
 1837 1885
 1838 1887
 1838 1886
 1840 1936
 1840 1887
 1841 1937
 1841 1889
 1841 1888
 1842 1889
 1843 1892
 1844 1892
 1845 1846
 1845 1893
 1845 1892
 1846 1893
 1847 1848
 1847 1896
 1847 1894
 1848 1849
 1848 1897
 1849 1944
 1849 1898
 1849 1850
 1850 1899
 1850 1851
 1850 1898
 1851 1901
 1851 1899
 1851 1852
 1852 1853
 1852 1902
 1852 1901
 1853 1902
 1853 1903
 1854 1903
 1854 1855
 1854 1904
 1855 1905
 1855 1904
 1855 1856
 1856 1907
 1856 1906
 1856 1905
 1857 1908
 1858 1909
 1858 1908
 1859 1860
 1859 1909
 1860 1910
 1860 1861
 1861 1912
 1861 1862
 1861 1911
 1862 1913
 1862 1912
 1863 1915
 1863 1864
 1863 1913
 1864 1916
 1864 1915
 1865 1962
 1865 1917
 1865 1916
 1866 1867
 1867 1917
 1867 1868
 1868 1869
 1869 1920
 1869 1919
 1869 1870
 1870 1966
 1870 1920
 1871 1921
 1871 1872
 1872 1873
 1872 1923
 1872 1921
 1873 1923
 1873 1874
 1874 1970
 1875 1876
 1876 1877
 1876 1926
 1876 1925
 1877 1927
 1877 1926
 1878 1974
 1878 1928
 1878 1927
 1879 1976
 1879 1930
 1879 1880
 1879 1928
 1880 1930
 1880 1881
 1881 1930
 1882 1932
 1882 1931
 1883 1932
 1884 1933
 1884 1932
 1885 1886
 1885 1933
 1886 1935
 1886 1934
 1887 1983
 1887 1936
 1888 1937
 1888 1936
 1889 1938
 1889 1937
 1892 1940
 1892 1939
 1893 1894
 1893 1941
 1893 1942
 1893 1940
 1894 1942
 1894 1895
 1895 1896
 1896 1943
 1896 1944
 1898 1946
 1898 1944
 1898 1899
 1899 1995
 1899 1947
 1899 1946
 1901 1947
 1901 1948
 1901 1902
 1902 1950
 1902 1903
 1902 1948
 1904 1905
 1904 1951
 1904 1950
 1905 1952
 1905 1951
 1906 1952
 1907 1953
 1907 1952
 1908 2002
 1908 1954
 1908 1953
 1908 1909
 1909 1955
 1909 1954
 1910 1911
 1910 1955
 1911 1956
 1911 1955
 1911 1912
 1912 1913
 1912 1958
 1912 1956
 1913 1959
 1913 1958
 1914 1960
 1914 1959
 1915 1916
 1915 1961
 1915 1960
 1916 1962
 1917 1963
 1917 1918
 1917 1962
 1918 1964
 1918 1919
 1919 1920
 1919 1964
 1919 1965
 1920 1965
 1921 1922
 1921 1967
 1921 1966
 1922 1923
 1922 1967
 1922 1968
 1923 1969
 1923 1970
 1924 1925
 1924 1971
 1924 1970
 1925 1971
 1926 1973
 1926 2020
 1926 1972
 1926 1927
 1927 1973
 1928 1929
 1928 1974
 1929 2023
 1929 1976
 1930 1931
 1930 1976
 1931 1978
 1931 1977
 1931 1932
 1932 1933
 1932 1978
 1933 1980
 1933 1934
 1934 2028
 1934 1982
 1934 1935
 1934 1981
 1935 2029
 1935 1983
 1936 1985
 1936 1937
 1936 1983
 1937 1987
 1937 1986
 1937 1985
 1939 1989
 1940 1989
 1940 1941
 1941 1990
 1941 1942
 1942 1991
 1942 1943
 1942 1990
 1943 1992
 1943 1991
 1943 1944
 1944 1945
 1944 1994
 1944 1993
 1944 1992
 1946 1994
 1946 1995
 1947 1996
 1947 1948
 1947 1995
 1948 1949
 1948 1996
 1949 1997
 1949 1998
 1949 1950
 1950 1999
 1950 1951
 1950 1998
 1951 1952
 1951 1999
 1952 2000
 1952 2001
 1953 2046
 1953 2001
 1954 1955
 1954 2003
 1955 2005
 1955 1956
 1955 2003
 1956 1957
 1956 2006
 1958 2007
 1958 1959
 1958 2006
 1959 1960
 1959 2008
 1960 1961
 1960 2009
 1961 1962
 1962 2011
 1962 1963
 1962 2009
 1963 2059
 1963 2012
 1963 1964
 1963 2011
 1964 2012
 1964 1965
 1965 2014
 1965 1966
 1966 2015
 1966 1967
 1967 2016
 1967 1968
 1967 2015
 1968 2017
 1968 2016
 1969 2018
 1969 1970
 1970 2019
 1970 1971
 1971 2019
 1972 2020
 1972 2019
 1973 2022
 1973 1974
 1973 2020
 1974 1975
 1975 2023
 1975 2022
 1976 2072
 1976 2024
 1976 2023
 1977 2025
 1977 1978
 1978 2074
 1978 1979
 1978 2026
 1979 1980
 1980 2075
 1980 2027
 1980 2026
 1981 2028
 1981 2027
 1982 2029
 1982 2028
 1983 2031
 1983 2029
 1983 1984
 1984 1985
 1985 2032
 1985 2031
 1986 2032
 1987 2032
 1989 2083
 1989 2035
 1989 2034
 1989 1990
 1990 2036
 1990 1991
 1991 2037
 1992 2037
 1992 2038
 1992 1993
 1993 2087
 1993 2039
 1993 1994
 1994 2088
 1994 2040
 1994 2039
 1994 1995
 1995 2040
 1996 1997
 1996 2042
 1996 2041
 1997 1998
 1997 2042
 1998 1999
 1998 2042
 1999 2043
 1999 2044
 2000 2045
 2000 2044
 2000 2001
 2001 2046
 2002 2003
 2002 2046
 2003 2048
 2003 2047
 2004 2048
 2004 2005
 2004 2050
 2005 2050
 2005 2051
 2005 2006
 2006 2052
 2006 2053
 2006 2051
 2006 2007
 2007 2054
 2007 2008
 2007 2053
 2008 2009
 2008 2054
 2009 2057
 2009 2056
 2009 2055
 2009 2010
 2010 2057
 2011 2058
 2012 2060
 2012 2059
 2013 2060
 2013 2014
 2014 2015
 2014 2062
 2015 2016
 2015 2063
 2016 2017
 2016 2064
 2017 2065
 2017 2064
 2017 2018
 2018 2065
 2018 2019
 2019 2020
 2019 2068
 2019 2066
 2020 2069
 2020 2068
 2021 2022
 2022 2071
 2022 2023
 2022 2069
 2023 2071
 2024 2073
 2024 2025
 2024 2072
 2025 2074
 2025 2073
 2026 2075
 2026 2074
 2027 2076
 2027 2075
 2028 2029
 2028 2077
 2029 2124
 2029 2078
 2029 2077
 2031 2079
 2031 2078
 2031 2032
 2032 2080
 2032 2079
 2033 2080
 2034 2083
 2035 2085
 2035 2036
 2035 2083
 2036 2086
 2036 2037
 2037 2086
 2039 2088
 2039 2135
 2040 2090
 2040 2041
 2040 2088
 2041 2091
 2041 2090
 2041 2042
 2042 2092
 2042 2043
 2043 2093
 2043 2044
 2043 2092
 2044 2143
 2044 2045
 2044 2094
 2045 2046
 2046 2095
 2046 2094
 2047 2095
 2047 2096
 2047 2048
 2048 2147
 2048 2096
 2048 2097
 2050 2148
 2050 2149
 2050 2051
 2050 2097
 2050 2098
 2051 2098
 2051 2099
 2052 2099
 2053 2100
 2053 2054
 2053 2099
 2054 2100
 2054 2055
 2055 2102
 2055 2103
 2055 2056
 2055 2101
 2056 2103
 2057 2104
 2057 2103
 2058 2105
 2058 2059
 2059 2105
 2059 2060
 2060 2106
 2060 2105
 2061 2062
 2062 2063
 2062 2107
 2063 2109
 2063 2108
 2064 2110
 2064 2065
 2065 2112
 2065 2111
 2065 2110
 2066 2113
 2066 2067
 2068 2113
 2068 2069
 2069 2115
 2069 2114
 2069 2070
 2070 2117
 2070 2116
 2070 2071
 2070 2115
 2071 2118
 2071 2117
 2072 2119
 2072 2118
 2072 2073
 2073 2074
 2073 2120
 2074 2122
 2074 2120
 2074 2075
 2075 2122
 2076 2122
 2076 2123
 2076 2077
 2077 2124
 2078 2125
 2078 2079
 2078 2124
 2079 2127
 2079 2126
 2079 2125
 2080 2128
 2080 2127
 2082 2130
 2083 2130
 2083 2131
 2083 2084
 2084 2085
 2084 2132
 2084 2131
 2085 2132
 2085 2133
 2085 2086
 2086 2134
 2086 2133
 2086 2087
 2087 2135
 2087 2134
 2088 2089
 2088 2135
 2089 2090
 2089 2136
 2090 2091
 2090 2137
 2091 2138
 2091 2092
 2092 2142
 2092 2141
 2092 2093
 2093 2142
 2093 2143
 2094 2095
 2094 2143
 2095 2096
 2095 2144
 2095 2146
 2096 2147
 2097 2148
 2097 2147
 2098 2099
 2098 2150
 2099 2100
 2099 2200
 2099 2151
 2100 2201
 2100 2151
 2100 2152
 2102 2153
 2102 2103
 2102 2152
 2103 2155
 2103 2153
 2103 2104
 2104 2105
 2104 2156
 2104 2155
 2105 2158
 2105 2156
 2105 2106
 2106 2207
 2106 2159
 2106 2107
 2106 2158
 2107 2208
 2107 2160
 2107 2108
 2108 2109
 2108 2161
 2108 2160
 2109 2110
 2110 2211
 2110 2162
 2110 2161
 2110 2111
 2111 2163
 2111 2162
 2112 2163
 2112 2164
 2112 2113
 2113 2165
 2113 2114
 2113 2164
 2114 2166
 2114 2115
 2114 2165
 2115 2168
 2115 2166
 2115 2116
 2116 2169
 2117 2169
 2117 2118
 2118 2119
 2118 2171
 2118 2169
 2119 2171
 2119 2120
 2120 2173
 2120 2172
 2121 2175
 2121 2122
 2121 2173
 2121 2174
 2122 2176
 2122 2123
 2123 2177
 2123 2176
 2123 2124
 2124 2125
 2124 2177
 2125 2179
 2125 2126
 2126 2180
 2126 2179
 2127 2181
 2127 2180
 2130 2230
 2130 2183
 2130 2182
 2131 2231
 2131 2183
 2131 2184
 2131 2132
 2132 2133
 2132 2184
 2133 2185
 2133 2134
 2133 2184
 2134 2135
 2134 2186
 2134 2187
 2135 2136
 2135 2187
 2136 2189
 2136 2137
 2137 2190
 2137 2189
 2137 2138
 2138 2191
 2138 2139
 2138 2190
 2139 2191
 2139 2140
 2140 2192
 2141 2142
 2142 2193
 2142 2192
 2142 2143
 2143 2144
 2143 2193
 2144 2195
 2144 2145
 2144 2194
 2145 2195
 2145 2196
 2145 2146
 2146 2197
 2146 2196
 2147 2198
 2147 2148
 2148 2198
 2149 2198
 2149 2199
 2150 2199
 2151 2249
 2151 2201
 2151 2200
 2152 2153
 2152 2203
 2152 2201
 2153 2203
 2154 2155
 2154 2204
 2155 2205
 2155 2204
 2156 2205
 2157 2206
 2157 2205
 2158 2206
 2159 2208
 2159 2207
 2160 2210
 2160 2161
 2160 2208
 2161 2211
 2162 2213
 2162 2163
 2162 2211
 2163 2214
 2163 2164
 2164 2165
 2165 2215
 2165 2214
 2166 2167
 2167 2215
 2168 2264
 2168 2217
 2168 2216
 2169 2217
 2169 2170
 2170 2265
 2170 2218
 2170 2217
 2171 2219
 2172 2219
 2173 2267
 2173 2220
 2173 2219
 2174 2221
 2174 2220
 2174 2175
 2175 2176
 2176 2223
 2176 2177
 2176 2221
 2177 2224
 2177 2178
 2178 2225
 2178 2224
 2178 2179
 2179 2226
 2179 2225
 2180 2227
 2180 2226
 2181 2227
 2182 2230
 2183 2231
 2184 2232
 2184 2185
 2184 2231
 2185 2233
 2185 2232
 2186 2233
 2186 2187
 2187 2188
 2187 2233
 2188 2189
 2188 2235
 2188 2234
 2189 2190
 2189 2235
 2190 2191
 2190 2238
 2190 2237
 2191 2238
 2191 2192
 2192 2193
 2192 2239
 2192 2238
 2193 2241
 2193 2239
 2193 2194
 2194 2242
 2194 2241
 2194 2195
 2195 2288
 2195 2243
 2195 2242
 2196 2197
 2196 2244
 2197 2198
 2197 2244
 2197 2245
 2198 2199
 2198 2245
 2198 2247
 2199 2248
 2199 2247
 2200 2249
 2200 2248
 2201 2250
 2201 2249
 2201 2202
 2202 2203
 2202 2251
 2202 2250
 2203 2251
 2203 2204
 2204 2205
 2204 2251
 2205 2253
 2205 2252
 2206 2254
 2206 2207
 2206 2253
 2207 2256
 2207 2254
 2207 2208
 2207 2255
 2208 2209
 2209 2256
 2209 2257
 2210 2258
 2210 2257
 2210 2211
 2211 2258
 2212 2304
 2212 2213
 2212 2259
 2212 2258
 2213 2260
 2213 2214
 2214 2261
 2214 2260
 2214 2215
 2215 2263
 2215 2216
 2215 2262
 2215 2261
 2216 2263
 2216 2264
 2217 2310
 2217 2265
 2217 2264
 2218 2266
 2218 2219
 2218 2265
 2219 2267
 2219 2312
 2219 2266
 2220 2221
 2220 2269
 2220 2267
 2221 2222
 2221 2269
 2221 2270
 2222 2271
 2222 2270
 2223 2272
 2223 2224
 2224 2273
 2224 2272
 2225 2226
 2226 2274
 2226 2273
 2227 2275
 2227 2274
 2230 2277
 2230 2276
 2231 2323
 2231 2278
 2231 2277
 2232 2233
 2232 2278
 2233 2281
 2233 2280
 2233 2234
 2233 2279
 2234 2282
 2234 2235
 2235 2328
 2235 2283
 2235 2236
 2236 2237
 2237 2238
 2237 2284
 2238 2239
 2238 2284
 2239 2240
 2239 2286
 2240 2334
 2240 2241
 2240 2286
 2240 2287
 2241 2242
 2242 2288
 2242 2287
 2243 2289
 2243 2288
 2244 2289
 2244 2245
 2245 2291
 2245 2246
 2245 2289
 2246 2291
 2247 2292
 2247 2291
 2248 2293
 2248 2249
 2248 2292
 2249 2293
 2250 2295
 2250 2251
 2250 2294
 2251 2295
 2251 2252
 2252 2297
 2252 2253
 2252 2296
 2253 2299
 2253 2298
 2254 2255
 2254 2300
 2255 2256
 2256 2257
 2256 2300
 2257 2258
 2257 2302
 2258 2302
 2258 2304
 2259 2260
 2259 2304
 2260 2306
 2260 2261
 2261 2307
 2261 2262
 2262 2308
 2262 2307
 2263 2264
 2263 2308
 2264 2308
 2265 2266
 2265 2311
 2265 2310
 2266 2311
 2267 2268
 2268 2314
 2268 2269
 2269 2270
 2269 2314
 2270 2316
 2270 2271
 2271 2318
 2271 2317
 2271 2272
 2271 2316
 2272 2273
 2272 2318
 2273 2274
 2274 2320
 2274 2319
 2275 2320
 2277 2367
 2277 2323
 2277 2322
 2278 2279
 2278 2323
 2279 2371
 2279 2324
 2280 2281
 2280 2325
 2281 2282
 2281 2327
 2281 2375
 2282 2328
 2282 2327
 2283 2284
 2283 2330
 2283 2328
 2284 2285
 2285 2286
 2285 2331
 2285 2330
 2286 2331
 2286 2333
 2287 2334
 2288 2335
 2289 2290
 2289 2336
 2290 2337
 2290 2291
 2291 2339
 2291 2292
 2292 2340
 2292 2293
 2293 2341
 2293 2294
 2294 2342
 2295 2343
 2295 2296
 2295 2342
 2296 2344
 2296 2297
 2297 2344
 2298 2344
 2298 2406
 2299 2345
 2299 2300
 2300 2348
 2300 2301
 2300 2346
 2301 2302
 2302 2303
 2302 2350
 2302 2348
 2303 2304
 2304 2305
 2304 2350
 2305 2306
 2305 2352
 2306 2353
 2306 2307
 2307 2308
 2308 2355
 2308 2354
 2308 2309
 2308 2353
 2309 2356
 2309 2310
 2310 2311
 2311 2312
 2311 2357
 2311 2356
 2312 2358
 2312 2313
 2313 2314
 2314 2359
 2314 2358
 2315 2361
 2315 2359
 2315 2316
 2316 2317
 2317 2362
 2317 2361
 2317 2318
 2318 2362
 2318 2319
 2319 2364
 2319 2320
 2320 2365
 2320 2321
 2323 2369
 2323 2324
 2323 2367
 2324 2371
 2324 2369
 2325 2373
 2325 2326
 2325 2371
 2326 2375
 2326 2373
 2327 2377
 2327 2375
 2328 2329
 2328 2377
 2329 2380
 2329 2378
 2329 2330
 2330 2382
 2330 2380
 2331 2332
 2331 2382
 2332 2333
 2332 2383
 2333 2386
 2333 2384
 2333 2334
 2334 2388
 2334 2335
 2334 2386
 2335 2389
 2335 2336
 2336 2391
 2336 2337
 2336 2389
 2337 2393
 2337 2391
 2337 2338
 2338 2395
 2338 2339
 2338 2393
 2339 2397
 2339 2340
 2339 2395
 2340 2399
 2340 2397
 2340 2341
 2341 2401
 2341 2342
 2341 2399
 2342 2402
 2343 2404
 2343 2344
 2343 2402
 2344 2406
 2344 2404
 2345 2408
 2345 2346
 2345 2406
 2346 2409
 2346 2347
 2347 2411
 2347 2348
 2347 2409
 2348 2413
 2348 2411
 2348 2349
 2349 2415
 2349 2350
 2349 2413
 2350 2417
 2350 2415
 2350 2351
 2351 2419
 2351 2352
 2351 2417
 2352 2421
 2352 2353
 2352 2419
 2353 2423
 2353 2354
 2353 2421
 2354 2425
 2354 2423
 2355 2427
 2355 2356
 2355 2425
 2356 2429
 2356 2427
 2357 2431
 2357 2358
 2357 2429
 2358 2433
 2358 2431
 2358 2359
 2359 2433
 2359 2360
 2360 2436
 2360 2361
 2360 2434
 2361 2438
 2361 2436
 2362 2440
 2362 2363
 2362 2438
 2363 2442
 2363 2364
 2363 2440
 2364 2444
 2364 2442
 2364 2365
