    2  126
    2   82
    3   82
    4   83
    4   82
    6   84
    6   83
    8   84
    9   86
    9   85
   11  130
   11   87
   11   86
   13   87
   14   88
   14   89
   16  132
   16   90
   16   89
   18   91
   18   90
   19   92
   21   93
   21   92
   22   93
   23   94
   23   93
   25   94
   25   95
   27   96
   27   95
   28   96
   29   97
   29   96
   31   98
   31   97
   33  140
   33   99
   33   98
   34  100
   34   99
   36  101
   36  100
   38  102
   38  101
   39  102
   40  102
   40  103
   42  146
   42  104
   42  103
   44  105
   44  104
   46  106
   46  105
   48  106
   48  107
   50  150
   50  108
   50  107
   52  108
   53  110
   53  109
   55  111
   55  110
   57  153
   57  111
   57  112
   59  112
   59  113
   61  113
   61  114
   62  114
   62  115
   64  115
   64  116
   66  117
   66  116
   67  117
   68  118
   68  117
   70  119
   70  118
   71  120
   71  119
   73  121
   73  120
   75  122
   75  121
   77  123
   77  122
   79  165
   79  123
   81  126
   82  127
   82  126
   83  128
   83   84
   84   85
   85 2173
   85  129
   85   86
   87   88
   87  130
   88  174
   88   89
   88  173
   88  131
   90   91
   90  132
   91  134
   91   92
   91  133
   93  136
   93   94
   93  135
   94  137
   94   95
   96  182
   96  181
   96   97
   96  138
   97   98
   98  140
   98  139
   99  141
   99  140
  100  101
  101  102
  101  142
  102  144
  102  143
  103  146
  103  144
  104  147
  104  105
  105  106
  106  147
  106  107
  107  150
  107  148
  108  193
  108  109
  108  150
  109  110
  109  193
  110  195
  110  194
  110  151
  110  152
  110  111
  111  153
  112  154
  112  113
  112  153
  113  155
  114  115
  115  116
  115  155
  115  157
  117  159
  117  158
  117  118
  118  119
  119  161
  119  160
  120 2172
  120  121
  121 2172
  121  122
  122  162
  122  123
  123  165
  123  164
  123  163
  124  165
  125  168
  126  169
  126  168
  126  127
  127  128
  127  169
  128 2173
  129  130
  129 2173
  130  131
  130  172
  131  173
  131  172
  132  133
  132 2181
  132  174
  133 2181
  133  134
  133  175
  134  135
  135  178
  135  177
  135  136
  136 2176
  136  137
  136  178
  137  138
  137 2176
  137  179
  138  179
  139  224
  139  183
  139  140
  139  182
  140  141
  140  183
  141  185
  141  142
  142  186
  142  143
  143  188
  143  144
  143  187
  144  188
  145  190
  145  146
  146  230
  146  147
  146  190
  147  148
  147  232
  147  231
  147  230
  148  149
  149  191
  150  234
  150  193
  150  192
  152  195
  153  238
  153  154
  153  196
  154  239
  154  197
  154  155
  154  238
  155  197
  155  156
  156  198
  156  283
  156  157
  156  241
  157  158
  157  198
  158  201
  158  159
  158  200
  159  202
  159  160
  160  161
  160  202
  162  204
  162  205
  162  163
  162 2172
  164  206
  164  165
  164  205
  165  208
  165  207
  168  209
  168  211
  168  210
  168  169
  169  212
  169  252
  169  211
  169  170
  170 2173
  171 2173
  171  172
  171  213
  171  214
  172  214
  172  173
  173  215
  173  214
  175  218
  175  217
  175 2181
  176  177
  176  218
  177  220
  177  178
  178 2176
  178  261
  178  220
  179  221
  179 2176
  180  181
  181  266
  181  223
  181  222
  181  182
  182  224
  183  225
  183  224
  185  270
  185  186
  185  225
  186  226
  186  187
  187  227
  187  226
  187  188
  188  189
  188  228
  188  227
  189  228
  190  230
  190  229
  191  192
  191  233
  191  232
  192  276
  192  233
  192  234
  193  236
  193  234
  194  195
  194  236
  195  237
  195  196
  197  240
  197  239
  198  284
  198  242
  198  283
  199  200
  200  243
  200  201
  200  242
  201  243
  201  202
  202  287
  202  245
  202  203
  202  244
  203  289
  203 2172
  204  247
  204  205
  204  246
  205  248
  205  206
  205  247
  206  248
  206  207
  207  292
  207  249
  207  248
  209  251
  210  251
  210  211
  211  252
  212  254
  212  252
  213  255
  213  254
  213 2173
  214  256
  214  255
  215  257
  215  216
  216 2217
  216 2181
  217  259
  217 2181
  217 2217
  218  219
  219  220
  219  260
  220  261
  220  260
  221  222
  222  264
  223  267
  223  224
  223  266
  224  269
  224  268
  224  267
  226  271
  226  227
  226  270
  227  272
  227  271
  228  272
  230  316
  230  315
  230  273
  230  231
  231  274
  231  316
  232  274
  233  276
  233  275
  234  277
  234  276
  235  236
  235  278
  236  237
  237  320
  237  279
  237  238
  237  278
  238  281
  238  239
  239  281
  240  282
  243  327
  243  244
  243  286
  244  328
  244  327
  244  287
  245  329
  245  288
  246  290
  246  247
  246  289
  246 2172
  247  248
  247  290
  248  292
  249  292
  251  294
  252  296
  252  253
  253  297
  253  296
  253  254
  254  298
  254  297
  254  255
  255  339
  255  299
  255  256
  255  298
  256  299
  256  300
  257  301
  257  300
  257  258
  259 2217
  259  345
  259  303
  259  302
  260  304
  260  261
  260  303
  261  305
  261  304
  262  305
  262 2176
  263 2176
  263  264
  264  306
  264  265
  265  308
  265  266
  265  307
  266  308
  266  267
  267  268
  267  308
  268  269
  268  309
  269  270
  270  312
  270  311
  271  312
  271  272
  272  313
  272  273
  272  312
  273  313
  274  317
  274  316
  275  358
  276  358
  276  277
  277  359
  277  318
  277  358
  278  319
  278  318
  279  361
  279  280
  279  321
  279  320
  280  321
  280  281
  281  282
  282  283
  282  323
  282  322
  283  284
  284  325
  284  285
  284  324
  285  286
  285  326
  287  329
  287  328
  289  331
  289  330
  290  332
  290  331
  291  333
  292  334
  292  333
  294  295
  295  336
  295  335
  295  296
  296  337
  296  336
  296  297
  297  337
  297  298
  298  339
  299  376
  299  340
  299  339
  300  342
  300  301
  301  302
  302  345
  302  344
  302  343
  302 2217
  303  346
  303  304
  304  347
  304  346
  305  383
  305  348
  306  307
  306  349
  306  348
  307  349
  308 2186
  308  351
  308  350
  308  309
  309  386
  309  352
  310  311
  311  388
  311  387
  312 2194
  312  353
  312  389
  312  313
  313  354
  313  353
  313  355
  314  356
  314  315
  315  392
  315  356
  315  316
  316  317
  316  392
  318  360
  319  397
  319  360
  319  320
  320  397
  321  322
  321  362
  321  361
  322  363
  322  362
  322  323
  323  364
  323  363
  324  403
  324  325
  324  364
  325  365
  325  403
  326  404
  326  327
  326  365
  327  406
  327  328
  327  366
  328  367
  328  406
  329  330
  330  331
  330  368
  331  410
  331  409
  331  332
  331  368
  332  410
  332  333
  332  369
  333  411
  333  370
  333  369
  334  370
  336  414
  336  373
  336  372
  336  337
  337  373
  337  338
  338  416
  339  375
  339  376
  340  377
  340  341
  340  376
  341  418
  341  378
  341  342
  342  343
  343  380
  343  379
  344  345
  344  381
  344  380
  345  346
  346  382
  346  381
  347  421
  347  383
  349  350
  349  385
  349  384
  351  424
  351  465
  351  386
  351 2186
  352  425
  352  387
  353  390
  353  428
  353  389
  354  391
  354  390
  356  431
  356  392
  356  391
  357  358
  358  394
  358  359
  359  434
  359  395
  359  394
  360  397
  361  398
  361  399
  361  362
  361  397
  362  400
  362  399
  363  364
  363  400
  365  403
  366  405
  366  406
  366  404
  367  408
  367  368
  368  409
  368  408
  369  410
  370  412
  372  414
  373  374
  373  414
  374  454
  374  416
  375  417
  375  376
  375  416
  376  455
  376  377
  377  456
  377  418
  377  455
  378  419
  378  379
  378  418
  380  381
  380  420
  381  460
  381  382
  381  461
  381  420
  382  461
  382  421
  383  422
  383  421
  384  385
  384  423
  384  422
  385 2187
  385  423
  386 2196
  386  425
  386  465
  387  388
  387  425
  388  427
  388  389
  388 2194
  389  427
  389  428
  390  429
  390  430
  391  431
  392  393
  392  432
  392  431
  393  394
  394  434
  394  433
  395  435
  395  396
  395  434
  397  437
  398  439
  398  438
  398  399
  399  440
  399  439
  400  440
  401  402
  402  403
  402  479
  403  442
  403  441
  404 2204
  404  442
  405 2204
  405  406
  405  444
  405  443
  406  444
  406  407
  407  408
  407  445
  407  446
  407  444
  408  409
  408  446
  409  448
  409  410
  410 2174
  410  448
  411  488
  411  487
  411  449
  411 2174
  411  412
  413  414
  413  451
  414  415
  414  451
  416  417
  417  495
  417  455
  418  457
  418  456
  419  420
  420  459
  421  462
  421  463
  421  461
  423 2187
  423  464
  423  424
  424 2186
  424  506
  424  505
  424  465
  424  464
  425 2195
  425 2196
  426  466
  427  511
  427  468
  427  467
  427  428
  428  512
  428  511
  428  429
  429  469
  429  512
  431  432
  431  471
  432  473
  432  471
  433  517
  433  474
  433  434
  433  473
  434  474
  435  519
  435  436
  436  437
  437  475
  437  438
  438  439
  438  476
  439  522
  439  477
  439  478
  440  479
  440  478
  441  526
  441  481
  441  442
  441  480
  443  528
  443  444
  443  482
  444  483
  444  528
  445  446
  445  483
  446  484
  446  447
  447  448
  447  485
  448 2174
  449  488
  451  490
  451  491
  452  453
  453  454
  453  492
  453  491
  453  493
  454  494
  455  496
  455  456
  456  497
  456  457
  457  498
  457  458
  457  541
  457  497
  458  459
  459  460
  459  499
  460  501
  460  500
  460  461
  461  502
  461  501
  462  503
  462  502
  463  464
  464  505
  464  504
  465 2196
  465  507
  465  506
  466  509
  467  509
  468  510
  468  511
  469  470
  469  513
  469  514
  470  515
  470  471
  471  472
  471  516
  471  515
  472  517
  472  516
  472  473
  474  558
  474  518
  474  517
  475  476
  475  520
  475  519
  476  477
  476  520
  476  521
  477  521
  477  561
  477  522
  478  523
  478  522
  479  480
  479 2210
  480  525
  480 2210
  480  526
  481 2204
  482  568
  482  528
  482 2204
  483  529
  483  528
  485  531
  485  530
  486 2174
  486  572
  486  532
  487  573
  487  534
  487 2174
  488  535
  490  537
  490  491
  491  537
  492  577
  492  538
  492  493
  492  537
  493  538
  493  494
  494  579
  494  538
  495  539
  495  579
  496  539
  497  582
  497  541
  497  540
  498  542
  499  542
  499  500
  500  501
  500  544
  500  543
  501  544
  501  545
  502  546
  502  545
  503  504
  504  547
  505  548
  505  506
  506  549
  506  548
  507  550
  507  549
  508 2195
  508  551
  508  550
  508  509
  509  551
  509  510
  510  552
  511  553
  511  512
  512  596
  512  513
  512  554
  512  553
  513  555
  513  554
  515  556
  515  555
  516  557
  516  556
  517  601
  517  558
  517  557
  518  519
  518  559
  520  560
  520  559
  521  560
  521  561
  522  562
  522  561
  523  563
  523  524
  524 2211
  524  564
  525 2210
  525  565
  525  526
  526  567
  526  565
  526  527
  527 2204
  528  569
  528  568
  529  570
  529  530
  530  571
  530  570
  530  531
  531  572
  531  571
  532  617
  532  533
  532  572
  533  617
  533  573
  533 2175
  534  574
  534  535
  534  573
  536  576
  537  576
  537  577
  538  579
  538  577
  539  540
  539  580
  539  579
  540  582
  540  580
  540  581
  541  583
  541  542
  541  582
  542  543
  543  585
  543  586
  543  544
  544  545
  544  586
  545  588
  545  587
  546  547
  547  590
  547  548
  547  589
  548  591
  548  590
  548  549
  549  592
  549  591
  551  594
  551  593
  551  552
  552  637
  552  595
  552  594
  553  596
  553  595
  554  597
  554  596
  556  599
  556  557
  556  598
  557  599
  557  601
  558  602
  558 2200
  559  560
  559  602
  560  605
  560  561
  561  606
  561  562
  562  607
  562  606
  562  563
  563  609
  563  564
  564 2210
  565  566
  565  610
  565  611
  566  611
  566  567
  566  612
  567  568
  568  613
  568  652
  568  569
  569  570
  569  613
  570  571
  570  613
  571  616
  571  572
  571  614
  572  617
  573  574
  573  617
  574  618
  575  576
  575  621
  576  577
  577  578
  577  621
  578  623
  578  579
  579  623
  580  581
  580  624
  581  626
  582  626
  582  583
  583  627
  583  584
  583  626
  584  585
  585  586
  585  628
  585  629
  586  630
  586  587
  586  629
  587  631
  588  632
  589  674
  589  632
  590  591
  590  675
  591  677
  591  633
  591  634
  592  635
  592  634
  593  635
  594  637
  594  636
  595  680
  595  637
  595  596
  596  681
  596  638
  596  680
  597  598
  598  640
  598  639
  599  600
  599  640
  600  683
  600  641
  600  640
  601 2200
  601  642
  601  641
  602  603
  603  604
  603  644
  604  645
  604  686
  605  646
  606  647
  606  646
  606  607
  607  608
  607  648
  607  647
  608  648
  608  609
  609  649
  609  648
  610  650
  610  649
  611  651
  611  650
  611  612
  612  691
  612  652
  612  651
  613  654
  613  653
  613  652
  614  693
  614  655
  615  656
  616  657
  618  659
  618  658
  619  659
  621  661
  621  663
  623  701
  623  665
  623  664
  625  665
  626  668
  626  667
  626  627
  627  628
  627  668
  628  629
  628  668
  629  670
  629  669
  630  671
  630  670
  631  632
  632  674
  632  672
  633  676
  633  677
  633  675
  634 2218
  634  677
  635  636
  636  678
  637  717
  637  679
  637  680
  638  720
  638  719
  638  639
  640  682
  640  683
  641  683
  642  725
  642  643
  642  684
  642 2200
  643  644
  643  726
  643  725
  643 2200
  644  645
  645  685
  646  728
  646  647
  646  687
  646  686
  647  648
  647  687
  648  649
  650  690
  650  689
  651  732
  651  691
  651  690
  652 2201
  652  653
  652  691
  653  692
  653 2201
  654  735
  654  693
  655  736
  655  694
  655  693
  656  695
  656  657
  656  694
  657  737
  657  695
  657  658
  658  738
  658  696
  658  737
  658  659
  659  697
  659  696
  661  662
  661  699
  662  699
  662  663
  662  700
  663  743
  663  664
  663  700
  664  743
  664  701
  665  702
  665  666
  665  701
  666  703
  666  746
  666  667
  666  702
  667  703
  668  669
  668  704
  668  703
  669  704
  669  705
  669  706
  669  670
  670  706
  671  707
  671  672
  672  708
  672  673
  672  707
  673  709
  674  709
  674  675
  675  710
  675  709
  676  712
  676  677
  676  711
  677  712
  677  713
  678  716
  678  715
  678  714
  679  716
  680  718
  680  681
  681  718
  681  719
  682  721
  682  720
  683  723
  683  684
  683  722
  684  725
  685  769
  685  727
  685  726
  686  728
  686  727
  687  771
  687  729
  687  728
  688  689
  689  730
  690  773
  690  732
  690  731
  691  733
  691 2201
  691  732
  692  734
  692 2201
  692  735
  693  735
  694  780
  694  779
  694  695
  694  736
  695  737
  696  739
  696  782
  696  738
  698  741
  699  741
  700  743
  700  742
  700  741
  701  744
  701  702
  701  743
  702  746
  702  745
  703  748
  703  704
  703  746
  704  705
  705  749
  705  706
  706  749
  706  750
  706  707
  707  751
  707  750
  708  753
  709  710
  710  795
  710  711
  710  754
  711  754
  711  755
  711  712
  712  755
  713  797
  713 2218
  713  755
  714 2218
  715  758
  715  716
  715  757
  716  800
  716  759
  716  758
  717  759
  718  803
  718  761
  718  719
  718  760
  719  762
  719  761
  721  764
  721  722
  721  763
  722  764
  722  723
  723  724
  723  764
  724  766
  724  765
  724  725
  725  767
  725  766
  727  769
  728  814
  728  771
  728  770
  729  772
  730  816
  730  731
  730  772
  731  816
  731  773
  732  774
  732  773
  733  776
  733 2201
  733  775
  734 2201
  734  777
  734  735
  735  777
  736  821
  736  778
  736  777
  737  738
  737  780
  738  781
  739  782
  741  784
  741  785
  741  742
  742  743
  742  785
  743  787
  744  831
  744  745
  745  746
  745  831
  746  747
  746  789
  747  790
  748  749
  748  790
  749  836
  749  750
  749  791
  750  837
  750  836
  750  792
  751  792
  751  752
  752  794
  752  753
  754  840
  754  755
  754  796
  755  796
  756  757
  756  797
  756 2218
  757  798
  758  800
  758  799
  759  801
  759  760
  759  800
  760  803
  760  801
  761  805
  761  804
  761  803
  762  763
  763  806
  764 2221
  764  808
  764  765
  764  807
  765  809
  765  766
  766  810
  766  809
  767  811
  767  768
  768  769
  769  770
  769  812
  770  813
  771 2212
  771  815
  771  814
  772 2213
  772 2222
  772  816
  772 2212
  773  817
  773  774
  773  816
  774  818
  774  819
  775  819
  776  864
  776  777
  776  820
  777  864
  778  822
  778  821
  779  822
  780  823
  782  825
  782  824
  783  825
  784  785
  784  828
  785  786
  787  872
  787  830
  789  833
  790  835
  790  834
  791  877
  791  836
  791  835
  792  793
  792  838
  793  794
  794  839
  794  795
  795  839
  796  841
  796  797
  796  840
  797  842
  798  843
  798  799
  800  801
  800  844
  801  845
  801  802
  802  888
  802  846
  802  803
  802  845
  803  846
  804  889
  804  847
  805  806
  805  848
  806  807
  807 2221
  807  849
  808  850
  808  809
  808 2221
  809  850
  809  851
  810  853
  810  811
  811  812
  812  813
  812  853
  813  814
  813  854
  814  815
  814  855
  815  856
  815  857
  815  858
  816  817
  816 2222
  817  861
  817  818
  817  860
  818  861
  819  820
  819  861
  820  863
  821  822
  821  864
  822  866
  822  823
  822  865
  823  906
  823  867
  823  866
  823  824
  824  825
  824  867
  825  869
  825  868
  828  911
  828  870
  828  829
  829  913
  829  830
  829  871
  830  913
  830  872
  831  832
  832  874
  832  833
  833  917
  833  875
  833  874
  834  875
  835  877
  835  876
  836  878
  836  837
  837  878
  837  879
  838  881
  838  879
  839  882
  839  881
  840  883
  840  841
  840  882
  841  884
  841  883
  842  885
  843  886
  843  844
  843  885
  845  888
  845  929
  845  887
  846  889
  846  888
  847  848
  848  890
  848  849
  849  891
  850 2221
  850  935
  850  893
  850 2220
  851  893
  851  852
  852  894
  852  853
  853  854
  854  855
  854  895
  855  895
  855  856
  856  857
  856  896
  857  940
  857  898
  857  897
  858 2213
  858  898
  858  859
  859 2222
  859 2213
  859  899
  859  898
  860  943
  860  900
  861  862
  861  901
  862  903
  862  902
  863  864
  863  903
  864  904
  864  865
  865 2189
  865  866
  866  906
  866 2189
  867  907
  867  868
  867  906
  868  909
  868  908
  868  907
  870  911
  871  913
  871  912
  871  911
  872  873
  872  914
  872  913
  873  874
  874  915
  875  918
  875  917
  876  918
  877  919
  877  878
  878  961
  878  879
  878  920
  879  920
  879  880
  880  922
  880  881
  880  921
  881  882
  881  923
  881  922
  882  883
  883  965
  883  924
  883  923
  884  926
  885  886
  885  926
  886  887
  886  927
  886  928
  888  930
  888  889
  889  930
  889  931
  889  890
  890  891
  891  932
  891  892
  892  935
  892 2220
  892  933
  893  937
  894 1017
  894  895
  894  937
  895  938
  895  896
  896  897
  896  938
  897  939
  897  940
  898  941
  898  899
  898  940
  899  900
  899 2222
  900  942
  900 2222
  901  984
  901  944
  901  943
  902  945
  902  944
  904  948
  904  946
  905  948
  905 2189
  906  907
  906  950
  907 2178
  907  951
  907  908
  907  950
  908  952
  909  952
  911  955
  911  954
  912  956
  912  955
  913  914
  913  956
  914  997
  914  996
  914  957
  914  915
  914  956
  915  916
  916  998
  916  917
  916  958
  916  957
  917  918
  918  959
  918  958
  919  961
  919  960
  920  962
  920  921
  921 1003
  921  963
  921  962
  922  964
  922  963
  924  966
  924  925
  924  965
  925  926
  926  927
  926  967
  927  928
  927  968
  928  969
  928  970
  928  929
  929  972
  929  930
  930  972
  931  932
  932  933
  932  973
  933  974
  933  934
  934  975
  934  974
  934  935
  935 2220
  935  976
  935  975
  935  936
  936  937
  936  977
  936  976
  937 1017
  937  977
  938  939
  938  979
  938  978
  939 1020
  939 1019
  939  979
  939  980
  939  940
  940  980
  941  982
  941  981
  942  983
  942  982
  943  983
  944  985
  945  946
  946 1026
  946  947
  946  985
  947  987
  947  986
  947  948
  948  988
  948  987
  949 2189
  949  989
  949  950
  950 2178
  951  992
  951  952
  951 2178
  952  993
  952  992
  954  995
  955 1036
  955  995
  956 1036
  956  996
  957 1039
  957  998
  957  997
  958 1040
  958  999
  958  959
  958  998
  959 1001
  959  960
  959 1000
  959  999
  961 1002
  961 1043
  961 1001
  962 1003
  962 1002
  963 1004
  963 1003
  963  964
  964 1005
  964 1004
  965 1006
  965  966
  965 1005
  966 1007
  966  967
  967  968
  967 1008
  968 1009
  969  970
  969 1009
  970 1011
  970  971
  971 1054
  971  972
  971 1011
  972 1055
  972 1054
  972 1012
  973 1057
  973 1056
  973 1013
  973 1012
  974 1014
  974  975
  974 1013
  975 1014
  975  976
  975 1015
  976 1015
  976  977
  977 1017
  978 1018
  978  979
  978 1017
  979 1018
  979 1019
  980 1065
  980 1021
  980  981
  980 1020
  981 1022
  981 1021
  982 1022
  983 1023
  984 1025
  985 1025
  985 1070
  985 1026
  986 1027
  986  987
  986 1026
  987  988
  987 1027
  988 1028
  988 2188
  989 2188
  989 1031
  990 2178
  991 2180
  991 2178
  992 1034
  992 1033
  995 1080
  995 1035
  995 1036
  996 1037
  996  997
  996 1036
  997 1039
  997 1037
  998 1040
  998 1084
  999 1000
  999 1040
 1000 1086
 1000 1042
 1000 1001
 1001 1043
 1001 1042
 1002 1044
 1002 1003
 1002 1043
 1003 1004
 1003 1044
 1004 1046
 1004 1005
 1005 1046
 1005 1006
 1006 1049
 1006 1048
 1007 1050
 1007 1008
 1007 1049
 1008 1009
 1008 1051
 1009 1051
 1009 1010
 1010 1011
 1011 1053
 1011 1054
 1011 1052
 1012 1100
 1012 1056
 1012 1055
 1013 1014
 1013 1058
 1013 1057
 1014 1059
 1014 1058
 1015 1060
 1015 1059
 1016 1061
 1016 1017
 1016 1060
 1017 1062
 1017 1018
 1018 1062
 1019 1064
 1019 1020
 1020 1065
 1021 1067
 1021 1066
 1021 1065
 1022 1067
 1022 1023
 1023 1024
 1023 1069
 1024 1025
 1025 1115
 1025 1069
 1025 1070
 1026 1027
 1026 1070
 1027 1028
 1027 1071
 1029 1073
 1029 1030
 1029 2188
 1030 1075
 1030 1031
 1030 1074
 1031 1075
 1031 1032
 1032 2180
 1032 1076
 1032 1075
 1032 2179
 1033 2180
 1033 1077
 1033 1034
 1033 1076
 1034 1077
 1035 1080
 1036 1081
 1037 1038
 1037 1082
 1038 1083
 1038 1039
 1039 1084
 1039 1129
 1040 1131
 1040 1041
 1040 1085
 1041 1086
 1042 1087
 1042 1043
 1043 1087
 1043 1088
 1044 1090
 1044 1089
 1045 1091
 1046 1093
 1046 1091
 1046 1047
 1046 1092
 1047 1048
 1047 1094
 1047 1093
 1048 1140
 1048 1094
 1048 1095
 1048 1049
 1049 1095
 1049 1050
 1050 1141
 1050 1142
 1050 1096
 1050 1051
 1050 1095
 1051 1052
 1051 1096
 1052 1096
 1052 1097
 1052 1053
 1053 1098
 1053 1054
 1053 1097
 1054 1055
 1055 1100
 1056 1101
 1056 1057
 1057 1058
 1057 1102
 1058 1102
 1058 1103
 1059 1104
 1059 1060
 1060 1106
 1061 1107
 1061 1062
 1062 1154
 1062 1063
 1062 1107
 1063 1109
 1064 1109
 1064 1065
 1065 1110
 1065 1066
 1066 1067
 1066 1111
 1066 1112
 1067 1113
 1067 1068
 1068 1114
 1068 1069
 1069 1114
 1069 1115
 1070 1116
 1071 1118
 1072 1073
 1073 1074
 1073 1119
 1073 1120
 1074 1075
 1074 1120
 1074 1121
 1075 1122
 1075 1076
 1076 1123
 1076 1077
 1076 2180
 1077 1078
 1078 1123
 1079 1126
 1081 1126
 1082 1128
 1083 1129
 1083 1128
 1084 1131
 1084 1130
 1085 1132
 1086 1133
 1086 1132
 1086 1087
 1087 1088
 1087 1133
 1088 1089
 1088 1134
 1089 1090
 1090 1136
 1091 2214
 1091 1136
 1092 1137
 1092 1093
 1093 1094
 1093 1137
 1094 1140
 1094 1138
 1095 1141
 1095 1140
 1096 1144
 1096 1097
 1096 1142
 1097 1145
 1097 1144
 1098 1099
 1098 1145
 1099 1100
 1099 1146
 1099 1147
 1100 1148
 1100 1101
 1101 1149
 1101 1102
 1102 1103
 1103 1150
 1103 1149
 1104 1105
 1104 1150
 1105 1106
 1106 1107
 1106 1151
 1107 1154
 1107 1153
 1108 1109
 1108 1155
 1108 1154
 1109 1110
 1110 1156
 1110 1111
 1111 1197
 1111 2219
 1111 1112
 1112 1157
 1112 1197
 1112 1113
 1113 1114
 1113 1157
 1114 1157
 1114 1159
 1115 1116
 1115 1160
 1116 1117
 1116 1161
 1117 1118
 1117 1162
 1118 1119
 1119 1163
 1119 1120
 1119 1162
 1120 1164
 1120 1163
 1121 1166
 1123 1206
 1123 1205
 1123 1167
 1123 1166
 1125 1169
 1125 1126
 1126 1169
 1126 1127
 1126 1170
 1127 1171
 1127 1128
 1127 1170
 1129 1172
 1130 1173
 1131 1173
 1132 1175
 1132 2199
 1132 1133
 1132 1174
 1133 1175
 1133 1134
 1134 1135
 1135 1177
 1136 1178
 1137 2214
 1137 1138
 1137 1179
 1138 1179
 1138 1139
 1139 1181
 1140 2223
 1140 1181
 1141 1142
 1141 2223
 1142 1143
 1142 1182
 1143 1224
 1143 1184
 1143 1144
 1144 1184
 1144 1145
 1145 1185
 1146 1185
 1147 1148
 1147 1186
 1148 1189
 1148 1149
 1148 1188
 1149 1189
 1149 1150
 1150 2215
 1150 1151
 1151 2215
 1151 1191
 1151 1152
 1152 1192
 1153 1193
 1153 1192
 1153 1154
 1154 1193
 1155 1236
 1155 1195
 1156 2219
 1156 1195
 1156 1196
 1157 1198
 1157 1158
 1157 1197
 1158 1240
 1158 1159
 1158 1199
 1158 1198
 1159 1199
 1159 1160
 1160 1200
 1161 1243
 1161 1242
 1161 1201
 1161 1162
 1161 1200
 1162 1163
 1163 1245
 1163 1244
 1163 1202
 1163 1201
 1164 1203
 1164 1165
 1165 1203
 1165 1204
 1165 1166
 1166 1205
 1166 1204
 1167 1206
 1169 1209
 1169 1208
 1170 1210
 1170 1171
 1171 1211
 1171 1172
 1171 1210
 1172 1253
 1172 1255
 1172 1173
 1172 1254
 1172 1211
 1173 1255
 1173 1174
 1173 1212
 1174 1212
 1174 1213
 1174 2199
 1175 2199
 1175 1215
 1175 1176
 1176 1216
 1176 1177
 1177 1260
 1177 1178
 1177 1217
 1178 1261
 1178 1218
 1178 1217
 1178 2214
 1179 1218
 1179 1219
 1179 2214
 1180 1220
 1180 1219
 1181 2223
 1181 1221
 1181 1220
 1182 1183
 1182 1222
 1182 2223
 1183 1224
 1184 1225
 1184 1185
 1184 1267
 1185 1186
 1185 1225
 1186 1226
 1186 1187
 1187 1188
 1188 1189
 1188 1228
 1189 1272
 1189 1273
 1189 1229
 1189 1228
 1190 1230
 1191 1192
 1191 1231
 1192 1233
 1192 1234
 1192 1193
 1193 1194
 1193 1234
 1194 1236
 1195 1196
 1196 1237
 1197 2219
 1197 1239
 1197 1238
 1198 1240
 1198 1239
 1199 1283
 1199 1241
 1199 1200
 1199 1240
 1200 1242
 1200 1241
 1201 1285
 1201 1244
 1201 1243
 1202 1203
 1202 1245
 1203 1288
 1203 1246
 1203 1245
 1204 1246
 1204 1247
 1206 1248
 1207 1249
 1209 1252
 1209 1292
 1209 1251
 1209 1210
 1210 1252
 1210 1211
 1211 1252
 1212 1213
 1212 1257
 1212 1255
 1213 1258
 1213 2199
 1214 2199
 1214 1215
 1216 1259
 1217 1261
 1218 2214
 1218 1219
 1218 1262
 1219 1262
 1220 2205
 1220 1264
 1220 1221
 1221 1264
 1221 2223
 1221 1222
 1222 1223
 1223 1224
 1223 1265
 1224 1267
 1225 1268
 1225 1267
 1226 1227
 1226 1268
 1227 1271
 1227 1269
 1228 1308
 1228 1272
 1228 1271
 1229 1274
 1229 1273
 1229 1230
 1230 2216
 1230 1274
 1231 1232
 1233 1277
 1233 1234
 1233 1276
 1234 1235
 1234 1277
 1235 1315
 1235 1278
 1235 1236
 1236 1279
 1237 1281
 1237 1280
 1237 1238
 1237 2219
 1238 1281
 1238 2219
 1239 2224
 1240 1323
 1240 1322
 1240 1283
 1241 1242
 1241 1283
 1242 1243
 1243 1284
 1244 1287
 1244 1245
 1244 1285
 1245 1288
 1246 1329
 1246 1328
 1246 1288
 1247 1330
 1247 1329
 1247 1248
 1248 1330
 1248 1249
 1248 1289
 1249 1290
 1249 1289
 1249 1250
 1251 1292
 1252 1253
 1252 1292
 1252 1293
 1252 1334
 1253 1294
 1253 1254
 1254 1255
 1255 1295
 1255 1256
 1256 1339
 1256 1296
 1258 1259
 1258 1296
 1259 1298
 1259 1299
 1259 1260
 1260 1299
 1261 1343
 1261 1301
 1261 1262
 1261 1300
 1262 1302
 1262 1301
 1263 2205
 1263 1302
 1264 1346
 1264 1304
 1264 2205
 1265 1266
 1265 1304
 1266 1306
 1266 1305
 1267 1350
 1267 1349
 1267 1306
 1267 1268
 1268 1351
 1268 1307
 1268 1350
 1269 1307
 1270 1307
 1271 1353
 1271 2209
 1271 1308
 1272 1309
 1272 1273
 1273 1310
 1273 1274
 1274 1311
 1274 1310
 1275 1311
 1275 1312
 1275 1276
 1275 2216
 1276 1277
 1276 1312
 1277 1315
 1277 1314
 1278 1317
 1279 1280
 1279 1317
 1280 1318
 1280 1281
 1280 1317
 1280 1319
 1281 1320
 1281 1319
 1282 2224
 1282 1322
 1283 1284
 1283 1323
 1284 1285
 1284 1324
 1285 1286
 1286 1287
 1286 1325
 1287 1326
 1287 1288
 1288 1327
 1289 1332
 1289 1331
 1289 1330
 1292 1334
 1292 1333
 1294 1336
 1295 1337
 1296 1340
 1296 1297
 1296 1339
 1297 1384
 1297 1341
 1297 1298
 1297 1340
 1299 1386
 1299 1300
 1299 1342
 1300 1387
 1300 1386
 1300 1343
 1301 1302
 1301 1343
 1302 1303
 1303 1345
 1303 1344
 1304 1305
 1304 1346
 1305 1348
 1306 1349
 1307 1352
 1307 2209
 1307 1351
 1308 1354
 1309 1310
 1309 1354
 1310 1355
 1310 1311
 1311 2216
 1311 1400
 1311 1356
 1311 1355
 1312 1313
 1312 1357
 1312 1356
 1314 1404
 1314 1403
 1314 1315
 1314 1358
 1315 1316
 1315 1404
 1316 1359
 1316 1317
 1317 1360
 1318 1361
 1318 1362
 1318 1319
 1319 1363
 1319 1362
 1320 1321
 1320 1363
 1320 2224
 1321 1365
 1322 1323
 1322 1366
 1322 1365
 1323 1367
 1323 1366
 1324 1368
 1324 1367
 1325 1369
 1326 1370
 1327 2192
 1327 1328
 1327 1370
 1328 1329
 1328 1371
 1329 1330
 1329 1372
 1330 1373
 1330 1331
 1331 1332
 1331 1374
 1332 1375
 1334 1377
 1335 1378
 1335 1336
 1336 1380
 1336 1337
 1336 1379
 1337 1382
 1337 1338
 1338 1339
 1338 1382
 1340 1423
 1340 1383
 1341 1385
 1341 1342
 1341 1384
 1343 1388
 1343 1387
 1344 1388
 1345 1390
 1345 1346
 1345 2205
 1346 2205
 1346 1390
 1346 1391
 1347 1348
 1347 1391
 1348 1392
 1349 1393
 1350 1394
 1350 1351
 1350 1393
 1351 1395
 1352 1396
 1353 2209
 1353 1354
 1353 1398
 1353 2208
 1354 1399
 1354 1355
 1355 1400
 1356 1401
 1356 1400
 1357 2207
 1357 1402
 1357 1401
 1358 1403
 1358 1402
 1359 1446
 1359 1405
 1360 2225
 1360 1447
 1360 1361
 1360 1405
 1361 2225
 1361 1406
 1361 1362
 1362 1406
 1362 1363
 1363 1407
 1364 1407
 1364 1365
 1365 1409
 1365 1366
 1366 1410
 1366 1367
 1367 1411
 1367 1410
 1368 1412
 1368 1369
 1369 1413
 1369 1412
 1369 1370
 1370 2190
 1370 1413
 1371 1414
 1372 1415
 1374 1416
 1374 1415
 1375 1417
 1377 1378
 1378 1460
 1378 1419
 1378 1418
 1378 1379
 1378 1420
 1379 1420
 1379 1380
 1380 1421
 1380 1420
 1380 1381
 1381 1463
 1381 1382
 1381 1421
 1382 1463
 1382 1422
 1382 1383
 1384 1466
 1384 1385
 1384 1423
 1385 1424
 1385 1425
 1385 1386
 1386 1426
 1386 1387
 1386 1425
 1387 1427
 1387 1426
 1388 1428
 1388 1427
 1389 1428
 1389 1390
 1390 1430
 1390 1391
 1391 1432
 1391 1430
 1392 1393
 1392 1433
 1393 1434
 1393 1433
 1393 1394
 1394 1475
 1394 1395
 1394 1434
 1395 1475
 1395 1435
 1395 1396
 1396 1436
 1396 2208
 1397 1436
 1397 1398
 1398 1438
 1399 1438
 1400 1440
 1400 1439
 1400 1401
 1400 1441
 1401 2207
 1401 1441
 1402 1442
 1402 2207
 1403 1482
 1403 1404
 1403 1444
 1404 2203
 1404 1444
 1405 1447
 1406 1448
 1406 1487
 1406 1449
 1406 2225
 1407 1449
 1408 1488
 1408 1409
 1408 1449
 1409 1451
 1410 1491
 1410 1411
 1410 1451
 1410 1492
 1411 1452
 1411 1492
 1411 1412
 1412 1452
 1412 1453
 1413 1454
 1414 1496
 1414 2193
 1414 1455
 1414 1415
 1415 1456
 1415 1455
 1416 1458
 1416 1457
 1416 1417
 1416 1456
 1418 1460
 1419 1420
 1419 1461
 1420 1462
 1420 1421
 1421 1463
 1422 1423
 1422 1464
 1422 1463
 1424 1467
 1424 1425
 1424 1466
 1425 1426
 1425 1467
 1426 1469
 1426 1427
 1427 1470
 1427 1469
 1428 1471
 1429 1430
 1429 1471
 1430 1473
 1430 1431
 1431 1432
 1433 1517
 1433 1518
 1433 1474
 1434 1475
 1434 1518
 1435 1476
 1435 1436
 1435 1475
 1436 1477
 1436 1476
 1437 1478
 1437 1477
 1438 1479
 1438 1478
 1438 1439
 1439 1479
 1439 1440
 1440 1524
 1440 1441
 1440 1479
 1441 2206
 1442 1481
 1442 2206
 1443 1482
 1443 1481
 1444 1445
 1444 1482
 1446 2203
 1446 1484
 1447 1486
 1447 1485
 1448 2225
 1448 1487
 1448 1486
 1449 1488
 1449 1487
 1450 1490
 1450 1488
 1451 1491
 1451 1490
 1452 1533
 1452 1492
 1452 1493
 1453 1535
 1453 1494
 1453 1493
 1453 1454
 1454 2191
 1454 1495
 1454 1494
 1455 1539
 1455 1497
 1455 1456
 1455 1496
 1456 1497
 1456 1457
 1456 1498
 1457 1499
 1457 1498
 1458 1499
 1459 1502
 1460 1502
 1460 1503
 1461 1503
 1462 1505
 1462 1504
 1463 1546
 1463 1547
 1463 1464
 1463 1506
 1463 1505
 1464 1506
 1464 1507
 1464 1465
 1465 1508
 1465 1466
 1466 1467
 1466 1508
 1467 1468
 1467 1508
 1468 1509
 1468 1469
 1469 1511
 1469 1470
 1469 1512
 1470 1512
 1470 1471
 1471 1554
 1471 1513
 1472 1473
 1472 1513
 1472 1514
 1473 1515
 1473 1474
 1474 1516
 1475 1476
 1475 1518
 1476 1519
 1476 1477
 1477 1520
 1478 1522
 1479 1524
 1479 1523
 1480 1565
 1480 1525
 1480 2206
 1480 1524
 1481 1566
 1482 1567
 1482 1526
 1483 1484
 1483 1527
 1484 1528
 1484 1527
 1485 1571
 1485 1570
 1485 1528
 1486 1529
 1486 1571
 1486 2225
 1487 1530
 1487 1529
 1488 1530
 1489 1531
 1489 1530
 1490 2198
 1490 1491
 1490 1531
 1491 1492
 1491 1532
 1492 1533
 1493 1534
 1493 1533
 1494 1536
 1494 1495
 1494 1535
 1495 2193
 1495 1496
 1495 2191
 1496 2193
 1496 1537
 1497 1498
 1497 1539
 1498 1540
 1498 2226
 1498 2227
 1499 1540
 1500 1540
 1501 1502
 1502 1542
 1502 1503
 1503 1544
 1503 1504
 1503 1545
 1504 1505
 1504 1545
 1505 1545
 1506 1587
 1506 1507
 1506 1549
 1506 1548
 1507 1549
 1507 1550
 1507 1508
 1508 1509
 1509 1550
 1509 1510
 1510 1553
 1510 1511
 1510 1551
 1511 1512
 1512 1592
 1512 1554
 1512 1553
 1513 1593
 1513 1554
 1514 1556
 1514 1555
 1515 1557
 1515 1516
 1515 1556
 1516 1517
 1516 1557
 1516 1558
 1517 1559
 1517 1558
 1517 1518
 1518 1560
 1518 1559
 1519 1599
 1519 1520
 1519 1560
 1520 1521
 1520 1561
 1522 1563
 1522 1523
 1522 1562
 1523 1564
 1523 1524
 1523 1563
 1524 1564
 1525 1604
 1525 1603
 1525 1566
 1525 1565
 1527 1568
 1527 1528
 1528 1570
 1528 1569
 1529 1572
 1529 1571
 1530 1610
 1530 1572
 1531 1613
 1531 2198
 1531 1573
 1532 1574
 1532 1533
 1533 1616
 1533 1615
 1533 1534
 1534 1575
 1534 1616
 1535 1575
 1536 1576
 1537 1577
 1538 1577
 1538 1539
 1539 2228
 1539 2227
 1540 2226
 1540 1580
 1540 1579
 1541 1580
 1542 1583
 1543 1544
 1544 1545
 1544 1585
 1545 1546
 1546 1586
 1547 1586
 1548 1587
 1548 1586
 1549 1588
 1549 1550
 1550 1551
 1550 1588
 1551 1589
 1551 1552
 1552 1553
 1552 1590
 1553 1592
 1554 1635
 1554 1592
 1555 1637
 1555 1593
 1556 1638
 1556 1595
 1557 1558
 1557 1595
 1557 1596
 1558 1559
 1559 1597
 1559 1560
 1560 1598
 1560 1597
 1561 1643
 1561 1562
 1561 1599
 1562 1600
 1562 1563
 1563 1564
 1563 1602
 1563 1601
 1564 1602
 1565 1602
 1566 1605
 1566 1567
 1566 1604
 1567 1650
 1567 1605
 1568 1606
 1568 1569
 1569 1651
 1569 1607
 1569 1606
 1569 1570
 1570 1571
 1570 1608
 1571 1608
 1572 1610
 1573 1610
 1574 2198
 1574 1615
 1574 1658
 1575 1661
 1575 1662
 1575 1617
 1575 1576
 1575 1616
 1576 1618
 1576 1577
 1576 1617
 1577 1619
 1578 1620
 1580 1667
 1580 1622
 1580 1621
 1582 1583
 1582 1624
 1583 1624
 1583 1625
 1583 1584
 1585 1626
 1586 1628
 1586 1627
 1587 1630
 1587 1588
 1587 1629
 1587 1628
 1588 1630
 1589 1632
 1589 1590
 1589 1630
 1590 1591
 1591 1634
 1591 1632
 1591 1592
 1592 1635
 1593 1636
 1593 1635
 1594 1638
 1594 1637
 1595 1596
 1595 1638
 1596 1640
 1597 1686
 1597 1685
 1597 1641
 1597 1598
 1597 1640
 1598 1641
 1599 1687
 1600 1644
 1600 1643
 1601 1645
 1601 1602
 1601 1644
 1602 1603
 1602 1645
 1603 1646
 1603 1604
 1604 1648
 1604 1647
 1605 1648
 1606 1651
 1606 1650
 1607 1697
 1607 1608
 1607 1651
 1608 1698
 1608 1652
 1608 1653
 1609 1653
 1609 1610
 1610 1611
 1611 1655
 1611 1612
 1611 1654
 1612 1655
 1613 1702
 1613 1657
 1613 1614
 1613 2198
 1613 1656
 1614 1658
 1615 1616
 1615 1659
 1616 1659
 1616 1660
 1617 1707
 1617 1663
 1617 1662
 1618 1664
 1618 1619
 1619 1665
 1619 1664
 1619 1620
 1620 1710
 1620 1666
 1620 1665
 1620 2228
 1621 1711
 1621 1667
 1621 1666
 1622 1667
 1623 1670
 1624 1670
 1624 1625
 1625 1626
 1625 1671
 1625 1670
 1626 1672
 1626 1671
 1627 1672
 1628 1674
 1628 1717
 1629 1718
 1629 1717
 1629 1630
 1630 1719
 1630 1675
 1630 1718
 1631 1720
 1631 1632
 1632 1633
 1632 1676
 1634 1678
 1635 1680
 1635 1679
 1635 1636
 1636 1681
 1636 1680
 1637 1681
 1638 1683
 1639 1683
 1640 1684
 1641 1687
 1641 1686
 1642 1688
 1642 1643
 1643 1689
 1644 1732
 1644 1691
 1645 1646
 1645 1691
 1646 1691
 1646 1692
 1647 1648
 1647 1692
 1648 1694
 1648 1693
 1649 1695
 1649 1694
 1650 1695
 1650 1651
 1651 1696
 1651 1697
 1652 1698
 1652 1697
 1653 1699
 1653 1698
 1654 1655
 1654 1699
 1655 1701
 1655 1700
 1656 1702
 1656 1701
 1657 1703
 1658 1704
 1658 1659
 1659 1660
 1659 1704
 1660 1705
 1660 1661
 1661 1662
 1662 1707
 1663 1708
 1663 1664
 1663 1707
 1664 1709
 1664 1708
 1665 1749
 1665 1709
 1666 1711
 1666 1710
 1667 1712
 1667 1711
 1670 1752
 1670 1713
 1670 1714
 1671 1672
 1671 1714
 1672 1715
 1672 1673
 1673 1674
 1673 1715
 1674 1717
 1674 1716
 1675 1758
 1675 1720
 1675 1719
 1676 1677
 1676 1720
 1677 1723
 1677 1678
 1677 1721
 1678 1723
 1678 1679
 1679 1680
 1679 1724
 1679 1723
 1680 1724
 1680 1681
 1681 1764
 1681 1725
 1682 1726
 1683 1727
 1683 1684
 1683 1726
 1684 1685
 1684 1727
 1685 1728
 1685 1727
 1685 1686
 1686 1687
 1686 1729
 1686 1728
 1687 1769
 1687 1729
 1687 1688
 1688 1730
 1688 1769
 1689 1690
 1689 1730
 1690 1732
 1691 1733
 1691 1692
 1692 1693
 1692 1733
 1693 1694
 1694 1734
 1695 1736
 1696 1777
 1696 1776
 1696 1697
 1696 1737
 1696 1736
 1697 1737
 1698 1739
 1698 1699
 1699 2197
 1700 2197
 1700 1701
 1701 1740
 1702 1741
 1703 1783
 1703 1743
 1703 1742
 1704 1744
 1704 1705
 1704 1743
 1705 1744
 1705 1706
 1706 1746
 1706 1745
 1707 1747
 1707 1746
 1707 1708
 1708 1748
 1708 1709
 1708 1747
 1709 1788
 1709 1748
 1710 1791
 1710 1790
 1710 1749
 1711 1750
 1711 1791
 1713 1752
 1714 1753
 1714 1715
 1715 1754
 1715 1753
 1715 1716
 1716 1755
 1716 1717
 1716 1754
 1717 1718
 1717 1757
 1717 1755
 1718 1719
 1719 1757
 1720 1759
 1720 1758
 1721 1722
 1721 1759
 1722 1761
 1723 1802
 1723 1762
 1723 1724
 1723 1761
 1724 1762
 1725 1764
 1725 1762
 1726 1765
 1727 1728
 1727 1765
 1727 1766
 1727 1767
 1728 1768
 1729 1769
 1730 1770
 1730 1731
 1730 1769
 1731 1732
 1732 1812
 1732 1811
 1732 1733
 1733 1813
 1733 1812
 1733 1772
 1734 1735
 1734 1772
 1734 1774
 1735 1775
 1736 1776
 1736 1775
 1737 1738
 1737 1777
 1738 1779
 1738 1739
 1739 2197
 1739 1779
 1740 1741
 1740 1781
 1741 1742
 1743 1823
 1743 1744
 1743 1783
 1744 1824
 1744 1784
 1744 1823
 1745 1825
 1746 1826
 1746 1786
 1746 1747
 1747 1786
 1748 1787
 1749 1789
 1749 1788
 1750 1791
 1752 1834
 1752 1793
 1753 1795
 1753 1754
 1753 1794
 1754 1755
 1754 1795
 1755 1796
 1755 1756
 1756 1797
 1756 1757
 1756 1796
 1757 1839
 1757 1798
 1757 1758
 1758 1759
 1758 1798
 1759 2184
 1759 1799
 1760 1761
 1760 2184
 1761 1801
 1761 1802
 1762 1803
 1762 1802
 1763 1764
 1763 1803
 1764 1805
 1765 1806
 1765 1766
 1765 1805
 1766 1806
 1766 1767
 1766 1807
 1767 1808
 1767 1768
 1768 1808
 1768 1769
 1769 1810
 1769 1770
 1770 2182
 1770 1810
 1771 2182
 1771 1811
 1772 1814
 1772 1813
 1773 1814
 1773 1774
 1774 1816
 1775 1816
 1776 1817
 1776 1777
 1777 1857
 1777 1817
 1777 1818
 1778 1818
 1778 1779
 1779 1860
 1779 1780
 1779 2197
 1780 1861
 1780 1860
 1780 1820
 1780 2197
 1781 1820
 1781 2197
 1782 1783
 1782 1820
 1782 1822
 1783 1823
 1783 1822
 1784 1825
 1784 1824
 1785 1826
 1785 1825
 1786 1787
 1786 1826
 1787 1788
 1787 1828
 1788 1871
 1788 1829
 1788 1828
 1789 1829
 1790 1830
 1791 1831
 1792 1831
 1793 1834
 1794 1834
 1795 1837
 1795 1836
 1796 1837
 1797 1839
 1797 1838
 1798 1883
 1798 1840
 1798 1839
 1799 1840
 1800 1842
 1800 2184
 1801 1843
 1801 1802
 1801 1842
 1802 1887
 1802 1803
 1802 1843
 1803 1844
 1804 1844
 1805 1845
 1805 1846
 1805 1806
 1806 1891
 1806 1846
 1807 1893
 1807 1808
 1807 1848
 1807 1847
 1808 1848
 1808 1849
 1809 1810
 1809 1849
 1810 2182
 1810 1895
 1811 1812
 1811 1852
 1812 1853
 1812 1813
 1813 1853
 1814 1854
 1815 1854
 1815 1816
 1816 1856
 1816 1817
 1817 1902
 1817 1857
 1817 1856
 1818 1858
 1818 1819
 1818 1857
 1819 1860
 1820 1862
 1820 1861
 1821 1864
 1821 1862
 1822 1865
 1822 1864
 1822 1823
 1823 1866
 1823 1824
 1824 1867
 1824 1866
 1825 1868
 1826 1827
 1826 2183
 1827 1870
 1828 1871
 1828 1870
 1829 1872
 1829 1830
 1830 1874
 1830 1873
 1830 1831
 1831 1875
 1831 1874
 1833 1877
 1834 1877
 1834 1878
 1834 1835
 1835 1836
 1835 1879
 1835 1878
 1836 1879
 1836 1880
 1836 1837
 1837 1880
 1837 1838
 1838 1882
 1839 1883
 1840 1884
 1840 1883
 1840 2184
 1841 1884
 1841 1885
 1842 1929
 1842 1885
 1843 1887
 1843 1886
 1844 1888
 1844 1887
 1845 1890
 1845 1888
 1846 1891
 1846 1890
 1847 1891
 1848 1849
 1849 1850
 1849 1893
 1849 1936
 1850 1894
 1850 1895
 1851 1896
 1851 1898
 1851 1852
 1852 1853
 1852 1899
 1853 1899
 1853 1854
 1854 1900
 1854 1942
 1854 1899
 1855 1901
 1856 1902
 1856 1901
 1857 1903
 1857 1858
 1857 1902
 1858 1904
 1858 1903
 1859 1905
 1860 1905
 1860 1861
 1861 1906
 1861 1905
 1862 1907
 1862 1863
 1863 1909
 1864 1909
 1864 1865
 1865 1866
 1865 1910
 1865 1953
 1865 1909
 1866 1910
 1866 1867
 1867 1868
 1867 1912
 1867 1911
 1868 1955
 1868 1913
 1868 1912
 1869 2183
 1869 1914
 1870 1915
 1870 1914
 1870 1871
 1871 1872
 1871 1916
 1871 1915
 1872 1917
 1872 1916
 1872 1873
 1873 1874
 1873 1917
 1874 1919
 1874 1918
 1877 1963
 1877 1921
 1877 1920
 1878 1964
 1878 1921
 1878 1922
 1879 1880
 1879 1922
 1880 1965
 1880 1923
 1880 1922
 1881 1882
 1882 1925
 1883 1926
 1883 1927
 1883 1925
 1883 1884
 1884 1927
 1885 1929
 1886 1930
 1886 1887
 1886 1929
 1887 1930
 1887 1888
 1888 1932
 1888 1931
 1889 1932
 1889 1890
 1890 1934
 1890 1891
 1891 1892
 1891 1934
 1893 1981
 1893 1980
 1893 1935
 1893 1936
 1894 1982
 1894 1936
 1895 1983
 1895 1938
 1895 1896
 1895 2182
 1896 2182
 1896 1938
 1897 2202
 1897 1898
 1898 1940
 1899 1941
 1899 1940
 1899 1942
 1900 1943
 1900 1942
 1901 1945
 1901 1902
 1901 1944
 1902 2185
 1902 1945
 1903 1904
 1903 1947
 1903 1946
 1904 1949
 1905 1949
 1905 1950
 1905 1906
 1906 1950
 1906 1907
 1907 1951
 1907 1950
 1908 1952
 1908 1951
 1909 2177
 1909 1952
 1910 1911
 1910 1953
 1911 1912
 1912 1955
 1912 1954
 1913 1914
 1913 1955
 1914 1957
 1914 1915
 1915 2002
 1915 1957
 1915 1916
 1916 1917
 1917 1959
 1917 1958
 1918 1960
 1919 1960
 1920 1963
 1921 1964
 1922 1965
 1922 1964
 1923 1966
 1923 1965
 1923 1924
 1924 1925
 1924 1966
 1925 1926
 1925 1968
 1926 1927
 1926 1968
 1927 1969
 1927 1971
 1927 1970
 1928 1929
 1929 1972
 1929 1930
 1930 1974
 1930 1972
 1930 1931
 1931 1975
 1931 1932
 1932 2017
 1932 1976
 1932 1975
 1933 1977
 1934 1935
 1934 1977
 1934 1978
 1935 1978
 1935 1980
 1936 1981
 1937 1983
 1937 1982
 1938 2024
 1938 2202
 1938 1983
 1939 2202
 1940 1985
 1940 1984
 1940 1941
 1941 1986
 1941 1942
 1941 1985
 1942 1986
 1942 1987
 1944 1988
 1944 1987
 1945 2185
 1945 1988
 1946 1947
 1946 2185
 1947 2031
 1947 1948
 1947 1989
 1948 1991
 1949 1992
 1949 1991
 1949 1950
 1950 1994
 1950 1951
 1950 1992
 1951 1994
 1952 1996
 1952 1995
 1953 1997
 1953 1954
 1953 1996
 1954 1998
 1954 2038
 1954 1997
 1955 1956
 1955 1999
 1955 1998
 1956 2001
 1957 2002
 1957 2001
 1958 2003
 1958 2002
 1958 1959
 1959 1960
 1959 2005
 1959 2004
 1960 2006
 1960 2005
 1963 2008
 1963 2007
 1964 2049
 1964 2009
 1964 2008
 1965 2010
 1965 1966
 1966 2051
 1966 2011
 1966 1967
 1966 2010
 1967 2012
 1968 2054
 1968 2013
 1968 1969
 1968 2012
 1969 1970
 1970 2056
 1970 2013
 1971 2056
 1971 1972
 1972 2015
 1972 1973
 1973 2060
 1973 1974
 1973 2016
 1973 2015
 1974 1975
 1975 2017
 1975 2016
 1977 2018
 1977 1978
 1978 2019
 1978 2020
 1978 2018
 1980 2021
 1980 2020
 1981 2022
 1981 1982
 1981 2021
 1982 2022
 1983 2068
 1983 2024
 1984 2070
 1984 1985
 1985 2071
 1985 2026
 1986 2027
 1986 2026
 1987 2027
 1987 1988
 1988 2185
 1988 2029
 1989 2031
 1990 1991
 1990 2031
 1991 2033
 1991 1992
 1992 2033
 1992 1993
 1993 2035
 1993 1994
 1994 2035
 1995 2035
 1996 2082
 1996 2037
 1996 1997
 1996 2177
 1997 2037
 1998 1999
 1999 2040
 1999 2039
 2000 2001
 2000 2040
 2001 2042
 2001 2002
 2002 2044
 2002 2043
 2002 2003
 2003 2004
 2003 2044
 2004 2005
 2005 2046
 2005 2045
 2006 2046
 2008 2093
 2008 2049
 2008 2048
 2009 2010
 2009 2049
 2010 2097
 2010 2051
 2011 2012
 2011 2053
 2011 2101
 2012 2054
 2012 2053
 2013 2056
 2013 2054
 2014 2057
 2014 2056
 2015 2057
 2015 2058
 2015 2059
 2016 2060
 2017 2062
 2017 2061
 2018 2019
 2018 2063
 2018 2062
 2019 2063
 2019 2020
 2020 2065
 2020 2021
 2021 2066
 2021 2022
 2022 2067
 2022 2023
 2023 2068
 2024 2069
 2024 2202
 2024 2068
 2025 2132
 2025 2070
 2026 2027
 2026 2071
 2027 2073
 2027 2028
 2027 2072
 2029 2030
 2029 2075
 2029 2076
 2029 2074
 2029 2185
 2030 2031
 2030 2185
 2031 2076
 2031 2032
 2032 2078
 2033 2079
 2033 2034
 2033 2078
 2034 2035
 2035 2081
 2035 2080
 2035 2036
 2035 2079
 2036 2082
 2037 2038
 2037 2083
 2037 2082
 2038 2084
 2038 2039
 2039 2040
 2040 2085
 2040 2084
 2041 2087
 2041 2085
 2041 2042
 2042 2043
 2043 2088
 2043 2087
 2043 2044
 2044 2088
 2044 2045
 2045 2090
 2045 2046
 2046 2091
 2046 2090
 2049 2095
 2049 2050
 2049 2093
 2050 2097
 2050 2095
 2051 2099
 2051 2052
 2051 2097
 2052 2101
 2052 2099
 2053 2103
 2053 2101
 2054 2055
 2054 2103
 2055 2106
 2055 2104
 2055 2056
 2056 2108
 2056 2106
 2057 2058
 2057 2108
 2058 2059
 2058 2109
 2059 2112
 2059 2110
 2059 2060
 2060 2114
 2060 2061
 2060 2112
 2061 2115
 2061 2062
 2062 2117
 2062 2063
 2062 2115
 2063 2119
 2063 2117
 2063 2064
 2064 2121
 2064 2065
 2064 2119
 2065 2123
 2065 2066
 2065 2121
 2066 2125
 2066 2123
 2066 2067
 2067 2127
 2067 2068
 2067 2125
 2068 2128
 2069 2130
 2069 2070
 2069 2202
 2069 2128
 2070 2202
 2070 2132
 2070 2130
 2071 2134
 2071 2072
 2071 2132
 2072 2135
 2072 2073
 2073 2137
 2073 2074
 2073 2135
 2074 2139
 2074 2137
 2074 2075
 2075 2141
 2075 2076
 2075 2139
 2076 2143
 2076 2141
 2076 2077
 2077 2145
 2077 2078
 2077 2143
 2078 2147
 2078 2079
 2078 2145
 2079 2149
 2079 2080
 2079 2147
 2080 2151
 2080 2149
 2081 2153
 2081 2082
 2081 2151
 2082 2155
 2082 2153
 2083 2157
 2083 2084
 2083 2155
 2084 2159
 2084 2157
 2084 2085
 2085 2160
 2085 2159
 2086 2162
 2086 2087
 2086 2160
 2087 2164
 2087 2162
 2088 2166
 2088 2089
 2088 2164
 2089 2168
 2089 2090
 2089 2166
 2090 2170
 2090 2168
 2090 2091
 2181 2217
 2186 2187
 2191 2192
 2191 2193
 2192 2193
 2206 2207
 2215 2216
 2220 2221
 2226 2227
 2227 2228
