    2  126
    2   82
    3   82
    4   83
    4   82
    6   84
    6   83
    8   84
    9   86
    9   85
   11  130
   11   87
   11   86
   13   87
   14   88
   14   89
   16  132
   16   90
   16   89
   18   91
   18   90
   19   92
   21   93
   21   92
   22   93
   23   94
   23   93
   25   94
   25   95
   27   96
   27   95
   28   96
   29   97
   29   96
   31   98
   31   97
   33  140
   33   99
   33   98
   34  100
   34   99
   36  101
   36  100
   38  102
   38  101
   39  102
   40  102
   40  103
   42  146
   42  104
   42  103
   44  105
   44  104
   46  106
   46  105
   48  106
   48  107
   50  150
   50  108
   50  107
   52  108
   53  110
   53  109
   55  111
   55  110
   57  153
   57  111
   57  112
   59  112
   59  113
   61  113
   61  114
   62  114
   62  115
   64  115
   64  116
   66  117
   66  116
   67  117
   68  118
   68  117
   70  119
   70  118
   71  120
   71  119
   73  121
   73  120
   75  122
   75  121
   77  123
   77  122
   79  165
   79  123
   81  126
   82  127
   82  126
   83  128
   83   84
   84   85
   85 2245
   85  129
   85   86
   87   88
   87  130
   88  174
   88   89
   88  173
   88  131
   90   91
   90  132
   91  134
   91   92
   91  133
   93  136
   93   94
   93  135
   94  137
   94   95
   96  182
   96  181
   96   97
   96  138
   97   98
   98  140
   98  139
   99  141
   99  140
  100  101
  101  102
  101  142
  102  144
  102  143
  103  146
  103  144
  104  147
  104  105
  105  106
  106  147
  106  107
  107  150
  107  148
  108  194
  108  109
  108  150
  109  110
  109  194
  110  196
  110  195
  110  151
  110  152
  110  111
  111  153
  112  113
  112  153
  113  155
  113  154
  114  115
  115  116
  115  155
  115  157
  117  159
  117  158
  117  118
  118  119
  119  161
  119  160
  120 2244
  120  121
  121 2244
  121  122
  122  162
  122  123
  123  165
  123  164
  123  163
  124  165
  125  168
  126  169
  126  168
  126  127
  127  128
  127  169
  128 2245
  129  130
  129 2245
  130  131
  130  172
  131  173
  131  172
  132  133
  132 2253
  132  174
  133 2253
  133  134
  133  175
  134  135
  135  178
  135  177
  135  136
  136 2248
  136  137
  136  178
  137  138
  137 2248
  137  179
  138  179
  139  225
  139  183
  139  140
  139  182
  140  141
  140  183
  141  185
  141  142
  142  186
  142  143
  143  188
  143  144
  143  187
  144  188
  145  190
  145  146
  146  147
  146  190
  147  232
  147  233
  147  148
  147  191
  148  149
  149  192
  150  235
  150  194
  150  193
  152  196
  153  239
  153  154
  153  197
  154  240
  154  198
  154  155
  154  239
  155  198
  155  156
  156  199
  156  286
  156  157
  156  242
  157  158
  157  199
  158  202
  158  159
  158  201
  159  203
  159  160
  160  161
  160  203
  162  205
  162  206
  162  163
  162 2244
  164  207
  164  165
  164  206
  165  209
  165  208
  168  210
  168  212
  168  211
  168  169
  169  213
  169  254
  169  212
  169  170
  170 2245
  171 2245
  171  172
  171  214
  171  215
  172  215
  172  173
  173  216
  173  215
  175  219
  175  218
  175 2253
  176  177
  176  219
  177  221
  177  178
  178 2248
  178  263
  178  221
  179  222
  179 2248
  180  181
  181  268
  181  224
  181  223
  181  182
  182  225
  183  226
  183  225
  185  272
  185  186
  185  226
  186  227
  186  187
  187  228
  187  227
  187  188
  188  189
  188  229
  188  228
  189  229
  190  231
  190  230
  190  191
  191  231
  191  232
  192  193
  192  234
  192  233
  193  279
  193  234
  193  235
  194  237
  194  235
  195  196
  195  237
  196  238
  196  197
  198  241
  198  240
  199  287
  199  243
  199  286
  200  201
  201  244
  201  202
  201  243
  202  244
  202  203
  203  290
  203  246
  203  204
  203  245
  204  292
  204 2244
  205  248
  205  206
  205  247
  206  249
  206  207
  206  248
  207  250
  207  249
  207  208
  208  295
  208  251
  208  250
  210  253
  211  253
  211  212
  212  254
  213  256
  213  254
  214  257
  214  256
  214 2245
  215  258
  215  257
  216  259
  216  217
  217 2289
  217 2253
  218  261
  218 2253
  218 2289
  219  220
  220  221
  220  262
  221  263
  221  262
  222  223
  223  266
  224  269
  224  225
  224  268
  225  271
  225  270
  225  269
  227  273
  227  228
  227  272
  228  274
  228  273
  229  274
  231  319
  231  276
  231  232
  231  275
  232  319
  232  277
  233  277
  234  279
  234  278
  235  280
  235  279
  236  237
  236  281
  237  238
  238  323
  238  282
  238  239
  238  281
  239  284
  239  240
  240  284
  241  285
  244  330
  244  245
  244  289
  245  331
  245  330
  245  290
  246  332
  246  291
  247  293
  247  248
  247  292
  247 2244
  248  249
  248  293
  249  250
  250  294
  251  295
  253  297
  254  299
  254  255
  255  300
  255  299
  255  256
  256  301
  256  300
  256  257
  257  342
  257  302
  257  258
  257  301
  258  302
  258  303
  259  304
  259  303
  259  260
  261 2289
  261  348
  261  306
  261  305
  262  307
  262  263
  262  306
  263  308
  263  307
  264  308
  264 2248
  265 2248
  265  266
  266  309
  266  267
  267  311
  267  268
  267  310
  268  311
  268  269
  269  270
  269  311
  270  271
  270  312
  271  272
  272  315
  272  314
  273  315
  273  274
  274  316
  274  275
  274  315
  275  316
  276  319
  276  318
  277  320
  277  319
  278  361
  279  361
  279  280
  280  362
  280  321
  280  361
  281  321
  282  364
  282  283
  282  324
  282  323
  283  324
  283  284
  284  325
  284  285
  285  286
  285  326
  286  287
  287  328
  287  288
  287  327
  288  289
  288  329
  290  332
  290  331
  292  334
  292  333
  293  335
  293  334
  294  336
  295  337
  295  336
  297  298
  298  339
  298  338
  298  299
  299  340
  299  339
  299  300
  300  340
  300  301
  301  342
  302  380
  302  343
  302  342
  303  345
  303  304
  304  305
  305  348
  305  347
  305  346
  305 2289
  306  307
  307  350
  307  349
  308  387
  308  351
  309  310
  309  352
  309  351
  310  352
  311 2258
  311  354
  311  353
  311  312
  312  390
  312  355
  313  314
  314  391
  315 2266
  315  356
  315  393
  315  316
  316  357
  316  356
  316  358
  317  359
  317  318
  318  396
  318  359
  318  319
  319  320
  319  396
  321  363
  321  322
  322  401
  322  363
  322  323
  323  401
  324  325
  324  365
  324  364
  325  366
  325  365
  325  326
  326  367
  326  366
  327  407
  327  328
  327  367
  328  368
  328  407
  329  330
  329  368
  330  410
  330  331
  330  369
  331  370
  331  410
  332  333
  333  334
  333  371
  334  413
  334  372
  334  371
  334  335
  335  373
  335  336
  335  372
  336  415
  336  374
  336  373
  337  374
  339  418
  339  377
  339  376
  339  340
  340  377
  340  341
  341  420
  342  379
  342  380
  343  381
  343  344
  343  380
  344  422
  344  382
  344  345
  345  346
  346  384
  346  383
  347  348
  347  385
  347  384
  348  349
  349  386
  349  350
  349  385
  350  427
  350  387
  352  353
  352  389
  352  388
  354  430
  354  473
  354  390
  354 2258
  355  431
  355  391
  356  394
  356  434
  356  393
  357  395
  357  394
  359  437
  359  396
  359  395
  360  361
  361  398
  361  362
  362  440
  362  399
  362  398
  363  401
  364  403
  364  402
  364  365
  364  401
  365  404
  365  403
  366  367
  366  404
  368  408
  368  407
  369  410
  369  409
  369  408
  370  412
  370  371
  371  413
  371  412
  372  414
  372  413
  373  414
  374  416
  376  418
  377  378
  377  418
  378  460
  378  420
  379  421
  379  380
  379  420
  380  461
  380  381
  381  462
  381  422
  381  461
  382  423
  382  383
  382  422
  384  425
  384  385
  384  424
  385  425
  385  386
  386  468
  386  427
  386  426
  387  428
  387  427
  388  389
  388  429
  388  428
  389 2259
  389  429
  390 2268
  390  431
  390  473
  391  392
  391  431
  392  393
  392 2266
  392  432
  393  433
  393  434
  394  435
  394  436
  394  434
  396  397
  396  438
  396  437
  397  398
  398  440
  398  439
  399  441
  399  400
  399  440
  401  443
  402  445
  402  444
  402  403
  403  446
  403  445
  404  446
  405  406
  406  407
  406  488
  407  448
  407  447
  408 2276
  408  448
  409 2276
  409  410
  409  450
  409  449
  410  450
  410  411
  411  412
  411  451
  411  452
  411  450
  412  413
  412  452
  413  454
  413  414
  414 2246
  414  454
  415  498
  415  497
  415  455
  415 2246
  415  416
  417  418
  417  457
  418  419
  418  457
  420  421
  421  505
  421  461
  422  463
  422  462
  423  424
  424  465
  425  466
  425  426
  425  467
  426  511
  426  468
  426  467
  427  469
  427  470
  427  468
  429 2259
  429  472
  429  471
  429  430
  430 2258
  430  516
  430  473
  430  472
  431 2267
  431 2268
  432  433
  432  474
  433  521
  433  476
  433  475
  434  522
  434  521
  434  435
  435  477
  435  522
  436  437
  437  438
  437  479
  438  481
  438  479
  439  482
  439  440
  439  481
  440  483
  440  482
  441  529
  441  442
  442  443
  443  484
  443  444
  444  445
  444  485
  445  532
  445  486
  445  487
  446  487
  446  488
  447  491
  447  448
  447  490
  447  489
  449  538
  449  450
  449  492
  450  493
  450  538
  451  452
  451  493
  452  494
  452  453
  453  454
  453  495
  454 2246
  455  498
  457  500
  457  501
  458  459
  459  460
  459  502
  459  501
  459  503
  460  504
  461  506
  461  462
  462  507
  462  463
  463  508
  463  464
  463  552
  463  507
  464  465
  465  466
  465  509
  466  510
  467  511
  467  510
  468  512
  468  511
  469  513
  469  512
  470  471
  471  515
  471  514
  472  516
  472  515
  473 2268
  473  517
  473  516
  474  519
  475  519
  476  520
  476  521
  477  478
  477  523
  477  524
  478  525
  478  479
  479  480
  479  526
  479  525
  480  527
  480  481
  482  569
  482  527
  482  483
  483  569
  483  528
  484  485
  484  530
  484  529
  485  486
  485  530
  485  531
  486  531
  486  572
  486  532
  487  533
  487  532
  488  489
  488 2282
  489  535
  489 2282
  490  536
  490  535
  490  491
  491 2276
  492  579
  492  538
  492  537
  493  539
  493  538
  495  541
  495  540
  496 2246
  496  583
  496  542
  497  584
  497  544
  497 2246
  498  545
  500  547
  500  501
  501  547
  502  588
  502  548
  502  503
  502  547
  503  548
  503  504
  504  590
  504  548
  505  549
  505  590
  506  549
  507  551
  507  552
  507  550
  508  553
  509  553
  509  510
  510  511
  510  555
  510  554
  511  555
  511  556
  512  557
  512  556
  513  514
  514  558
  515  559
  515  516
  516  560
  516  559
  517  561
  517  560
  518 2267
  518  562
  518  561
  518  519
  519  562
  519  520
  520  563
  521  564
  521  522
  522  607
  522  523
  522  565
  522  564
  523  566
  523  565
  525  567
  525  526
  525  566
  526  568
  526  567
  527  612
  527  569
  527  568
  528  529
  528  570
  530  571
  530  570
  531  571
  531  572
  532  573
  532  572
  533  574
  533  534
  534 2283
  534  575
  535 2282
  535  576
  535  536
  536  578
  536  576
  536  537
  537 2276
  538  580
  538  579
  539  581
  539  540
  540  582
  540  581
  540  541
  541  583
  541  582
  542  629
  542  543
  542  583
  543  629
  543  584
  543 2247
  544  585
  544  545
  544  584
  546  587
  547  587
  547  588
  548  590
  548  588
  549  550
  549  591
  549  590
  550  591
  550  592
  550  551
  551  593
  551  552
  552  594
  552  553
  552  593
  553  554
  554  596
  554  597
  554  555
  555  598
  555  597
  556  599
  556  598
  557  558
  558  601
  558  559
  558  600
  559  602
  559  601
  559  560
  560  603
  560  602
  562  605
  562  604
  562  563
  563  649
  563  606
  563  605
  564  607
  564  650
  564  606
  565  608
  565  607
  567  610
  567  568
  567  609
  569  613
  569 2272
  569  612
  570  613
  571  616
  571  615
  572  616
  572  617
  572  573
  573  618
  573  617
  573  574
  574  620
  574  575
  575 2282
  576  577
  576  621
  576  622
  577  622
  577  578
  577  623
  578  665
  578  624
  578  579
  579  625
  579  624
  579  580
  580  581
  580  625
  581  582
  581  625
  582  628
  582  583
  582  626
  583  629
  584  585
  584  629
  585  630
  586  587
  586  633
  587  588
  588  589
  588  633
  589  635
  589  590
  590  635
  591  592
  591  636
  592  638
  593  638
  593  594
  594  595
  594  638
  595  596
  595  639
  596  597
  596  640
  596  641
  597  642
  597  598
  597  641
  598  643
  599  644
  600  687
  600  644
  601  602
  601  688
  602  690
  602  645
  602  646
  603  647
  603  646
  604  647
  605  649
  605  648
  606  693
  606  649
  607  694
  607  651
  607  650
  608  609
  609  652
  609  653
  609  610
  610  611
  610  653
  611  696
  611  654
  611  653
  612 2272
  612  655
  612  654
  613  614
  614  615
  614  657
  615  658
  615  699
  616  659
  617  660
  617  659
  617  618
  618  619
  618  661
  618  660
  619  661
  619  620
  620  662
  620  661
  621  663
  621  662
  622  664
  622  663
  622  623
  623  705
  623  704
  623  665
  623  664
  624  666
  624  665
  625  667
  625  666
  626  708
  626  668
  627  669
  627  709
  628  670
  630  672
  630  671
  631  672
  633  674
  633  676
  635  716
  635  678
  635  677
  637  678
  638  681
  638  680
  638  639
  639  640
  639  681
  640  682
  640  641
  640  681
  641  683
  641  682
  642  684
  642  683
  643  685
  643  644
  644  687
  645  689
  645  690
  645  688
  646 2290
  646  690
  647  648
  648  691
  649  734
  649  692
  649  693
  650  694
  650  693
  651  737
  651  652
  653  695
  653  696
  655  742
  655  656
  655  697
  655 2272
  656  657
  656  743
  656  742
  656 2272
  657  658
  658  698
  659  746
  659  660
  659  700
  659  699
  660  661
  660  700
  661  701
  663  703
  663  702
  664  704
  664  703
  665  706
  665  705
  666 2273
  666  707
  667  755
  667  708
  668  756
  668  709
  668  708
  669  710
  669  670
  669  709
  670  757
  670  710
  670  671
  671  758
  671  711
  671  757
  671  672
  672  712
  672  711
  674  675
  674  714
  675  714
  675  676
  675  715
  676  763
  676  677
  676  715
  677  763
  677  716
  678  717
  678  679
  678  716
  679  718
  679  680
  679  717
  680  718
  680  719
  681  720
  681  719
  682  722
  682  720
  682  721
  682  683
  683  722
  684  724
  684  685
  685  725
  685  686
  685  724
  687  688
  687  726
  688  726
  688  727
  689  729
  689  690
  689  728
  690  729
  690  730
  691  733
  691  732
  691  731
  692  733
  693  735
  693  694
  694  735
  694  736
  695  696
  695  738
  695  737
  696  740
  696  697
  696  739
  697  742
  698  744
  698  745
  698  743
  699  745
  700  792
  700  748
  700  747
  701  749
  701  702
  703  750
  704  751
  704  752
  704  705
  705  797
  705  706
  705  752
  706 2273
  706  753
  707  755
  707  754
  707 2273
  708  755
  709  801
  709  710
  709  756
  710  757
  711  804
  711  759
  711  758
  713  761
  714  761
  715  763
  715  762
  715  761
  716  764
  716  717
  716  763
  717  765
  717  718
  718  766
  718  719
  718  765
  719  768
  719  720
  720  721
  721  769
  721  722
  722  814
  722  769
  722  770
  722  723
  723  771
  723  770
  723  724
  724  771
  725  773
  726  727
  726  773
  727  818
  727  728
  727  774
  728  774
  728  775
  728  729
  729  775
  730  821
  730 2290
  730  775
  731 2290
  732  778
  732  733
  732  777
  733  824
  733  779
  733  778
  734  779
  735  827
  735  781
  735  736
  735  780
  736  782
  736  737
  736  781
  738  784
  738  739
  738  783
  739  784
  739  740
  740  741
  741  786
  741  785
  741  742
  742  787
  742  786
  744  789
  744  790
  744  745
  745  746
  746  747
  746  790
  747  792
  747  791
  748  793
  749  750
  749  793
  750  794
  750  795
  750  751
  751  795
  751  752
  752  797
  752  795
  753  798
  753 2273
  753  797
  754  799
  754  798
  754 2273
  755  799
  756  846
  756  800
  756  799
  757  758
  757  802
  758  803
  759  804
  761  806
  761  807
  761  762
  762  763
  762  807
  763  809
  764  856
  765  766
  765  810
  765  856
  766  767
  766  811
  767  812
  768  769
  768  812
  769  813
  770  862
  770  815
  770  814
  771  815
  771  772
  772  817
  772  773
  774  820
  774  775
  774  819
  775  820
  776  777
  776  821
  776 2290
  777  822
  778  824
  778  823
  779  780
  779  824
  780  825
  781  828
  781  829
  781  827
  782  783
  783  784
  783  830
  784  832
  784  785
  784  831
  785  833
  785  786
  786  834
  786  833
  787  788
  787  835
  788  789
  789  790
  789  836
  790  791
  790  837
  791  838
  791  792
  792 2284
  792  838
  793 2296
  793  840
  793  794
  793 2284
  794  795
  794  840
  795  841
  795  840
  795  796
  796  842
  796  797
  797  843
  798  845
  798  799
  798  844
  799  846
  800  847
  800  846
  801  847
  802  848
  804  850
  804  849
  805  850
  806  807
  806  853
  807  808
  809  901
  809  855
  811  858
  812  860
  812  859
  813  906
  813  861
  813  860
  813  814
  814  862
  814  861
  815  816
  815  863
  816  864
  816  817
  817  864
  817  818
  819  866
  819  865
  819  820
  820  821
  820  866
  821  867
  822  823
  823  868
  824  825
  824  869
  825  869
  825  870
  825  826
  826  917
  826  871
  826  827
  826  870
  827  828
  828  918
  828  872
  828  871
  829  830
  829  873
  830  831
  831 2294
  831  874
  832  833
  832 2294
  833  875
  833  876
  834  878
  834  835
  835  836
  836  837
  836  878
  837  838
  837  879
  838  839
  838  880
  839 2284
  839  881
  839  882
  839  883
  840  841
  840 2296
  841  886
  841  885
  842  886
  842  887
  843  844
  843  887
  844  845
  845  890
  845  888
  846  847
  846  890
  847  893
  847  892
  847  848
  847  891
  848  936
  848  894
  848  893
  848  849
  849  895
  849  850
  849  894
  850  897
  850  896
  853  941
  853  898
  853  854
  854  855
  854  899
  855  943
  855  900
  855  901
  856  857
  857  903
  857  858
  858  947
  858  904
  858  903
  859  904
  860  906
  860  905
  861  907
  861  862
  862  907
  862  908
  863  910
  863  909
  863  908
  864  911
  864  910
  865  912
  865  866
  865  911
  866  913
  866  912
  867  914
  868  869
  868  914
  869  915
  870  959
  870  916
  871  918
  871  917
  872  873
  873  919
  873  874
  874 2295
  874 2293
  874  920
  875 2294
  875  922
  875  876
  875 2293
  876  877
  877  924
  877  878
  877  923
  878  925
  878  879
  879  880
  880  925
  880  881
  881  882
  881  926
  882  971
  882  928
  882  927
  883 2285
  883  928
  883  884
  884 2296
  884 2285
  884  929
  885  974
  885  886
  886  887
  887  888
  887  931
  888  933
  888  932
  889  890
  889  933
  890  934
  890  891
  891 2261
  891  892
  892  893
  892 2261
  893  936
  894  981
  894  937
  894  936
  895  937
  895  896
  896  939
  896  938
  896  937
  898  941
  899  900
  899  943
  899  942
  899  941
  900  943
  901  944
  901  902
  901  943
  902  903
  903  945
  904  948
  904  947
  905  948
  906  949
  907  994
  907  908
  907  950
  907  949
  908  951
  908  950
  908  909
  909  952
  909  997
  910  911
  910  953
  911  912
  912  999
  912  954
  912  953
  913  956
  914  915
  914  956
  915  916
  915  957
  916  958
  917  960
  917  918
  917  959
  918  960
  918  961
  918  919
  919  920
  920  962
  920  921
  921  965
  921 2293
  921  963
  922  923
  922 2293
  922  965
  923  965
  923  967
  924  925
  924  967
  924  969
  925  926
  926  927
  926  969
  927  970
  927  971
  928  929
  928  972
  928  973
  929  973
  929 2296
  930  974
  930  973
  930 2296
  931 1023
  931  975
  932  976
  932  975
  934  979
  934  977
  935  979
  935 2261
  936  981
  937 2250
  937  982
  937  938
  937  981
  938  983
  939  983
  941  986
  941  985
  942  987
  942  986
  943  988
  943  944
  943  987
  944  945
  944  989
  944  988
  945  990
  945  946
  946 1038
  946  990
  946  947
  946  991
  947  991
  947  948
  948  992
  948  991
  949  994
  949  993
  950  995
  950  951
  951  997
  951  996
  951  995
  952  953
  952  998
  954 1000
  954  955
  954  999
  955 1001
  955  956
  956  957
  957  958
  957 1002
  958 1003
  958  959
  959 1004
  960  961
  960 1006
  961  962
  961 1006
  962 1055
  962  963
  962 1008
  963 1009
  963  964
  964 1010
  964 1009
  964  965
  965 1011
  965 1010
  965  966
  966  967
  966 1012
  966 1011
  967 1012
  967  968
  968 1014
  968  969
  968 1015
  968 1013
  969 1017
  969 1016
  969 1015
  969  970
  970 1018
  970  971
  970 1017
  971 1019
  971 1018
  971  972
  972 1021
  972 1020
  972 1019
  973 1022
  973 1021
  974 1023
  974 1022
  975 1024
  976  977
  977 1068
  977  978
  977 1024
  978 1026
  978 1025
  978  979
  979 1027
  979 1026
  980 2261
  980 1028
  980  981
  981 2250
  982 1031
  982  983
  982 2250
  983 1032
  983 1031
  985 1034
  986 1078
  986 1034
  986 1035
  987 1078
  987 1036
  988  989
  988 1037
  988 1036
  989 1037
  989  990
  990 1038
  990 1037
  991 1082
  991 1039
  991  992
  992 1041
  992  993
  992 1040
  992 1039
  993 1041
  994 1042
  994 1041
  995 1044
  995 1043
  996 1044
  996 1045
  996  997
  997  998
  997 1045
  998 1046
  999 1047
  999 1000
  999 1046
 1000 1048
 1000 1001
 1001 1002
 1002 1050
 1002 1049
 1003 1004
 1003 1050
 1004 1052
 1004 1005
 1005 1006
 1005 1052
 1006 1096
 1006 1097
 1006 1054
 1006 1053
 1006 1007
 1007 1098
 1007 1008
 1007 1054
 1008 1099
 1008 1055
 1008 1098
 1009 1010
 1009 1056
 1009 1055
 1010 1056
 1010 1011
 1010 1057
 1011 1057
 1011 1012
 1012 1013
 1012 1059
 1013 1014
 1013 1059
 1014 1015
 1014 1059
 1014 1060
 1015 1016
 1016 1060
 1016 1061
 1016 1017
 1017 1062
 1017 1018
 1018 1062
 1018 1019
 1019 1108
 1019 1020
 1019 1062
 1020 1063
 1020 1021
 1021 1064
 1022 1065
 1022 1064
 1023 1067
 1024 1067
 1024 1113
 1024 1068
 1025 1069
 1025 1026
 1025 1068
 1026 1027
 1026 1069
 1027 1070
 1027 2260
 1028 2260
 1028 1073
 1029 2250
 1030 2252
 1030 2250
 1031 1076
 1031 1075
 1034 1123
 1034 1077
 1035 1123
 1035 1078
 1036 1079
 1036 1037
 1036 1078
 1037 1081
 1037 1079
 1038 1127
 1038 1082
 1039 1083
 1039 1040
 1040 1129
 1040 1084
 1041 1084
 1041 1042
 1042 1085
 1042 1043
 1043 1132
 1043 1086
 1043 1085
 1044 1087
 1044 1045
 1044 1086
 1045 1088
 1045 1087
 1045 1046
 1046 1088
 1046 1047
 1047 1091
 1047 1090
 1048 1049
 1048 1091
 1049 1050
 1049 1093
 1049 1092
 1050 1051
 1051 1052
 1051 1093
 1052 1053
 1052 1095
 1052 1094
 1053 1095
 1053 1096
 1054 1098
 1054 1097
 1055 1100
 1055 1056
 1055 1099
 1056 1102
 1056 1101
 1057 1058
 1057 1102
 1058 1104
 1058 1059
 1058 1103
 1059 1104
 1060 1105
 1061 1107
 1061 1062
 1062 1108
 1063 1110
 1063 1109
 1063 1108
 1064 1110
 1065 1066
 1065 1112
 1066 1067
 1066 1112
 1067 1160
 1067 1113
 1068 1069
 1068 1113
 1069 1115
 1069 1114
 1071 1116
 1071 1072
 1071 2260
 1072 1118
 1072 1073
 1072 1117
 1073 1118
 1073 1074
 1074 2252
 1074 1119
 1074 1118
 1074 2251
 1075 2252
 1075 1120
 1075 1076
 1075 1119
 1076 1120
 1077 1123
 1078 1124
 1079 1080
 1079 1125
 1080 1126
 1080 1081
 1081 1127
 1081 1174
 1082 1176
 1082 1083
 1082 1128
 1083 1129
 1084 1130
 1084 1085
 1085 1132
 1085 1131
 1086 1133
 1086 1087
 1087 1088
 1087 1134
 1088 1136
 1088 1089
 1088 1135
 1089 1090
 1089 1137
 1089 1136
 1090 1185
 1090 1137
 1090 1138
 1090 1091
 1091 1138
 1091 1092
 1092 1140
 1092 1139
 1092 1093
 1092 1138
 1093 1094
 1093 1140
 1094 1140
 1094 1141
 1094 1095
 1095 1142
 1095 1096
 1095 1141
 1096 1097
 1097 1144
 1098 1099
 1098 1144
 1099 1100
 1099 1145
 1100 1146
 1101 1147
 1101 1146
 1102 1149
 1102 1103
 1103 1149
 1104 1151
 1104 1105
 1105 1106
 1105 1151
 1106 1154
 1106 1107
 1106 1152
 1107 1108
 1108 1155
 1108 1109
 1109 1156
 1109 1157
 1109 1155
 1110 1158
 1110 1111
 1111 1159
 1111 1112
 1112 1159
 1112 1160
 1113 1161
 1114 1163
 1115 1116
 1115 1164
 1116 1117
 1116 1164
 1116 1165
 1117 1118
 1117 1165
 1117 1166
 1118 1167
 1118 1119
 1119 1168
 1119 1120
 1119 2252
 1120 1121
 1121 1168
 1122 1171
 1124 1171
 1125 1173
 1126 1174
 1126 1173
 1127 1176
 1127 1175
 1128 1177
 1129 1178
 1129 1177
 1130 1179
 1130 1131
 1130 1178
 1131 1132
 1131 1179
 1132 1133
 1133 1134
 1133 1181
 1134 2286
 1134 1182
 1135 1182
 1135 1136
 1136 1137
 1136 1182
 1137 1185
 1137 1183
 1138 1186
 1138 1139
 1138 1185
 1139 1140
 1139 1187
 1140 1187
 1140 1189
 1140 1141
 1141 1142
 1141 1189
 1142 1143
 1142 1190
 1143 1144
 1143 1191
 1143 1192
 1144 1192
 1144 1145
 1145 1194
 1145 1146
 1146 1147
 1147 1194
 1147 1148
 1148 1149
 1148 1195
 1149 1150
 1150 1151
 1150 1196
 1151 1152
 1151 1198
 1152 1198
 1152 1153
 1153 1154
 1153 1200
 1153 1199
 1154 1155
 1155 1201
 1155 1156
 1156 2292
 1156 1157
 1156 1202
 1157 1244
 1157 1202
 1157 1203
 1157 1158
 1158 1159
 1158 1203
 1159 1204
 1159 1205
 1160 1161
 1160 1206
 1161 1162
 1162 1207
 1162 1163
 1162 1208
 1163 1208
 1163 1164
 1164 1209
 1165 1210
 1165 1209
 1166 1212
 1168 1255
 1168 1254
 1168 1213
 1168 1212
 1170 1215
 1170 1171
 1171 1215
 1171 1172
 1171 1216
 1172 1217
 1172 1173
 1172 1216
 1174 1218
 1175 1219
 1176 1219
 1177 1221
 1177 2271
 1177 1178
 1177 1220
 1178 1221
 1178 1179
 1179 1180
 1180 1223
 1180 1224
 1181 2286
 1181 1224
 1182 1183
 1182 1225
 1183 1225
 1183 1184
 1184 1227
 1184 1185
 1185 2297
 1186 1187
 1186 2297
 1187 1188
 1187 1228
 1188 1230
 1188 1189
 1188 1229
 1189 1230
 1189 1190
 1190 1191
 1191 1231
 1192 1193
 1192 1232
 1193 1235
 1193 1194
 1193 1233
 1194 1235
 1194 1195
 1195 1196
 1195 1236
 1196 2287
 1196 1237
 1196 1197
 1197 1238
 1197 1198
 1198 1238
 1198 1199
 1199 1240
 1200 1241
 1200 1242
 1201 2292
 1201 1242
 1201 1243
 1202 2291
 1202 1244
 1203 1290
 1203 1245
 1203 1204
 1203 1244
 1204 1291
 1204 1246
 1204 1245
 1205 1246
 1205 1206
 1206 1247
 1207 1295
 1207 1294
 1207 1248
 1207 1208
 1207 1247
 1208 1249
 1209 1251
 1209 1249
 1210 1252
 1210 1211
 1211 1253
 1211 1252
 1211 1212
 1212 1254
 1212 1253
 1213 1255
 1215 1258
 1215 1257
 1216 1259
 1216 1217
 1217 1260
 1217 1218
 1217 1259
 1218 1306
 1218 1308
 1218 1219
 1218 1307
 1218 1260
 1219 1308
 1219 1220
 1219 1261
 1220 1261
 1220 1262
 1220 2271
 1221 2271
 1221 1264
 1221 1222
 1222 1265
 1222 1223
 1223 1313
 1223 1266
 1224 1314
 1224 1266
 1225 1267
 1225 1226
 1225 2286
 1226 1269
 1226 1227
 1226 1268
 1227 2297
 1227 1270
 1228 1229
 1228 1271
 1228 2297
 1229 1273
 1230 1274
 1230 1231
 1230 1275
 1231 1232
 1231 1275
 1232 1276
 1232 1233
 1233 1234
 1234 1235
 1234 1279
 1234 1278
 1235 1280
 1235 1326
 1235 1279
 1236 1281
 1237 1238
 1237 1282
 1238 1284
 1238 1285
 1238 1239
 1239 1286
 1239 1240
 1240 1241
 1241 1287
 1241 1242
 1242 1243
 1243 2291
 1243 1288
 1244 2291
 1244 1290
 1245 1291
 1245 1290
 1246 1293
 1246 1292
 1246 1247
 1246 1291
 1247 1294
 1247 1293
 1248 1339
 1248 1296
 1248 1249
 1248 1295
 1249 1296
 1249 1250
 1250 1297
 1250 1251
 1250 1296
 1251 1297
 1251 1252
 1252 1299
 1253 1299
 1253 1300
 1255 1301
 1256 1302
 1258 1305
 1258 1347
 1258 1304
 1258 1259
 1259 1305
 1259 1260
 1260 1305
 1261 1262
 1261 1310
 1261 1308
 1262 1311
 1262 2271
 1263 2271
 1263 1264
 1264 1312
 1265 1312
 1266 1314
 1267 2286
 1267 1315
 1267 1268
 1267 1314
 1268 1315
 1269 2277
 1269 1317
 1269 1270
 1270 1317
 1270 1271
 1271 1272
 1271 2297
 1272 1273
 1272 1318
 1273 1320
 1273 1274
 1274 1275
 1275 1320
 1275 1276
 1276 1277
 1276 1321
 1277 1324
 1277 1322
 1277 1278
 1278 1325
 1278 1279
 1278 1324
 1279 1326
 1280 1327
 1280 1326
 1280 1281
 1281 2288
 1281 1327
 1282 1283
 1282 1328
 1283 1284
 1284 1330
 1284 1285
 1285 1331
 1285 1330
 1285 1286
 1286 1332
 1286 1331
 1286 1287
 1287 1334
 1287 1333
 1288 1335
 1288 1334
 1289 1290
 1289 1336
 1289 1335
 1289 2291
 1291 1382
 1291 1292
 1291 1336
 1292 1382
 1292 1293
 1293 1294
 1293 1337
 1294 1295
 1295 1338
 1296 1341
 1296 1297
 1296 1339
 1297 1342
 1297 1298
 1297 1341
 1298 1299
 1298 1342
 1299 1387
 1299 1343
 1299 1342
 1300 1389
 1300 1343
 1300 1301
 1301 1344
 1301 1302
 1301 1389
 1302 1345
 1302 1344
 1302 1303
 1304 1347
 1305 1306
 1305 1347
 1305 1348
 1305 1393
 1306 1349
 1306 1307
 1307 1308
 1308 1350
 1308 1309
 1309 1398
 1309 1351
 1311 1351
 1312 1353
 1312 1313
 1312 1354
 1313 1354
 1314 1402
 1314 1356
 1314 1315
 1314 1355
 1315 1356
 1315 1316
 1316 2277
 1316 1357
 1317 1359
 1317 1318
 1317 2277
 1318 1319
 1318 1360
 1319 1362
 1319 1361
 1320 1408
 1320 1363
 1320 1321
 1320 1362
 1321 1364
 1321 1322
 1321 1363
 1322 1365
 1323 1324
 1323 1365
 1324 1366
 1324 1367
 1325 1368
 1325 1326
 1326 1369
 1326 1327
 1327 2288
 1327 1369
 1328 1370
 1328 1371
 1328 2288
 1329 1330
 1329 1371
 1330 1374
 1330 1373
 1331 1375
 1332 1376
 1333 1334
 1333 1376
 1334 1377
 1334 1335
 1334 1378
 1335 1378
 1335 1336
 1336 1381
 1336 1379
 1337 1338
 1337 1382
 1338 1339
 1338 1383
 1339 1340
 1340 1341
 1340 1384
 1341 1385
 1341 1342
 1342 1387
 1343 1389
 1343 1387
 1344 1391
 1344 1390
 1344 1389
 1347 1393
 1347 1392
 1349 1395
 1350 1396
 1351 1399
 1351 1352
 1351 1398
 1352 1443
 1352 1400
 1352 1353
 1352 1399
 1354 1445
 1354 1355
 1354 1401
 1355 1446
 1355 1445
 1355 1402
 1356 1357
 1356 1402
 1357 1358
 1358 2277
 1358 1403
 1358 1404
 1359 2277
 1359 1360
 1359 1405
 1360 1405
 1360 1361
 1361 1407
 1362 1408
 1363 1409
 1363 1408
 1364 1410
 1364 1409
 1365 1411
 1365 2281
 1365 1410
 1366 1367
 1366 2281
 1367 1413
 1368 1369
 1368 1413
 1369 1414
 1369 1370
 1370 2288
 1370 1459
 1370 1415
 1370 1414
 1371 1372
 1371 1416
 1371 1415
 1373 1463
 1373 1462
 1373 1374
 1373 1417
 1374 1375
 1374 1463
 1375 1418
 1375 1376
 1376 1419
 1377 1420
 1377 1421
 1377 1378
 1378 1422
 1378 1421
 1379 1380
 1379 1422
 1380 1424
 1380 1381
 1381 1382
 1381 1425
 1382 1426
 1382 1425
 1383 1427
 1383 1426
 1384 1428
 1385 1429
 1386 2264
 1386 1387
 1386 1429
 1387 1388
 1387 1430
 1388 1389
 1388 1431
 1389 1432
 1389 1390
 1390 1391
 1390 1433
 1391 1434
 1393 1436
 1394 1437
 1394 1395
 1395 1439
 1395 1396
 1395 1438
 1396 1441
 1396 1397
 1397 1398
 1397 1441
 1399 1485
 1399 1442
 1400 1444
 1400 1401
 1400 1443
 1401 1444
 1402 1447
 1402 1446
 1403 1447
 1404 1449
 1404 1405
 1405 1449
 1405 1450
 1406 1407
 1406 1450
 1407 1451
 1408 1452
 1408 1409
 1409 1453
 1409 1410
 1410 1454
 1410 1453
 1411 1455
 1411 1454
 1412 2281
 1412 1413
 1412 1457
 1412 2280
 1413 1458
 1414 1459
 1414 1458
 1415 1460
 1415 1459
 1416 2279
 1416 1461
 1417 1462
 1417 1461
 1418 1464
 1419 1466
 1419 1465
 1419 1420
 1420 1467
 1420 1466
 1420 1421
 1421 1467
 1421 1422
 1422 1468
 1423 1468
 1423 1424
 1424 1470
 1424 1425
 1425 1471
 1425 1426
 1426 1472
 1426 1471
 1427 1473
 1427 1428
 1428 1474
 1428 1473
 1428 1429
 1429 2262
 1429 1474
 1430 1475
 1431 1476
 1432 1476
 1433 1477
 1434 1478
 1436 1437
 1437 1524
 1437 1480
 1437 1479
 1437 1438
 1437 1481
 1438 1481
 1438 1439
 1439 1482
 1439 1481
 1439 1440
 1440 1483
 1440 1441
 1440 1482
 1441 1484
 1441 1483
 1441 1442
 1443 1530
 1443 1485
 1444 1486
 1444 1487
 1444 1445
 1445 1488
 1445 1446
 1445 1487
 1446 1489
 1446 1488
 1447 1490
 1447 1489
 1448 1490
 1448 1449
 1449 1492
 1449 1450
 1450 1494
 1450 1492
 1451 1452
 1451 1495
 1452 1496
 1452 1495
 1452 1453
 1453 1497
 1453 1454
 1453 1496
 1454 1498
 1454 1497
 1455 1499
 1455 1498
 1455 2280
 1456 1499
 1456 1457
 1457 1501
 1458 1502
 1458 1501
 1459 1503
 1459 1502
 1459 1504
 1459 1460
 1460 2279
 1460 2278
 1460 1504
 1461 1505
 1461 2279
 1462 1546
 1462 1463
 1462 1507
 1463 2275
 1463 1507
 1464 2275
 1464 1509
 1464 1465
 1465 1510
 1465 1509
 1466 1467
 1466 1510
 1467 1512
 1467 1468
 1467 1510
 1467 1511
 1468 1512
 1469 1552
 1469 1470
 1469 1512
 1470 1514
 1471 1514
 1471 1515
 1471 1472
 1472 1516
 1472 1556
 1472 1473
 1472 1515
 1473 1516
 1473 1517
 1474 1518
 1475 1560
 1475 2265
 1475 1519
 1475 1476
 1476 1520
 1476 1519
 1477 1522
 1477 1521
 1477 1478
 1477 1520
 1479 1524
 1480 1481
 1480 1525
 1481 1526
 1481 1482
 1482 1527
 1482 1483
 1483 1484
 1484 1485
 1484 1528
 1484 1527
 1485 1528
 1486 1531
 1486 1530
 1486 1487
 1487 1488
 1487 1531
 1488 1533
 1488 1532
 1489 1534
 1489 1533
 1490 1535
 1491 1492
 1491 1535
 1492 1537
 1492 1493
 1493 1494
 1495 1581
 1495 1582
 1495 1496
 1495 1538
 1496 1582
 1497 1540
 1497 1498
 1498 1540
 1499 1541
 1499 1540
 1500 1542
 1500 1541
 1501 1543
 1501 1542
 1502 1543
 1502 1503
 1503 1588
 1503 1504
 1503 1543
 1504 2278
 1505 1545
 1505 2278
 1506 1546
 1506 1545
 1507 1508
 1507 1546
 1509 1592
 1509 1548
 1510 1550
 1510 1511
 1510 1549
 1511 1551
 1511 1550
 1512 1552
 1512 1551
 1513 1554
 1513 1552
 1514 1555
 1514 1515
 1514 1554
 1515 1556
 1516 1597
 1516 1556
 1516 1557
 1517 1599
 1517 1558
 1517 1557
 1517 1518
 1518 2263
 1518 1559
 1518 1558
 1519 1603
 1519 1561
 1519 1520
 1519 1560
 1520 1561
 1520 1521
 1520 1562
 1521 1563
 1521 1562
 1522 1563
 1523 1566
 1524 1566
 1524 1567
 1525 1567
 1526 1569
 1526 1568
 1527 1610
 1527 1611
 1527 1570
 1527 1569
 1528 1570
 1528 1571
 1528 1529
 1529 1572
 1529 1571
 1529 1530
 1530 1531
 1530 1572
 1531 1532
 1531 1572
 1532 1573
 1532 1533
 1533 1575
 1533 1534
 1533 1576
 1534 1576
 1534 1535
 1535 1619
 1535 1577
 1536 1537
 1536 1577
 1536 1578
 1537 1579
 1537 1538
 1538 1580
 1539 1540
 1539 1582
 1540 1583
 1540 1541
 1541 1584
 1542 1587
 1542 1586
 1543 1588
 1543 1587
 1544 1630
 1544 1589
 1544 2278
 1544 1588
 1545 1631
 1546 1632
 1546 1590
 1547 1548
 1547 1591
 1548 1592
 1548 1591
 1549 1636
 1549 1635
 1549 1550
 1549 1592
 1550 1636
 1551 1594
 1551 1593
 1552 1594
 1553 1595
 1553 1554
 1553 1594
 1554 2270
 1554 1555
 1555 1556
 1555 1596
 1556 1597
 1557 1598
 1557 1597
 1558 1600
 1558 1559
 1558 1599
 1559 2265
 1559 1560
 1559 2263
 1560 2265
 1560 1601
 1561 1562
 1561 1603
 1562 1645
 1562 1604
 1564 1604
 1565 1566
 1566 1606
 1566 1567
 1567 1608
 1567 1568
 1567 1609
 1568 1569
 1568 1609
 1569 1609
 1570 1653
 1570 1613
 1570 1612
 1571 1613
 1571 1614
 1571 1572
 1572 1573
 1573 1614
 1573 1574
 1574 1617
 1574 1575
 1574 1615
 1575 1618
 1575 1576
 1576 1619
 1576 1618
 1577 1660
 1577 1619
 1578 1621
 1578 1620
 1579 1622
 1579 1580
 1579 1621
 1580 1581
 1580 1622
 1580 1623
 1581 1624
 1581 1623
 1581 1582
 1582 1625
 1582 1624
 1583 1666
 1583 1584
 1583 1625
 1584 1667
 1584 1585
 1584 1626
 1586 1628
 1586 1587
 1586 1627
 1587 1629
 1587 1588
 1588 1629
 1589 1672
 1589 1671
 1589 1631
 1589 1630
 1591 1633
 1592 1635
 1592 1634
 1593 1637
 1593 1636
 1594 1678
 1594 1637
 1595 2270
 1595 1639
 1595 1638
 1596 1640
 1596 1597
 1597 1684
 1597 1683
 1597 1598
 1598 1641
 1598 1684
 1599 1641
 1600 1642
 1601 1643
 1601 1642
 1602 1643
 1602 1603
 1603 1645
 1604 1646
 1604 1605
 1604 1645
 1605 1646
 1606 1649
 1607 1608
 1608 1609
 1608 1651
 1609 1610
 1610 1652
 1611 1652
 1612 1653
 1612 1652
 1613 1654
 1613 1614
 1614 1615
 1614 1654
 1615 1655
 1615 1616
 1616 1617
 1616 1656
 1617 1658
 1617 1618
 1618 1659
 1618 1619
 1619 1659
 1620 1705
 1620 1660
 1621 1706
 1621 1662
 1622 1623
 1622 1662
 1622 1663
 1623 1624
 1624 1664
 1624 1625
 1625 1665
 1625 1664
 1626 1667
 1626 1666
 1627 1668
 1627 1628
 1627 1667
 1628 1670
 1628 1629
 1628 1669
 1629 1670
 1630 1670
 1631 1673
 1631 1632
 1631 1672
 1632 1718
 1632 1673
 1633 1674
 1633 1634
 1634 1719
 1634 1675
 1634 1674
 1634 1635
 1635 1636
 1635 1676
 1636 1676
 1637 1678
 1638 1678
 1639 1682
 1639 2270
 1639 1681
 1640 2270
 1640 1683
 1640 1726
 1641 1729
 1641 1730
 1641 1685
 1641 1642
 1641 1684
 1642 1686
 1642 1685
 1643 1687
 1644 1688
 1646 1735
 1646 1690
 1646 1689
 1648 1649
 1648 1692
 1649 1692
 1649 1693
 1649 1650
 1651 1740
 1651 1694
 1652 1696
 1652 1695
 1653 1698
 1653 1654
 1653 1697
 1653 1696
 1654 1698
 1655 1700
 1655 1656
 1655 1698
 1656 1657
 1657 1702
 1657 1700
 1657 1658
 1658 1703
 1658 1659
 1659 1703
 1660 1704
 1660 1703
 1661 1706
 1661 1705
 1662 1663
 1662 1706
 1663 1708
 1664 1755
 1664 1754
 1664 1709
 1664 1665
 1664 1708
 1665 1709
 1666 1756
 1667 1710
 1668 1712
 1668 1711
 1669 1713
 1669 1670
 1669 1712
 1670 1714
 1670 1713
 1671 1714
 1671 1672
 1672 1716
 1672 1715
 1673 1716
 1674 1719
 1674 1718
 1675 1766
 1675 1676
 1675 1719
 1676 1767
 1676 1720
 1676 1721
 1677 1721
 1677 1678
 1678 1679
 1679 1723
 1679 1680
 1679 1722
 1680 1723
 1681 1771
 1681 1725
 1681 1682
 1681 1724
 1682 1726
 1683 1684
 1683 1727
 1684 1727
 1684 1728
 1685 1776
 1685 1731
 1685 1730
 1686 1732
 1686 1687
 1687 1733
 1687 1732
 1687 1688
 1688 1779
 1688 1734
 1688 1733
 1689 1780
 1689 1735
 1689 1734
 1690 1735
 1691 1738
 1692 1738
 1692 1693
 1693 1694
 1693 1739
 1693 1738
 1694 1740
 1694 1739
 1695 1740
 1696 1742
 1696 1786
 1697 1786
 1697 1698
 1697 1743
 1698 1744
 1698 1743
 1699 1789
 1699 1700
 1700 1701
 1700 1745
 1702 1747
 1703 1749
 1703 1748
 1703 1704
 1704 1750
 1704 1749
 1705 1750
 1706 1752
 1707 1752
 1708 1754
 1708 1753
 1709 1756
 1709 1755
 1710 1757
 1710 1711
 1711 1758
 1712 1802
 1712 1760
 1713 1714
 1713 1760
 1714 1760
 1714 1761
 1715 1716
 1715 1761
 1716 1763
 1716 1762
 1717 1764
 1717 1763
 1718 1764
 1718 1719
 1719 1765
 1719 1766
 1720 1767
 1720 1766
 1721 1768
 1721 1767
 1722 1723
 1722 1768
 1723 1770
 1723 1769
 1724 1771
 1724 1770
 1725 1772
 1726 1773
 1726 1727
 1727 1728
 1727 1773
 1728 1774
 1728 1729
 1729 1730
 1730 1776
 1731 1777
 1731 1732
 1731 1776
 1732 1778
 1732 1777
 1733 1819
 1733 1778
 1734 1780
 1734 1779
 1735 1781
 1735 1780
 1738 1822
 1738 1782
 1738 1783
 1740 1784
 1740 1741
 1741 1785
 1741 1742
 1741 1784
 1742 1786
 1742 1785
 1743 1744
 1743 1788
 1743 1786
 1744 1828
 1744 1789
 1744 1788
 1745 1746
 1745 1789
 1746 1792
 1746 1747
 1746 1790
 1747 1792
 1747 1748
 1748 1749
 1748 1793
 1748 1792
 1749 1793
 1749 1750
 1750 1834
 1750 1794
 1751 1795
 1752 1796
 1752 1753
 1752 1795
 1753 1754
 1753 1796
 1754 1797
 1754 1755
 1755 1756
 1755 1798
 1755 1797
 1756 1799
 1756 1798
 1756 1757
 1757 1800
 1757 1799
 1758 1759
 1758 1800
 1759 1802
 1760 1803
 1760 1761
 1761 1762
 1761 1803
 1762 1763
 1763 1804
 1764 1806
 1765 1847
 1765 1846
 1765 1766
 1765 1807
 1765 1806
 1766 1807
 1767 1809
 1767 1768
 1768 2269
 1768 1809
 1769 2269
 1769 1770
 1770 1810
 1771 1811
 1772 1853
 1772 1813
 1772 1812
 1773 1814
 1773 1774
 1773 1813
 1774 1814
 1774 1775
 1775 1816
 1775 1815
 1776 1817
 1776 1816
 1776 1777
 1777 1818
 1777 1778
 1777 1817
 1778 1858
 1778 1818
 1779 1861
 1779 1860
 1779 1819
 1780 1820
 1780 1861
 1782 1822
 1783 1823
 1783 1784
 1783 1822
 1784 1823
 1785 1825
 1785 1786
 1785 1824
 1786 1787
 1786 1827
 1786 1825
 1787 1788
 1788 1828
 1789 1829
 1789 1828
 1790 1791
 1790 1829
 1791 1831
 1792 1872
 1792 1832
 1792 1793
 1792 1831
 1793 1832
 1794 1834
 1794 1832
 1795 1796
 1795 1835
 1796 1837
 1796 1797
 1796 1835
 1797 1838
 1798 1839
 1798 1799
 1799 1840
 1799 1839
 1800 1801
 1800 1840
 1801 1802
 1802 1882
 1802 1881
 1802 1803
 1803 1883
 1803 1882
 1803 1842
 1804 1805
 1804 1842
 1804 1844
 1805 1845
 1806 1846
 1806 1845
 1807 1808
 1807 1847
 1808 1849
 1809 2269
 1809 1849
 1810 1811
 1810 1851
 1811 1812
 1813 1893
 1813 1814
 1813 1853
 1814 1894
 1814 1854
 1814 1893
 1815 1895
 1816 1896
 1816 1856
 1816 1817
 1817 1856
 1818 1857
 1819 1859
 1819 1858
 1820 1861
 1822 1904
 1822 1863
 1823 1865
 1823 1824
 1823 1864
 1824 1907
 1824 1825
 1824 1865
 1825 1866
 1825 1826
 1826 1867
 1826 1827
 1826 1866
 1827 1909
 1827 1868
 1827 1828
 1828 1829
 1828 1868
 1829 2256
 1829 1869
 1830 1831
 1830 2256
 1831 1871
 1831 1872
 1832 1873
 1832 1872
 1833 1834
 1833 1873
 1834 1875
 1835 1876
 1835 1836
 1835 1875
 1836 1876
 1836 1837
 1836 1877
 1837 1878
 1837 1838
 1838 1878
 1838 1839
 1839 1880
 1839 1840
 1840 2254
 1840 1880
 1841 2254
 1841 1881
 1842 1884
 1842 1883
 1843 1884
 1843 1844
 1844 1886
 1845 1886
 1846 1887
 1846 1847
 1847 1927
 1847 1887
 1847 1888
 1848 1888
 1848 1849
 1849 1930
 1849 1850
 1849 2269
 1850 1931
 1850 1930
 1850 1890
 1850 2269
 1851 1890
 1851 2269
 1852 1853
 1852 1890
 1852 1892
 1853 1893
 1853 1892
 1854 1895
 1854 1894
 1855 1896
 1855 1895
 1856 1857
 1856 1896
 1857 1858
 1857 1898
 1858 1941
 1858 1899
 1858 1898
 1859 1899
 1860 1900
 1861 1901
 1862 1901
 1863 1904
 1864 1904
 1865 1907
 1865 1906
 1866 1907
 1867 1909
 1867 1908
 1868 1953
 1868 1910
 1868 1909
 1869 1910
 1870 1912
 1870 2256
 1871 1913
 1871 1872
 1871 1912
 1872 1873
 1872 1914
 1872 1913
 1873 1914
 1874 1914
 1875 1915
 1875 1916
 1875 1876
 1876 1961
 1876 1916
 1877 1963
 1877 1918
 1877 1917
 1878 1918
 1878 1919
 1878 1879
 1879 1880
 1879 1919
 1880 2254
 1880 1965
 1881 1882
 1881 1922
 1882 1923
 1882 1883
 1883 1923
 1884 1924
 1885 1924
 1885 1886
 1886 1926
 1886 1887
 1887 1972
 1887 1927
 1887 1926
 1888 1928
 1888 1889
 1888 1927
 1889 1930
 1890 1932
 1890 1931
 1891 1934
 1891 1932
 1892 1935
 1892 1934
 1892 1893
 1893 1936
 1893 1894
 1894 1937
 1894 1936
 1895 1938
 1896 1897
 1896 2255
 1897 1940
 1898 1941
 1898 1940
 1899 1900
 1900 1944
 1900 1943
 1900 1942
 1900 1901
 1901 1945
 1901 1944
 1903 1947
 1904 1947
 1904 1948
 1904 1905
 1905 1906
 1905 1949
 1905 1948
 1906 1949
 1906 1950
 1906 1907
 1907 1950
 1907 1908
 1908 1952
 1909 1953
 1910 1954
 1910 1953
 1910 2256
 1911 1954
 1911 1955
 1912 1999
 1912 1955
 1912 1913
 1913 1956
 1914 1958
 1914 1957
 1915 1960
 1915 1958
 1916 1961
 1916 1960
 1917 1961
 1918 1919
 1919 1920
 1919 1963
 1919 2006
 1920 1964
 1920 1965
 1921 1966
 1921 1968
 1921 1922
 1922 1923
 1922 1969
 1923 1969
 1923 1924
 1924 1970
 1924 2013
 1924 1969
 1925 1971
 1926 1972
 1926 1971
 1927 1973
 1927 1928
 1927 1972
 1928 1974
 1928 1973
 1929 1975
 1930 1975
 1930 1931
 1931 1976
 1931 1975
 1932 1977
 1932 1933
 1933 1979
 1934 1979
 1934 1935
 1935 1936
 1935 1980
 1935 2024
 1935 1979
 1936 1980
 1936 1937
 1937 1938
 1937 1982
 1937 1981
 1938 2026
 1938 1983
 1938 1982
 1939 2255
 1939 1984
 1940 1985
 1940 1984
 1940 1941
 1941 1942
 1941 1986
 1941 1985
 1942 1987
 1942 1986
 1942 1943
 1943 1944
 1943 1987
 1944 1989
 1944 1988
 1947 2034
 1947 1991
 1947 1990
 1948 2035
 1948 1991
 1948 1992
 1949 1950
 1949 1992
 1950 2036
 1950 1993
 1950 1992
 1951 1952
 1951 1993
 1952 1995
 1953 1996
 1953 1997
 1953 1995
 1953 1954
 1954 1997
 1955 1999
 1956 2000
 1956 1957
 1956 1999
 1957 2000
 1957 1958
 1958 2002
 1958 2001
 1959 2002
 1959 1960
 1960 2004
 1960 1961
 1961 1962
 1961 2004
 1963 2052
 1963 2051
 1963 2005
 1963 2006
 1964 2053
 1964 2006
 1965 2008
 1965 2009
 1965 1966
 1965 2254
 1966 2254
 1966 2009
 1967 2274
 1967 1968
 1968 2011
 1969 2012
 1969 2011
 1969 2013
 1970 2014
 1970 2013
 1971 2016
 1971 1972
 1971 2015
 1972 2257
 1972 2016
 1973 1974
 1973 2018
 1973 2017
 1974 2020
 1975 2020
 1975 2021
 1975 1976
 1976 2021
 1976 1977
 1977 2022
 1977 2021
 1978 2023
 1978 2022
 1979 2249
 1979 2023
 1980 1981
 1980 2024
 1981 1982
 1982 2026
 1982 2025
 1983 1984
 1983 2026
 1984 2028
 1984 1985
 1985 2073
 1985 2028
 1985 1986
 1986 1987
 1987 2030
 1987 2029
 1988 2031
 1989 2031
 1990 2034
 1991 2035
 1992 2036
 1992 2035
 1993 2037
 1993 2036
 1994 1995
 1994 2037
 1995 1996
 1995 2039
 1996 1997
 1996 2039
 1997 2040
 1997 2042
 1997 2041
 1998 1999
 1999 2000
 1999 2043
 2000 2045
 2000 2043
 2000 2001
 2001 2046
 2001 2002
 2002 2088
 2002 2047
 2002 2046
 2003 2048
 2004 2005
 2004 2048
 2004 2049
 2005 2049
 2005 2051
 2006 2052
 2007 2054
 2007 2053
 2008 2009
 2008 2054
 2009 2096
 2009 2095
 2009 2054
 2009 2274
 2010 2274
 2011 2056
 2011 2055
 2011 2012
 2012 2057
 2012 2013
 2012 2056
 2013 2057
 2013 2058
 2015 2059
 2015 2058
 2016 2257
 2016 2059
 2017 2018
 2017 2257
 2018 2103
 2018 2019
 2018 2060
 2019 2062
 2020 2063
 2020 2062
 2020 2021
 2021 2065
 2021 2022
 2021 2063
 2022 2065
 2023 2067
 2023 2066
 2024 2068
 2024 2025
 2024 2067
 2025 2069
 2025 2110
 2025 2068
 2026 2027
 2026 2070
 2026 2069
 2027 2072
 2028 2073
 2028 2072
 2029 2074
 2029 2073
 2029 2030
 2030 2031
 2030 2076
 2030 2075
 2031 2077
 2031 2076
 2034 2079
 2034 2078
 2035 2121
 2035 2080
 2035 2079
 2036 2081
 2036 2037
 2037 2123
 2037 2082
 2037 2038
 2037 2081
 2038 2083
 2039 2126
 2039 2084
 2039 2040
 2039 2083
 2040 2041
 2041 2128
 2041 2042
 2042 2128
 2042 2043
 2043 2086
 2043 2044
 2044 2132
 2044 2045
 2044 2087
 2044 2086
 2046 2133
 2046 2088
 2046 2087
 2048 2089
 2048 2049
 2049 2090
 2049 2091
 2049 2089
 2051 2092
 2051 2091
 2052 2093
 2052 2053
 2052 2092
 2053 2093
 2054 2140
 2054 2095
 2055 2142
 2055 2056
 2056 2143
 2056 2098
 2057 2099
 2057 2098
 2058 2099
 2058 2059
 2059 2257
 2059 2101
 2060 2103
 2061 2062
 2061 2103
 2062 2105
 2062 2063
 2063 2105
 2063 2064
 2064 2107
 2064 2065
 2065 2107
 2066 2107
 2067 2154
 2067 2109
 2067 2068
 2067 2249
 2068 2109
 2069 2070
 2070 2112
 2070 2111
 2071 2072
 2071 2112
 2072 2114
 2072 2073
 2073 2116
 2073 2115
 2073 2074
 2074 2075
 2074 2116
 2075 2076
 2076 2118
 2076 2117
 2077 2118
 2079 2165
 2079 2121
 2079 2120
 2080 2081
 2080 2121
 2081 2169
 2081 2123
 2082 2083
 2082 2125
 2082 2173
 2083 2126
 2083 2125
 2084 2128
 2084 2126
 2085 2129
 2085 2128
 2086 2129
 2086 2130
 2086 2131
 2087 2132
 2088 2134
 2088 2133
 2089 2090
 2089 2135
 2089 2134
 2090 2135
 2090 2091
 2091 2137
 2091 2092
 2092 2138
 2092 2093
 2093 2139
 2093 2094
 2094 2140
 2095 2141
 2095 2140
 2095 2096
 2096 2142
 2096 2274
 2097 2204
 2097 2142
 2098 2099
 2098 2143
 2099 2145
 2099 2100
 2099 2144
 2101 2102
 2101 2147
 2101 2148
 2101 2146
 2101 2257
 2102 2103
 2102 2257
 2103 2148
 2103 2104
 2104 2150
 2105 2151
 2105 2106
 2105 2150
 2106 2107
 2107 2153
 2107 2152
 2107 2108
 2107 2151
 2108 2154
 2109 2110
 2109 2155
 2109 2154
 2110 2156
 2110 2111
 2111 2112
 2112 2157
 2112 2156
 2113 2159
 2113 2157
 2113 2114
 2114 2115
 2115 2160
 2115 2159
 2115 2116
 2116 2160
 2116 2117
 2117 2162
 2117 2118
 2118 2163
 2118 2162
 2121 2167
 2121 2122
 2121 2165
 2122 2169
 2122 2167
 2123 2171
 2123 2124
 2123 2169
 2124 2173
 2124 2171
 2125 2175
 2125 2173
 2126 2127
 2126 2175
 2127 2178
 2127 2176
 2127 2128
 2128 2180
 2128 2178
 2129 2130
 2129 2180
 2130 2131
 2130 2181
 2131 2184
 2131 2182
 2131 2132
 2132 2186
 2132 2133
 2132 2184
 2133 2187
 2133 2134
 2134 2189
 2134 2135
 2134 2187
 2135 2191
 2135 2189
 2135 2136
 2136 2193
 2136 2137
 2136 2191
 2137 2195
 2137 2138
 2137 2193
 2138 2197
 2138 2195
 2138 2139
 2139 2199
 2139 2140
 2139 2197
 2140 2200
 2141 2202
 2141 2142
 2141 2200
 2142 2274
 2142 2204
 2142 2202
 2143 2206
 2143 2144
 2143 2204
 2144 2207
 2144 2145
 2145 2209
 2145 2146
 2145 2207
 2146 2211
 2146 2209
 2146 2147
 2147 2213
 2147 2148
 2147 2211
 2148 2215
 2148 2213
 2148 2149
 2149 2217
 2149 2150
 2149 2215
 2150 2219
 2150 2151
 2150 2217
 2151 2221
 2151 2152
 2151 2219
 2152 2223
 2152 2221
 2153 2225
 2153 2154
 2153 2223
 2154 2227
 2154 2225
 2155 2229
 2155 2156
 2155 2227
 2156 2231
 2156 2229
 2156 2157
 2157 2232
 2157 2231
 2158 2234
 2158 2159
 2158 2232
 2159 2236
 2159 2234
 2160 2238
 2160 2161
 2160 2236
 2161 2240
 2161 2162
 2161 2238
 2162 2242
 2162 2240
 2162 2163
 2253 2289
 2258 2259
 2263 2264
 2263 2265
 2264 2265
 2278 2279
 2284 2285
 2287 2288
 2291 2292
 2293 2294
 2294 2295
