    2  126
    2   82
    3   82
    4   83
    4   82
    6   84
    6   83
    8   84
    9   86
    9   85
   11  130
   11   87
   11   86
   13   87
   14   88
   14   89
   16  132
   16   90
   16   89
   18   91
   18   90
   19   92
   21   93
   21   92
   22   93
   23   94
   23   93
   25   94
   25   95
   27   96
   27   95
   28   96
   29   97
   29   96
   31   98
   31   97
   33  141
   33   99
   33   98
   34  100
   34   99
   36  101
   36  100
   38  102
   38  101
   39  102
   40  102
   40  103
   42  147
   42  104
   42  103
   44  105
   44  104
   46  106
   46  105
   48  106
   48  107
   50  151
   50  108
   50  107
   52  108
   53  110
   53  109
   55  111
   55  110
   57  154
   57  111
   57  112
   59  112
   59  113
   61  113
   61  114
   62  114
   62  115
   64  115
   64  116
   66  117
   66  116
   67  117
   68  118
   68  117
   70  119
   70  118
   71  120
   73  121
   73  120
   75  122
   75  121
   77  123
   77  122
   79  166
   79  123
   81  126
   82  127
   82  126
   83  128
   83   84
   84   85
   85 2408
   85  129
   85   86
   87   88
   87  130
   88  175
   88   89
   88  131
   90   91
   90  132
   91  134
   91   92
   91  133
   93  136
   93   94
   93  135
   94  137
   94   95
   96  182
   96  138
   96  139
   96   97
   97   98
   98  141
   98  140
   99  142
   99  141
  100  101
  101  102
  101  143
  102  145
  102  144
  103  147
  103  145
  104  148
  104  105
  105  106
  106  148
  106  107
  107  151
  107  149
  108  196
  108  109
  108  151
  109  110
  109  196
  110  198
  110  197
  110  152
  110  153
  110  111
  111  154
  112  113
  112  154
  113  156
  113  155
  114  115
  115  116
  115  156
  115  158
  116  117
  117  160
  117  159
  118  119
  119  162
  119  120
  119  161
  120 2407
  120  121
  121 2407
  121  122
  122  163
  122  123
  123  166
  123  165
  123  164
  124  166
  125  169
  126  170
  126  169
  126  127
  127  128
  127  170
  128 2408
  129  130
  129 2408
  130  131
  130  173
  131  174
  131  173
  132  133
  132 2416
  132  175
  133 2416
  133  134
  133  176
  134  135
  135  179
  135  178
  135  136
  136 2411
  136  137
  137  138
  137 2411
  137  180
  138  180
  139  183
  139  182
  140  141
  140  183
  141  142
  141  184
  141  185
  142  187
  142  143
  143  144
  143  188
  144  190
  144  145
  144  189
  145  190
  146  192
  146  147
  147  148
  147  192
  148  237
  148  238
  148  149
  148  193
  149  150
  150  194
  151  240
  151  196
  151  195
  154  200
  154  155
  154  199
  155  245
  155  156
  155  200
  155  201
  156  157
  157  248
  157  202
  157  158
  157  247
  158  159
  158  202
  159  205
  159  160
  159  204
  160  206
  160  161
  161  162
  161  206
  163  208
  163  209
  163  164
  163 2407
  165  210
  165  166
  165  209
  166  212
  166  211
  169  213
  169  215
  169  214
  169  170
  170  216
  170  260
  170  215
  170  171
  171 2408
  172 2408
  172  173
  172  217
  173  218
  173  174
  174  219
  174  175
  174  218
  176  222
  176  221
  176 2416
  177  178
  177  222
  178  224
  178  179
  179 2411
  179  225
  179  224
  180  226
  180 2411
  181  182
  182  275
  182  228
  182  227
  182  183
  183  184
  184  229
  184  185
  184  228
  185  230
  185  229
  187  188
  187  230
  188  231
  188  189
  189  232
  189  231
  189  190
  190  191
  190  233
  190  232
  192  235
  192  234
  192  193
  193  237
  193  235
  194  195
  194  239
  194  238
  195  287
  195  239
  195  240
  196  242
  197  198
  197  242
  198  242
  198  243
  198  199
  200  244
  200  245
  201  246
  201  247
  201  245
  202  296
  202  248
  202  249
  203  204
  204  250
  204  205
  204  249
  205  206
  206  300
  206  252
  206  207
  206  251
  207 2407
  208  254
  208  209
  208  253
  209  255
  209  210
  209  254
  210  256
  210  255
  210  211
  211  305
  211  257
  211  256
  213  259
  214  259
  215  260
  215  259
  216  262
  216  260
  217  263
  217  262
  217 2408
  218  264
  218  219
  218  263
  219  265
  219  220
  220 2416
  221  267
  221  268
  221 2416
  221  266
  222  223
  223  269
  223  224
  224  225
  224  269
  225  271
  225  270
  226  227
  227  273
  228  229
  228  275
  229  278
  229  277
  229  276
  230  279
  231  280
  231  232
  231  279
  232  281
  232  280
  233  281
  233  234
  235  283
  235  236
  235  282
  236  284
  236  283
  236  237
  237  285
  237  284
  239  287
  239  286
  240  288
  240  241
  240  287
  241  289
  241  242
  242  243
  243  335
  243  291
  243  244
  243  290
  244  293
  244  245
  245  293
  246  294
  248  296
  248  295
  249  250
  250  251
  250  299
  250  298
  251  300
  252  346
  252  301
  253  303
  253  254
  253  302
  253 2407
  254  255
  254  303
  255  256
  256  304
  257  305
  259  307
  259  308
  260  309
  260  261
  261  310
  261  309
  261  262
  262  263
  263  313
  263  264
  263  312
  264  313
  264  314
  265  315
  265  314
  265  266
  266 2416
  267  317
  267  268
  267  316
  268  318
  269  270
  269  318
  270  320
  270  319
  270  271
  271 2411
  271  320
  272  273
  272  321
  272 2411
  273  274
  274  275
  274  322
  275  323
  275  276
  276  324
  276  277
  276  323
  277  325
  277  324
  278  279
  279  326
  280  327
  280  281
  281  328
  281  282
  281  327
  283  331
  283  330
  283  284
  284  331
  285  332
  285  286
  287  379
  287  288
  288  333
  288  379
  289  334
  289  290
  289  333
  291  383
  291  292
  291  335
  292  336
  292  337
  292  293
  293  338
  293  294
  294  295
  295  296
  295  339
  296  341
  296  340
  296  297
  297  298
  297  342
  298  299
  299  344
  299  343
  300  345
  300  346
  300  344
  301  302
  302  348
  302  347
  303  349
  303  348
  304  350
  304  349
  305  351
  305  350
  308  353
  308  352
  308  309
  309  354
  309  353
  309  310
  310  355
  310  354
  310  311
  311  356
  311  312
  311  355
  312  356
  312  313
  313  358
  313  357
  314  360
  314  315
  315  316
  316  361
  316  317
  317  363
  317  318
  317  362
  318  319
  319  365
  319  320
  319  364
  320  409
  320  366
  321  322
  321  367
  321  366
  322  323
  323 2421
  323  368
  323  324
  324  370
  324  369
  325  371
  326  327
  326  371
  327  328
  327  372
  328  373
  328  375
  328  329
  329  330
  330  376
  330  331
  331  332
  331  378
  331  377
  332  379
  333  381
  333  334
  333  380
  334  335
  335  382
  336  427
  336  337
  336  384
  336  383
  337  384
  337  338
  338  385
  338  339
  339  386
  340  387
  340  341
  340  386
  341  432
  341  388
  341  387
  342  343
  342  388
  343  390
  343  344
  343  389
  344  345
  345  391
  345  390
  346  347
  347  348
  347  392
  348  438
  348  393
  348  392
  348  349
  349  394
  349  393
  350  440
  350  395
  350  394
  351  395
  353  443
  353  398
  353  397
  354  399
  354  398
  354  355
  355  445
  356  400
  356  401
  356  357
  357  402
  357  358
  357  401
  358  403
  358  402
  358  359
  359  448
  359  404
  359  403
  359  360
  360  361
  361  405
  361  362
  362  363
  362  407
  362  406
  363  407
  363  364
  364  408
  364  365
  364  407
  365  453
  365  408
  365  409
  366  367
  367  368
  367  410
  367  411
  369  412
  369  413
  369 2421
  370  459
  370  414
  370  413
  371  415
  371  414
  372  416
  372  415
  373  462
  373  417
  373  374
  373  416
  374  375
  374  418
  375  376
  376  377
  376  418
  377  420
  377  419
  377  378
  378  379
  378  422
  379  380
  380  423
  380  422
  381  382
  381  424
  382  425
  382  383
  383  427
  383  425
  384  429
  384  428
  384  385
  384  427
  385  430
  385  386
  387  432
  387  431
  388  433
  389  390
  389  434
  389  433
  390  434
  390  435
  391  437
  391  392
  391  435
  392  438
  392  437
  393  439
  393  438
  394  439
  395  485
  395  441
  397  443
  398  399
  398  443
  399  491
  400  446
  400  401
  400  445
  401  493
  401  447
  402  403
  403  494
  403  448
  403  447
  404  449
  404  405
  404  448
  405  450
  405  449
  405  406
  406  451
  406  407
  407  451
  407  408
  408  500
  408  452
  409  454
  410  411
  410  454
  411 2422
  411  455
  412  458
  412  457
  412  413
  412  456
  413  459
  413  458
  414  415
  415  416
  415  460
  416  461
  416  462
  417  463
  417  418
  417  462
  417  464
  418  465
  418  419
  418  464
  419  466
  419  465
  419  420
  420  467
  420  421
  420  466
  421  516
  421  468
  421  422
  421  467
  422  469
  422  468
  423  470
  423  424
  423  469
  424  472
  424  470
  424  471
  424  425
  425  426
  425  473
  426  474
  426  473
  426  427
  428  475
  428  429
  428  474
  429  430
  430  526
  430  431
  430  475
  431  527
  431  432
  431  477
  431  476
  432  477
  432  478
  433  479
  433  434
  433  478
  434  480
  434  435
  435  480
  435  436
  436  437
  436  481
  436  482
  436  480
  437  438
  437  482
  438  484
  438  483
  439 2409
  439  484
  440  485
  440 2409
  441  485
  442  443
  442  488
  443  444
  443  489
  445  491
  445  446
  446  544
  446  492
  447  494
  447  493
  448  449
  448  494
  449  497
  449  450
  449  495
  450  498
  450  497
  450  451
  451  498
  451  452
  452  550
  452  500
  452  499
  453  502
  453  500
  453  454
  454  503
  454  455
  455 2422
  455  504
  455  503
  455  456
  456  505
  456  504
  456  457
  456 2421
  457  506
  457  505
  458  459
  459  507
  459  506
  460  509
  460  461
  460  508
  460  507
  461  560
  461  511
  461  509
  461  462
  462  511
  463  561
  463  464
  463  512
  463  511
  464  514
  464  512
  464  465
  465  514
  466  515
  466  514
  467  516
  468  517
  468  469
  469  518
  469  470
  469  517
  470  569
  470  519
  470  518
  471  520
  471  519
  471  472
  472  522
  472  521
  472  473
  473  524
  473  474
  473  522
  474  475
  475  525
  475  526
  476  527
  476  526
  477  529
  477  478
  477  527
  478  479
  478  529
  479  530
  479  480
  479  529
  479  531
  480  531
  480  532
  480  481
  481  533
  481  532
  482  533
  482  483
  483  484
  483  534
  484 2409
  485  537
  485  536
  485 2409
  486  537
  488  539
  488  540
  489  490
  490  491
  490  541
  490  540
  491  542
  492  545
  492  493
  493  545
  493  494
  494  495
  494  545
  495  547
  495  496
  495  595
  496  596
  496  547
  496  548
  497  549
  497  498
  498  549
  499  549
  500  501
  500  550
  501  552
  501  502
  501  551
  502  553
  502  552
  502  503
  503  554
  503  553
  505  506
  505  555
  505  554
  506  555
  506  556
  506  507
  507  557
  507  558
  507  508
  507  556
  508  509
  509  559
  509  510
  509  558
  510  560
  511  560
  512  562
  512  561
  512  563
  513  514
  514  515
  514  565
  515  565
  515  516
  515  566
  515  567
  516  517
  517  568
  517  567
  518  615
  518  569
  518  568
  519  570
  519  569
  520  521
  521  571
  521  570
  521  522
  522  523
  522  571
  523  619
  523  573
  523  524
  524  525
  525  526
  525  573
  526  622
  526  576
  526  574
  526  527
  527  576
  528  577
  528  576
  528  529
  529  578
  529  530
  529  577
  530  626
  530  531
  530  579
  531  532
  532  533
  532  579
  533  581
  533  580
  534  582
  535 2409
  535  583
  536  632
  536  585
  536 2409
  537  586
  539  588
  539  540
  540  588
  541  590
  541  637
  541  542
  541  589
  542  590
  542  543
  543  590
  543  544
  544  591
  545  546
  545  593
  545  592
  546  594
  546  593
  547  596
  548  597
  548  549
  548  596
  549  550
  549  598
  550  598
  550  599
  551  600
  551  552
  552  553
  552  601
  553  602
  553  554
  554  602
  554  555
  555  603
  555  602
  556  603
  556  557
  557  558
  557  604
  558  606
  558  559
  558  605
  559  607
  559  560
  559  608
  559  606
  560  608
  561  657
  561  562
  562  610
  562  609
  563  610
  563  564
  564  612
  564  611
  564  565
  564  610
  565  566
  565  613
  566  567
  567  568
  568  662
  568  614
  569  617
  569  570
  569  615
  570  571
  571  618
  571  617
  572  618
  572  619
  573  620
  573  574
  573  619
  574  621
  574  620
  574  575
  575  622
  575  621
  576  577
  576  622
  577  625
  577  624
  577  578
  578  626
  579  627
  579  580
  579  626
  580  628
  580  581
  580  627
  581  629
  581  628
  581  582
  582  630
  582  629
  583  631
  583  584
  583  630
  584  680
  584  632
  584  631
  584 2410
  585  633
  585  586
  585  632
  586  633
  587  636
  588  636
  588  589
  589  637
  589  636
  590  638
  590  639
  590  591
  591  592
  591  639
  592  687
  592  593
  592  639
  592  640
  593  641
  593  594
  594  595
  594  641
  595  643
  595  596
  596  597
  596  643
  596  645
  597  646
  597  598
  598  647
  598  599
  599  648
  599  647
  599  600
  600  649
  600  695
  600  601
  600  648
  601  650
  601  602
  601  649
  602  650
  602  603
  603  604
  603  652
  603  698
  604  700
  604  652
  604  653
  604  605
  605  654
  605  653
  605  606
  606  702
  606  655
  606  607
  607  608
  607  655
  608  703
  608  656
  609  658
  609  657
  609  610
  610  611
  610  659
  611  660
  611  659
  612  613
  613  708
  613  662
  613  660
  613  614
  614  662
  615  663
  615  662
  616  617
  616  663
  617  618
  617  664
  617  666
  618  619
  618  666
  619  667
  619  668
  620  669
  620  668
  620  621
  621  671
  621  622
  621  669
  622  717
  622  672
  622  623
  624  673
  624  625
  625  721
  625  675
  625  674
  625  626
  626  676
  626  627
  627  628
  628  677
  628  676
  629  679
  629  678
  629  677
  630  679
  630  631
  631  679
  632  681
  632  680
  633  681
  634  681
  635  636
  635  684
  636  637
  637  685
  638  686
  638  685
  638  639
  639  687
  640  687
  641  688
  641  689
  641  642
  642  643
  643  690
  643  689
  644  645
  645  646
  645  691
  645  692
  646  647
  646  692
  646  694
  647  694
  648  695
  648  694
  649  696
  649  744
  649  650
  649  695
  650  651
  650  696
  651  697
  651  747
  651  698
  652  700
  652  698
  653  701
  653  700
  654  702
  655  702
  656  751
  656  702
  657  752
  657  704
  657  658
  657  703
  658  705
  658  704
  659  706
  659  660
  660  707
  660  661
  660  706
  661  708
  661  707
  662  710
  662  708
  662  663
  663  710
  664  665
  664  711
  664  710
  665  666
  665  711
  665  712
  665  713
  666  760
  666  714
  666  713
  668  715
  668  714
  668  669
  669  716
  669  715
  670  716
  670  671
  671  716
  672  718
  672  673
  672  717
  673  719
  673  718
  673  674
  674  720
  674  721
  674  719
  675  676
  675  722
  675  721
  676  723
  676  722
  676  677
  677  725
  677  724
  677  723
  678  771
  678  726
  679  727
  679  726
  680  728
  680  727
  681  729
  681  728
  682  729
  684  731
  685  734
  685  733
  686  734
  687  735
  687  688
  688  689
  688  737
  688  735
  689  738
  689  737
  689  690
  690  691
  690  738
  691  739
  691  692
  691  738
  692  693
  692  739
  693  741
  693  694
  694  741
  694  695
  695  743
  695  742
  696  697
  696  744
  697  746
  697  747
  697  745
  698  747
  699  796
  699  748
  699  747
  699  700
  700  749
  700  701
  701  798
  701  702
  701  750
  701  749
  702  799
  702  751
  703  752
  703  751
  704  801
  704  705
  704  752
  705  802
  705  754
  705  753
  705  706
  706  755
  706  707
  707  708
  708  756
  708  755
  709  807
  709  757
  709  710
  709  756
  710  758
  710  711
  710  757
  711  808
  711  759
  711  758
  713  810
  713  760
  713  759
  714  761
  714  715
  714  811
  715  716
  715  761
  715  763
  716  717
  717  764
  717  763
  717  718
  718  765
  718  764
  719  765
  720  767
  720  721
  720  766
  721  767
  721  722
  722  723
  722  769
  723  821
  723  770
  723  769
  724  770
  725  822
  725  771
  725  770
  726  772
  727  824
  727  773
  728  773
  729  775
  729  774
  731  732
  731  777
  732  777
  732  733
  732  778
  733  779
  733  778
  734  830
  734  780
  734  779
  735  781
  735  782
  735  736
  735  780
  736  737
  736  783
  736  782
  737  738
  738  739
  738  784
  739  787
  739  785
  739  740
  740  741
  741  788
  741  789
  741  787
  742  743
  743  841
  743  791
  743  790
  744  791
  745  793
  745  791
  745  792
  745  746
  746  794
  746  747
  747  796
  747  794
  749  797
  749  798
  749  796
  750  847
  750  799
  750  798
  751  800
  751  752
  752  800
  753  801
  754  755
  754  802
  755  805
  755  756
  755  804
  756  805
  756  807
  757  808
  757  758
  759  810
  759  808
  760  811
  760  810
  761  812
  761  811
  762  860
  762  763
  762  812
  763  815
  763  813
  763  764
  764  765
  764  815
  765  766
  765  816
  766  817
  766  767
  767  865
  767  819
  767  818
  768  820
  768  769
  769  820
  771  869
  771  823
  771  772
  771  822
  772  870
  772  824
  772  823
  773  825
  773  774
  773  824
  774  872
  774  826
  774  825
  776  828
  777  828
  778  779
  778  829
  778  828
  779  829
  779  830
  780  877
  780  831
  780  830
  781  782
  781  831
  782  831
  782  783
  783  834
  783  833
  783  784
  783  832
  784  835
  784  785
  785  786
  786  836
  786  787
  786  837
  786  835
  787  837
  787  838
  787  788
  788  839
  788  838
  789  839
  789  790
  790  841
  790  839
  791  841
  792  888
  792  793
  792  842
  792  841
  793  842
  793  843
  793  794
  795  891
  795  844
  795  796
  795  843
  796  844
  796  845
  796  797
  798  894
  798  846
  799  848
  799  800
  799  847
  800  897
  800  849
  800  848
  801  850
  801  802
  801  849
  802  850
  802  851
  802  803
  803  852
  803  804
  803  851
  804  852
  804  805
  805  853
  805  852
  806  854
  806  853
  806  807
  807  855
  807  808
  808  856
  808  809
  808  857
  808  855
  809  857
  809  858
  809  810
  810  811
  811  859
  811  858
  813  861
  813  814
  813  860
  815  862
  815  816
  815  861
  816  862
  816  863
  817  863
  817  818
  818  865
  818  864
  818  863
  819  915
  819  866
  819  820
  819  865
  820  867
  820  866
  821  867
  821  822
  822  918
  822  868
  822  867
  823  869
  824  825
  824  870
  825  871
  826  872
  828  874
  828  875
  829  876
  829  875
  830  877
  831  928
  831  878
  831  832
  832  833
  832  879
  833  834
  833  880
  834  881
  834  835
  835  836
  835  881
  836  837
  836  883
  836  881
  837  884
  837  883
  839  885
  839  840
  840  887
  840  841
  840  885
  841  888
  842  890
  842  843
  842  888
  843  890
  843  891
  844  845
  844  892
  844  891
  845  893
  845  892
  845  846
  846  894
  846  893
  847  895
  847  848
  847  894
  848  896
  848  895
  849  899
  849  850
  849  897
  850  900
  850  899
  851  901
  851  852
  852  902
  852  853
  853  903
  853  854
  854  904
  854  903
  854  855
  855  856
  855  905
  856  906
  856  905
  857  907
  857  858
  858  908
  858  859
  858  907
  859  908
  859  860
  860  909
  860  861
  860  908
  861  955
  861  910
  861  909
  861  862
  862  863
  862  910
  863  864
  863  911
  863  912
  864  913
  864  914
  865  915
  866  963
  866  867
  866  915
  867  918
  867  963
  868  919
  868  918
  869  919
  870  920
  870  919
  871  921
  872  922
  872  921
  873  922
  874  875
  874  925
  875  876
  876  927
  876  926
  877  976
  877  927
  878  929
  878  928
  878  879
  879  880
  879  930
  880  979
  880  930
  880  931
  880  881
  881  882
  881  931
  882  981
  882  933
  882  932
  883  934
  883  884
  884  934
  884  885
  885  983
  885  886
  885  935
  885  934
  886  985
  886  887
  887  936
  888  986
  888  936
  889  938
  889  937
  890  939
  890  891
  891  939
  892  990
  892  893
  892  939
  893  940
  893  941
  894  895
  895  941
  895  942
  896  993
  896  943
  896  942
  898  994
  898  944
  898  943
  899  944
  899  900
  899  945
  900  901
  900  946
  901  947
  901  902
  902  903
  902  947
  903  904
  903  947
  904  950
  904  905
  904  949
  905  950
  906  951
  906  907
  906  950
  907  908
  907  951
  908  909
  908  952
  909  953
  909  954
  910  911
  910  957
  910  955
  911  958
  911 1007
  911  957
  911  912
  912  913
  912  958
  913  959
  913  960
  914  915
  914  961
  916  961
  917  964
  917  963
  917  918
  918  964
  919  966
  920 1014
  920  967
  920  921
  921  968
  921  967
  922  970
  922  969
  924  972
  926  973
  927  974
  927  975
  928  929
  928  977
  928  978
  928  976
  929  978
  930 1025
  930  978
  930  979
  931 1026
  931  980
  931  932
  932  980
  933  982
  933  934
  933  981
  934  982
  935  985
  935  984
  935  983
  936  986
  936  985
  937  987
  937  938
  937  986
  938  988
  938  939
  938  987
  939  990
  939  988
  940  991
  940  941
  941  991
  941  992
  941  942
  942  993
  942 1038
  943  994
  943  993
  944  945
  944  994
  945  995
  945  996
  945  946
  946  997
  946  947
  946  998
  946  996
  947  948
  948  999
  948  998
  948  949
  949  950
  949 1001
  949  999
  950 1002
  950  951
  952 1003
  952 1002
  952  953
  953 1004
  953  954
  953 1003
  954 1050
  954 1005
  954 1004
  955  956
  956 1006
  956 1005
  958 1053
  958 1008
  958 1007
  959  960
  960 1009
  960  961
  960 1008
  961 1010
  961 1009
  961  962
  962  963
  962 1010
  963 1012
  963 1011
  963  964
  964 2424
  964  965
  964 1012
  965 1013
  965  966
  965 2424
  966 1014
  966 1013
  967 1060
  967 1015
  968 1015
  968  969
  969 1017
  969 1016
  969 1015
  971  972
  971 1019
  972 1019
  972 1020
  972  973
  973 1021
  973  974
  973 1020
  974 1021
  975  976
  975 1022
  975 1021
  976 1022
  977  978
  977 1022
  978 1023
  978 1024
  979 1025
  980 1072
  980 1071
  980  981
  980 1026
  981 1027
  981 1028
  981  982
  982 1029
  982  983
  982 1073
  983 1030
  983 1029
  983  984
  984 1031
  984 1076
  984 1030
  985 1032
  985  986
  985 1031
  986  987
  987 1079
  987  988
  987 1032
  988 1033
  988 1035
  989 1035
  989  990
  990 1036
  990  991
  990 1035
  991  992
  991 1037
  992 1037
  993  994
  993 1038
  994 1039
  994 1040
  995 1041
  995  996
  996 1042
  996  997
  997 1044
  997  998
  997 1042
  998  999
  999 1045
  999 1046
  999 1044
 1000 1001
 1001 1002
 1001 1046
 1001 1048
 1002 1048
 1002 1003
 1003 1004
 1003 1048
 1004 1049
 1005 1006
 1005 1052
 1005 1050
 1006 1052
 1006 1007
 1007 1052
 1008 1103
 1008 1054
 1008 1009
 1008 1053
 1009 1010
 1009 1054
 1010 1011
 1010 1055
 1011 1058
 1011 1012
 1011 1056
 1012 2423
 1012 1058
 1013 1059
 1013 2424
 1014 1060
 1014 1059
 1015 2413
 1015 1061
 1015 1016
 1016 1062
 1017 1062
 1019 1065
 1019 1064
 1020 1066
 1020 1065
 1021 1067
 1021 1066
 1022 1023
 1022 1068
 1022 1067
 1023 1069
 1023 1024
 1023 1068
 1024 1120
 1024 1069
 1024 1070
 1025 1026
 1026 1071
 1026 1070
 1028 1072
 1029 1030
 1029 1073
 1030 1076
 1030 1074
 1031 1032
 1031 1076
 1032 1077
 1032 1078
 1032 1079
 1033 1080
 1033 1034
 1033 1079
 1034 1081
 1034 1035
 1034 1080
 1035 1036
 1035 1081
 1036 1037
 1036 1082
 1036 1132
 1036 1083
 1037 1083
 1037 1084
 1038 1086
 1038 1084
 1038 1039
 1039 1040
 1040 1088
 1040 1087
 1040 1041
 1040 1086
 1041 1139
 1041 1089
 1041 1042
 1041 1088
 1043 1090
 1043 1089
 1043 1044
 1044 1091
 1044 1090
 1044 1045
 1045 1091
 1046 1093
 1046 1092
 1046 1047
 1047 1094
 1047 1048
 1047 1093
 1048 1097
 1048 1095
 1048 1049
 1049 1050
 1049 1097
 1050 1098
 1050 1051
 1051 1101
 1051 1100
 1051 1052
 1051 1099
 1052 1102
 1052 1053
 1053 1103
 1053 1102
 1054 1104
 1054 1151
 1055 1105
 1055 1104
 1055 1056
 1056 1152
 1056 1057
 1057 1107
 1057 1058
 1057 1106
 1058 1107
 1058 1108
 1059 1109
 1059 1060
 1060 2413
 1060 1110
 1061 1111
 1061 1062
 1061 2413
 1062 1113
 1062 1112
 1064 1115
 1065 1162
 1065 1115
 1065 1116
 1066 1162
 1066 1117
 1067 1118
 1067 1117
 1068 1118
 1068 1069
 1069 1120
 1069 1118
 1070 1166
 1070 1071
 1070 1120
 1071 1123
 1071 1122
 1071 1072
 1072 1073
 1073 1125
 1073 1124
 1073 1123
 1073 1074
 1074 1075
 1074 1126
 1075 1126
 1075 1127
 1075 1076
 1076 1127
 1077 1128
 1079 1128
 1079 1129
 1079 1080
 1080 1175
 1080 1130
 1080 1129
 1081 1082
 1081 1131
 1082 1132
 1082 1131
 1083 1084
 1083 1134
 1083 1132
 1084 1134
 1085 1136
 1085 1135
 1085 1086
 1085 1134
 1086 1181
 1086 1136
 1086 1137
 1086 1087
 1087 1137
 1088 1183
 1088 1182
 1088 1139
 1088 1138
 1089 1140
 1089 1090
 1089 1139
 1090 1186
 1090 1140
 1090 1141
 1091 1142
 1091 1092
 1092 1093
 1092 1143
 1092 1142
 1093 1143
 1094 1143
 1094 1190
 1094 1144
 1096 1191
 1096 1144
 1096 1145
 1096 1097
 1097 1146
 1097 1145
 1099 1193
 1099 1147
 1099 1100
 1099 1146
 1100 1148
 1100 1147
 1101 1102
 1102 1103
 1102 1148
 1103 1150
 1103 1149
 1103 1151
 1104 1151
 1104 1198
 1104 1152
 1106 1153
 1106 1107
 1106 1152
 1107 1154
 1107 1108
 1108 1154
 1108 2423
 1109 2423
 1109 1157
 1109 1156
 1110 1158
 1110 2413
 1111 1159
 1111 2415
 1112 1160
 1115 1208
 1115 1161
 1116 1208
 1117 1209
 1117 1163
 1118 1165
 1118 1164
 1118 1163
 1118 1119
 1119 1165
 1120 1212
 1120 1165
 1121 1167
 1121 1166
 1122 1214
 1122 1123
 1122 1168
 1123 1124
 1124 1169
 1124 1168
 1125 1217
 1125 1170
 1125 1169
 1125 1126
 1126 1127
 1126 1170
 1127 1172
 1127 1171
 1127 1128
 1128 1173
 1128 1174
 1128 1172
 1128 1129
 1129 1174
 1130 1176
 1130 1131
 1130 1175
 1131 1132
 1131 1177
 1132 1177
 1132 1133
 1133 1134
 1133 1177
 1134 1179
 1134 1178
 1135 1179
 1135 1180
 1136 1181
 1137 1229
 1137 1182
 1137 1181
 1138 1182
 1139 1185
 1139 1140
 1139 1183
 1140 1233
 1140 1185
 1141 1187
 1141 1142
 1141 1186
 1142 1189
 1142 1143
 1142 1187
 1143 1190
 1143 1189
 1144 1191
 1144 1190
 1145 1192
 1145 1146
 1145 1191
 1146 1193
 1146 1192
 1147 1148
 1147 1195
 1147 1193
 1148 1149
 1149 1150
 1149 1196
 1149 1197
 1149 1195
 1150 1151
 1151 1245
 1151 1197
 1151 1198
 1152 1153
 1152 1199
 1152 1198
 1153 1154
 1154 1201
 1154 1200
 1155 1202
 1155 1201
 1155 1156
 1155 2423
 1156 1203
 1156 1202
 1157 1203
 1157 1158
 1158 2415
 1158 1204
 1158 1203
 1159 2415
 1159 1205
 1159 1160
 1159 1204
 1160 1205
 1161 1208
 1162 1209
 1162 1208
 1163 1164
 1163 1210
 1164 1211
 1164 1165
 1165 1212
 1165 1259
 1166 1261
 1166 1167
 1166 1213
 1166 1212
 1167 1213
 1167 1214
 1168 1215
 1168 1169
 1168 1214
 1169 1215
 1169 1217
 1170 1218
 1170 1217
 1171 1172
 1171 1219
 1172 1221
 1172 1219
 1172 1173
 1173 1174
 1173 1222
 1173 1221
 1174 1270
 1174 1223
 1174 1175
 1175 1176
 1176 1225
 1176 1177
 1176 1223
 1177 1225
 1178 1225
 1178 1226
 1178 1179
 1179 1180
 1179 1228
 1179 1226
 1180 1228
 1180 1181
 1181 1229
 1181 1228
 1182 1230
 1182 1229
 1183 1184
 1184 1231
 1185 1233
 1185 1231
 1186 1234
 1186 1233
 1187 1235
 1187 1188
 1188 1189
 1189 1236
 1189 1190
 1190 1191
 1190 1236
 1191 1239
 1191 1192
 1191 1237
 1192 1239
 1193 1194
 1193 1239
 1194 1195
 1194 1241
 1194 1242
 1194 1240
 1195 1243
 1195 1196
 1195 1242
 1196 1243
 1196 1197
 1197 1244
 1197 1245
 1198 1199
 1198 1245
 1199 1247
 1199 1246
 1199 1248
 1199 1200
 1200 1201
 1200 1249
 1200 1248
 1201 1202
 1201 1250
 1202 1203
 1202 1250
 1203 1204
 1203 1251
 1204 1252
 1204 1205
 1204 2415
 1205 1206
 1206 1253
 1207 1256
 1208 1256
 1209 1257
 1209 1256
 1210 1258
 1211 1259
 1211 1258
 1212 1261
 1212 1259
 1213 1214
 1213 1262
 1213 1261
 1214 1262
 1214 1215
 1215 1264
 1215 1263
 1216 1264
 1217 1265
 1217 1218
 1218 1219
 1218 1265
 1219 1312
 1219 1266
 1219 1267
 1220 1267
 1220 1221
 1221 1268
 1221 1222
 1221 1267
 1222 1269
 1222 1268
 1223 1271
 1223 1224
 1223 1270
 1224 1225
 1224 1272
 1225 1272
 1225 1274
 1225 1226
 1226 1275
 1226 1274
 1227 1228
 1228 1320
 1228 1229
 1228 1277
 1229 1277
 1229 1278
 1230 1279
 1230 1231
 1231 1232
 1232 1280
 1232 1279
 1233 1281
 1233 1234
 1233 1280
 1234 1281
 1234 1235
 1235 1236
 1235 1281
 1236 1237
 1236 1282
 1237 1283
 1237 1238
 1238 1286
 1238 1239
 1238 1285
 1238 1284
 1239 1286
 1240 1241
 1241 1288
 1241 1287
 1242 1334
 1242 1288
 1242 1289
 1242 1243
 1243 1244
 1244 1245
 1244 1289
 1244 1290
 1244 1291
 1245 1291
 1245 1292
 1246 1337
 1246 1247
 1246 1292
 1246 1293
 1247 1293
 1247 1294
 1248 1249
 1249 1340
 1249 1295
 1249 1250
 1249 1294
 1250 1296
 1250 1295
 1251 1298
 1251 1297
 1252 1299
 1252 1298
 1253 1346
 1253 1300
 1253 1299
 1255 1302
 1256 1302
 1256 1257
 1256 1303
 1257 1304
 1257 1258
 1258 1305
 1258 1304
 1259 1353
 1259 1306
 1259 1305
 1259 1260
 1261 1307
 1261 1262
 1261 1306
 1262 1355
 1262 1308
 1262 1307
 1263 1309
 1263 1264
 1264 1265
 1265 1310
 1265 1266
 1265 1311
 1265 1309
 1266 1312
 1266 1311
 1267 1312
 1268 1314
 1268 1312
 1268 1269
 1269 1315
 1269 1314
 1270 1316
 1270 1271
 1271 1272
 1271 1316
 1272 1317
 1272 1316
 1273 1366
 1273 1318
 1273 1274
 1273 1317
 1274 1318
 1274 1319
 1275 1276
 1275 1319
 1276 1320
 1276 1319
 1277 1278
 1277 1320
 1278 1323
 1278 1279
 1278 1322
 1278 1321
 1279 1323
 1279 1324
 1279 1280
 1280 1281
 1281 1324
 1281 1326
 1281 1282
 1282 1283
 1282 1327
 1282 1326
 1283 1328
 1284 1329
 1284 1285
 1285 1286
 1286 1330
 1286 1331
 1286 1287
 1286 1329
 1287 1331
 1287 1332
 1287 1288
 1288 1333
 1288 1332
 1289 1335
 1289 1290
 1289 1383
 1289 1334
 1290 1384
 1290 1335
 1290 1336
 1291 1336
 1292 1337
 1293 1339
 1293 1294
 1293 1337
 1294 1340
 1294 1339
 1295 1296
 1295 1342
 1295 1340
 1296 1343
 1296 1297
 1296 1342
 1297 1343
 1297 1298
 1298 1344
 1298 1299
 1299 1346
 1300 1346
 1302 1349
 1302 1348
 1303 1350
 1304 1351
 1304 1350
 1305 1353
 1305 1352
 1306 1401
 1306 1307
 1306 1354
 1306 1353
 1307 1354
 1308 1309
 1308 1356
 1308 1357
 1308 1355
 1309 1357
 1309 1310
 1310 1406
 1310 1311
 1310 1359
 1311 1407
 1311 1360
 1311 1312
 1312 1361
 1312 1360
 1314 1410
 1314 1362
 1314 1315
 1314 1361
 1315 1364
 1315 1363
 1315 1316
 1315 1362
 1316 1365
 1316 1317
 1317 1366
 1318 1367
 1318 1319
 1318 1368
 1319 1320
 1319 1369
 1320 1369
 1320 1370
 1321 1322
 1322 1323
 1322 1371
 1322 1370
 1323 1420
 1323 1373
 1323 1324
 1324 1375
 1324 1325
 1324 1373
 1325 1326
 1325 1375
 1326 1375
 1326 1376
 1327 1378
 1327 1376
 1327 1328
 1328 1379
 1328 1329
 1328 1378
 1329 1330
 1330 1379
 1330 1380
 1331 1380
 1332 1333
 1332 1380
 1333 1382
 1333 1381
 1334 1382
 1335 1431
 1335 1384
 1336 1386
 1336 1385
 1336 1337
 1336 1384
 1337 1338
 1337 1386
 1338 1388
 1338 1339
 1339 1435
 1339 1389
 1339 1340
 1340 1389
 1340 1341
 1341 1390
 1341 1389
 1342 1343
 1343 1392
 1343 1391
 1343 1390
 1344 1392
 1344 1393
 1345 1394
 1347 1395
 1349 1398
 1349 1444
 1349 1397
 1349 1350
 1350 1398
 1351 1352
 1351 1399
 1351 1398
 1352 1399
 1352 1401
 1352 1400
 1353 1401
 1354 1403
 1354 1402
 1354 1401
 1355 1404
 1355 1356
 1356 1357
 1357 1404
 1358 1405
 1358 1406
 1359 1407
 1360 1361
 1360 1409
 1360 1407
 1361 1409
 1361 1410
 1362 1411
 1362 1410
 1363 1411
 1363 1412
 1363 1364
 1364 1365
 1365 1412
 1366 1414
 1366 1413
 1367 1368
 1368 1414
 1368 1415
 1369 1416
 1369 1370
 1369 1415
 1370 1418
 1370 1417
 1370 1416
 1370 1371
 1371 1465
 1371 1419
 1371 1418
 1372 1419
 1372 1420
 1373 1421
 1373 1420
 1374 1422
 1374 1375
 1374 1421
 1375 1376
 1375 1423
 1376 1423
 1377 1378
 1378 1426
 1378 1424
 1378 1379
 1379 1473
 1379 1427
 1379 1426
 1379 1380
 1380 1429
 1380 1381
 1380 1427
 1381 1430
 1381 1382
 1382 1383
 1382 1431
 1384 1431
 1385 1480
 1385 1432
 1385 1386
 1386 1434
 1386 1433
 1388 1435
 1388 1434
 1389 1437
 1389 1390
 1389 1435
 1390 1438
 1390 1391
 1391 1438
 1392 1485
 1392 1439
 1393 1440
 1393 1394
 1394 1441
 1394 1395
 1394 1440
 1395 1442
 1395 1441
 1395 1396
 1397 1444
 1398 1492
 1398 1445
 1398 1491
 1399 1445
 1399 1446
 1400 1401
 1400 1446
 1401 1447
 1401 1402
 1402 1496
 1402 1448
 1402 1447
 1403 1404
 1404 1450
 1404 1405
 1404 1448
 1405 1450
 1405 1406
 1405 1451
 1406 1451
 1406 1452
 1406 1407
 1407 1501
 1407 1453
 1408 1453
 1409 1454
 1409 1410
 1409 1453
 1410 1455
 1410 1411
 1410 1454
 1411 1412
 1411 1456
 1411 1455
 1412 1413
 1412 1457
 1413 1460
 1413 1458
 1413 1459
 1413 1414
 1414 1507
 1414 1461
 1414 1460
 1414 1415
 1415 1463
 1415 1416
 1415 1461
 1416 1463
 1417 1464
 1417 1463
 1418 1464
 1418 1465
 1419 1466
 1419 1465
 1420 1467
 1420 1421
 1420 1466
 1421 1422
 1421 1467
 1422 1468
 1422 1469
 1422 1423
 1423 1470
 1423 1424
 1423 1469
 1424 1472
 1424 1425
 1424 1470
 1425 1472
 1427 1474
 1427 1473
 1428 1429
 1429 1475
 1429 1430
 1429 1474
 1429 1476
 1430 1477
 1430 1476
 1430 1431
 1431 1432
 1431 1479
 1431 1478
 1431 1477
 1432 1480
 1432 1479
 1433 1434
 1433 1481
 1433 1480
 1434 1482
 1434 1435
 1434 1481
 1435 1436
 1436 1437
 1436 1482
 1437 1483
 1437 1484
 1437 1438
 1438 1485
 1438 1484
 1439 1486
 1439 1440
 1439 1485
 1440 1488
 1440 1487
 1440 1486
 1441 1489
 1441 1488
 1444 1491
 1444 1490
 1445 1493
 1446 1493
 1446 1494
 1447 1496
 1447 1494
 1448 1497
 1448 1449
 1448 1496
 1449 1544
 1450 1499
 1450 1498
 1450 1451
 1451 1546
 1451 1452
 1451 1500
 1452 1501
 1452 1547
 1453 1502
 1453 1501
 1454 1455
 1455 1456
 1455 1502
 1455 1549
 1456 1503
 1456 1504
 1457 1505
 1457 1504
 1458 1459
 1458 1506
 1458 1505
 1459 1506
 1460 1507
 1461 1508
 1461 1507
 1462 1509
 1462 1463
 1463 1511
 1463 1464
 1463 1509
 1464 1511
 1465 1511
 1465 1512
 1466 1467
 1467 1512
 1467 1468
 1468 1561
 1468 1514
 1468 1513
 1468 1469
 1469 1470
 1469 1516
 1469 1514
 1470 1516
 1471 1472
 1471 1517
 1471 1516
 1472 1519
 1472 1518
 1472 1473
 1472 1517
 1473 1519
 1473 1474
 1474 1520
 1474 1475
 1474 1521
 1474 1519
 1475 1521
 1475 1476
 1476 1523
 1476 1522
 1478 1525
 1478 1524
 1478 1479
 1479 1526
 1479 1525
 1480 1527
 1480 1481
 1481 1482
 1481 1528
 1482 1529
 1482 1483
 1482 1528
 1483 1530
 1483 1529
 1483 1484
 1484 1531
 1484 1485
 1484 1530
 1485 1532
 1485 1531
 1486 1487
 1486 1532
 1487 1533
 1487 1488
 1488 1535
 1488 1534
 1489 1535
 1491 1584
 1491 1537
 1492 1538
 1493 1540
 1493 1539
 1494 1541
 1494 1542
 1494 1540
 1494 1495
 1495 1496
 1495 1542
 1496 1543
 1496 1497
 1497 1590
 1497 1544
 1497 1543
 1498 1545
 1498 1544
 1499 1546
 1500 1547
 1500 1546
 1501 1502
 1501 1547
 1502 1549
 1502 1548
 1503 1504
 1503 1549
 1504 1505
 1504 1550
 1504 1551
 1505 1599
 1505 1506
 1505 1551
 1506 1554
 1506 1599
 1506 1507
 1507 1554
 1508 1555
 1508 1509
 1508 1554
 1509 1556
 1510 1557
 1510 1511
 1511 1512
 1511 1559
 1511 1557
 1512 1559
 1512 1560
 1512 1513
 1513 1561
 1513 1560
 1514 1515
 1514 1561
 1515 1562
 1515 1563
 1515 1516
 1516 1517
 1516 1564
 1516 1611
 1517 1565
 1517 1564
 1518 1519
 1519 1566
 1519 1520
 1519 1565
 1520 1568
 1520 1521
 1521 1568
 1521 1522
 1522 1570
 1522 1569
 1523 1524
 1523 1570
 1524 1570
 1525 1572
 1525 1526
 1525 1571
 1526 1573
 1526 1572
 1526 1527
 1527 1621
 1527 1574
 1527 1528
 1527 1573
 1528 1575
 1528 1574
 1529 1576
 1529 1530
 1530 1531
 1530 1577
 1531 1577
 1532 1579
 1532 1578
 1533 1579
 1534 1581
 1535 1582
 1537 1584
 1538 1586
 1538 1539
 1538 1585
 1538 1584
 1539 1586
 1540 1587
 1540 1586
 1541 1588
 1541 1542
 1541 1587
 1542 1589
 1542 1588
 1542 1543
 1543 1590
 1543 1589
 1544 1637
 1544 1545
 1545 1591
 1545 1592
 1545 1546
 1546 1593
 1546 1592
 1547 1594
 1547 1548
 1548 1595
 1548 1549
 1549 1595
 1549 1550
 1550 1597
 1550 1551
 1550 1596
 1551 1598
 1551 1597
 1552 1598
 1552 1599
 1553 1554
 1553 1600
 1553 1599
 1554 1600
 1554 1555
 1555 1648
 1555 1602
 1555 1556
 1555 1601
 1556 1603
 1556 1602
 1556 1557
 1557 1558
 1557 1603
 1558 1605
 1558 1604
 1558 1559
 1559 1560
 1559 1605
 1560 1561
 1560 1606
 1561 1608
 1561 1607
 1561 1609
 1562 1610
 1562 1563
 1563 1611
 1564 1656
 1564 1565
 1564 1612
 1564 1611
 1565 1566
 1565 1612
 1565 1613
 1566 1614
 1566 1613
 1567 1615
 1567 1614
 1568 1569
 1569 1661
 1569 1617
 1569 1570
 1569 1615
 1570 1617
 1570 1571
 1571 1662
 1571 1618
 1571 1572
 1571 1617
 1572 1573
 1572 1618
 1573 1619
 1573 1621
 1574 1667
 1574 1622
 1574 1575
 1575 1576
 1575 1622
 1576 1623
 1576 1624
 1576 1577
 1577 1625
 1577 1624
 1577 1578
 1578 1671
 1578 1626
 1578 1625
 1579 1627
 1579 1626
 1579 1580
 1580 1628
 1580 1581
 1580 1627
 1581 1629
 1581 1582
 1581 1628
 1583 1631
 1584 1631
 1585 1632
 1585 1631
 1586 1632
 1586 1633
 1587 1634
 1587 1588
 1587 1633
 1588 1589
 1589 1590
 1589 1634
 1590 1637
 1590 1636
 1590 1635
 1591 1637
 1591 1592
 1592 1593
 1592 1639
 1592 1638
 1593 1640
 1593 1594
 1593 1639
 1594 1595
 1594 1641
 1594 1640
 1595 1642
 1595 1596
 1596 1643
 1596 1597
 1596 1642
 1597 1643
 1597 1644
 1598 1599
 1599 1644
 1599 1600
 1600 1601
 1600 1646
 1600 1645
 1601 1648
 1601 1695
 1602 1649
 1602 1648
 1604 1650
 1604 1605
 1604 1649
 1605 1698
 1605 1651
 1605 1650
 1606 1652
 1606 1651
 1607 1608
 1608 1653
 1608 1652
 1609 1653
 1609 1610
 1610 1654
 1610 1611
 1611 1703
 1611 1656
 1611 1655
 1612 1613
 1612 1656
 1613 1657
 1613 1614
 1614 1706
 1614 1615
 1614 1658
 1615 1660
 1615 1659
 1615 1616
 1616 1709
 1616 1660
 1617 1711
 1617 1661
 1618 1619
 1618 1664
 1618 1662
 1619 1665
 1619 1620
 1619 1664
 1620 1665
 1620 1621
 1620 1666
 1621 1667
 1622 1715
 1622 1668
 1622 1667
 1623 1717
 1623 1669
 1623 1624
 1624 1669
 1624 1625
 1625 1671
 1626 1721
 1626 1720
 1626 1672
 1627 1672
 1627 1628
 1628 1674
 1628 1673
 1629 1674
 1630 1677
 1631 1677
 1631 1678
 1632 1679
 1632 1678
 1633 1680
 1633 1681
 1633 1679
 1634 1729
 1634 1730
 1634 1635
 1634 1682
 1634 1681
 1635 1636
 1635 1682
 1636 1683
 1636 1684
 1637 1638
 1638 1639
 1638 1684
 1639 1685
 1639 1640
 1640 1641
 1640 1688
 1640 1686
 1641 1688
 1642 1738
 1642 1689
 1642 1643
 1642 1688
 1643 1739
 1643 1644
 1643 1689
 1643 1690
 1644 1692
 1644 1691
 1644 1690
 1644 1645
 1645 1646
 1645 1693
 1645 1692
 1646 1693
 1647 1695
 1647 1693
 1648 1649
 1649 1696
 1649 1697
 1650 1698
 1651 1700
 1651 1652
 1651 1699
 1652 1701
 1652 1653
 1653 1654
 1654 1750
 1654 1701
 1654 1655
 1655 1751
 1655 1703
 1655 1702
 1656 1752
 1656 1704
 1656 1703
 1657 1705
 1657 1658
 1658 1705
 1659 1755
 1659 1660
 1659 1707
 1659 1706
 1660 1707
 1660 1709
 1661 1711
 1661 1710
 1661 1709
 1662 1711
 1663 1712
 1663 1664
 1663 1759
 1664 1665
 1664 1712
 1665 1714
 1665 1713
 1666 1715
 1668 1716
 1668 1717
 1668 1715
 1669 1719
 1669 1670
 1669 1717
 1670 1719
 1670 1671
 1671 1720
 1671 1719
 1672 1722
 1673 1723
 1673 1722
 1675 1723
 1676 1677
 1677 1725
 1677 1678
 1678 1727
 1679 1728
 1680 1775
 1680 1729
 1680 1728
 1681 1729
 1682 1777
 1682 1683
 1682 1732
 1682 1730
 1683 1732
 1683 1733
 1683 1684
 1684 1685
 1685 1733
 1685 1686
 1686 1736
 1686 1687
 1686 1734
 1687 1737
 1687 1688
 1688 1738
 1689 1784
 1689 1738
 1690 1785
 1690 1740
 1690 1739
 1691 1692
 1692 1693
 1692 1741
 1692 1742
 1693 1744
 1693 1743
 1695 1745
 1695 1744
 1695 1696
 1696 1790
 1696 1746
 1696 1697
 1696 1745
 1697 1791
 1697 1746
 1697 1698
 1697 1747
 1699 1748
 1699 1700
 1699 1747
 1700 1749
 1700 1701
 1700 1748
 1702 1796
 1702 1795
 1702 1751
 1702 1750
 1703 1752
 1703 1751
 1704 1753
 1704 1752
 1705 1754
 1705 1706
 1706 1755
 1706 1754
 1707 1756
 1707 1755
 1709 1803
 1709 1757
 1709 1756
 1710 1711
 1711 1757
 1711 1758
 1711 1759
 1712 1806
 1712 1760
 1712 1759
 1713 1714
 1714 1715
 1714 1762
 1714 1761
 1714 1760
 1715 1764
 1715 1716
 1715 1762
 1716 1764
 1716 1765
 1717 1765
 1718 1766
 1718 1719
 1719 1767
 1719 1766
 1720 1767
 1720 1721
 1721 1722
 1721 1768
 1722 1723
 1722 1768
 1723 1770
 1723 1769
 1723 1724
 1724 1770
 1725 1773
 1727 1774
 1727 1728
 1727 1775
 1728 1775
 1729 1776
 1729 1730
 1730 1776
 1731 1777
 1731 1776
 1732 1733
 1733 1734
 1733 1779
 1733 1778
 1734 1780
 1734 1779
 1734 1735
 1735 1736
 1735 1781
 1735 1780
 1736 1782
 1736 1781
 1736 1737
 1737 1783
 1737 1782
 1739 1833
 1739 1785
 1739 1784
 1740 1834
 1740 1786
 1740 1741
 1740 1785
 1741 1742
 1742 1786
 1742 1787
 1743 1744
 1744 1788
 1744 1745
 1744 1787
 1745 1790
 1745 1788
 1746 1839
 1746 1791
 1747 1840
 1747 1792
 1747 1748
 1747 1791
 1748 1794
 1748 1749
 1748 1792
 1749 1750
 1750 1794
 1750 1795
 1751 1752
 1751 1796
 1752 1847
 1752 1799
 1752 1753
 1752 1797
 1753 1754
 1754 1800
 1754 1799
 1754 1755
 1755 1756
 1755 1802
 1756 1802
 1756 1803
 1757 1804
 1757 1758
 1757 1803
 1758 1804
 1758 1759
 1759 1806
 1760 1808
 1760 1761
 1760 1807
 1760 1806
 1761 1808
 1762 1856
 1762 1763
 1763 1810
 1763 1809
 1763 1764
 1764 1810
 1765 1766
 1765 1810
 1766 1813
 1766 1812
 1766 1811
 1767 1814
 1767 1813
 1768 1816
 1768 1815
 1769 1864
 1769 1817
 1770 1865
 1770 1818
 1772 1773
 1772 1820
 1773 1820
 1773 1821
 1773 1774
 1774 1822
 1774 1821
 1775 1823
 1775 1870
 1775 1822
 1776 1824
 1776 1823
 1776 1777
 1777 1826
 1777 1778
 1777 1825
 1777 1824
 1778 1779
 1779 1828
 1779 1780
 1779 1826
 1780 1781
 1781 1830
 1781 1828
 1781 1782
 1782 1831
 1782 1830
 1783 1784
 1784 1832
 1784 1831
 1784 1833
 1785 1834
 1785 1884
 1786 1787
 1786 1835
 1786 1834
 1787 1835
 1787 1836
 1787 1788
 1788 1838
 1788 1789
 1788 1836
 1789 1838
 1790 1889
 1791 1839
 1792 1841
 1792 1892
 1792 1840
 1793 1842
 1793 1794
 1794 1795
 1794 1843
 1794 1842
 1795 1843
 1795 1796
 1796 1845
 1796 1844
 1797 1798
 1798 1847
 1799 1800
 1799 1848
 1799 1847
 1800 1848
 1800 1849
 1801 1850
 1801 1802
 1802 1900
 1802 1803
 1802 1850
 1803 1851
 1803 1852
 1804 1852
 1805 1853
 1805 1806
 1806 1854
 1806 1853
 1807 1904
 1807 1855
 1807 1808
 1808 1856
 1808 1855
 1809 1810
 1809 1857
 1810 1857
 1810 1811
 1811 1812
 1811 1859
 1811 1860
 1811 1858
 1812 1909
 1812 1813
 1812 1860
 1812 1861
 1813 1814
 1813 1861
 1814 1863
 1814 1862
 1814 1815
 1815 1863
 1816 1912
 1816 1864
 1816 1863
 1817 1913
 1817 1865
 1817 1864
 1818 1865
 1819 1868
 1820 1868
 1821 1822
 1821 1869
 1821 1868
 1822 1870
 1823 1871
 1823 1872
 1824 1825
 1824 1872
 1824 1873
 1825 1920
 1825 1874
 1825 1826
 1826 1875
 1826 1827
 1826 1874
 1827 1877
 1827 1875
 1827 1828
 1828 1829
 1828 1878
 1828 1877
 1829 1878
 1829 1879
 1830 1879
 1830 1831
 1830 1880
 1831 1881
 1831 1880
 1831 1832
 1832 1883
 1832 1882
 1832 1881
 1833 1884
 1834 1885
 1834 1884
 1835 1836
 1835 1885
 1836 1886
 1836 1837
 1837 1888
 1837 1838
 1837 1887
 1838 1889
 1838 1888
 1839 1891
 1839 1840
 1839 1889
 1840 1892
 1840 1891
 1841 1938
 1841 1893
 1841 1892
 1842 1843
 1843 1893
 1843 1844
 1844 1845
 1845 1896
 1845 1895
 1845 1846
 1846 1942
 1846 1896
 1847 1897
 1847 1848
 1848 1849
 1848 1899
 1848 1897
 1849 1899
 1849 1850
 1850 1946
 1851 1852
 1852 1853
 1852 1902
 1852 1901
 1853 1903
 1853 1902
 1854 1950
 1854 1904
 1854 1903
 1855 1952
 1855 1906
 1855 1856
 1855 1904
 1856 1906
 1856 1857
 1857 1906
 1858 1908
 1858 1907
 1859 1908
 1860 1909
 1860 1908
 1861 1910
 1861 1909
 1862 1911
 1862 1910
 1863 1959
 1863 1911
 1864 1912
 1865 1914
 1865 1913
 1868 1916
 1868 1915
 1869 1917
 1869 1916
 1870 1918
 1870 1871
 1871 1919
 1872 1919
 1872 1920
 1872 1873
 1873 1920
 1874 1922
 1874 1920
 1874 1875
 1875 1969
 1875 1923
 1875 1922
 1877 1923
 1877 1924
 1877 1878
 1878 1926
 1878 1879
 1878 1924
 1880 1881
 1880 1927
 1880 1926
 1881 1928
 1881 1927
 1882 1928
 1883 1929
 1883 1928
 1884 1976
 1884 1930
 1884 1929
 1884 1885
 1885 1931
 1885 1930
 1886 1887
 1886 1931
 1887 1932
 1887 1931
 1887 1888
 1888 1889
 1888 1934
 1888 1932
 1889 1935
 1889 1934
 1890 1936
 1890 1935
 1891 1892
 1891 1937
 1891 1936
 1892 1938
 1893 1939
 1893 1894
 1893 1938
 1894 1940
 1894 1895
 1895 1896
 1895 1940
 1895 1941
 1896 1941
 1897 1898
 1897 1943
 1897 1942
 1898 1899
 1898 1943
 1898 1944
 1899 1945
 1899 1946
 1900 1901
 1900 1947
 1900 1946
 1901 1947
 1902 1949
 1902 1994
 1902 1948
 1902 1903
 1903 1949
 1904 1905
 1904 1950
 1905 1997
 1905 1952
 1906 1907
 1906 1952
 1907 1954
 1907 1953
 1907 1908
 1908 1956
 1908 1955
 1908 1909
 1908 1954
 1909 1956
 1909 1910
 1910 2002
 1910 1958
 1910 1957
 1911 2003
 1911 1958
 1912 1960
 1912 1959
 1913 2006
 1913 1961
 1913 1960
 1915 1916
 1915 1963
 1916 1917
 1917 1964
 1917 1918
 1918 1965
 1918 1964
 1919 1966
 1919 1965
 1919 1920
 1920 1921
 1920 1968
 1920 1966
 1922 1968
 1922 1969
 1923 1970
 1923 1924
 1923 1969
 1924 1925
 1924 1970
 1925 1971
 1925 1972
 1925 1926
 1926 1973
 1926 1927
 1926 1972
 1927 1928
 1927 1973
 1928 1974
 1928 1975
 1929 1975
 1929 1976
 1930 1931
 1930 1977
 1931 1979
 1931 1932
 1931 1977
 1932 1933
 1932 1980
 1934 1981
 1934 1935
 1934 1980
 1935 1982
 1935 1936
 1936 1937
 1936 1982
 1937 1938
 1938 1985
 1938 1984
 1938 1939
 1939 2030
 1939 1986
 1939 1940
 1939 1985
 1940 1986
 1940 1941
 1941 1988
 1941 1942
 1942 1989
 1942 1943
 1943 1990
 1943 1944
 1943 1989
 1944 1991
 1944 1990
 1945 1991
 1945 1992
 1945 1946
 1946 1993
 1946 1947
 1947 1993
 1948 1994
 1948 1993
 1949 1996
 1949 1950
 1949 1994
 1950 1951
 1951 1997
 1952 2043
 1952 1998
 1952 1997
 1953 1999
 1953 1998
 1953 1954
 1954 1955
 1954 2000
 1954 1999
 1955 1956
 1956 2001
 1956 2000
 1957 2002
 1957 2001
 1958 2002
 1959 2004
 1959 2003
 1959 1960
 1960 2005
 1961 2006
 1963 2054
 1963 2008
 1964 2010
 1964 2009
 1965 2057
 1965 2010
 1966 2011
 1966 2057
 1966 1967
 1967 2012
 1967 1968
 1967 2011
 1968 2059
 1968 2013
 1968 1969
 1969 2014
 1969 1970
 1969 2013
 1970 1971
 1970 2014
 1971 1972
 1971 2015
 1972 2016
 1972 1973
 1973 2016
 1973 1974
 1974 2018
 1974 1975
 1975 2018
 1976 1977
 1976 2019
 1977 2021
 1977 1978
 1978 2068
 1978 2021
 1978 1979
 1979 2023
 1979 1980
 1980 2024
 1980 2025
 1980 2023
 1980 1981
 1981 2026
 1981 1982
 1981 2025
 1982 2027
 1982 1983
 1982 2026
 1983 2028
 1983 2417
 1984 2029
 1984 2028
 1985 2030
 1985 2029
 1986 1987
 1986 2030
 1987 2031
 1987 1988
 1988 1989
 1988 2033
 1989 1990
 1989 2034
 1990 1991
 1990 2035
 1991 2035
 1991 1992
 1992 2037
 1992 1993
 1993 1994
 1993 2039
 1993 2037
 1994 2039
 1994 1995
 1995 1996
 1996 2042
 1996 1997
 1996 2040
 1997 2042
 1998 2044
 1998 1999
 1999 2044
 2000 2046
 2000 2045
 2001 2047
 2001 2002
 2002 2048
 2002 2047
 2003 2094
 2003 2049
 2004 2049
 2005 2050
 2006 2051
 2006 2050
 2007 2051
 2008 2054
 2009 2055
 2009 2054
 2010 2057
 2010 2056
 2011 2057
 2012 2059
 2012 2058
 2013 2061
 2013 2014
 2013 2059
 2014 2061
 2015 2063
 2015 2016
 2015 2419
 2016 2064
 2016 2017
 2017 2018
 2017 2065
 2017 2064
 2018 2019
 2019 2020
 2019 2065
 2020 2067
 2020 2021
 2021 2068
 2021 2067
 2022 2117
 2022 2023
 2022 2069
 2022 2068
 2023 2069
 2023 2024
 2024 2025
 2025 2026
 2025 2070
 2026 2072
 2026 2027
 2027 2072
 2028 2029
 2028 2074
 2029 2075
 2029 2030
 2030 2031
 2031 2032
 2031 2075
 2032 2076
 2032 2033
 2033 2078
 2033 2034
 2034 2079
 2034 2080
 2034 2035
 2035 2036
 2036 2037
 2036 2081
 2036 2080
 2037 2083
 2037 2038
 2038 2083
 2039 2083
 2039 2084
 2040 2084
 2040 2041
 2041 2087
 2041 2042
 2041 2085
 2042 2087
 2042 2043
 2043 2089
 2043 2044
 2044 2045
 2044 2090
 2045 2091
 2045 2090
 2046 2047
 2046 2418
 2047 2093
 2047 2048
 2048 2094
 2048 2093
 2049 2095
 2049 2050
 2050 2097
 2050 2096
 2051 2098
 2051 2097
 2053 2100
 2054 2100
 2054 2101
 2055 2056
 2055 2102
 2055 2101
 2056 2102
 2056 2103
 2056 2057
 2057 2103
 2057 2058
 2058 2105
 2059 2106
 2059 2060
 2060 2061
 2060 2106
 2061 2108
 2061 2107
 2061 2419
 2062 2108
 2062 2109
 2063 2110
 2063 2064
 2063 2157
 2063 2109
 2064 2110
 2065 2066
 2065 2111
 2066 2114
 2066 2067
 2066 2112
 2067 2115
 2068 2115
 2069 2070
 2069 2118
 2070 2071
 2070 2118
 2070 2165
 2071 2072
 2071 2119
 2071 2120
 2072 2121
 2072 2417
 2073 2121
 2073 2123
 2073 2074
 2074 2075
 2074 2124
 2075 2126
 2075 2124
 2075 2076
 2076 2172
 2076 2127
 2076 2126
 2077 2128
 2077 2127
 2078 2079
 2078 2129
 2078 2128
 2079 2080
 2080 2130
 2080 2129
 2080 2081
 2081 2082
 2081 2130
 2082 2132
 2083 2133
 2083 2084
 2083 2132
 2084 2134
 2084 2133
 2085 2135
 2085 2086
 2086 2137
 2087 2137
 2087 2088
 2088 2089
 2088 2138
 2088 2183
 2088 2137
 2089 2138
 2089 2090
 2090 2091
 2090 2140
 2091 2185
 2091 2418
 2091 2140
 2092 2418
 2092 2142
 2093 2143
 2093 2142
 2093 2094
 2094 2095
 2094 2144
 2094 2143
 2095 2145
 2095 2144
 2095 2096
 2096 2097
 2096 2145
 2097 2147
 2097 2146
 2100 2194
 2100 2149
 2100 2148
 2101 2195
 2101 2149
 2101 2150
 2102 2103
 2102 2150
 2103 2196
 2103 2151
 2103 2150
 2104 2105
 2104 2151
 2105 2153
 2105 2106
 2106 2153
 2106 2107
 2107 2155
 2107 2108
 2108 2155
 2109 2157
 2110 2111
 2110 2157
 2111 2158
 2111 2112
 2112 2160
 2112 2113
 2113 2160
 2113 2114
 2114 2162
 2114 2115
 2115 2116
 2115 2162
 2116 2117
 2117 2164
 2118 2165
 2118 2164
 2119 2213
 2119 2165
 2120 2167
 2120 2121
 2120 2168
 2121 2417
 2121 2168
 2122 2123
 2122 2168
 2123 2170
 2124 2170
 2124 2125
 2125 2126
 2125 2170
 2126 2172
 2127 2172
 2128 2175
 2128 2129
 2128 2174
 2129 2175
 2129 2176
 2130 2131
 2130 2177
 2130 2176
 2131 2179
 2132 2179
 2132 2133
 2133 2180
 2133 2134
 2134 2180
 2134 2135
 2135 2181
 2135 2180
 2136 2182
 2136 2181
 2137 2412
 2137 2182
 2138 2139
 2138 2183
 2139 2140
 2140 2185
 2140 2184
 2141 2142
 2141 2185
 2142 2187
 2142 2143
 2143 2235
 2143 2187
 2143 2144
 2144 2189
 2144 2188
 2145 2190
 2145 2189
 2146 2191
 2147 2191
 2148 2194
 2149 2195
 2150 2196
 2150 2195
 2151 2197
 2151 2196
 2152 2153
 2152 2197
 2153 2154
 2153 2199
 2154 2155
 2154 2199
 2155 2156
 2155 2202
 2155 2201
 2156 2157
 2157 2158
 2157 2203
 2158 2205
 2158 2203
 2158 2159
 2159 2206
 2159 2160
 2160 2250
 2160 2207
 2160 2206
 2161 2208
 2162 2163
 2162 2208
 2162 2209
 2163 2209
 2163 2211
 2164 2212
 2164 2165
 2164 2211
 2165 2212
 2166 2214
 2166 2213
 2167 2168
 2167 2215
 2167 2214
 2168 2215
 2169 2170
 2169 2215
 2170 2217
 2170 2171
 2171 2218
 2171 2172
 2171 2217
 2172 2218
 2172 2173
 2172 2219
 2173 2174
 2174 2221
 2175 2420
 2175 2221
 2176 2177
 2176 2420
 2177 2178
 2177 2223
 2177 2222
 2178 2224
 2178 2179
 2179 2225
 2179 2180
 2180 2227
 2180 2181
 2180 2225
 2181 2227
 2182 2271
 2182 2228
 2183 2230
 2183 2229
 2183 2412
 2184 2231
 2184 2273
 2184 2230
 2185 2186
 2185 2232
 2185 2231
 2186 2234
 2187 2235
 2187 2234
 2188 2236
 2188 2235
 2188 2189
 2189 2190
 2190 2191
 2190 2238
 2190 2237
 2191 2239
 2191 2238
 2194 2241
 2194 2240
 2195 2284
 2195 2242
 2195 2241
 2196 2243
 2196 2197
 2197 2287
 2197 2244
 2197 2198
 2197 2243
 2198 2245
 2198 2199
 2199 2289
 2199 2200
 2199 2245
 2200 2201
 2201 2291
 2201 2202
 2202 2291
 2202 2203
 2203 2248
 2203 2204
 2204 2295
 2204 2205
 2204 2249
 2204 2248
 2206 2296
 2206 2250
 2206 2249
 2207 2251
 2207 2250
 2208 2251
 2208 2209
 2209 2252
 2209 2210
 2209 2251
 2210 2211
 2211 2254
 2211 2212
 2212 2255
 2212 2213
 2213 2255
 2214 2303
 2214 2257
 2214 2215
 2215 2257
 2215 2216
 2216 2305
 2216 2217
 2216 2258
 2217 2260
 2217 2259
 2218 2219
 2218 2261
 2219 2261
 2220 2221
 2220 2261
 2221 2420
 2221 2263
 2222 2265
 2223 2224
 2223 2265
 2224 2267
 2224 2225
 2225 2267
 2225 2226
 2226 2269
 2226 2227
 2227 2269
 2228 2269
 2229 2230
 2229 2272
 2229 2271
 2229 2412
 2230 2272
 2232 2275
 2232 2274
 2232 2233
 2233 2234
 2233 2275
 2234 2277
 2234 2235
 2235 2279
 2235 2278
 2235 2236
 2236 2237
 2236 2279
 2237 2238
 2238 2281
 2238 2280
 2239 2281
 2241 2328
 2241 2284
 2241 2283
 2242 2243
 2242 2284
 2243 2332
 2243 2286
 2244 2245
 2244 2288
 2244 2336
 2245 2289
 2245 2288
 2246 2291
 2246 2289
 2247 2292
 2247 2248
 2247 2291
 2248 2292
 2248 2293
 2249 2295
 2250 2296
 2251 2252
 2251 2297
 2252 2298
 2252 2253
 2253 2300
 2253 2254
 2254 2301
 2254 2255
 2255 2302
 2255 2256
 2256 2303
 2257 2304
 2257 2303
 2257 2258
 2258 2305
 2259 2367
 2259 2305
 2260 2261
 2260 2306
 2261 2309
 2261 2262
 2261 2307
 2262 2263
 2263 2264
 2263 2311
 2263 2309
 2263 2420
 2264 2265
 2264 2420
 2265 2311
 2265 2266
 2266 2267
 2266 2313
 2267 2314
 2267 2268
 2268 2269
 2269 2316
 2269 2315
 2269 2270
 2269 2314
 2270 2317
 2271 2317
 2271 2272
 2272 2273
 2272 2318
 2272 2317
 2273 2319
 2273 2274
 2274 2275
 2275 2320
 2275 2319
 2276 2322
 2276 2320
 2276 2277
 2277 2278
 2278 2323
 2278 2322
 2278 2279
 2279 2323
 2279 2280
 2280 2325
 2280 2281
 2281 2326
 2281 2325
 2284 2330
 2284 2285
 2284 2328
 2285 2332
 2285 2330
 2286 2334
 2286 2287
 2286 2332
 2287 2336
 2287 2334
 2288 2338
 2288 2336
 2289 2290
 2289 2338
 2290 2341
 2290 2339
 2290 2291
 2291 2343
 2291 2341
 2292 2293
 2292 2343
 2293 2294
 2293 2344
 2294 2347
 2294 2345
 2294 2295
 2295 2349
 2295 2296
 2295 2347
 2296 2350
 2296 2297
 2297 2352
 2297 2298
 2297 2350
 2298 2354
 2298 2352
 2298 2299
 2299 2356
 2299 2300
 2299 2354
 2300 2358
 2300 2301
 2300 2356
 2301 2360
 2301 2358
 2301 2302
 2302 2362
 2302 2303
 2302 2360
 2303 2363
 2304 2365
 2304 2305
 2304 2363
 2305 2367
 2305 2365
 2306 2369
 2306 2307
 2306 2367
 2307 2370
 2307 2308
 2308 2372
 2308 2309
 2308 2370
 2309 2374
 2309 2372
 2309 2310
 2310 2376
 2310 2311
 2310 2374
 2311 2378
 2311 2376
 2311 2312
 2312 2380
 2312 2313
 2312 2378
 2313 2382
 2313 2314
 2313 2380
 2314 2384
 2314 2315
 2314 2382
 2315 2386
 2315 2384
 2316 2388
 2316 2317
 2316 2386
 2317 2390
 2317 2388
 2318 2392
 2318 2319
 2318 2390
 2319 2394
 2319 2392
 2319 2320
 2320 2395
 2320 2394
 2321 2397
 2321 2322
 2321 2395
 2322 2399
 2322 2397
 2323 2401
 2323 2324
 2323 2399
 2324 2403
 2324 2325
 2324 2401
 2325 2405
 2325 2403
 2325 2326
 2413 2414
 2421 2422
 2423 2424
