    2  126
    2   82
    3   82
    4   83
    4   82
    6   84
    6   83
    8   84
    9   86
    9   85
   11  130
   11   87
   11   86
   13   87
   14   88
   14   89
   16  132
   16   90
   16   89
   18   91
   18   90
   19   92
   21   93
   21   92
   22   93
   23   94
   23   93
   25   94
   25   95
   27   96
   27   95
   28   96
   29   97
   29   96
   31   98
   31   97
   33  140
   33   99
   33   98
   34  100
   34   99
   36  101
   36  100
   38  102
   38  101
   39  102
   40  102
   40  103
   42  146
   42  104
   42  103
   44  105
   44  104
   46  106
   46  105
   48  106
   48  107
   50  150
   50  108
   50  107
   52  108
   53  110
   53  109
   55  111
   55  110
   57  153
   57  111
   57  112
   59  112
   59  113
   61  113
   61  114
   62  114
   62  115
   64  115
   64  116
   66  117
   66  116
   67  117
   68  118
   68  117
   70  119
   70  118
   71  120
   71  119
   73  121
   73  120
   75  122
   75  121
   77  123
   77  122
   79  165
   79  123
   81  126
   82  127
   82  126
   83  128
   83   84
   84   85
   85 2171
   85  129
   85   86
   87   88
   87  130
   88  174
   88   89
   88  173
   88  131
   90   91
   90  132
   91  134
   91   92
   91  133
   93  136
   93   94
   93  135
   94  137
   94   95
   96  182
   96  181
   96   97
   96  138
   97   98
   98  140
   98  139
   99  141
   99  140
  100  101
  101  102
  101  142
  102  144
  102  143
  103  146
  103  144
  104  147
  104  105
  105  106
  106  147
  106  107
  107  150
  107  148
  108  193
  108  109
  108  150
  109  110
  109  193
  110  195
  110  194
  110  151
  110  152
  110  111
  111  153
  112  154
  112  113
  112  153
  113  155
  114  115
  115  116
  115  155
  115  157
  117  159
  117  158
  117  118
  118  119
  119  161
  119  160
  120 2170
  120  121
  121 2170
  121  122
  122  162
  122  123
  123  165
  123  164
  123  163
  124  165
  125  168
  126  169
  126  168
  126  127
  127  128
  127  169
  128 2171
  129  130
  129 2171
  130  131
  130  172
  131  173
  131  172
  132  133
  132 2179
  132  174
  133 2179
  133  134
  133  175
  134  135
  135  178
  135  177
  135  136
  136 2174
  136  137
  136  178
  137  138
  137 2174
  137  179
  138  179
  139  224
  139  183
  139  140
  139  182
  140  141
  140  183
  141  185
  141  142
  142  186
  142  143
  143  188
  143  144
  143  187
  144  188
  145  190
  145  146
  146  230
  146  147
  146  190
  147  148
  147  232
  147  231
  147  230
  148  149
  149  191
  150  234
  150  193
  150  192
  152  195
  153  238
  153  154
  153  196
  154  239
  154  197
  154  155
  154  238
  155  197
  155  156
  156  198
  156  283
  156  157
  156  241
  157  158
  157  198
  158  201
  158  159
  158  200
  159  202
  159  160
  160  161
  160  202
  162  204
  162  205
  162  163
  162 2170
  164  206
  164  165
  164  205
  165  208
  165  207
  168  209
  168  211
  168  210
  168  169
  169  212
  169  252
  169  211
  169  170
  170 2171
  171 2171
  171  172
  171  213
  171  214
  172  214
  172  173
  173  215
  173  214
  175  218
  175  217
  175 2179
  176  177
  176  218
  177  220
  177  178
  178 2174
  178  261
  178  220
  179  221
  179 2174
  180  181
  181  266
  181  223
  181  222
  181  182
  182  224
  183  225
  183  224
  185  270
  185  186
  185  225
  186  226
  186  187
  187  227
  187  226
  187  188
  188  189
  188  228
  188  227
  189  228
  190  230
  190  229
  191  192
  191  233
  191  232
  192  276
  192  233
  192  234
  193  236
  193  234
  194  195
  194  236
  195  237
  195  196
  197  240
  197  239
  198  284
  198  242
  198  283
  199  200
  200  243
  200  201
  200  242
  201  243
  201  202
  202  287
  202  245
  202  203
  202  244
  203  289
  203 2170
  204  247
  204  205
  204  246
  205  248
  205  206
  205  247
  206  248
  206  207
  207  292
  207  249
  207  248
  209  251
  210  251
  210  211
  211  252
  212  254
  212  252
  213  255
  213  254
  213 2171
  214  256
  214  255
  215  257
  215  216
  216 2215
  216 2179
  217  259
  217 2179
  217 2215
  218  219
  219  220
  219  260
  220  261
  220  260
  221  222
  222  264
  223  267
  223  224
  223  266
  224  269
  224  268
  224  267
  226  271
  226  227
  226  270
  227  272
  227  271
  228  272
  230  316
  230  315
  230  273
  230  231
  231  274
  231  316
  232  274
  233  276
  233  275
  234  277
  234  276
  235  236
  235  278
  236  237
  237  320
  237  279
  237  238
  237  278
  238  281
  238  239
  239  281
  240  282
  243  327
  243  244
  243  286
  244  328
  244  327
  244  287
  245  329
  245  288
  246  290
  246  247
  246  289
  246 2170
  247  248
  247  290
  248  292
  249  292
  251  294
  252  296
  252  253
  253  297
  253  296
  253  254
  254  298
  254  297
  254  255
  255  339
  255  299
  255  256
  255  298
  256  299
  256  300
  257  301
  257  300
  257  258
  259 2215
  259  345
  259  303
  259  302
  260  304
  260  261
  260  303
  261  305
  261  304
  262  305
  262 2174
  263 2174
  263  264
  264  306
  264  265
  265  308
  265  266
  265  307
  266  308
  266  267
  267  268
  267  308
  268  269
  268  309
  269  270
  270  312
  270  311
  271  312
  271  272
  272  313
  272  273
  272  312
  273  313
  274  317
  274  316
  275  358
  276  358
  276  277
  277  359
  277  318
  277  358
  278  319
  278  318
  279  361
  279  280
  279  321
  279  320
  280  321
  280  281
  281  282
  282  283
  282  323
  282  322
  283  284
  284  325
  284  285
  284  324
  285  286
  285  326
  287  329
  287  328
  289  331
  289  330
  290  332
  290  331
  291  333
  292  334
  292  333
  294  295
  295  336
  295  335
  295  296
  296  337
  296  336
  296  297
  297  337
  297  298
  298  339
  299  376
  299  340
  299  339
  300  342
  300  301
  301  302
  302  345
  302  344
  302  343
  302 2215
  303  346
  303  304
  304  347
  304  346
  305  383
  305  348
  306  307
  306  349
  306  348
  307  349
  308 2184
  308  351
  308  350
  308  309
  309  386
  309  352
  310  311
  311  388
  311  387
  312 2192
  312  353
  312  389
  312  313
  313  354
  313  353
  313  355
  314  356
  314  315
  315  392
  315  356
  315  316
  316  317
  316  392
  318  360
  319  397
  319  360
  319  320
  320  397
  321  322
  321  362
  321  361
  322  363
  322  362
  322  323
  323  364
  323  363
  324  403
  324  325
  324  364
  325  365
  325  403
  326  404
  326  327
  326  365
  327  406
  327  328
  327  366
  328  367
  328  406
  329  330
  330  331
  330  368
  331  410
  331  409
  331  332
  331  368
  332  410
  332  333
  332  369
  333  411
  333  370
  333  369
  334  370
  336  414
  336  373
  336  372
  336  337
  337  373
  337  338
  338  416
  339  375
  339  376
  340  377
  340  341
  340  376
  341  418
  341  378
  341  342
  342  343
  343  380
  343  379
  344  345
  344  381
  344  380
  345  346
  346  382
  346  381
  347  421
  347  383
  349  350
  349  385
  349  384
  351  424
  351  465
  351  386
  351 2184
  352  425
  352  387
  353  390
  353  428
  353  389
  354  391
  354  390
  356  431
  356  392
  356  391
  357  358
  358  394
  358  359
  359  434
  359  395
  359  394
  360  397
  361  398
  361  399
  361  362
  361  397
  362  400
  362  399
  363  364
  363  400
  365  403
  366  405
  366  406
  366  404
  367  408
  367  368
  368  409
  368  408
  369  410
  370  412
  372  414
  373  374
  373  414
  374  454
  374  416
  375  417
  375  376
  375  416
  376  455
  376  377
  377  456
  377  418
  377  455
  378  419
  378  379
  378  418
  380  381
  380  420
  381  460
  381  382
  381  461
  381  420
  382  461
  382  421
  383  422
  383  421
  384  385
  384  423
  384  422
  385 2185
  385  423
  386 2194
  386  425
  386  465
  387  388
  387  425
  388  427
  388  389
  388 2192
  389  427
  389  428
  390  429
  390  430
  391  431
  392  393
  392  432
  392  431
  393  394
  394  434
  394  433
  395  435
  395  396
  395  434
  397  437
  398  439
  398  438
  398  399
  399  440
  399  439
  400  440
  401  402
  402  403
  402  479
  403  442
  403  441
  404 2202
  404  442
  405 2202
  405  406
  405  444
  405  443
  406  444
  406  407
  407  408
  407  445
  407  446
  407  444
  408  409
  408  446
  409  448
  409  410
  410 2172
  410  448
  411  488
  411  487
  411  449
  411 2172
  411  412
  413  414
  413  451
  414  415
  414  451
  416  417
  417  495
  417  455
  418  457
  418  456
  419  420
  420  459
  421  462
  421  463
  421  461
  423 2185
  423  464
  423  424
  424 2184
  424  506
  424  505
  424  465
  424  464
  425 2193
  425 2194
  426  466
  427  511
  427  468
  427  467
  427  428
  428  512
  428  511
  428  429
  429  469
  429  512
  431  432
  431  471
  432  473
  432  471
  433  517
  433  474
  433  434
  433  473
  434  474
  435  519
  435  436
  436  437
  437  475
  437  438
  438  439
  438  476
  439  522
  439  477
  439  478
  440  479
  440  478
  441  526
  441  481
  441  442
  441  480
  443  528
  443  444
  443  482
  444  483
  444  528
  445  446
  445  483
  446  484
  446  447
  447  448
  447  485
  448 2172
  449  488
  451  490
  451  491
  452  453
  453  454
  453  492
  453  491
  453  493
  454  494
  455  496
  455  456
  456  497
  456  457
  457  498
  457  458
  457  541
  457  497
  458  459
  459  460
  459  499
  460  501
  460  500
  460  461
  461  502
  461  501
  462  503
  462  502
  463  464
  464  505
  464  504
  465 2194
  465  507
  465  506
  466  509
  467  509
  468  510
  468  511
  469  470
  469  513
  469  514
  470  515
  470  471
  471  472
  471  516
  471  515
  472  517
  472  516
  472  473
  474  558
  474  518
  474  517
  475  476
  475  520
  475  519
  476  477
  476  520
  476  521
  477  521
  477  561
  477  522
  478  523
  478  522
  479  480
  479 2208
  480  525
  480 2208
  480  526
  481 2202
  482  568
  482  528
  482 2202
  483  529
  483  528
  485  531
  485  530
  486 2172
  486  572
  486  532
  487  573
  487  534
  487 2172
  488  535
  490  537
  490  491
  491  537
  492  577
  492  538
  492  493
  492  537
  493  538
  493  494
  494  579
  494  538
  495  539
  495  579
  496  539
  497  582
  497  541
  497  540
  498  542
  499  542
  499  500
  500  501
  500  544
  500  543
  501  544
  501  545
  502  546
  502  545
  503  504
  504  547
  505  548
  505  506
  506  549
  506  548
  507  550
  507  549
  508 2193
  508  551
  508  550
  508  509
  509  551
  509  510
  510  552
  511  553
  511  512
  512  596
  512  513
  512  554
  512  553
  513  555
  513  554
  515  556
  515  555
  516  557
  516  556
  517  601
  517  558
  517  557
  518  519
  518  559
  520  560
  520  559
  521  560
  521  561
  522  562
  522  561
  523  563
  523  524
  524 2209
  524  564
  525 2208
  525  565
  525  526
  526  567
  526  565
  526  527
  527 2202
  528  569
  528  568
  529  570
  529  530
  530  571
  530  570
  530  531
  531  572
  531  571
  532  617
  532  533
  532  572
  533  617
  533  573
  533 2173
  534  574
  534  535
  534  573
  536  576
  537  576
  537  577
  538  579
  538  577
  539  540
  539  580
  539  579
  540  582
  540  580
  540  581
  541  583
  541  542
  541  582
  542  543
  543  585
  543  586
  543  544
  544  545
  544  586
  545  588
  545  587
  546  547
  547  590
  547  548
  547  589
  548  591
  548  590
  548  549
  549  592
  549  591
  551  594
  551  593
  551  552
  552  637
  552  595
  552  594
  553  596
  553  595
  554  597
  554  596
  556  599
  556  557
  556  598
  557  599
  557  601
  558  602
  558 2198
  559  560
  559  602
  560  605
  560  561
  561  606
  561  562
  562  607
  562  606
  562  563
  563  609
  563  564
  564 2208
  565  566
  565  610
  565  611
  566  611
  566  567
  566  612
  567  568
  568  613
  568  652
  568  569
  569  570
  569  613
  570  571
  570  613
  571  616
  571  572
  571  614
  572  617
  573  574
  573  617
  574  618
  575  576
  575  621
  576  577
  577  578
  577  621
  578  623
  578  579
  579  623
  580  581
  580  624
  581  626
  582  626
  582  583
  583  627
  583  584
  583  626
  584  585
  585  586
  585  628
  585  629
  586  630
  586  587
  586  629
  587  631
  588  632
  589  674
  589  632
  590  591
  590  675
  591  677
  591  633
  591  634
  592  635
  592  634
  593  635
  594  637
  594  636
  595  680
  595  637
  595  596
  596  681
  596  638
  596  680
  597  598
  598  640
  598  639
  599  600
  599  640
  600  683
  600  641
  600  640
  601 2198
  601  642
  601  641
  602  603
  603  604
  603  644
  604  645
  604  686
  605  646
  606  647
  606  646
  606  607
  607  608
  607  648
  607  647
  608  648
  608  609
  609  649
  609  648
  610  650
  610  649
  611  651
  611  650
  611  612
  612  691
  612  652
  612  651
  613  654
  613  653
  613  652
  614  693
  614  655
  615  656
  616  657
  618  659
  618  658
  619  659
  621  661
  621  663
  623  701
  623  665
  623  664
  625  665
  626  668
  626  667
  626  627
  627  628
  627  668
  628  629
  628  668
  629  670
  629  669
  630  671
  630  670
  631  632
  632  674
  632  672
  633  676
  633  677
  633  675
  634 2216
  634  677
  635  636
  636  678
  637  717
  637  679
  637  680
  638  720
  638  719
  638  639
  640  682
  640  683
  641  683
  642  725
  642  643
  642  684
  642 2198
  643  644
  643  726
  643  725
  643 2198
  644  645
  645  685
  646  728
  646  647
  646  687
  646  686
  647  648
  647  687
  648  649
  650  690
  650  689
  651  732
  651  691
  651  690
  652 2199
  652  653
  652  691
  653  692
  653 2199
  654  735
  654  693
  655  736
  655  694
  655  693
  656  695
  656  657
  656  694
  657  737
  657  695
  657  658
  658  738
  658  696
  658  737
  658  659
  659  697
  659  696
  661  662
  661  699
  662  699
  662  663
  662  700
  663  743
  663  664
  663  700
  664  743
  664  701
  665  702
  665  666
  665  701
  666  703
  666  746
  666  667
  666  702
  667  703
  668  669
  668  704
  668  703
  669  704
  669  705
  669  706
  669  670
  670  706
  671  707
  671  672
  672  708
  672  673
  672  707
  673  709
  674  709
  674  675
  675  710
  675  709
  676  712
  676  677
  676  711
  677  712
  677  713
  678  716
  678  715
  678  714
  679  716
  680  718
  680  681
  681  718
  681  719
  682  721
  682  720
  683  723
  683  684
  683  722
  684  725
  685  769
  685  727
  685  726
  686  728
  686  727
  687  771
  687  729
  687  728
  688  689
  689  730
  690  773
  690  732
  690  731
  691  733
  691 2199
  691  732
  692  734
  692 2199
  692  735
  693  735
  694  780
  694  779
  694  695
  694  736
  695  737
  696  739
  696  782
  696  738
  698  741
  699  741
  700  743
  700  742
  700  741
  701  744
  701  702
  701  743
  702  746
  702  745
  703  748
  703  704
  703  746
  704  705
  705  749
  705  706
  706  749
  706  750
  706  707
  707  751
  707  750
  708  753
  709  710
  710  795
  710  711
  710  754
  711  754
  711  755
  711  712
  712  755
  713  797
  713 2216
  713  755
  714 2216
  715  758
  715  716
  715  757
  716  800
  716  759
  716  758
  717  759
  718  803
  718  761
  718  719
  718  760
  719  762
  719  761
  721  764
  721  722
  721  763
  722  764
  722  723
  723  724
  723  764
  724  766
  724  765
  724  725
  725  767
  725  766
  727  769
  728  814
  728  771
  728  770
  729  772
  730  816
  730  731
  730  772
  731  816
  731  773
  732  774
  732  773
  733  776
  733 2199
  733  775
  734 2199
  734  777
  734  735
  735  777
  736  821
  736  778
  736  777
  737  738
  737  780
  738  781
  739  782
  741  784
  741  785
  741  742
  742  743
  742  785
  743  787
  744  831
  744  745
  745  746
  745  831
  746  747
  746  789
  747  790
  748  749
  748  790
  749  836
  749  750
  749  791
  750  837
  750  836
  750  792
  751  792
  751  752
  752  794
  752  753
  754  840
  754  755
  754  796
  755  796
  756  757
  756  797
  756 2216
  757  798
  758  800
  758  799
  759  801
  759  760
  759  800
  760  803
  760  801
  761  805
  761  804
  761  803
  762  763
  763  806
  764 2219
  764  808
  764  765
  764  807
  765  809
  765  766
  766  810
  766  809
  767  811
  767  768
  768  769
  769  770
  769  812
  770  813
  771 2210
  771  815
  771  814
  772 2211
  772 2220
  772  816
  772 2210
  773  817
  773  774
  773  816
  774  818
  774  819
  775  819
  776  863
  776  777
  776  820
  777  863
  778  822
  778  821
  779  822
  780  823
  782  825
  782  824
  783  825
  784  785
  784  828
  785  786
  787  871
  787  830
  789  833
  790  835
  790  834
  791  876
  791  836
  791  835
  792  793
  792  838
  793  794
  794  839
  794  795
  795  839
  796  841
  796  797
  796  840
  797  842
  798  843
  798  799
  799  843
  800  801
  800  844
  801  845
  801  802
  802  887
  802  846
  802  803
  802  845
  803  846
  804  888
  804  847
  805  806
  805  848
  806  807
  807 2219
  807  849
  808  850
  808  809
  808 2219
  809  850
  809  851
  810  853
  810  811
  811  812
  812  894
  812  854
  812  813
  812  853
  813  814
  814  854
  814  815
  815  856
  815  857
  815  855
  816  817
  816 2220
  817  860
  817  818
  817  859
  818  860
  819  820
  819  860
  820  862
  821  822
  821  863
  822  865
  822  823
  822  864
  823  905
  823  866
  823  865
  823  824
  824  825
  824  866
  825  868
  825  867
  828  910
  828  869
  828  829
  829  912
  829  830
  829  870
  830  912
  830  871
  831  832
  832  873
  832  833
  833  916
  833  874
  833  873
  834  874
  835  876
  835  875
  836  877
  836  837
  837  877
  837  878
  838  880
  838  878
  839  881
  839  880
  840  882
  840  841
  840  881
  841  883
  841  882
  842  884
  843  885
  843  844
  845  928
  845  887
  845  886
  846  888
  846  887
  847  848
  848  889
  848  849
  849  890
  850 2219
  850  934
  850  892
  850 2218
  851  892
  851  852
  852  893
  852  853
  854  894
  854  855
  855  856
  855  895
  856  939
  856  897
  856  896
  857 2211
  857  897
  857  858
  858 2220
  858 2211
  858  898
  858  897
  859  942
  859  899
  860  861
  860  900
  861  902
  861  901
  862  863
  862  902
  863  903
  863  864
  864 2187
  864  865
  865  905
  865 2187
  866  906
  866  867
  866  905
  867  908
  867  907
  867  906
  869  910
  870  912
  870  911
  870  910
  871  872
  871  913
  871  912
  872  873
  873  914
  874  917
  874  916
  875  917
  876  918
  876  877
  877  960
  877  878
  877  919
  878  920
  878  919
  878  879
  879  921
  879  880
  880  881
  880  922
  880  921
  881  882
  882  963
  882  923
  882  922
  883  925
  884  885
  884  925
  885  886
  885  926
  885  927
  887  929
  887  888
  888  929
  888  930
  888  889
  889  890
  890  931
  890  891
  891  934
  891 2218
  891  932
  892  936
  893 1015
  893  894
  893  936
  894  937
  894  895
  895  896
  895  937
  896  938
  896  939
  897  940
  897  898
  897  939
  898  899
  898 2220
  899  941
  899 2220
  900  982
  900  943
  900  942
  901  944
  901  943
  903  947
  903  945
  904  947
  904 2187
  905  906
  905  949
  906 2176
  906  950
  906  907
  906  949
  907  951
  908  951
  910  954
  910  953
  911  955
  911  954
  912  913
  912  955
  913  995
  913  994
  913  956
  913  914
  913  955
  914  915
  915  996
  915  916
  915  957
  915  956
  916  917
  917  958
  917  957
  918  960
  918  959
  919  961
  919  920
  920 1001
  920  962
  920  961
  921 1003
  921  962
  923  964
  923  924
  923  963
  924  925
  925  926
  925  965
  926  927
  926  966
  927  967
  927  968
  927  928
  928  970
  928  929
  929  970
  930  931
  931  932
  931  971
  932  972
  932  933
  933  973
  933  972
  933  934
  934 2218
  934  974
  934  973
  934  935
  935  936
  935  975
  935  974
  936 1015
  936  975
  937  938
  937  977
  937  976
  938 1018
  938 1017
  938  977
  938  978
  938  939
  939  978
  940  980
  940  979
  941  981
  941  980
  942  981
  943  983
  944  945
  945 1024
  945  946
  945  983
  946  985
  946  984
  946  947
  947  986
  947  985
  948 2187
  948  987
  948  949
  949 2176
  950  990
  950  951
  950 2176
  951  991
  951  990
  953  993
  954 1034
  954  993
  955 1034
  955  994
  956 1037
  956  996
  956  995
  957 1038
  957  997
  957  958
  957  996
  958  999
  958  959
  958  998
  958  997
  960 1000
  960 1041
  960  999
  961 1001
  961 1000
  962 1003
  962 1002
  962 1001
  963 1004
  963  964
  963 1003
  964 1005
  964  965
  965  966
  965 1006
  966 1007
  967  968
  967 1007
  968 1009
  968  969
  969 1052
  969  970
  969 1009
  970 1053
  970 1052
  970 1010
  971 1055
  971 1054
  971 1011
  971 1010
  972 1012
  972  973
  972 1011
  973 1012
  973  974
  973 1013
  974 1013
  974  975
  975 1015
  976 1016
  976  977
  976 1015
  977 1016
  977 1017
  978 1063
  978 1019
  978  979
  978 1018
  979 1020
  979 1019
  980 1020
  981 1021
  982 1023
  983 1023
  983 1068
  983 1024
  984 1025
  984  985
  984 1024
  985  986
  985 1025
  986 1026
  986 2186
  987 2186
  987 1029
  988 2176
  989 2178
  989 2176
  990 1032
  990 1031
  993 1078
  993 1033
  993 1034
  994 1035
  994  995
  994 1034
  995 1037
  995 1035
  996 1038
  996 1082
  997  998
  997 1038
  998 1084
  998 1040
  998  999
  999 1041
  999 1040
 1000 1042
 1000 1001
 1000 1041
 1001 1002
 1001 1042
 1002 1044
 1002 1003
 1003 1044
 1003 1004
 1004 1047
 1004 1046
 1005 1048
 1005 1006
 1005 1047
 1006 1007
 1006 1049
 1007 1049
 1007 1008
 1008 1009
 1009 1051
 1009 1052
 1009 1050
 1010 1098
 1010 1054
 1010 1053
 1011 1012
 1011 1056
 1011 1055
 1012 1057
 1012 1056
 1013 1058
 1013 1057
 1014 1059
 1014 1015
 1014 1058
 1015 1060
 1015 1016
 1016 1060
 1017 1062
 1017 1018
 1018 1063
 1019 1065
 1019 1064
 1019 1063
 1020 1065
 1020 1021
 1021 1022
 1021 1067
 1022 1023
 1023 1113
 1023 1067
 1023 1068
 1024 1025
 1024 1068
 1025 1026
 1025 1069
 1027 1071
 1027 1028
 1027 2186
 1028 1073
 1028 1029
 1028 1072
 1029 1073
 1029 1030
 1030 2178
 1030 1074
 1030 1073
 1030 2177
 1031 2178
 1031 1075
 1031 1032
 1031 1074
 1032 1075
 1033 1078
 1034 1079
 1035 1036
 1035 1080
 1036 1081
 1036 1037
 1037 1082
 1037 1127
 1038 1129
 1038 1039
 1038 1083
 1039 1084
 1040 1085
 1040 1041
 1041 1085
 1041 1086
 1042 1088
 1042 1087
 1043 1089
 1044 1091
 1044 1089
 1044 1045
 1044 1090
 1045 1046
 1045 1092
 1045 1091
 1046 1138
 1046 1092
 1046 1093
 1046 1047
 1047 1093
 1047 1048
 1048 1139
 1048 1140
 1048 1094
 1048 1049
 1048 1093
 1049 1050
 1049 1094
 1050 1094
 1050 1095
 1050 1051
 1051 1096
 1051 1052
 1051 1095
 1052 1053
 1053 1098
 1054 1099
 1054 1055
 1055 1056
 1055 1100
 1056 1100
 1056 1101
 1057 1102
 1057 1058
 1058 1104
 1059 1105
 1059 1060
 1060 1152
 1060 1061
 1060 1105
 1061 1107
 1062 1107
 1062 1063
 1063 1108
 1063 1064
 1064 1065
 1064 1109
 1064 1110
 1065 1111
 1065 1066
 1066 1112
 1066 1067
 1067 1112
 1067 1113
 1068 1114
 1069 1116
 1070 1071
 1071 1072
 1071 1117
 1071 1118
 1072 1073
 1072 1118
 1072 1119
 1073 1074
 1073 1119
 1074 1121
 1074 1075
 1074 2178
 1075 1076
 1076 1121
 1077 1124
 1079 1124
 1080 1126
 1081 1127
 1081 1126
 1082 1129
 1082 1128
 1083 1130
 1084 1131
 1084 1130
 1084 1085
 1085 1086
 1085 1131
 1086 1087
 1086 1132
 1087 1088
 1088 1134
 1089 2212
 1089 1134
 1090 1135
 1090 1091
 1091 1092
 1091 1135
 1092 1138
 1092 1136
 1093 1139
 1093 1138
 1094 1142
 1094 1095
 1094 1140
 1095 1143
 1095 1142
 1096 1097
 1096 1143
 1097 1098
 1097 1144
 1097 1145
 1098 1146
 1098 1099
 1099 1147
 1099 1100
 1100 1101
 1101 1148
 1101 1147
 1102 1103
 1102 1148
 1103 1104
 1104 1105
 1104 1149
 1105 1152
 1105 1151
 1106 1107
 1106 1153
 1106 1152
 1107 1108
 1108 1154
 1108 1109
 1109 1195
 1109 2217
 1109 1110
 1110 1155
 1110 1195
 1110 1111
 1111 1112
 1111 1155
 1112 1156
 1112 1155
 1112 1157
 1113 1114
 1113 1158
 1114 1115
 1114 1159
 1115 1116
 1115 1160
 1116 1117
 1117 1161
 1117 1118
 1117 1160
 1118 1162
 1118 1161
 1119 1164
 1121 1204
 1121 1203
 1121 1165
 1121 1164
 1123 1167
 1123 1124
 1124 1167
 1124 1125
 1124 1168
 1125 1169
 1125 1126
 1125 1168
 1127 1170
 1128 1171
 1129 1171
 1130 1173
 1130 2197
 1130 1131
 1130 1172
 1131 1173
 1131 1132
 1132 1133
 1133 1175
 1134 1176
 1135 2212
 1135 1136
 1135 1177
 1136 1177
 1136 1137
 1137 1179
 1138 2221
 1138 1179
 1139 1140
 1139 2221
 1140 1141
 1140 1180
 1141 1222
 1141 1182
 1141 1142
 1142 1182
 1142 1143
 1143 1183
 1144 1183
 1145 1146
 1145 1184
 1146 1187
 1146 1147
 1146 1186
 1147 1187
 1147 1148
 1148 2213
 1148 1149
 1149 2213
 1149 1189
 1149 1150
 1150 1190
 1151 1191
 1151 1190
 1151 1152
 1152 1191
 1153 1234
 1153 1193
 1154 2217
 1154 1193
 1154 1194
 1155 1196
 1155 1156
 1155 1195
 1156 1238
 1156 1157
 1156 1197
 1157 1197
 1157 1158
 1158 1198
 1159 1241
 1159 1240
 1159 1199
 1159 1160
 1159 1198
 1160 1161
 1161 1243
 1161 1242
 1161 1200
 1161 1199
 1162 1201
 1162 1163
 1163 1201
 1163 1202
 1163 1164
 1164 1203
 1164 1202
 1165 1204
 1167 1207
 1167 1206
 1168 1208
 1168 1169
 1169 1209
 1169 1170
 1169 1208
 1170 1251
 1170 1253
 1170 1171
 1170 1252
 1170 1209
 1171 1253
 1171 1172
 1171 1210
 1172 1210
 1172 1211
 1172 2197
 1173 2197
 1173 1213
 1173 1174
 1174 1214
 1174 1175
 1175 1258
 1175 1176
 1175 1215
 1176 1259
 1176 1216
 1176 1215
 1176 2212
 1177 1216
 1177 1217
 1177 2212
 1178 1218
 1178 1217
 1179 2221
 1179 1219
 1179 1218
 1180 1181
 1180 1220
 1180 2221
 1181 1222
 1182 1223
 1182 1183
 1182 1265
 1183 1184
 1183 1223
 1184 1224
 1184 1185
 1185 1186
 1186 1187
 1186 1226
 1187 1270
 1187 1271
 1187 1227
 1187 1226
 1188 1228
 1189 1190
 1189 1229
 1190 1231
 1190 1232
 1190 1191
 1191 1192
 1191 1232
 1192 1234
 1193 1194
 1194 1235
 1195 2217
 1195 1237
 1195 1236
 1196 1238
 1196 1237
 1197 1281
 1197 1239
 1197 1198
 1197 1238
 1198 1240
 1198 1239
 1199 1283
 1199 1242
 1199 1241
 1200 1201
 1200 1243
 1201 1286
 1201 1244
 1201 1243
 1202 1244
 1202 1245
 1204 1246
 1205 1247
 1207 1250
 1207 1290
 1207 1249
 1207 1208
 1208 1250
 1208 1209
 1209 1250
 1210 1211
 1210 1255
 1210 1253
 1211 1256
 1211 2197
 1212 2197
 1212 1213
 1214 1257
 1215 1259
 1216 2212
 1216 1217
 1216 1260
 1217 1260
 1218 2203
 1218 1262
 1218 1219
 1219 1262
 1219 2221
 1219 1220
 1220 1221
 1221 1222
 1221 1263
 1222 1265
 1223 1266
 1223 1265
 1224 1225
 1224 1266
 1225 1269
 1225 1267
 1226 1306
 1226 1270
 1226 1269
 1227 1272
 1227 1271
 1227 1228
 1228 2214
 1228 1272
 1229 1230
 1231 1275
 1231 1232
 1231 1274
 1232 1233
 1232 1275
 1233 1313
 1233 1276
 1233 1234
 1234 1277
 1235 1279
 1235 1278
 1235 1236
 1235 2217
 1236 1279
 1236 2217
 1237 2222
 1238 1321
 1238 1320
 1238 1281
 1239 1240
 1239 1281
 1240 1241
 1241 1282
 1242 1285
 1242 1243
 1242 1283
 1243 1286
 1244 1327
 1244 1326
 1244 1286
 1245 1328
 1245 1327
 1245 1246
 1246 1328
 1246 1247
 1246 1287
 1247 1288
 1247 1287
 1247 1248
 1249 1290
 1250 1251
 1250 1290
 1250 1291
 1250 1332
 1251 1292
 1251 1252
 1252 1253
 1253 1293
 1253 1254
 1254 1337
 1254 1294
 1256 1257
 1256 1294
 1257 1296
 1257 1297
 1257 1258
 1258 1297
 1259 1341
 1259 1299
 1259 1260
 1259 1298
 1260 1300
 1260 1299
 1261 2203
 1261 1300
 1262 1344
 1262 1302
 1262 2203
 1263 1264
 1263 1302
 1264 1304
 1264 1303
 1265 1348
 1265 1347
 1265 1304
 1265 1266
 1266 1349
 1266 1305
 1266 1348
 1267 1305
 1268 1305
 1269 1351
 1269 2207
 1269 1306
 1270 1307
 1270 1271
 1271 1308
 1271 1272
 1272 1309
 1272 1308
 1273 1309
 1273 1310
 1273 1274
 1273 2214
 1274 1275
 1274 1310
 1275 1313
 1275 1312
 1276 1315
 1277 1278
 1277 1315
 1278 1316
 1278 1279
 1278 1315
 1278 1317
 1279 1318
 1279 1317
 1280 2222
 1280 1320
 1281 1282
 1281 1321
 1282 1283
 1282 1322
 1283 1284
 1284 1285
 1284 1323
 1285 1324
 1285 1286
 1286 1325
 1287 1330
 1287 1329
 1287 1328
 1290 1332
 1290 1331
 1292 1334
 1293 1335
 1294 1338
 1294 1295
 1294 1337
 1295 1382
 1295 1339
 1295 1296
 1295 1338
 1297 1384
 1297 1298
 1297 1340
 1298 1385
 1298 1384
 1298 1341
 1299 1300
 1299 1341
 1300 1301
 1301 1343
 1301 1342
 1302 1303
 1302 1344
 1303 1346
 1304 1347
 1305 1350
 1305 2207
 1305 1349
 1306 1352
 1307 1308
 1307 1352
 1308 1353
 1308 1309
 1309 2214
 1309 1398
 1309 1354
 1309 1353
 1310 1311
 1310 1355
 1310 1354
 1312 1402
 1312 1401
 1312 1313
 1312 1356
 1313 1314
 1313 1402
 1314 1357
 1314 1315
 1315 1358
 1316 1359
 1316 1360
 1316 1317
 1317 1361
 1317 1360
 1318 1319
 1318 1361
 1318 2222
 1319 1363
 1320 1321
 1320 1364
 1320 1363
 1321 1365
 1321 1364
 1322 1366
 1322 1365
 1323 1367
 1324 1368
 1325 2190
 1325 1326
 1325 1368
 1326 1327
 1326 1369
 1327 1328
 1327 1370
 1328 1371
 1328 1329
 1329 1330
 1329 1372
 1330 1373
 1332 1375
 1333 1376
 1333 1334
 1334 1378
 1334 1335
 1334 1377
 1335 1380
 1335 1336
 1336 1337
 1336 1380
 1338 1421
 1338 1381
 1339 1383
 1339 1340
 1339 1382
 1341 1386
 1341 1385
 1342 1386
 1343 1388
 1343 1344
 1343 2203
 1344 2203
 1344 1388
 1344 1389
 1345 1346
 1345 1389
 1346 1390
 1347 1391
 1348 1392
 1348 1349
 1348 1391
 1349 1393
 1350 1394
 1351 2207
 1351 1352
 1351 1396
 1351 2206
 1352 1397
 1352 1353
 1353 1398
 1354 1399
 1354 1398
 1355 2205
 1355 1400
 1355 1399
 1356 1401
 1356 1400
 1357 1444
 1357 1403
 1358 2223
 1358 1445
 1358 1359
 1358 1403
 1359 2223
 1359 1404
 1359 1360
 1360 1404
 1360 1361
 1361 1405
 1362 1405
 1362 1363
 1363 1407
 1363 1364
 1364 1408
 1364 1365
 1365 1409
 1365 1408
 1366 1410
 1366 1367
 1367 1411
 1367 1410
 1367 1368
 1368 2188
 1368 1411
 1369 1412
 1370 1413
 1372 1414
 1372 1413
 1373 1415
 1375 1376
 1376 1458
 1376 1417
 1376 1416
 1376 1377
 1376 1418
 1377 1418
 1377 1378
 1378 1419
 1378 1418
 1378 1379
 1379 1461
 1379 1380
 1379 1419
 1380 1461
 1380 1420
 1380 1381
 1382 1464
 1382 1383
 1382 1421
 1383 1422
 1383 1423
 1383 1384
 1384 1424
 1384 1385
 1384 1423
 1385 1425
 1385 1424
 1386 1426
 1386 1425
 1387 1426
 1387 1388
 1388 1428
 1388 1389
 1389 1430
 1389 1428
 1390 1391
 1390 1431
 1391 1432
 1391 1431
 1391 1392
 1392 1473
 1392 1393
 1392 1432
 1393 1473
 1393 1433
 1393 1394
 1394 1434
 1394 2206
 1395 1434
 1395 1396
 1396 1436
 1397 1436
 1398 1438
 1398 1437
 1398 1399
 1398 1439
 1399 2205
 1399 1439
 1400 1440
 1400 2205
 1401 1480
 1401 1402
 1401 1442
 1402 2201
 1402 1442
 1403 1445
 1404 1446
 1404 1485
 1404 1447
 1404 2223
 1405 1447
 1406 1486
 1406 1407
 1406 1447
 1407 1449
 1408 1489
 1408 1409
 1408 1449
 1408 1490
 1409 1450
 1409 1490
 1409 1410
 1410 1450
 1410 1451
 1411 1452
 1412 1494
 1412 2191
 1412 1453
 1412 1413
 1413 1454
 1413 1453
 1414 1456
 1414 1455
 1414 1415
 1414 1454
 1416 1458
 1417 1418
 1417 1459
 1418 1460
 1418 1419
 1419 1461
 1420 1421
 1420 1462
 1420 1461
 1422 1465
 1422 1423
 1422 1464
 1423 1424
 1423 1465
 1424 1467
 1424 1425
 1425 1468
 1425 1467
 1426 1469
 1427 1428
 1427 1469
 1428 1471
 1428 1429
 1429 1430
 1431 1515
 1431 1516
 1431 1472
 1432 1473
 1432 1516
 1433 1474
 1433 1434
 1433 1473
 1434 1475
 1434 1474
 1435 1476
 1435 1475
 1436 1477
 1436 1476
 1436 1437
 1437 1477
 1437 1438
 1438 1522
 1438 1439
 1438 1477
 1439 2204
 1440 1479
 1440 2204
 1441 1480
 1441 1479
 1442 1443
 1442 1480
 1444 2201
 1444 1482
 1445 1484
 1445 1483
 1446 2223
 1446 1485
 1446 1484
 1447 1486
 1447 1485
 1448 1488
 1448 1486
 1449 1489
 1449 1488
 1450 1531
 1450 1490
 1450 1491
 1451 1533
 1451 1492
 1451 1491
 1451 1452
 1452 2189
 1452 1493
 1452 1492
 1453 1537
 1453 1495
 1453 1454
 1453 1494
 1454 1495
 1454 1455
 1454 1496
 1455 1497
 1455 1496
 1456 1497
 1457 1500
 1458 1500
 1458 1501
 1459 1501
 1460 1503
 1460 1502
 1461 1544
 1461 1545
 1461 1462
 1461 1504
 1461 1503
 1462 1504
 1462 1505
 1462 1463
 1463 1506
 1463 1464
 1464 1465
 1464 1506
 1465 1466
 1465 1506
 1466 1507
 1466 1467
 1467 1509
 1467 1468
 1467 1510
 1468 1510
 1468 1469
 1469 1552
 1469 1511
 1470 1471
 1470 1511
 1470 1512
 1471 1513
 1471 1472
 1472 1514
 1473 1474
 1473 1516
 1474 1517
 1474 1475
 1475 1518
 1476 1520
 1477 1522
 1477 1521
 1478 1563
 1478 1523
 1478 2204
 1478 1522
 1479 1564
 1480 1565
 1480 1524
 1481 1482
 1481 1525
 1482 1526
 1482 1525
 1483 1569
 1483 1568
 1483 1526
 1484 1527
 1484 1569
 1484 2223
 1485 1528
 1485 1527
 1486 1528
 1487 1529
 1487 1528
 1488 2196
 1488 1489
 1488 1529
 1489 1490
 1489 1530
 1490 1531
 1491 1532
 1491 1531
 1492 1534
 1492 1493
 1492 1533
 1493 2191
 1493 1494
 1493 2189
 1494 2191
 1494 1535
 1495 1496
 1495 1537
 1496 1538
 1496 2224
 1496 2225
 1497 1538
 1498 1538
 1499 1500
 1500 1540
 1500 1501
 1501 1542
 1501 1502
 1501 1543
 1502 1503
 1502 1543
 1503 1543
 1504 1585
 1504 1505
 1504 1547
 1504 1546
 1505 1547
 1505 1548
 1505 1506
 1506 1507
 1507 1548
 1507 1508
 1508 1551
 1508 1509
 1508 1549
 1509 1510
 1510 1590
 1510 1552
 1510 1551
 1511 1591
 1511 1552
 1512 1554
 1512 1553
 1513 1555
 1513 1514
 1513 1554
 1514 1515
 1514 1555
 1514 1556
 1515 1557
 1515 1556
 1515 1516
 1516 1558
 1516 1557
 1517 1597
 1517 1518
 1517 1558
 1518 1519
 1518 1559
 1520 1561
 1520 1521
 1520 1560
 1521 1562
 1521 1522
 1521 1561
 1522 1562
 1523 1602
 1523 1601
 1523 1564
 1523 1563
 1525 1566
 1525 1526
 1526 1568
 1526 1567
 1527 1570
 1527 1569
 1528 1608
 1528 1570
 1529 1611
 1529 2196
 1529 1571
 1530 1572
 1530 1531
 1531 1614
 1531 1613
 1531 1532
 1532 1573
 1532 1614
 1533 1573
 1534 1574
 1535 1575
 1536 1575
 1536 1537
 1537 2226
 1537 2225
 1538 2224
 1538 1578
 1538 1577
 1539 1578
 1540 1581
 1541 1542
 1542 1543
 1542 1583
 1543 1544
 1544 1584
 1545 1584
 1546 1585
 1546 1584
 1547 1586
 1547 1548
 1548 1549
 1548 1586
 1549 1587
 1549 1550
 1550 1551
 1550 1588
 1551 1590
 1552 1633
 1552 1590
 1553 1635
 1553 1591
 1554 1636
 1554 1593
 1555 1556
 1555 1593
 1555 1594
 1556 1557
 1557 1595
 1557 1558
 1558 1596
 1558 1595
 1559 1641
 1559 1560
 1559 1597
 1560 1598
 1560 1561
 1561 1562
 1561 1600
 1561 1599
 1562 1600
 1563 1600
 1564 1603
 1564 1565
 1564 1602
 1565 1648
 1565 1603
 1566 1604
 1566 1567
 1567 1649
 1567 1605
 1567 1604
 1567 1568
 1568 1569
 1568 1606
 1569 1606
 1570 1608
 1571 1608
 1572 2196
 1572 1613
 1572 1656
 1573 1659
 1573 1660
 1573 1615
 1573 1574
 1573 1614
 1574 1616
 1574 1575
 1574 1615
 1575 1617
 1576 1618
 1578 1665
 1578 1620
 1578 1619
 1580 1581
 1580 1622
 1581 1622
 1581 1623
 1581 1582
 1583 1624
 1584 1626
 1584 1625
 1585 1628
 1585 1586
 1585 1627
 1585 1626
 1586 1628
 1587 1630
 1587 1588
 1587 1628
 1588 1589
 1589 1632
 1589 1630
 1589 1590
 1590 1633
 1591 1634
 1591 1633
 1592 1636
 1592 1635
 1593 1594
 1593 1636
 1594 1638
 1595 1684
 1595 1683
 1595 1639
 1595 1596
 1595 1638
 1596 1639
 1597 1685
 1598 1642
 1598 1641
 1599 1643
 1599 1600
 1599 1642
 1600 1601
 1600 1643
 1601 1644
 1601 1602
 1602 1646
 1602 1645
 1603 1646
 1604 1649
 1604 1648
 1605 1695
 1605 1606
 1605 1649
 1606 1696
 1606 1650
 1606 1651
 1607 1651
 1607 1608
 1608 1609
 1609 1653
 1609 1610
 1609 1652
 1610 1653
 1611 1700
 1611 1655
 1611 1612
 1611 2196
 1611 1654
 1612 1656
 1613 1614
 1613 1657
 1614 1657
 1614 1658
 1615 1705
 1615 1661
 1615 1660
 1616 1662
 1616 1617
 1617 1663
 1617 1618
 1618 1708
 1618 1664
 1618 1663
 1618 2226
 1619 1709
 1619 1665
 1619 1664
 1620 1665
 1621 1668
 1622 1668
 1622 1623
 1623 1624
 1623 1669
 1623 1668
 1624 1670
 1624 1669
 1625 1670
 1626 1672
 1626 1715
 1627 1716
 1627 1715
 1627 1628
 1628 1717
 1628 1673
 1628 1716
 1629 1718
 1629 1630
 1630 1631
 1630 1674
 1632 1676
 1633 1678
 1633 1677
 1633 1634
 1634 1679
 1634 1678
 1635 1679
 1636 1681
 1637 1681
 1638 1682
 1639 1685
 1639 1684
 1640 1686
 1640 1641
 1641 1687
 1642 1730
 1642 1689
 1643 1644
 1643 1689
 1644 1689
 1644 1690
 1645 1646
 1645 1690
 1646 1692
 1646 1691
 1647 1693
 1647 1692
 1648 1693
 1648 1649
 1649 1694
 1649 1695
 1650 1696
 1650 1695
 1651 1697
 1651 1696
 1652 1653
 1652 1697
 1653 1699
 1653 1698
 1654 1700
 1654 1699
 1655 1701
 1656 1702
 1656 1657
 1657 1658
 1657 1702
 1658 1703
 1658 1659
 1659 1660
 1660 1705
 1661 1706
 1661 1662
 1661 1705
 1662 1707
 1662 1706
 1662 1663
 1663 1747
 1663 1707
 1664 1709
 1664 1708
 1665 1710
 1665 1709
 1668 1750
 1668 1711
 1668 1712
 1669 1670
 1669 1712
 1670 1713
 1670 1671
 1671 1672
 1671 1713
 1672 1715
 1672 1714
 1673 1756
 1673 1718
 1673 1717
 1674 1675
 1674 1718
 1675 1721
 1675 1676
 1675 1719
 1676 1721
 1676 1677
 1677 1678
 1677 1722
 1677 1721
 1678 1722
 1678 1679
 1679 1762
 1679 1723
 1680 1724
 1681 1725
 1681 1682
 1681 1724
 1682 1683
 1682 1725
 1683 1726
 1683 1725
 1683 1684
 1684 1685
 1684 1727
 1684 1726
 1685 1767
 1685 1727
 1685 1686
 1686 1728
 1686 1767
 1687 1688
 1687 1728
 1688 1730
 1689 1731
 1689 1690
 1690 1691
 1690 1731
 1691 1692
 1692 1732
 1693 1734
 1694 1775
 1694 1774
 1694 1695
 1694 1735
 1694 1734
 1695 1735
 1696 1737
 1696 1697
 1697 2195
 1698 2195
 1698 1699
 1699 1738
 1700 1739
 1701 1781
 1701 1741
 1701 1740
 1702 1742
 1702 1703
 1702 1741
 1703 1742
 1703 1704
 1704 1744
 1704 1743
 1705 1745
 1705 1744
 1705 1706
 1706 1746
 1706 1707
 1706 1745
 1707 1786
 1707 1746
 1708 1789
 1708 1788
 1708 1747
 1709 1748
 1709 1789
 1711 1750
 1712 1751
 1712 1713
 1713 1752
 1713 1751
 1713 1714
 1714 1753
 1714 1715
 1714 1752
 1715 1716
 1715 1755
 1715 1753
 1716 1717
 1717 1755
 1718 1757
 1718 1756
 1719 1720
 1719 1757
 1720 1759
 1721 1800
 1721 1760
 1721 1722
 1721 1759
 1722 1760
 1723 1762
 1723 1760
 1724 1763
 1725 1726
 1725 1763
 1725 1764
 1725 1765
 1726 1766
 1727 1767
 1728 1768
 1728 1729
 1728 1767
 1729 1730
 1730 1810
 1730 1809
 1730 1731
 1731 1811
 1731 1810
 1731 1770
 1732 1733
 1732 1770
 1732 1772
 1733 1773
 1734 1774
 1734 1773
 1735 1736
 1735 1775
 1736 1777
 1736 1737
 1737 2195
 1737 1777
 1738 1739
 1738 1779
 1739 1740
 1741 1821
 1741 1742
 1741 1781
 1742 1822
 1742 1782
 1742 1821
 1743 1823
 1744 1824
 1744 1784
 1744 1745
 1745 1784
 1746 1785
 1747 1787
 1747 1786
 1748 1789
 1750 1832
 1750 1791
 1751 1793
 1751 1752
 1751 1792
 1752 1753
 1752 1793
 1753 1794
 1753 1754
 1754 1795
 1754 1755
 1754 1794
 1755 1837
 1755 1796
 1755 1756
 1756 1757
 1756 1796
 1757 2182
 1757 1797
 1758 1759
 1758 2182
 1759 1799
 1759 1800
 1760 1801
 1760 1800
 1761 1762
 1761 1801
 1762 1803
 1763 1804
 1763 1764
 1763 1803
 1764 1804
 1764 1765
 1764 1805
 1765 1806
 1765 1766
 1766 1806
 1766 1767
 1767 1808
 1767 1768
 1768 2180
 1768 1808
 1769 2180
 1769 1809
 1770 1812
 1770 1811
 1771 1812
 1771 1772
 1772 1814
 1773 1814
 1774 1815
 1774 1775
 1775 1855
 1775 1815
 1775 1816
 1776 1816
 1776 1777
 1777 1858
 1777 1778
 1777 2195
 1778 1859
 1778 1858
 1778 1818
 1778 2195
 1779 1818
 1779 2195
 1780 1781
 1780 1818
 1780 1820
 1781 1821
 1781 1820
 1782 1823
 1782 1822
 1783 1824
 1783 1823
 1784 1785
 1784 1824
 1785 1786
 1785 1826
 1786 1869
 1786 1827
 1786 1826
 1787 1827
 1788 1828
 1789 1829
 1790 1829
 1791 1832
 1792 1832
 1793 1835
 1793 1834
 1794 1835
 1795 1837
 1795 1836
 1796 1881
 1796 1838
 1796 1837
 1797 1838
 1798 1840
 1798 2182
 1799 1841
 1799 1800
 1799 1840
 1800 1885
 1800 1801
 1800 1841
 1801 1842
 1802 1842
 1803 1843
 1803 1844
 1803 1804
 1804 1889
 1804 1844
 1805 1891
 1805 1806
 1805 1846
 1805 1845
 1806 1846
 1806 1847
 1807 1808
 1807 1847
 1808 2180
 1808 1893
 1809 1810
 1809 1850
 1810 1851
 1810 1811
 1811 1851
 1812 1852
 1813 1852
 1813 1814
 1814 1854
 1814 1815
 1815 1900
 1815 1855
 1815 1854
 1816 1856
 1816 1817
 1816 1855
 1817 1858
 1818 1860
 1818 1859
 1819 1862
 1819 1860
 1820 1863
 1820 1862
 1820 1821
 1821 1864
 1821 1822
 1822 1865
 1822 1864
 1823 1866
 1824 1825
 1824 2181
 1825 1868
 1826 1869
 1826 1868
 1827 1870
 1827 1828
 1828 1872
 1828 1871
 1828 1829
 1829 1873
 1829 1872
 1831 1875
 1832 1875
 1832 1876
 1832 1833
 1833 1834
 1833 1877
 1833 1876
 1834 1877
 1834 1878
 1834 1835
 1835 1878
 1835 1836
 1836 1880
 1837 1881
 1838 1882
 1838 1881
 1838 2182
 1839 1882
 1839 1883
 1840 1927
 1840 1883
 1841 1885
 1841 1884
 1842 1886
 1842 1885
 1843 1888
 1843 1886
 1844 1889
 1844 1888
 1845 1889
 1846 1847
 1847 1848
 1847 1891
 1847 1934
 1848 1892
 1848 1893
 1849 1894
 1849 1896
 1849 1850
 1850 1851
 1850 1897
 1851 1897
 1851 1852
 1852 1898
 1852 1940
 1852 1897
 1853 1899
 1854 1900
 1854 1899
 1855 1901
 1855 1856
 1855 1900
 1856 1902
 1856 1901
 1857 1903
 1858 1903
 1858 1859
 1859 1904
 1859 1903
 1860 1905
 1860 1861
 1861 1907
 1862 1907
 1862 1863
 1863 1864
 1863 1908
 1863 1951
 1863 1907
 1864 1908
 1864 1865
 1865 1866
 1865 1910
 1865 1909
 1866 1953
 1866 1911
 1866 1910
 1867 2181
 1867 1912
 1868 1913
 1868 1912
 1868 1869
 1869 1870
 1869 1914
 1869 1913
 1870 1915
 1870 1914
 1870 1871
 1871 1872
 1871 1915
 1872 1917
 1872 1916
 1875 1961
 1875 1919
 1875 1918
 1876 1962
 1876 1919
 1876 1920
 1877 1878
 1877 1920
 1878 1963
 1878 1921
 1878 1920
 1879 1880
 1880 1923
 1881 1924
 1881 1925
 1881 1923
 1881 1882
 1882 1925
 1883 1927
 1884 1928
 1884 1885
 1884 1927
 1885 1928
 1885 1886
 1886 1930
 1886 1929
 1887 1930
 1887 1888
 1888 1932
 1888 1889
 1889 1890
 1889 1932
 1891 1979
 1891 1978
 1891 1933
 1891 1934
 1892 1980
 1892 1934
 1893 1981
 1893 1936
 1893 1894
 1893 2180
 1894 2180
 1894 1936
 1895 2200
 1895 1896
 1896 1938
 1897 1939
 1897 1938
 1897 1940
 1898 1941
 1898 1940
 1899 1943
 1899 1900
 1899 1942
 1900 2183
 1900 1943
 1901 1902
 1901 1945
 1901 1944
 1902 1947
 1903 1947
 1903 1948
 1903 1904
 1904 1948
 1904 1905
 1905 1949
 1905 1948
 1906 1950
 1906 1949
 1907 2175
 1907 1950
 1908 1909
 1908 1951
 1909 1910
 1910 1953
 1910 1952
 1911 1912
 1911 1953
 1912 1955
 1912 1913
 1913 2000
 1913 1955
 1913 1914
 1914 1915
 1915 1957
 1915 1956
 1916 1958
 1917 1958
 1918 1961
 1919 1962
 1920 1963
 1920 1962
 1921 1964
 1921 1963
 1921 1922
 1922 1923
 1922 1964
 1923 1924
 1923 1966
 1924 1925
 1924 1966
 1925 1967
 1925 1969
 1925 1968
 1926 1927
 1927 1970
 1927 1928
 1928 1972
 1928 1970
 1928 1929
 1929 1973
 1929 1930
 1930 2015
 1930 1974
 1930 1973
 1931 1975
 1932 1933
 1932 1975
 1932 1976
 1933 1976
 1933 1978
 1934 1979
 1935 1981
 1935 1980
 1936 2022
 1936 2200
 1936 1981
 1937 2200
 1938 1983
 1938 1982
 1938 1939
 1939 1984
 1939 1940
 1939 1983
 1940 1984
 1940 1985
 1942 1986
 1942 1985
 1943 2183
 1943 1986
 1944 1945
 1944 2183
 1945 2029
 1945 1946
 1945 1987
 1946 1989
 1947 1990
 1947 1989
 1947 1948
 1948 1992
 1948 1949
 1948 1990
 1949 1992
 1950 1994
 1950 1993
 1951 1995
 1951 1952
 1951 1994
 1952 1996
 1952 2036
 1952 1995
 1953 1954
 1953 1997
 1953 1996
 1954 1999
 1955 2000
 1955 1999
 1956 2001
 1956 2000
 1956 1957
 1957 1958
 1957 2003
 1957 2002
 1958 2004
 1958 2003
 1961 2006
 1961 2005
 1962 2047
 1962 2007
 1962 2006
 1963 2008
 1963 1964
 1964 2049
 1964 2009
 1964 1965
 1964 2008
 1965 2010
 1966 2052
 1966 2011
 1966 1967
 1966 2010
 1967 1968
 1968 2054
 1968 2011
 1969 2054
 1969 1970
 1970 2013
 1970 1971
 1971 2058
 1971 1972
 1971 2014
 1971 2013
 1972 1973
 1973 2015
 1973 2014
 1975 2016
 1975 1976
 1976 2017
 1976 2018
 1976 2016
 1978 2019
 1978 2018
 1979 2020
 1979 1980
 1979 2019
 1980 2020
 1981 2066
 1981 2022
 1982 2068
 1982 1983
 1983 2069
 1983 2024
 1984 2025
 1984 2024
 1985 2025
 1985 1986
 1986 2183
 1986 2027
 1987 2029
 1988 1989
 1988 2029
 1989 2031
 1989 1990
 1990 2031
 1990 1991
 1991 2033
 1991 1992
 1992 2033
 1993 2033
 1994 2080
 1994 2035
 1994 1995
 1994 2175
 1995 2035
 1996 1997
 1997 2038
 1997 2037
 1998 1999
 1998 2038
 1999 2040
 1999 2000
 2000 2042
 2000 2041
 2000 2001
 2001 2002
 2001 2042
 2002 2003
 2003 2044
 2003 2043
 2004 2044
 2006 2091
 2006 2047
 2006 2046
 2007 2008
 2007 2047
 2008 2095
 2008 2049
 2009 2010
 2009 2051
 2009 2099
 2010 2052
 2010 2051
 2011 2054
 2011 2052
 2012 2055
 2012 2054
 2013 2055
 2013 2056
 2013 2057
 2014 2058
 2015 2060
 2015 2059
 2016 2017
 2016 2061
 2016 2060
 2017 2061
 2017 2018
 2018 2063
 2018 2019
 2019 2064
 2019 2020
 2020 2065
 2020 2021
 2021 2066
 2022 2067
 2022 2200
 2022 2066
 2023 2130
 2023 2068
 2024 2025
 2024 2069
 2025 2071
 2025 2026
 2025 2070
 2027 2028
 2027 2073
 2027 2074
 2027 2072
 2027 2183
 2028 2029
 2028 2183
 2029 2074
 2029 2030
 2030 2076
 2031 2077
 2031 2032
 2031 2076
 2032 2033
 2033 2079
 2033 2078
 2033 2034
 2033 2077
 2034 2080
 2035 2036
 2035 2081
 2035 2080
 2036 2082
 2036 2037
 2037 2038
 2038 2083
 2038 2082
 2039 2085
 2039 2083
 2039 2040
 2040 2041
 2041 2086
 2041 2085
 2041 2042
 2042 2086
 2042 2043
 2043 2088
 2043 2044
 2044 2089
 2044 2088
 2047 2093
 2047 2048
 2047 2091
 2048 2095
 2048 2093
 2049 2097
 2049 2050
 2049 2095
 2050 2099
 2050 2097
 2051 2101
 2051 2099
 2052 2053
 2052 2101
 2053 2104
 2053 2102
 2053 2054
 2054 2106
 2054 2104
 2055 2056
 2055 2106
 2056 2057
 2056 2107
 2057 2110
 2057 2108
 2057 2058
 2058 2112
 2058 2059
 2058 2110
 2059 2113
 2059 2060
 2060 2115
 2060 2061
 2060 2113
 2061 2117
 2061 2115
 2061 2062
 2062 2119
 2062 2063
 2062 2117
 2063 2121
 2063 2064
 2063 2119
 2064 2123
 2064 2121
 2064 2065
 2065 2125
 2065 2066
 2065 2123
 2066 2126
 2067 2128
 2067 2068
 2067 2200
 2067 2126
 2068 2200
 2068 2130
 2068 2128
 2069 2132
 2069 2070
 2069 2130
 2070 2133
 2070 2071
 2071 2135
 2071 2072
 2071 2133
 2072 2137
 2072 2135
 2072 2073
 2073 2139
 2073 2074
 2073 2137
 2074 2141
 2074 2139
 2074 2075
 2075 2143
 2075 2076
 2075 2141
 2076 2145
 2076 2077
 2076 2143
 2077 2147
 2077 2078
 2077 2145
 2078 2149
 2078 2147
 2079 2151
 2079 2080
 2079 2149
 2080 2153
 2080 2151
 2081 2155
 2081 2082
 2081 2153
 2082 2157
 2082 2155
 2082 2083
 2083 2158
 2083 2157
 2084 2160
 2084 2085
 2084 2158
 2085 2162
 2085 2160
 2086 2164
 2086 2087
 2086 2162
 2087 2166
 2087 2088
 2087 2164
 2088 2168
 2088 2166
 2088 2089
 2179 2215
 2184 2185
 2189 2190
 2189 2191
 2190 2191
 2204 2205
 2213 2214
 2218 2219
 2224 2225
 2225 2226
