    2  126
    2   82
    3   82
    4   83
    4   82
    6   84
    6   83
    8   84
    9   86
    9   85
   11  130
   11   87
   11   86
   13   87
   14   88
   14   89
   16  132
   16   90
   16   89
   18   91
   18   90
   19   92
   21   93
   21   92
   22   93
   23   94
   23   93
   25   94
   25   95
   27   96
   27   95
   28   96
   29   97
   29   96
   31   98
   31   97
   33  140
   33   99
   33   98
   34  100
   34   99
   36  101
   36  100
   38  102
   38  101
   39  102
   40  102
   40  103
   42  146
   42  104
   42  103
   44  105
   44  104
   46  106
   46  105
   48  106
   48  107
   50  150
   50  108
   50  107
   52  108
   53  110
   53  109
   55  111
   55  110
   57  153
   57  111
   57  112
   59  112
   59  113
   61  113
   61  114
   62  114
   62  115
   64  115
   64  116
   66  117
   66  116
   67  117
   68  118
   68  117
   70  119
   70  118
   71  120
   71  119
   73  121
   73  120
   75  122
   75  121
   77  123
   77  122
   79  165
   79  123
   81  126
   82  127
   82  126
   83  128
   83   84
   84 2343
   84   85
   85 2343
   85  129
   85   86
   87   88
   87  130
   88  174
   88   89
   88  131
   90   91
   90  132
   91  134
   91   92
   91  133
   93  136
   93   94
   93  135
   94  137
   94   95
   96  182
   96  181
   96   97
   96  138
   97   98
   98  140
   98  139
   99  141
   99  140
  100  101
  101  102
  101  142
  102  144
  102  143
  103  146
  103  144
  104  147
  104  105
  105  106
  106  147
  106  107
  107  150
  107  148
  108  194
  108  109
  108  150
  109  110
  109  194
  110  196
  110  195
  110  151
  110  152
  110  111
  111  153
  112  113
  112  153
  113  155
  113  154
  114  115
  115  116
  115  155
  115  157
  117  159
  117  158
  117  118
  118  119
  119  161
  119  160
  120 2342
  120  121
  121 2342
  121  122
  122  162
  122  123
  123  165
  123  164
  123  163
  124  165
  125  168
  126  169
  126  168
  126  127
  127  128
  127  169
  129  130
  129 2343
  130  131
  130  172
  131  173
  131  172
  132  133
  132 2351
  132  174
  133 2351
  133  134
  133  175
  134  135
  135  178
  135  177
  135  136
  136 2346
  136  137
  137  138
  137 2346
  137  179
  138  179
  139  225
  139  183
  139  140
  139  182
  140  141
  140  183
  141  185
  141  142
  142  186
  142  143
  143  188
  143  144
  143  187
  144  188
  145  190
  145  146
  146  147
  146  190
  147  233
  147  234
  147  148
  147  191
  148  149
  149  192
  150  236
  150  194
  150  193
  152  196
  153  240
  153  154
  153  197
  154  241
  154  198
  154  155
  154  240
  155  156
  156  199
  156  289
  156  157
  156  243
  157  158
  157  199
  158  202
  158  159
  158  201
  159  203
  159  160
  160  161
  160  203
  162  205
  162  206
  162  163
  162 2342
  164  207
  164  165
  164  206
  165  209
  165  208
  168  210
  168  212
  168  211
  168  169
  169  213
  169  255
  169  212
  169  170
  170 2343
  171 2343
  171  172
  171  214
  171  215
  172  215
  172  173
  173  216
  173  174
  173  215
  175  219
  175  218
  175 2351
  176  177
  176  219
  177  221
  177  178
  178 2346
  178  266
  178  265
  178  221
  179  222
  179 2346
  180  181
  181  270
  181  224
  181  223
  181  182
  182  225
  183  226
  183  225
  185  186
  185  226
  186  227
  186  187
  187  228
  187  227
  187  188
  188  189
  188  229
  188  228
  189  229
  190  231
  190  230
  190  191
  191  233
  191  231
  192  193
  192  235
  192  234
  193  282
  193  235
  193  236
  194  238
  194  236
  195  196
  195  238
  196  239
  196  197
  198  242
  198  243
  198  241
  199  290
  199  244
  199  289
  200  201
  201  245
  201  202
  201  244
  202  245
  202  203
  203  294
  203  247
  203  204
  203  246
  204  296
  204 2342
  205  249
  205  206
  205  248
  206  250
  206  207
  206  249
  207  251
  207  250
  207  208
  208  299
  208  252
  208  251
  210  254
  211  254
  212  255
  212  254
  213  257
  213  255
  214  258
  214  257
  214 2343
  215  259
  215  258
  216  260
  216  217
  217 2351
  218  262
  218  263
  218 2351
  218  261
  219  220
  220  264
  220  221
  221  265
  221  264
  222  223
  223  268
  224  225
  224  270
  225  273
  225  272
  225  271
  226  274
  227  275
  227  228
  227  274
  228  276
  228  275
  229  276
  231  278
  231  232
  231  277
  232  279
  232  278
  232  233
  233  280
  233  279
  235  282
  235  281
  236  283
  236  282
  237  238
  237  284
  238  239
  239  329
  239  285
  239  240
  239  284
  240  287
  240  241
  241  287
  242  288
  245  246
  245  293
  245  292
  246  338
  246  337
  246  293
  246  294
  247  339
  247  295
  248  297
  248  249
  248  296
  248 2342
  249  250
  249  297
  250  251
  251  298
  252  299
  254  301
  254  302
  255  303
  255  256
  256  304
  256  303
  256  257
  257  304
  257  258
  258  307
  258  259
  258  306
  259  307
  259  308
  260  309
  260  308
  260  261
  261 2351
  262  311
  262  263
  262  310
  263  311
  263  312
  264  313
  264  265
  264  312
  265  314
  265  313
  266  314
  266 2346
  267 2346
  267  268
  268  315
  268  269
  269  317
  269  270
  269  316
  270  317
  270  271
  271  318
  271  272
  271  317
  272  273
  272  318
  273  274
  274  321
  274  320
  275  321
  275  276
  276  322
  276  277
  276  321
  278  325
  278  324
  278  279
  279  325
  280  326
  280  281
  280  325
  281  370
  282  370
  282  283
  283  371
  283  327
  283  370
  284  327
  285  374
  285  286
  285  330
  285  329
  286  331
  286  287
  287  332
  287  288
  288  289
  289  290
  289  333
  290  335
  290  334
  290  291
  291  292
  291  336
  293  337
  294  339
  294  338
  296  341
  296  340
  297  342
  297  341
  298  343
  298  342
  299  344
  299  343
  302  346
  302  345
  302  303
  303  347
  303  346
  303  304
  304  347
  304  305
  305  349
  305  306
  305  348
  306  350
  306  349
  306  307
  307  351
  307  350
  308  353
  308  309
  309  310
  310  355
  310  354
  310  311
  311  356
  311  355
  312  313
  313  358
  313  357
  314  398
  314  359
  315  316
  315  360
  315  359
  316  360
  317 2356
  317  362
  317  361
  317  318
  318  402
  318  363
  319  320
  320  403
  321 2366
  321  364
  321  405
  321  322
  322  365
  322  366
  322  323
  323  367
  323  324
  324  368
  324  367
  324  325
  325  369
  325  368
  327  328
  328  329
  328  372
  329  373
  330  416
  330  331
  330  375
  330  374
  331  375
  331  332
  332  376
  332  333
  333  377
  333  376
  334  421
  334  335
  334  377
  335  378
  335  421
  336  337
  336  378
  337  338
  337  379
  338  424
  338  381
  338  380
  339  340
  340  341
  340  382
  341  427
  341  383
  341  382
  341  342
  342  384
  342  383
  343  429
  343  385
  343  384
  344  385
  346  432
  346  388
  346  387
  346  347
  347  388
  347  348
  348  434
  349  390
  349  391
  350  392
  350  351
  350  391
  351  392
  351  352
  352  436
  352  393
  352  353
  353  354
  354  395
  354  394
  355  356
  355  396
  355  395
  356  357
  357  397
  357  358
  357  396
  358  441
  358  398
  360  361
  360  399
  360  400
  362  401
  362  402
  362 2356
  363  446
  363  403
  364  449
  364  406
  364  365
  364  405
  365  407
  365  406
  367  408
  367  368
  367  407
  368  409
  368  408
  369  370
  370  411
  370  371
  371  412
  371  411
  372  414
  372  373
  372  413
  373  414
  373  374
  374  414
  375  418
  375  376
  375  416
  376  419
  376  418
  378  422
  378  421
  379  380
  379  423
  379  422
  380  423
  380  424
  381  426
  381  382
  382  427
  382  426
  383  428
  383  427
  384  428
  385  430
  387  432
  388  389
  388  432
  389  477
  389  434
  390  435
  390  391
  390  434
  391  478
  391  392
  392  479
  392  436
  392  478
  393  437
  393  394
  395  396
  395  438
  396  439
  396  397
  397  485
  397  441
  397  440
  398  442
  398  441
  399  400
  399  443
  399  442
  400 2357
  400  443
  401  445
  401  402
  401  491
  401  444
  402 2368
  402  446
  403  404
  404  405
  404 2366
  404  447
  405  448
  405  449
  406  450
  406  449
  406  451
  408  453
  408  452
  408  409
  409  454
  409  410
  409  453
  410  411
  411  456
  411  455
  412  457
  412  413
  412  456
  414  415
  414  459
  415  461
  415  460
  415  416
  416  461
  416  417
  417  462
  417  418
  417  461
  418  462
  419  463
  419  420
  420  421
  421  464
  421  465
  422  465
  423  467
  423  424
  423  466
  424  467
  424  425
  425  426
  425  468
  425  469
  425  467
  426  427
  426  469
  427  471
  427  428
  428 2344
  428  471
  429  517
  429  516
  429  472
  429 2344
  429  430
  431  432
  431  474
  432  433
  432  474
  434  435
  435  524
  435  478
  436  480
  436  437
  436  479
  437  438
  438  482
  438  439
  439  483
  439  440
  440  530
  440  485
  440  484
  441  486
  441  487
  443 2357
  443  488
  443  444
  444  491
  444  489
  444 2356
  445 2368
  445  491
  446 2367
  446  492
  446 2368
  447  448
  447  492
  448  493
  449  541
  449  540
  449  450
  450  495
  450  541
  451  452
  452  453
  452  497
  453  498
  453  497
  454  499
  455  456
  455  499
  456  501
  456  457
  456  500
  457  458
  458  502
  458  459
  459  503
  459  460
  460  461
  460  504
  461  552
  461  506
  461  505
  462  507
  463  508
  463  507
  464  510
  464  465
  464  508
  465  466
  466  558
  466  467
  466  510
  467  512
  467  558
  468  469
  468  512
  469  513
  469  470
  470  471
  470  514
  471 2344
  472  517
  474  519
  474  520
  475  476
  476  477
  476  521
  476  520
  476  522
  477  523
  478  525
  478  479
  479  526
  479  480
  480  527
  480  481
  480  573
  480  526
  481  528
  481  482
  482  483
  483  529
  483  484
  484  530
  484  529
  485  531
  485  486
  486  532
  487  488
  488  489
  488  533
  489  534
  489  490
  490  491
  490  535
  490  534
  491  536
  491 2368
  492  538
  493  494
  493  538
  494  539
  494  540
  495  496
  495  543
  496  497
  497  498
  497  545
  497  544
  498  546
  498  499
  499  500
  500  546
  500  501
  501  591
  501  548
  501  547
  502  549
  502  548
  503  550
  503  504
  503  549
  504  505
  504  550
  505  551
  505  552
  506  553
  506  507
  507  555
  507  508
  508  509
  509  556
  509  555
  509  510
  510  511
  511  601
  511  558
  511  557
  512  559
  512  558
  513  560
  514  561
  515 2344
  515  562
  516  606
  516  564
  516 2344
  517  565
  519  567
  519  520
  520  567
  521  569
  521  611
  521  522
  521  568
  522  569
  522  523
  523  613
  523  569
  524  613
  525  570
  526  572
  526  571
  527  574
  527  573
  528  529
  528  574
  529  530
  529  575
  530  576
  530  577
  530  531
  531  578
  531  532
  532  533
  532  579
  533  534
  534  535
  534  580
  535  536
  535  581
  535  580
  536  582
  536  581
  537 2367
  537  582
  537  538
  538  583
  538  539
  539  585
  539  540
  539  584
  540  541
  541  586
  541  542
  541  585
  542  587
  542  543
  543  544
  544  545
  544  587
  545  590
  545  589
  546  590
  546  547
  547  591
  547  635
  548  549
  548  592
  550  593
  550  551
  550  592
  551  593
  551  594
  552  595
  552  553
  552  594
  553  554
  554  597
  554  596
  555  556
  555  597
  556  600
  556  599
  556  598
  556  557
  557  601
  558  602
  559  603
  559  560
  560  604
  560  561
  561  605
  561  604
  562  652
  562  563
  562  605
  563  652
  563  606
  563 2345
  564  607
  564  565
  564  606
  565  607
  566  610
  567  610
  567  568
  568  611
  568  610
  569  612
  569  613
  570  659
  570  571
  570  614
  570  613
  571  614
  571  615
  572  616
  572  573
  572  615
  573  617
  573  574
  573  616
  574  575
  574  617
  575  619
  575  620
  575  576
  576  621
  576  577
  576  620
  577  622
  577  621
  577  578
  578  623
  578  579
  579  580
  580  625
  580  624
  580  581
  581  626
  582  583
  583  627
  583  584
  584  629
  584  628
  585  630
  585  629
  586  631
  586  587
  586  630
  587  588
  588  633
  588  632
  588  589
  589  590
  589  633
  590  635
  591  636
  591  635
  592  636
  593  639
  593  594
  593  638
  594  639
  594  640
  594  595
  595  641
  595  640
  595  596
  596  643
  596  597
  596  642
  596  641
  597  598
  598  644
  599  645
  599  600
  600  692
  600  647
  600  646
  600  601
  601  648
  601  647
  601  602
  602  603
  602  648
  603  649
  603  604
  603  648
  604  650
  604  605
  604  649
  605  652
  605  651
  606  607
  606  652
  607  653
  608  653
  609  610
  609  656
  610  611
  611  657
  611  612
  612  658
  612  613
  613  659
  614  660
  615  660
  615  661
  616  661
  616  617
  617  662
  617  618
  618  619
  618  662
  619  620
  619  663
  619  664
  620  621
  620  664
  620  666
  621  666
  622  667
  622  666
  623  668
  623  715
  623  624
  623  667
  624  625
  624  668
  625  669
  625  718
  625  670
  625  626
  626  671
  626  670
  627  628
  627  671
  628  673
  628  672
  629  722
  629  674
  629  673
  630  723
  630  675
  630  631
  630  674
  631  676
  631  632
  631  675
  632  677
  632  633
  633  678
  633  634
  633  677
  634  679
  634  678
  635  681
  635  679
  636  637
  636  681
  637  638
  637  682
  637  684
  637  683
  638  731
  638  685
  638  684
  638  639
  640  686
  640  685
  640  641
  641  687
  641  686
  642  687
  642  643
  643  688
  643  687
  644  689
  644  645
  644  688
  645  690
  645  689
  645  646
  646  691
  646  692
  646  690
  647  693
  647  692
  648  694
  648  693
  649  696
  650  742
  650  697
  651  698
  652  699
  652  698
  653  700
  653  699
  654  700
  656  702
  656  704
  658  705
  659  706
  660  707
  660  706
  661  709
  661  708
  662  663
  662  709
  663  710
  663  664
  663  709
  664  665
  664  710
  665  712
  665  666
  666  712
  666  667
  667  714
  667  715
  667  713
  668  669
  668  715
  669  717
  669  718
  669  716
  670  765
  670  719
  670  671
  670  718
  671  720
  671  719
  671  672
  672  767
  672  673
  672  721
  672  720
  673  768
  673  722
  674  723
  674  722
  675  770
  675  676
  675  723
  676  771
  676  725
  676  724
  676  677
  677  726
  677  678
  678  679
  679  727
  679  726
  679  680
  680  776
  680  728
  680  681
  680  727
  681  729
  681  682
  681  728
  682  777
  682  730
  682  729
  682  683
  684  779
  684  731
  684  730
  685  732
  685  686
  685  780
  686  687
  686  732
  686  734
  687  688
  688  735
  688  734
  688  689
  689  736
  689  735
  690  736
  691  738
  691  692
  691  737
  692  738
  692  693
  693  740
  693  739
  694  790
  694  741
  694  695
  695  741
  695  696
  696  791
  696  742
  696  741
  697  743
  697  698
  697  742
  698  792
  698  744
  698  743
  700  746
  700  745
  700  744
  702  703
  702  748
  703  748
  703  704
  703  749
  704  798
  704  705
  704  749
  705  798
  705  750
  706  751
  706  750
  707  752
  707  708
  707  751
  708  752
  708  753
  709  754
  709  710
  709  753
  710  756
  710  754
  710  711
  711  712
  712  757
  712  758
  712  756
  713  714
  714  809
  714  760
  714  759
  715  760
  716  762
  716  760
  716  761
  716  717
  717  763
  717  718
  718  765
  718  763
  720  766
  720  767
  720  765
  721  815
  721  768
  721  767
  722  769
  722  723
  723  769
  724  770
  725  726
  725  771
  726  774
  726  727
  726  773
  727  774
  727  776
  728  777
  728  729
  730  779
  730  777
  731  780
  731  779
  732  781
  732  780
  733  828
  733  734
  733  781
  734  784
  734  782
  734  735
  735  736
  735  784
  736  737
  736  785
  737  786
  737  738
  738  833
  738  788
  738  787
  739  789
  739  788
  739  740
  740  790
  740  789
  741  790
  742  837
  742  743
  742  791
  743  792
  744  793
  744  745
  744  792
  745  840
  745  794
  745  793
  747  796
  748  796
  749  798
  749  797
  749  796
  750  845
  750  799
  750  751
  750  798
  751  800
  751  752
  752  802
  752  801
  753  803
  753  802
  753  754
  754  803
  754  755
  755  804
  755  756
  755  805
  755  803
  756  805
  756  806
  756  757
  757  807
  757  806
  758  807
  758  759
  759  809
  759  807
  760  809
  761  855
  761  762
  761  810
  761  809
  762  810
  762  811
  762  763
  764  858
  764  812
  764  765
  764  811
  765  812
  765  813
  765  766
  767  861
  767  814
  768  816
  768  769
  768  815
  769  864
  769  817
  769  816
  770  818
  770  771
  770  817
  771  818
  771  819
  771  772
  772  820
  772  773
  772  819
  773  820
  773  774
  774  821
  774  820
  775  822
  775  821
  775  776
  776  823
  776  777
  777  824
  777  778
  777  825
  777  823
  778  825
  778  826
  778  779
  779  780
  780  827
  780  826
  782  829
  782  783
  782  828
  784  830
  784  785
  784  829
  785  830
  785  831
  786  831
  786  787
  787  833
  787  832
  787  831
  788  882
  788  789
  788  833
  789  834
  789  790
  790  835
  791  884
  791  836
  792  793
  792  838
  793  839
  794  840
  796  842
  796  843
  796  797
  797  798
  797  843
  798  845
  799  894
  800  846
  800  894
  801  846
  801  847
  802  847
  802  848
  803  804
  803  848
  804  805
  804  850
  804  848
  805  851
  805  850
  807  852
  807  808
  808  854
  808  809
  808  852
  809  855
  810  857
  810  811
  810  855
  811  857
  811  858
  812  813
  812  859
  812  858
  813  860
  813  859
  813  814
  814  861
  814  860
  815  862
  815  816
  815  861
  816  863
  816  862
  817  866
  817  818
  817  864
  818  867
  818  866
  819  868
  819  820
  820  869
  820  821
  821  870
  821  822
  822  871
  822  870
  822  823
  823  824
  823  872
  824  873
  824  872
  825  874
  825  826
  826  875
  826  827
  826  874
  827  875
  827  828
  828  876
  828  829
  828  875
  829  921
  829  877
  829  876
  829  830
  830  831
  830  877
  831  832
  831  878
  831  879
  832  880
  832  881
  833  882
  834  929
  834  883
  835  884
  835  929
  836  885
  836  884
  837  885
  838  886
  838  885
  840  888
  840  887
  841  888
  842  843
  842  891
  843  844
  844  892
  845  893
  846  895
  846  896
  847  944
  847  896
  848  898
  848  849
  848  897
  849  946
  849  899
  849  898
  850  900
  850  851
  851  900
  851  852
  852  948
  852  853
  852  901
  852  900
  853  950
  853  854
  854  902
  855  951
  855  902
  856  904
  856  903
  857  905
  857  858
  858  905
  859  955
  859  860
  859  905
  860  906
  860  907
  861  862
  862  907
  862  908
  863  958
  863  909
  863  908
  865  959
  865  910
  865  909
  866  910
  866  867
  866  911
  867  868
  867  912
  868  913
  868  869
  869  870
  869  913
  870  871
  870  913
  871  916
  871  872
  871  915
  872  916
  873  917
  873  874
  873  916
  874  875
  874  917
  875  876
  875  918
  876  919
  876  920
  877  878
  877  923
  877  921
  878  924
  878  972
  878  923
  878  879
  879  880
  879  924
  880  925
  880  926
  881  882
  881  927
  882  927
  882  883
  883  928
  883  927
  884  930
  884  929
  885  932
  885  931
  886  933
  886  887
  887  934
  887  888
  887  933
  888  936
  888  935
  891  983
  891  937
  892  893
  892  938
  893  939
  893  941
  893  940
  894  941
  895  943
  896  989
  896  943
  897  990
  897  945
  897  898
  897  944
  898  945
  899  947
  899  900
  899  946
  900  947
  901  950
  901  949
  901  948
  902  951
  902  950
  903  952
  903  904
  903  951
  904  953
  904  905
  904  952
  905  955
  905  953
  906  956
  906  907
  907  956
  907  957
  907  908
  908  958
  908 1002
  909  959
  909  958
  910  911
  910  959
  911  960
  911  961
  911  912
  912  962
  912  913
  912  963
  912  961
  913  914
  914  964
  914  963
  914  915
  915  916
  915  966
  915  964
  916  967
  916  917
  918  968
  918  967
  918  919
  919  969
  919  920
  919  968
  920 1014
  920  970
  920  969
  921  922
  922  971
  922  970
  924 1017
  924  973
  924  972
  925  926
  926  974
  926  927
  926  973
  927  975
  927  974
  928  976
  928  975
  929  976
  929  930
  930 2359
  930  931
  930  977
  931  932
  931 2359
  932 1023
  932  978
  933 1024
  933  979
  933  978
  934  979
  934  935
  935  981
  935  980
  935  979
  937  983
  938  984
  938  985
  938  939
  938  983
  939  985
  940  941
  940  986
  940  985
  941  986
  941  942
  942  943
  942  986
  943  987
  944  990
  944  989
  945 1036
  945 1035
  945  946
  945  990
  946  991
  946  992
  946  947
  947  993
  947  948
  947 1037
  948  994
  948  993
  948  949
  949  995
  949 1040
  949  994
  950  996
  950  951
  950  995
  951  952
  952 1043
  952  953
  952  996
  953  997
  953  999
  954  999
  954  955
  955 1000
  955  956
  955  999
  956  957
  956 1001
  957 1001
  958  959
  958 1002
  959 1003
  959 1004
  960 1005
  960  961
  961 1006
  961  962
  962 1008
  962  963
  962 1006
  963  964
  964 1009
  964 1010
  964 1008
  965  966
  966  967
  966 1010
  966 1012
  967 1012
  967  968
  968  969
  968 1012
  969 1013
  970  971
  970 1016
  970 1014
  971 1016
  971  972
  972 1016
  973 1067
  973 1018
  973  974
  973 1017
  974  975
  974 1018
  975 1019
  975 1020
  976 1022
  976 1021
  977 1022
  977 2359
  978 1024
  978 1023
  979 2348
  979 1025
  979  980
  979 1024
  980 1026
  981 1026
  983 1029
  983 1028
  984 1030
  984 1029
  985 1031
  985 1030
  986  987
  986 1032
  986 1031
  987 1033
  987  988
  987 1032
  988 1083
  988 1033
  988  989
  988 1034
  989 1034
  990 1035
  990 1034
  992 1036
  993  994
  993 1037
  994 1040
  994 1038
  995  996
  995 1040
  996 1041
  996 1042
  996 1043
  997 1044
  997  998
  997 1043
  998 1045
  998  999
  998 1044
  999 1000
  999 1045
 1000 1001
 1000 1046
 1000 1095
 1000 1047
 1001 1047
 1001 1048
 1002 1050
 1002 1048
 1002 1003
 1003 1004
 1004 1052
 1004 1051
 1004 1005
 1004 1050
 1005 1102
 1005 1053
 1005 1006
 1005 1052
 1007 1054
 1007 1053
 1007 1008
 1008 1055
 1008 1054
 1008 1009
 1009 1055
 1010 1057
 1010 1056
 1010 1011
 1011 1058
 1011 1012
 1011 1057
 1012 1061
 1012 1059
 1012 1013
 1013 1014
 1013 1061
 1014 1062
 1014 1015
 1015 1065
 1015 1064
 1015 1016
 1015 1063
 1016 1066
 1016 1017
 1017 1067
 1017 1066
 1018 1068
 1018 1114
 1019 1069
 1019 1068
 1019 1020
 1020 1115
 1020 1021
 1020 1070
 1021 1071
 1021 1070
 1022 1071
 1022 1072
 1023 1073
 1023 1024
 1024 2348
 1025 1076
 1025 1026
 1025 2348
 1026 1077
 1026 1076
 1028 1079
 1029 1125
 1029 1079
 1029 1080
 1030 1125
 1030 1081
 1031 1082
 1031 1081
 1032 1082
 1032 1033
 1033 1128
 1033 1083
 1034 1129
 1034 1084
 1034 1035
 1035 1086
 1035 1036
 1035 1085
 1036 1037
 1037 1088
 1037 1087
 1037 1086
 1037 1038
 1038 1039
 1038 1089
 1039 1089
 1039 1090
 1039 1040
 1040 1090
 1041 1091
 1043 1091
 1043 1092
 1043 1044
 1044 1138
 1044 1093
 1044 1092
 1045 1046
 1045 1094
 1046 1095
 1046 1094
 1047 1048
 1047 1097
 1047 1095
 1048 1097
 1049 1099
 1049 1098
 1049 1050
 1049 1097
 1050 1144
 1050 1099
 1050 1100
 1050 1051
 1051 1100
 1052 1146
 1052 1145
 1052 1102
 1052 1101
 1053 1103
 1053 1054
 1053 1102
 1054 1149
 1054 1103
 1054 1104
 1055 1105
 1055 1056
 1056 1057
 1056 1106
 1056 1105
 1057 1106
 1058 1106
 1058 1153
 1058 1107
 1060 1154
 1060 1107
 1060 1108
 1060 1061
 1061 1109
 1061 1108
 1063 1156
 1063 1110
 1063 1064
 1063 1109
 1064 1111
 1064 1110
 1065 1066
 1066 1067
 1066 1111
 1067 1113
 1067 1112
 1067 1114
 1068 1114
 1068 1161
 1068 1115
 1070 1116
 1070 1115
 1071 1117
 1071 1116
 1072 1117
 1072 1118
 1073 2358
 1073 1120
 1074 2348
 1075 1122
 1075 2350
 1075 2348
 1076 1123
 1079 1171
 1079 1124
 1080 1171
 1081 1172
 1081 1126
 1082 1128
 1082 1126
 1082 1127
 1083 1175
 1083 1129
 1084 1130
 1085 1177
 1085 1086
 1085 1131
 1085 1130
 1086 1087
 1087 1132
 1087 1131
 1088 1180
 1088 1133
 1088 1132
 1088 1089
 1089 1090
 1089 1133
 1090 1135
 1090 1134
 1090 1091
 1091 1136
 1091 1137
 1091 1135
 1091 1092
 1092 1137
 1093 1139
 1093 1094
 1093 1138
 1094 1095
 1094 1140
 1095 1140
 1095 1096
 1096 1097
 1096 1140
 1097 1142
 1097 1141
 1098 1142
 1098 1143
 1099 1144
 1100 1192
 1100 1145
 1100 1144
 1101 1145
 1102 1148
 1102 1103
 1102 1146
 1103 1196
 1103 1148
 1104 1150
 1104 1105
 1104 1149
 1105 1152
 1105 1106
 1105 1150
 1106 1153
 1106 1152
 1107 1154
 1107 1153
 1108 1155
 1108 1109
 1108 1154
 1109 1156
 1109 1155
 1110 1111
 1110 1158
 1110 1156
 1111 1112
 1112 1113
 1112 1159
 1112 1160
 1112 1158
 1113 1114
 1114 1208
 1114 1160
 1114 1161
 1115 1116
 1115 1162
 1115 1161
 1116 1163
 1116 1162
 1117 1164
 1117 1163
 1118 1165
 1118 1164
 1118 1119
 1118 2358
 1119 1166
 1119 1120
 1119 1165
 1120 1166
 1120 1121
 1121 2350
 1121 1167
 1121 1166
 1121 2349
 1122 2350
 1122 1168
 1122 1123
 1122 1167
 1123 1168
 1124 1171
 1125 1172
 1125 1171
 1126 1127
 1126 1173
 1127 1128
 1127 1174
 1128 1175
 1128 1222
 1129 1224
 1129 1176
 1130 1176
 1130 1177
 1131 1178
 1131 1132
 1131 1177
 1132 1178
 1132 1180
 1133 1181
 1133 1180
 1134 1135
 1134 1182
 1135 1184
 1135 1182
 1135 1136
 1136 1137
 1136 1185
 1136 1184
 1137 1233
 1137 1186
 1137 1138
 1138 1139
 1139 1188
 1139 1140
 1139 1186
 1140 1188
 1141 1188
 1141 1189
 1141 1142
 1142 1143
 1142 1191
 1142 1189
 1143 1191
 1143 1144
 1144 1192
 1144 1191
 1145 1193
 1145 1192
 1146 1147
 1147 1194
 1148 1196
 1148 1194
 1149 1197
 1149 1196
 1150 1198
 1150 1151
 1151 1152
 1152 1199
 1152 1153
 1153 1154
 1153 1199
 1154 1202
 1154 1155
 1154 1200
 1155 1202
 1156 1157
 1156 1202
 1157 1158
 1157 1204
 1157 1205
 1157 1203
 1158 1206
 1158 1159
 1158 1205
 1159 1206
 1159 1160
 1160 1207
 1160 1208
 1161 1162
 1161 1208
 1162 1210
 1162 1209
 1162 1211
 1163 1212
 1163 1211
 1164 1212
 1164 1213
 1165 1166
 1165 1213
 1166 1167
 1166 1214
 1167 1216
 1167 1168
 1167 2350
 1168 1169
 1169 1216
 1170 1219
 1172 1219
 1173 1221
 1174 1222
 1174 1221
 1175 1224
 1175 1223
 1176 1177
 1176 1225
 1177 1225
 1177 1178
 1178 1227
 1178 1226
 1179 1227
 1180 1228
 1180 1181
 1181 1182
 1181 1228
 1182 1275
 1182 1229
 1182 1230
 1183 1230
 1183 1184
 1184 1231
 1184 1185
 1184 1230
 1185 1232
 1185 1231
 1186 1234
 1186 1187
 1186 1233
 1187 1188
 1187 1235
 1188 1235
 1188 1237
 1188 1189
 1189 1238
 1189 1237
 1190 1191
 1191 1283
 1191 1192
 1191 1240
 1192 1240
 1192 1241
 1193 1242
 1193 1194
 1194 1195
 1195 1243
 1195 1242
 1196 1244
 1196 1197
 1196 1243
 1197 1244
 1197 1198
 1198 1199
 1198 1244
 1199 1200
 1199 1245
 1200 1246
 1200 1201
 1201 1249
 1201 1202
 1201 1248
 1201 1247
 1202 1249
 1203 1204
 1204 1251
 1204 1250
 1205 1297
 1205 1251
 1205 1252
 1205 1206
 1206 1207
 1207 1208
 1207 1252
 1207 1253
 1207 1254
 1208 1254
 1208 1255
 1209 1300
 1209 1210
 1209 1255
 1209 1256
 1210 1256
 1210 1257
 1211 1257
 1212 1303
 1212 1258
 1213 1259
 1213 1258
 1214 1261
 1214 1260
 1215 1262
 1216 1309
 1216 1263
 1216 1262
 1218 1265
 1218 1219
 1219 1265
 1219 1220
 1219 1266
 1220 1267
 1220 1221
 1220 1266
 1221 1267
 1222 1316
 1222 1268
 1223 1269
 1224 1270
 1224 1269
 1225 1271
 1225 2372
 1225 1226
 1225 1270
 1226 1271
 1226 1272
 1226 1227
 1227 1228
 1228 1273
 1228 1229
 1228 1274
 1228 1272
 1229 1275
 1229 1274
 1230 1275
 1231 1277
 1231 1275
 1231 1232
 1232 1278
 1232 1277
 1233 1279
 1233 1234
 1234 1235
 1234 1279
 1235 1280
 1235 1279
 1236 1329
 1236 1281
 1236 1237
 1236 1280
 1237 1281
 1237 1282
 1238 1239
 1238 1282
 1239 1283
 1239 1282
 1240 1241
 1240 1283
 1241 1286
 1241 1242
 1241 1285
 1241 1284
 1242 1286
 1242 1287
 1242 1243
 1243 1244
 1244 1287
 1244 1289
 1244 1245
 1245 1246
 1245 1290
 1245 1289
 1246 1291
 1247 1292
 1247 1248
 1248 1249
 1249 1293
 1249 1294
 1249 1250
 1249 1292
 1250 1294
 1250 1295
 1250 1251
 1251 1296
 1251 1295
 1252 1298
 1252 1253
 1252 1346
 1252 1297
 1253 1347
 1253 1298
 1253 1299
 1254 1299
 1255 1300
 1256 1302
 1256 1257
 1256 1300
 1257 1303
 1257 1302
 1258 1305
 1258 1304
 1259 1306
 1259 1260
 1259 1305
 1260 1306
 1260 1261
 1261 1308
 1261 1307
 1261 1262
 1262 1309
 1263 1309
 1265 1311
 1266 1313
 1267 1268
 1267 1313
 1268 1315
 1269 1364
 1269 1317
 1269 1316
 1270 1317
 1270 1318
 1270 2372
 1271 1319
 1271 1272
 1271 1320
 1272 1320
 1272 1273
 1273 1369
 1273 1274
 1273 1322
 1274 1370
 1274 1323
 1274 1275
 1275 1324
 1275 1323
 1277 1373
 1277 1325
 1277 1278
 1277 1324
 1278 1327
 1278 1326
 1278 1279
 1278 1325
 1279 1328
 1279 1280
 1280 1329
 1281 1330
 1281 1282
 1281 1331
 1282 1283
 1282 1332
 1283 1332
 1283 1333
 1284 1285
 1285 1286
 1285 1334
 1285 1333
 1286 1383
 1286 1336
 1286 1287
 1287 1338
 1287 1288
 1287 1336
 1288 1289
 1288 1338
 1289 1338
 1289 1339
 1290 1341
 1290 1339
 1290 1291
 1291 1342
 1291 1292
 1291 1341
 1292 1293
 1293 1342
 1293 1343
 1294 1343
 1295 1296
 1295 1343
 1296 1345
 1296 1344
 1297 1345
 1298 1394
 1298 1347
 1299 1349
 1299 1348
 1299 1300
 1299 1347
 1300 1301
 1300 1349
 1301 1351
 1301 1302
 1302 1398
 1302 1352
 1302 1351
 1303 1352
 1303 1304
 1304 1353
 1304 1352
 1305 1353
 1306 1355
 1306 1354
 1307 1355
 1307 1356
 1309 1357
 1310 1358
 1311 1312
 1312 1361
 1312 1407
 1312 1360
 1312 1313
 1313 1361
 1313 1314
 1314 1315
 1314 1362
 1314 1361
 1315 1316
 1315 1362
 1315 1364
 1315 1363
 1316 1364
 1317 1366
 1317 1365
 1318 1367
 1318 1366
 1319 2372
 1319 1320
 1320 1367
 1321 1368
 1321 1369
 1322 1370
 1323 1324
 1323 1372
 1323 1370
 1324 1372
 1324 1373
 1325 1374
 1325 1373
 1326 1374
 1326 1375
 1326 1327
 1327 1328
 1328 1375
 1329 1377
 1329 1376
 1330 1331
 1331 1377
 1331 1378
 1332 1379
 1332 1333
 1332 1378
 1333 1381
 1333 1380
 1333 1379
 1333 1334
 1334 1428
 1334 1382
 1334 1381
 1335 1382
 1335 1383
 1336 1384
 1336 1383
 1337 1385
 1337 1338
 1337 1384
 1338 1339
 1338 1386
 1339 1386
 1340 1341
 1341 1389
 1341 1387
 1341 1342
 1342 1436
 1342 1390
 1342 1389
 1342 1343
 1343 1392
 1343 1344
 1343 1390
 1344 1393
 1344 1345
 1345 1346
 1345 1394
 1347 1394
 1348 1443
 1348 1395
 1348 1349
 1349 1397
 1349 1396
 1351 1398
 1351 1397
 1352 1399
 1352 1400
 1353 1401
 1353 1400
 1353 1354
 1354 1401
 1355 1448
 1355 1402
 1356 1357
 1357 1404
 1357 1358
 1357 1403
 1358 1405
 1358 1404
 1358 1359
 1360 1407
 1361 1362
 1361 1407
 1361 1408
 1361 1454
 1362 1409
 1362 1363
 1363 1364
 1364 1410
 1364 1365
 1365 1459
 1366 1411
 1366 1367
 1367 1413
 1367 1412
 1367 1368
 1367 2372
 1368 1413
 1368 1369
 1368 1414
 1369 1414
 1369 1415
 1369 1370
 1370 1464
 1370 1416
 1371 1416
 1372 1417
 1372 1373
 1372 1416
 1373 1418
 1373 1374
 1373 1417
 1374 1375
 1374 1419
 1374 1418
 1375 1376
 1375 1420
 1376 1423
 1376 1421
 1376 1422
 1376 1377
 1377 1470
 1377 1424
 1377 1423
 1377 1378
 1378 1426
 1378 1379
 1378 1424
 1379 1426
 1380 1427
 1380 1426
 1381 1427
 1381 1428
 1382 1429
 1382 1428
 1383 1430
 1383 1384
 1383 1429
 1384 1385
 1384 1430
 1385 1431
 1385 1432
 1385 1386
 1386 1433
 1386 1387
 1386 1432
 1387 1435
 1387 1388
 1387 1433
 1388 1435
 1390 1437
 1390 1436
 1391 1392
 1392 1438
 1392 1393
 1392 1437
 1392 1439
 1393 1440
 1393 1439
 1393 1394
 1394 1395
 1394 1442
 1394 1441
 1394 1440
 1395 1443
 1395 1442
 1396 1397
 1396 1444
 1396 1443
 1397 1445
 1397 1398
 1397 1444
 1398 1399
 1398 1445
 1399 1445
 1399 1446
 1400 1446
 1400 1447
 1401 1448
 1401 1447
 1402 1449
 1402 1403
 1402 1448
 1403 1451
 1403 1450
 1403 1449
 1403 1404
 1404 1452
 1404 1451
 1407 1454
 1407 1453
 1408 1456
 1409 1456
 1410 1457
 1411 1460
 1411 1459
 1412 1507
 1412 1460
 1413 1462
 1413 1461
 1413 1414
 1414 1509
 1414 1415
 1414 1463
 1415 1464
 1415 1510
 1416 1465
 1416 1464
 1417 1418
 1418 1419
 1418 1465
 1418 1512
 1419 1466
 1419 1467
 1420 1468
 1420 1467
 1421 1422
 1421 1469
 1421 1468
 1422 1469
 1423 1470
 1424 1471
 1424 1470
 1425 1472
 1425 1426
 1426 1474
 1426 1427
 1426 1472
 1427 1474
 1428 1474
 1428 1475
 1429 1430
 1430 1475
 1430 1431
 1431 1524
 1431 1477
 1431 1476
 1431 1432
 1432 1433
 1432 1479
 1432 1477
 1433 1479
 1434 1435
 1434 1480
 1434 1479
 1435 1482
 1435 1481
 1435 1436
 1435 1480
 1436 1482
 1436 1437
 1437 1483
 1437 1438
 1437 1484
 1437 1482
 1438 1484
 1438 1439
 1439 1486
 1439 1485
 1441 1488
 1441 1487
 1441 1442
 1442 1489
 1442 1488
 1443 1490
 1443 1444
 1444 1445
 1444 1491
 1445 1492
 1445 1491
 1446 1493
 1446 1492
 1447 2362
 1447 1494
 1447 1493
 1448 1495
 1448 1494
 1449 1450
 1449 1495
 1450 1496
 1450 1451
 1451 1452
 1451 1497
 1452 1498
 1454 1545
 1454 1500
 1455 1501
 1456 1457
 1456 1502
 1457 1503
 1457 1458
 1458 1459
 1458 1505
 1459 1506
 1459 1505
 1460 1551
 1460 1506
 1461 1508
 1461 1507
 1462 1509
 1463 1510
 1463 1509
 1464 1465
 1464 1510
 1465 1512
 1465 1511
 1466 1467
 1466 1512
 1467 1468
 1467 1513
 1467 1514
 1468 1560
 1468 1469
 1468 1514
 1469 1517
 1469 1560
 1469 1470
 1470 1517
 1471 1518
 1471 1472
 1471 1517
 1472 1519
 1473 1520
 1473 1474
 1474 1475
 1474 1522
 1474 1520
 1475 1522
 1475 1523
 1475 1476
 1476 1524
 1476 1523
 1477 1478
 1477 1524
 1478 1525
 1478 1526
 1478 1479
 1479 1480
 1479 1527
 1479 1572
 1480 1528
 1480 1527
 1481 1482
 1482 1529
 1482 1483
 1482 1528
 1483 1531
 1483 1484
 1484 1531
 1484 1485
 1485 1533
 1485 1532
 1486 1487
 1486 1533
 1487 1533
 1488 1535
 1488 1489
 1488 1534
 1489 1536
 1489 1535
 1489 1490
 1490 1582
 1490 1537
 1490 1491
 1490 1536
 1491 1538
 1491 1537
 1492 1539
 1492 1538
 1493 2360
 1493 1539
 1494 1540
 1494 2365
 1494 2363
 1495 1541
 1495 1540
 1496 1541
 1497 1587
 1497 1542
 1498 1543
 1500 1545
 1501 1547
 1501 1502
 1501 1546
 1501 1545
 1502 1547
 1502 1503
 1503 1548
 1503 1547
 1503 1504
 1504 1549
 1504 1505
 1504 1548
 1505 1550
 1505 1549
 1506 1551
 1506 1550
 1507 1597
 1507 1552
 1507 1508
 1507 1551
 1508 1552
 1508 1553
 1508 1509
 1509 1554
 1509 1553
 1510 1555
 1510 1511
 1511 1556
 1511 1512
 1512 1556
 1512 1513
 1513 1558
 1513 1514
 1513 1557
 1514 1559
 1514 1558
 1515 1559
 1515 1560
 1516 1517
 1516 1561
 1516 1560
 1517 1561
 1517 1518
 1518 1608
 1518 1563
 1518 1519
 1518 1562
 1519 1564
 1519 1563
 1519 1520
 1520 1521
 1520 1564
 1521 1566
 1521 1565
 1521 1522
 1522 1523
 1522 1566
 1523 1524
 1523 1567
 1524 1569
 1524 1568
 1524 1570
 1525 1571
 1525 1526
 1526 1572
 1527 1528
 1527 1573
 1527 1572
 1528 1529
 1528 1573
 1528 1574
 1529 1575
 1529 1574
 1530 1576
 1530 1575
 1531 1532
 1532 1621
 1532 1578
 1532 1533
 1532 1576
 1533 1578
 1533 1534
 1534 1622
 1534 1579
 1534 1535
 1534 1578
 1535 1536
 1535 1579
 1536 1580
 1536 1582
 1537 1627
 1537 1583
 1537 1538
 1538 1539
 1538 1583
 1539 1585
 1539 1584
 1540 2364
 1540 1631
 1540 1586
 1541 1587
 1542 1589
 1542 1588
 1542 1543
 1542 1587
 1544 1591
 1545 1591
 1546 1547
 1546 1592
 1546 1591
 1547 1593
 1547 1548
 1548 1594
 1549 1594
 1549 1550
 1550 1595
 1551 1597
 1551 1596
 1551 1595
 1552 1597
 1552 1553
 1553 1554
 1553 1599
 1553 1598
 1554 1600
 1554 1555
 1554 1599
 1555 1556
 1555 1601
 1555 1600
 1556 1602
 1556 1557
 1557 1603
 1557 1558
 1557 1602
 1558 1603
 1558 1604
 1559 1560
 1559 1604
 1560 1604
 1560 1561
 1561 1562
 1561 1606
 1561 1605
 1562 1608
 1562 1654
 1563 1609
 1563 1608
 1565 1610
 1565 1566
 1565 1609
 1566 1657
 1566 1611
 1566 1610
 1567 1612
 1567 1611
 1568 1569
 1569 1613
 1569 1612
 1570 1613
 1570 1571
 1571 1614
 1571 1572
 1572 1662
 1572 1615
 1573 1617
 1573 1574
 1574 1617
 1574 1575
 1575 1665
 1575 1576
 1575 1618
 1576 1620
 1576 1619
 1576 1577
 1577 1668
 1577 1620
 1578 1670
 1578 1621
 1579 1580
 1579 1624
 1579 1622
 1580 1625
 1580 1581
 1580 1624
 1581 1625
 1581 1582
 1581 1626
 1582 1627
 1583 1674
 1583 1628
 1583 1627
 1584 1676
 1584 1628
 1584 1585
 1585 2361
 1585 2360
 1585 1629
 1586 1680
 1586 1679
 1586 1632
 1586 1587
 1586 1631
 1587 1632
 1587 1588
 1588 1634
 1588 1633
 1589 1634
 1590 1637
 1591 1637
 1591 1638
 1592 1638
 1593 1639
 1594 1688
 1594 1689
 1594 1641
 1594 1640
 1595 1641
 1595 1642
 1596 1643
 1596 1642
 1596 1597
 1597 1598
 1598 1599
 1598 1643
 1599 1644
 1599 1600
 1600 1601
 1600 1647
 1600 1645
 1601 1647
 1602 1697
 1602 1648
 1602 1603
 1602 1647
 1603 1604
 1603 1648
 1603 1649
 1604 1651
 1604 1650
 1604 1605
 1605 1606
 1605 1652
 1605 1651
 1606 1652
 1607 1654
 1607 1652
 1608 1655
 1608 1609
 1609 1655
 1609 1656
 1609 1610
 1610 1657
 1611 1659
 1611 1612
 1611 1658
 1612 1660
 1612 1613
 1612 1659
 1613 1614
 1614 1709
 1614 1661
 1614 1660
 1614 1615
 1615 1662
 1615 1661
 1616 1617
 1616 1663
 1616 1662
 1617 1664
 1617 1618
 1618 1664
 1619 1714
 1619 1620
 1619 1666
 1619 1665
 1620 1666
 1620 1668
 1621 1670
 1621 1669
 1621 1668
 1622 1670
 1623 1671
 1623 1624
 1623 1718
 1624 2371
 1624 1625
 1624 1671
 1625 1673
 1625 2371
 1626 1674
 1626 1673
 1628 1675
 1628 1674
 1629 1677
 1629 1630
 1629 1676
 1630 2364
 1630 2361
 1630 1631
 1631 2364
 1631 1678
 1632 1681
 1632 1680
 1633 1682
 1633 1681
 1635 1682
 1636 1637
 1637 1684
 1637 1638
 1638 1686
 1638 1639
 1638 1687
 1639 1640
 1639 1687
 1640 1687
 1640 1688
 1641 1735
 1641 1691
 1641 1690
 1642 1691
 1642 1692
 1642 1643
 1643 1644
 1643 1692
 1644 1692
 1644 1693
 1644 1645
 1645 1694
 1645 1695
 1645 1646
 1645 1693
 1646 1696
 1646 1647
 1646 1695
 1647 1697
 1648 1742
 1648 1697
 1649 1699
 1649 1650
 1649 1698
 1650 1700
 1650 1651
 1651 1652
 1651 1700
 1651 1701
 1652 1703
 1652 1702
 1654 1704
 1654 1703
 1654 1655
 1655 1705
 1655 1656
 1655 1704
 1656 1705
 1656 1657
 1656 1706
 1657 1658
 1658 1707
 1658 1659
 1659 1708
 1659 1660
 1660 1709
 1660 1708
 1661 1753
 1661 1710
 1661 1709
 1662 1710
 1663 1712
 1664 1713
 1664 1665
 1664 1712
 1665 1714
 1665 1713
 1666 1715
 1666 1714
 1667 1715
 1668 1760
 1668 1716
 1668 1715
 1669 1670
 1670 1716
 1670 1717
 1670 1718
 1671 1719
 1671 1672
 1671 1718
 1672 2371
 1673 1720
 1673 1674
 1674 1675
 1674 1720
 1674 1721
 1674 1722
 1675 1722
 1675 1723
 1676 1723
 1677 1724
 1677 1723
 1678 1725
 1678 1724
 1679 1725
 1679 1680
 1680 1681
 1681 1682
 1681 1726
 1682 1728
 1682 1727
 1682 1683
 1683 1728
 1684 1731
 1685 1686
 1686 1687
 1686 1733
 1687 1688
 1688 1734
 1689 1690
 1689 1734
 1690 1735
 1691 1736
 1692 1693
 1692 1737
 1692 1736
 1693 1737
 1693 1694
 1694 1695
 1694 1738
 1695 1740
 1695 1696
 1696 1741
 1696 1740
 1697 1741
 1698 1788
 1698 1742
 1699 1789
 1699 1744
 1700 1701
 1700 1744
 1701 1744
 1701 1745
 1702 1745
 1702 1703
 1703 1746
 1703 1704
 1703 1745
 1704 1747
 1704 1746
 1705 1749
 1705 1748
 1706 1750
 1706 1707
 1706 1749
 1707 1752
 1707 1751
 1708 1709
 1708 1752
 1709 1752
 1710 1711
 1710 1754
 1711 1756
 1711 1802
 1711 1755
 1712 1756
 1712 1713
 1713 1757
 1713 1758
 1713 1714
 1714 1715
 1714 1759
 1715 1760
 1716 1761
 1716 1717
 1716 1760
 1717 1761
 1717 1718
 1718 1762
 1719 1765
 1719 1763
 1720 2371
 1720 1766
 1720 1811
 1720 1721
 1721 1766
 1721 1722
 1722 1767
 1723 1814
 1723 1815
 1723 1768
 1723 1767
 1724 1769
 1724 1768
 1725 1770
 1725 1769
 1726 1771
 1728 1820
 1728 1773
 1728 1772
 1730 1731
 1730 1775
 1731 1775
 1731 1776
 1731 1732
 1732 1776
 1733 1825
 1733 1777
 1734 1779
 1734 1778
 1735 1781
 1735 1780
 1735 1779
 1736 1781
 1736 1737
 1737 1738
 1737 1782
 1737 1781
 1738 1739
 1739 1785
 1739 1783
 1739 1740
 1740 1786
 1740 1741
 1741 1786
 1742 1787
 1742 1786
 1743 1789
 1743 1788
 1744 1745
 1744 1790
 1745 1791
 1745 1746
 1746 1792
 1746 1793
 1746 1747
 1746 1791
 1747 1793
 1748 1843
 1748 1793
 1749 1794
 1750 1796
 1750 1751
 1750 1795
 1751 1797
 1751 1752
 1752 1753
 1752 1798
 1753 1798
 1753 1754
 1754 1755
 1754 1799
 1755 1800
 1756 1757
 1756 1803
 1757 1758
 1757 1804
 1758 1804
 1758 1759
 1759 1854
 1759 1760
 1759 1806
 1760 1806
 1760 1761
 1761 1762
 1762 1763
 1762 1807
 1763 1808
 1763 1764
 1764 1810
 1764 1765
 1764 1809
 1765 1811
 1765 2371
 1766 1767
 1766 1811
 1767 1814
 1767 1812
 1768 1863
 1768 1816
 1768 1815
 1769 1817
 1769 1816
 1770 1818
 1770 1817
 1770 1771
 1771 1866
 1771 1819
 1771 1818
 1772 1867
 1772 1820
 1772 1819
 1773 1820
 1774 1823
 1775 1823
 1775 1776
 1776 1777
 1776 1823
 1777 1825
 1777 1824
 1778 1826
 1778 1825
 1779 1827
 1779 1873
 1780 1873
 1780 1781
 1780 1828
 1781 1782
 1781 1828
 1782 1830
 1782 1829
 1782 1783
 1783 1784
 1783 1831
 1784 1833
 1785 1833
 1785 1786
 1785 1834
 1786 1834
 1786 1787
 1787 1836
 1787 1788
 1787 1835
 1788 1837
 1789 1790
 1789 1839
 1790 1791
 1790 1840
 1791 1840
 1791 1792
 1792 1842
 1792 1793
 1793 1842
 1794 1844
 1794 1795
 1794 1843
 1795 1845
 1796 1890
 1796 1847
 1796 1797
 1797 1798
 1798 1848
 1798 1799
 1799 1800
 1799 1848
 1800 1849
 1800 1801
 1801 1851
 1801 1850
 1802 1851
 1802 1803
 1803 1804
 1803 1852
 1803 1853
 1804 1853
 1805 1854
 1805 1853
 1806 1855
 1806 1854
 1807 1808
 1807 1855
 1808 1856
 1808 1809
 1809 1858
 1809 1857
 1810 1902
 1810 1859
 1811 1860
 1811 1812
 1812 1813
 1812 1860
 1813 1861
 1813 1814
 1814 1815
 1815 1863
 1816 1864
 1816 1863
 1817 1865
 1818 1908
 1818 1865
 1819 1867
 1819 1866
 1820 1868
 1820 1867
 1823 1912
 1823 1869
 1823 1870
 1825 1871
 1825 1826
 1826 1872
 1826 1827
 1827 1873
 1827 1872
 1828 1875
 1828 1829
 1828 1873
 1829 1918
 1829 1875
 1829 1830
 1830 1831
 1831 1876
 1831 1832
 1832 1879
 1832 1877
 1833 1879
 1833 1834
 1834 1835
 1834 1880
 1835 1880
 1835 1836
 1836 1837
 1837 1838
 1837 1881
 1838 1883
 1838 1882
 1839 1884
 1839 1840
 1839 1883
 1840 1841
 1841 1885
 1841 1842
 1842 1843
 1842 1886
 1842 1885
 1843 1887
 1843 1886
 1844 1887
 1844 1845
 1845 1846
 1845 1888
 1846 1890
 1847 1891
 1847 1848
 1848 1849
 1848 1891
 1849 1850
 1849 1893
 1850 1893
 1851 1895
 1852 1938
 1852 1937
 1852 1853
 1852 1895
 1852 1896
 1853 1896
 1854 1898
 1854 1855
 1855 2369
 1855 1898
 1856 2369
 1856 1857
 1857 1900
 1858 1859
 1858 1900
 1859 1944
 1859 1902
 1860 1903
 1860 1861
 1860 1902
 1861 1903
 1861 1862
 1862 1905
 1862 1904
 1863 1906
 1863 1905
 1863 1864
 1864 1948
 1864 1907
 1864 1865
 1864 1906
 1865 1949
 1865 1907
 1866 1909
 1866 1908
 1867 1952
 1867 1910
 1867 1909
 1869 1912
 1870 1913
 1870 1871
 1870 1912
 1871 1914
 1871 1913
 1872 1915
 1872 1873
 1872 1914
 1873 1874
 1873 1917
 1873 1915
 1874 1875
 1875 1918
 1876 1877
 1876 1918
 1877 1878
 1877 1919
 1878 1921
 1878 1879
 1879 1922
 1879 1880
 1880 1922
 1880 1923
 1881 1882
 1881 1923
 1882 1924
 1882 1925
 1883 1884
 1883 1926
 1884 1928
 1884 1885
 1884 1926
 1885 1929
 1886 1887
 1886 1929
 1887 1931
 1887 1930
 1888 1889
 1888 1931
 1889 1890
 1890 1973
 1890 1972
 1890 1891
 1891 1974
 1891 1973
 1891 1933
 1892 1933
 1892 1893
 1893 1894
 1893 1934
 1894 1936
 1895 1937
 1895 1936
 1896 1897
 1896 1938
 1897 1940
 1898 2370
 1898 2369
 1898 1940
 1899 1900
 1899 1942
 1900 1901
 1901 1944
 1902 1986
 1902 1903
 1903 1987
 1903 1945
 1903 1986
 1904 1988
 1904 1945
 1905 1989
 1905 1947
 1905 1906
 1906 1948
 1907 1948
 1908 1950
 1908 1949
 1908 1909
 1909 1951
 1910 1952
 1912 1997
 1912 1954
 1913 1956
 1913 1955
 1914 2000
 1914 1915
 1914 1956
 1915 1957
 1915 1916
 1916 1958
 1916 1917
 1916 1957
 1917 2002
 1917 1959
 1917 1918
 1918 1919
 1918 1959
 1919 1920
 1919 1960
 1920 1921
 1920 2354
 1921 1962
 1922 1962
 1922 1923
 1922 1963
 1923 1964
 1923 1963
 1924 1964
 1925 1966
 1926 1967
 1926 1927
 1926 1966
 1927 1967
 1927 1928
 1927 1968
 1928 1969
 1928 1929
 1929 1969
 1929 1930
 1930 1971
 1930 1931
 1931 2352
 1931 1971
 1932 2352
 1932 1972
 1933 1975
 1933 1974
 1934 1975
 1934 1935
 1935 1977
 1936 1977
 1936 1978
 1937 1979
 1937 1978
 1937 1938
 1938 1979
 1938 1939
 1939 1980
 1939 1940
 1940 2370
 1940 2025
 1940 1982
 1941 1942
 1941 2369
 1941 1982
 1942 1983
 1942 2369
 1943 1983
 1943 1985
 1944 1986
 1944 1985
 1945 1987
 1946 1989
 1946 1988
 1947 1990
 1947 1948
 1948 1949
 1948 1991
 1949 2036
 1949 1992
 1949 1991
 1950 1992
 1951 1993
 1952 1994
 1952 1993
 1953 1994
 1954 1997
 1955 1997
 1956 2000
 1956 1999
 1957 2000
 1958 2002
 1958 2001
 1959 2004
 1959 2003
 1959 2002
 1960 2004
 1961 2006
 1961 2354
 1962 2007
 1962 1963
 1962 2006
 1963 1964
 1963 2008
 1963 2007
 1964 2008
 1965 2008
 1966 2009
 1966 2010
 1966 1967
 1967 2057
 1967 2010
 1968 2059
 1968 2012
 1968 2011
 1969 2012
 1969 2013
 1969 1970
 1970 1971
 1970 2013
 1971 2015
 1971 2352
 1972 1973
 1972 2017
 1973 2018
 1973 1974
 1974 2018
 1975 2019
 1975 2018
 1976 2019
 1976 1977
 1977 2021
 1978 2069
 1978 2022
 1978 2021
 1978 1979
 1979 2022
 1980 2023
 1980 1981
 1980 2022
 1981 2025
 1982 2026
 1982 2025
 1982 2370
 1983 2026
 1983 1984
 1984 2029
 1984 2027
 1985 2030
 1985 2029
 1985 1986
 1986 2031
 1986 1987
 1987 2032
 1987 2031
 1988 2033
 1988 2032
 1989 1990
 1989 2353
 1990 2035
 1991 2036
 1991 2035
 1992 2037
 1992 1993
 1993 2039
 1993 2038
 1994 2040
 1994 2039
 1996 2042
 1997 2042
 1997 2043
 1997 1998
 1998 1999
 1998 2044
 1998 2043
 1999 2044
 1999 2045
 1999 2000
 2000 2045
 2000 2001
 2001 2047
 2002 2048
 2002 2003
 2003 2004
 2003 2048
 2004 2050
 2004 2049
 2004 2354
 2005 2050
 2005 2051
 2006 2052
 2006 2007
 2006 2096
 2006 2051
 2007 2052
 2008 2054
 2008 2053
 2009 2056
 2009 2054
 2010 2057
 2010 2056
 2011 2057
 2012 2013
 2013 2014
 2013 2059
 2013 2103
 2014 2060
 2014 2061
 2015 2062
 2015 2352
 2015 2061
 2016 2062
 2016 2064
 2016 2017
 2017 2065
 2018 2066
 2018 2065
 2018 2019
 2019 2110
 2019 2067
 2019 2066
 2020 2068
 2021 2069
 2021 2068
 2022 2070
 2022 2023
 2022 2069
 2023 2071
 2023 2070
 2024 2072
 2025 2072
 2025 2026
 2026 2073
 2026 2072
 2027 2074
 2027 2028
 2028 2076
 2029 2076
 2029 2030
 2030 2031
 2030 2077
 2030 2121
 2030 2076
 2031 2077
 2031 2032
 2032 2033
 2032 2079
 2033 2123
 2033 2080
 2033 2079
 2034 2353
 2034 2081
 2035 2082
 2035 2081
 2035 2036
 2036 2037
 2036 2083
 2036 2082
 2037 2084
 2037 2083
 2037 2038
 2038 2039
 2038 2084
 2039 2086
 2039 2085
 2042 2131
 2042 2088
 2042 2087
 2043 2132
 2043 2088
 2043 2089
 2044 2045
 2044 2089
 2045 2133
 2045 2090
 2045 2089
 2046 2047
 2046 2090
 2047 2092
 2048 2093
 2048 2092
 2048 2049
 2049 2094
 2049 2050
 2050 2094
 2051 2096
 2052 2097
 2052 2096
 2053 2097
 2053 2054
 2054 2099
 2054 2098
 2055 2099
 2055 2056
 2056 2101
 2056 2057
 2057 2058
 2057 2101
 2059 2149
 2059 2148
 2059 2102
 2059 2103
 2060 2150
 2060 2103
 2061 2105
 2061 2106
 2061 2062
 2062 2352
 2062 2106
 2063 2064
 2064 2108
 2064 2065
 2065 2108
 2065 2066
 2066 2110
 2067 2111
 2067 2110
 2068 2113
 2068 2069
 2068 2112
 2069 2355
 2069 2113
 2070 2071
 2070 2115
 2070 2114
 2071 2117
 2072 2117
 2072 2118
 2072 2073
 2073 2118
 2073 2074
 2074 2119
 2074 2118
 2075 2120
 2075 2119
 2076 2347
 2076 2120
 2077 2078
 2077 2121
 2078 2079
 2079 2123
 2079 2122
 2080 2081
 2080 2123
 2081 2125
 2081 2082
 2082 2171
 2082 2125
 2082 2083
 2083 2084
 2084 2127
 2084 2126
 2085 2128
 2086 2128
 2087 2131
 2088 2132
 2089 2133
 2089 2132
 2090 2134
 2090 2133
 2091 2092
 2091 2134
 2092 2093
 2092 2136
 2093 2094
 2093 2136
 2094 2095
 2094 2139
 2094 2138
 2095 2096
 2096 2097
 2096 2140
 2097 2142
 2097 2140
 2097 2098
 2098 2143
 2098 2099
 2099 2186
 2099 2144
 2099 2143
 2100 2145
 2101 2102
 2101 2145
 2101 2146
 2102 2146
 2102 2148
 2103 2149
 2104 2151
 2104 2150
 2105 2106
 2105 2152
 2105 2151
 2106 2152
 2106 2107
 2107 2152
 2108 2154
 2108 2153
 2108 2109
 2109 2155
 2109 2110
 2109 2154
 2110 2155
 2110 2111
 2112 2157
 2112 2156
 2113 2355
 2113 2157
 2114 2115
 2114 2355
 2115 2201
 2115 2116
 2115 2158
 2116 2160
 2117 2161
 2117 2160
 2117 2118
 2118 2163
 2118 2119
 2118 2161
 2119 2163
 2120 2165
 2120 2164
 2121 2166
 2121 2122
 2121 2165
 2122 2167
 2122 2208
 2122 2166
 2123 2124
 2123 2168
 2123 2167
 2124 2170
 2125 2171
 2125 2170
 2126 2172
 2126 2171
 2126 2127
 2127 2128
 2127 2174
 2127 2173
 2128 2175
 2128 2174
 2131 2177
 2131 2176
 2132 2219
 2132 2178
 2132 2177
 2133 2179
 2133 2134
 2134 2221
 2134 2180
 2134 2135
 2134 2179
 2135 2181
 2136 2224
 2136 2182
 2136 2137
 2136 2181
 2137 2138
 2138 2226
 2138 2139
 2139 2226
 2139 2140
 2140 2184
 2140 2141
 2141 2230
 2141 2142
 2141 2185
 2141 2184
 2143 2231
 2143 2186
 2143 2185
 2144 2187
 2144 2186
 2145 2187
 2145 2146
 2146 2188
 2146 2189
 2146 2187
 2148 2190
 2148 2189
 2149 2191
 2149 2150
 2149 2190
 2150 2191
 2151 2238
 2151 2193
 2151 2152
 2152 2193
 2152 2153
 2153 2240
 2153 2154
 2153 2194
 2154 2241
 2154 2196
 2155 2197
 2155 2196
 2156 2197
 2156 2157
 2157 2355
 2157 2199
 2158 2201
 2159 2160
 2159 2201
 2160 2203
 2160 2161
 2161 2203
 2161 2162
 2162 2205
 2162 2163
 2163 2205
 2164 2205
 2165 2252
 2165 2207
 2165 2166
 2165 2347
 2166 2207
 2168 2210
 2168 2209
 2168 2169
 2169 2170
 2169 2210
 2170 2212
 2170 2171
 2171 2214
 2171 2213
 2171 2172
 2172 2173
 2172 2214
 2173 2174
 2174 2216
 2174 2215
 2175 2216
 2177 2263
 2177 2219
 2177 2218
 2178 2179
 2178 2219
 2179 2267
 2179 2221
 2180 2181
 2180 2223
 2180 2271
 2181 2224
 2181 2223
 2182 2226
 2182 2224
 2183 2227
 2183 2184
 2183 2226
 2184 2227
 2184 2228
 2185 2230
 2186 2231
 2187 2188
 2187 2232
 2188 2233
 2188 2189
 2189 2235
 2189 2190
 2190 2236
 2190 2191
 2191 2237
 2191 2192
 2192 2238
 2193 2239
 2193 2238
 2193 2194
 2194 2240
 2195 2302
 2195 2240
 2196 2197
 2196 2241
 2197 2244
 2197 2198
 2197 2242
 2198 2199
 2199 2200
 2199 2246
 2199 2244
 2199 2355
 2200 2201
 2200 2355
 2201 2246
 2201 2202
 2202 2248
 2203 2249
 2203 2204
 2203 2248
 2204 2205
 2205 2251
 2205 2250
 2205 2206
 2205 2249
 2206 2252
 2207 2208
 2207 2253
 2207 2252
 2208 2254
 2208 2209
 2209 2210
 2210 2255
 2210 2254
 2211 2257
 2211 2255
 2211 2212
 2212 2213
 2213 2258
 2213 2257
 2213 2214
 2214 2258
 2214 2215
 2215 2260
 2215 2216
 2216 2261
 2216 2260
 2219 2265
 2219 2220
 2219 2263
 2220 2267
 2220 2265
 2221 2269
 2221 2222
 2221 2267
 2222 2271
 2222 2269
 2223 2273
 2223 2271
 2224 2225
 2224 2273
 2225 2276
 2225 2274
 2225 2226
 2226 2278
 2226 2276
 2227 2228
 2227 2278
 2228 2229
 2228 2279
 2229 2282
 2229 2280
 2229 2230
 2230 2284
 2230 2231
 2230 2282
 2231 2285
 2231 2232
 2232 2287
 2232 2233
 2232 2285
 2233 2289
 2233 2287
 2233 2234
 2234 2291
 2234 2235
 2234 2289
 2235 2293
 2235 2236
 2235 2291
 2236 2295
 2236 2293
 2236 2237
 2237 2297
 2237 2238
 2237 2295
 2238 2298
 2239 2300
 2239 2240
 2239 2298
 2240 2302
 2240 2300
 2241 2304
 2241 2242
 2241 2302
 2242 2305
 2242 2243
 2243 2307
 2243 2244
 2243 2305
 2244 2309
 2244 2307
 2244 2245
 2245 2311
 2245 2246
 2245 2309
 2246 2313
 2246 2311
 2246 2247
 2247 2315
 2247 2248
 2247 2313
 2248 2317
 2248 2249
 2248 2315
 2249 2319
 2249 2250
 2249 2317
 2250 2321
 2250 2319
 2251 2323
 2251 2252
 2251 2321
 2252 2325
 2252 2323
 2253 2327
 2253 2254
 2253 2325
 2254 2329
 2254 2327
 2254 2255
 2255 2330
 2255 2329
 2256 2332
 2256 2257
 2256 2330
 2257 2334
 2257 2332
 2258 2336
 2258 2259
 2258 2334
 2259 2338
 2259 2260
 2259 2336
 2260 2340
 2260 2338
 2260 2261
 2356 2357
 2358 2359
 2360 2361
 2360 2362
 2361 2364
 2362 2363
 2363 2364
 2369 2370
