    2  126
    2   82
    3   82
    4   83
    4   82
    6   84
    6   83
    8   84
    9   86
    9   85
   11  130
   11   87
   11   86
   13   87
   14   88
   14   89
   16  132
   16   90
   16   89
   18   91
   18   90
   19   92
   21   93
   21   92
   22   93
   23   94
   23   93
   25   94
   25   95
   27   96
   27   95
   28   96
   29   97
   29   96
   31   98
   31   97
   33  140
   33   99
   33   98
   34  100
   34   99
   36  101
   36  100
   38  102
   38  101
   39  102
   40  102
   40  103
   42  146
   42  104
   42  103
   44  105
   44  104
   46  106
   46  105
   48  106
   48  107
   50  150
   50  108
   50  107
   52  108
   53  110
   53  109
   55  111
   55  110
   57  153
   57  111
   57  112
   59  112
   59  113
   61  113
   61  114
   62  114
   62  115
   64  115
   64  116
   66  117
   66  116
   67  117
   68  118
   68  117
   70  119
   70  118
   71  120
   71  119
   73  121
   73  120
   75  122
   75  121
   77  123
   77  122
   79  165
   79  123
   81  126
   82  127
   82  126
   83  128
   83   84
   84   85
   85 2268
   85  129
   85   86
   87   88
   87  130
   88  174
   88   89
   88  173
   88  131
   90   91
   90  132
   91  134
   91   92
   91  133
   93  136
   93   94
   93  135
   94  137
   94   95
   96  182
   96  181
   96   97
   96  138
   97   98
   98  140
   98  139
   99  141
   99  140
  100  101
  101  102
  101  142
  102  144
  102  143
  103  146
  103  144
  104  147
  104  105
  105  106
  106  147
  106  107
  107  150
  107  148
  108  194
  108  109
  108  150
  109  110
  109  194
  110  196
  110  195
  110  151
  110  152
  110  111
  111  153
  112  113
  112  153
  113  155
  113  154
  114  115
  115  116
  115  155
  115  157
  117  159
  117  158
  117  118
  118  119
  119  161
  119  160
  120 2267
  120  121
  121 2267
  121  122
  122  162
  122  123
  123  165
  123  164
  123  163
  124  165
  125  168
  126  169
  126  168
  126  127
  127  128
  127  169
  128 2268
  129  130
  129 2268
  130  131
  130  172
  131  173
  131  172
  132  133
  132 2276
  132  174
  133 2276
  133  134
  133  175
  134  135
  135  178
  135  177
  135  136
  136 2271
  136  137
  136  178
  137  138
  137 2271
  137  179
  138  179
  139  225
  139  183
  139  140
  139  182
  140  141
  140  183
  141  185
  141  142
  142  186
  142  143
  143  188
  143  144
  143  187
  144  188
  145  190
  145  146
  146  147
  146  190
  147  232
  147  233
  147  148
  147  191
  148  149
  149  192
  150  235
  150  194
  150  193
  152  196
  153  239
  153  154
  153  197
  154  240
  154  198
  154  155
  154  239
  155  198
  155  156
  156  199
  156  286
  156  157
  156  242
  157  158
  157  199
  158  202
  158  159
  158  201
  159  203
  159  160
  160  161
  160  203
  162  205
  162  206
  162  163
  162 2267
  164  207
  164  165
  164  206
  165  209
  165  208
  168  210
  168  212
  168  211
  168  169
  169  213
  169  254
  169  212
  169  170
  170 2268
  171 2268
  171  172
  171  214
  171  215
  172  215
  172  173
  173  216
  173  215
  175  219
  175  218
  175 2276
  176  177
  176  219
  177  221
  177  178
  178 2271
  178  263
  178  221
  179  222
  179 2271
  180  181
  181  268
  181  224
  181  223
  181  182
  182  225
  183  226
  183  225
  185  272
  185  186
  185  226
  186  227
  186  187
  187  228
  187  227
  187  188
  188  189
  188  229
  188  228
  189  229
  190  231
  190  230
  190  191
  191  231
  191  232
  192  193
  192  234
  192  233
  193  279
  193  234
  193  235
  194  237
  194  235
  195  196
  195  237
  196  238
  196  197
  198  241
  198  240
  199  287
  199  243
  199  286
  200  201
  201  244
  201  202
  201  243
  202  244
  202  203
  203  290
  203  246
  203  204
  203  245
  204  292
  204 2267
  205  248
  205  206
  205  247
  206  249
  206  207
  206  248
  207  250
  207  249
  207  208
  208  295
  208  251
  208  250
  210  253
  211  253
  211  212
  212  254
  213  256
  213  254
  214  257
  214  256
  214 2268
  215  258
  215  257
  216  259
  216  217
  217 2314
  217 2276
  218  261
  218 2276
  218 2314
  219  220
  220  221
  220  262
  221  263
  221  262
  222  223
  223  266
  224  269
  224  225
  224  268
  225  271
  225  270
  225  269
  227  273
  227  228
  227  272
  228  274
  228  273
  229  274
  231  319
  231  276
  231  232
  231  275
  232  319
  232  277
  234  279
  234  278
  235  280
  235  279
  236  237
  236  281
  237  238
  238  323
  238  282
  238  239
  238  281
  239  284
  239  240
  240  284
  241  285
  244  330
  244  245
  244  289
  245  331
  245  330
  245  290
  246  332
  246  291
  247  293
  247  248
  247  292
  247 2267
  248  249
  248  293
  249  250
  250  294
  251  295
  253  297
  254  299
  254  255
  255  300
  255  299
  255  256
  256  301
  256  300
  256  257
  257  342
  257  302
  257  258
  257  301
  258  302
  258  303
  259  304
  259  303
  259  260
  261 2314
  261  348
  261  306
  261  305
  262  307
  262  263
  262  306
  263  308
  263  307
  264  308
  264 2271
  265 2271
  265  266
  266  309
  266  267
  267  311
  267  268
  267  310
  268  311
  268  269
  269  270
  269  311
  270  271
  270  312
  271  272
  272  315
  272  314
  273  315
  273  274
  274  316
  274  275
  274  315
  275  316
  276  319
  276  318
  277  320
  277  278
  277  319
  278  361
  279  361
  279  280
  280  362
  280  321
  280  361
  281  321
  282  364
  282  283
  282  324
  282  323
  283  324
  283  284
  284  325
  284  285
  285  286
  285  326
  286  287
  287  328
  287  288
  287  327
  288  289
  288  329
  290  332
  290  331
  292  334
  292  333
  293  335
  293  334
  294  336
  295  337
  295  336
  297  298
  298  339
  298  338
  298  299
  299  340
  299  339
  299  300
  300  340
  300  301
  301  342
  302  381
  302  343
  302  342
  303  345
  303  304
  304  305
  305  348
  305  347
  305  346
  305 2314
  306  307
  307  350
  307  349
  308  388
  308  351
  309  310
  309  352
  309  351
  310  352
  311 2281
  311  354
  311  353
  311  312
  312  392
  312  355
  313  314
  314  393
  315 2289
  315  356
  315  395
  315  316
  316  357
  316  356
  316  358
  317  359
  317  318
  318  398
  318  359
  318  319
  319  320
  319  398
  321  363
  321  322
  322  403
  322  363
  322  323
  323  403
  324  325
  324  365
  324  364
  325  366
  325  365
  325  326
  326  367
  326  366
  327  409
  327  328
  327  367
  328  368
  328  409
  329  330
  329  368
  330  331
  330  369
  331  412
  331  371
  331  370
  332  333
  333  334
  333  372
  334  415
  334  373
  334  372
  334  335
  335  374
  335  336
  335  373
  336  417
  336  375
  336  374
  337  375
  339  420
  339  378
  339  377
  339  340
  340  378
  340  341
  341  422
  342  380
  342  381
  343  382
  343  344
  343  381
  344  424
  344  383
  344  345
  345  346
  346  385
  346  384
  347  348
  347  386
  347  385
  348  349
  349  387
  349  350
  349  386
  350  429
  350  388
  352  353
  352  390
  352  389
  354  391
  354  392
  354 2281
  355  433
  355  393
  356  436
  356  396
  356  395
  357  397
  357  396
  359  439
  359  398
  359  397
  360  361
  361  400
  361  362
  362  442
  362  401
  362  400
  363  403
  364  405
  364  404
  364  365
  364  403
  365  406
  365  405
  366  367
  366  406
  368  410
  368  409
  369  370
  369  411
  369  410
  370  411
  370  412
  371  414
  371  372
  372  415
  372  414
  373  416
  373  415
  374  416
  375  418
  377  420
  378  379
  378  420
  379  462
  379  422
  380  423
  380  381
  380  422
  381  463
  381  382
  382  464
  382  424
  382  463
  383  425
  383  384
  383  424
  385  427
  385  386
  385  426
  386  427
  386  387
  387  470
  387  429
  387  428
  388  430
  388  429
  389  390
  389  431
  389  430
  390 2282
  390  431
  391 2291
  391  475
  391  392
  391  432
  392 2291
  392  433
  393  433
  393  394
  394  395
  394 2289
  394  434
  395  435
  395  436
  396  437
  396  436
  396  438
  398  399
  398  440
  398  439
  399  400
  400  442
  400  441
  401  443
  401  402
  401  442
  403  445
  404  447
  404  446
  404  405
  405  448
  405  447
  406  448
  407  408
  408  409
  408  490
  409  450
  409  449
  410 2300
  410  450
  411 2300
  411  412
  411  452
  411  451
  412  452
  412  413
  413  414
  413  453
  413  454
  413  452
  414  415
  414  454
  415  456
  415  416
  416 2269
  416  456
  417  500
  417  499
  417  457
  417 2269
  417  418
  419  420
  419  459
  420  421
  420  459
  422  423
  423  507
  423  463
  424  465
  424  464
  425  426
  426  467
  427  468
  427  428
  427  469
  428  513
  428  470
  428  469
  429  471
  429  472
  429  470
  431 2282
  431  474
  431  473
  431  432
  432  518
  432  475
  432  474
  432 2281
  433 2290
  433 2291
  434  435
  434  476
  435  523
  435  478
  435  477
  436  524
  436  523
  436  437
  437  479
  437  524
  438  439
  439  440
  439  481
  440  483
  440  481
  441  484
  441  442
  441  483
  442  485
  442  484
  443  531
  443  444
  444  445
  445  486
  445  446
  446  447
  446  487
  447  534
  447  488
  447  489
  448  489
  448  490
  449  493
  449  450
  449  492
  449  491
  451  540
  451  452
  451  494
  452  495
  452  540
  453  454
  453  495
  454  496
  454  455
  455  456
  455  497
  456 2269
  457  500
  459  502
  459  503
  460  461
  461  462
  461  504
  461  503
  461  505
  462  506
  463  508
  463  464
  464  509
  464  465
  465  510
  465  466
  465  554
  465  509
  466  467
  467  468
  467  511
  468  512
  469  513
  469  512
  470  514
  470  513
  471  515
  471  514
  472  473
  473  517
  473  516
  474  518
  474  517
  475 2291
  475  519
  475  518
  476  521
  477  521
  478  522
  478  523
  479  480
  479  525
  479  526
  480  527
  480  481
  481  482
  481  528
  481  527
  482  529
  482  483
  484  572
  484  529
  484  485
  485  572
  485  530
  486  487
  486  532
  486  531
  487  488
  487  532
  487  533
  488  533
  488  575
  488  534
  489  535
  489  534
  490  491
  490 2306
  491  537
  491 2306
  492  538
  492  537
  492  493
  493 2300
  494  582
  494  540
  494  539
  495  541
  495  540
  497  543
  497  542
  498 2269
  498  586
  498  544
  499  587
  499  546
  499 2269
  500  547
  502  549
  502  503
  503  549
  504  591
  504  550
  504  505
  504  549
  505  550
  505  506
  506  593
  506  550
  507  551
  507  593
  508  551
  509  553
  509  554
  509  552
  510  555
  511  555
  511  512
  512  513
  512  557
  512  556
  513  557
  513  558
  514  559
  514  558
  515  516
  516  560
  517  561
  517  518
  518  562
  518  561
  519  563
  519  562
  520 2290
  520  564
  520  563
  520  521
  521  564
  521  522
  522  565
  523  566
  523  524
  524  610
  524  525
  524  567
  524  566
  525  568
  525  567
  527  570
  527  569
  527  528
  527  568
  528  571
  528  570
  529  572
  529  571
  530  531
  530  573
  532  574
  532  573
  533  574
  533  575
  534  576
  534  575
  535  577
  535  536
  536 2307
  536  578
  537 2306
  537  579
  537  538
  538  581
  538  579
  538  539
  539 2300
  540  583
  540  582
  541  584
  541  542
  542  585
  542  584
  542  543
  543  586
  543  585
  544  632
  544  545
  544  586
  545  632
  545  587
  545 2270
  546  588
  546  547
  546  587
  548  590
  549  590
  549  591
  550  593
  550  591
  551  552
  551  594
  551  593
  552  594
  552  595
  552  553
  553  596
  553  554
  554  597
  554  555
  554  596
  555  556
  556  599
  556  600
  556  557
  557  601
  557  600
  558  602
  558  601
  559  560
  560  561
  560  603
  561  605
  561  604
  561  562
  562  606
  562  605
  564  608
  564  607
  564  565
  565  652
  565  609
  565  608
  566  610
  566  653
  566  609
  567  611
  567  610
  569  613
  569  612
  569  570
  570  613
  571  615
  572  616
  572 2295
  572  615
  573  616
  574  619
  574  618
  575  619
  575  620
  575  576
  576  621
  576  620
  576  577
  577  623
  577  578
  578 2306
  579  580
  579  624
  579  625
  580  625
  580  581
  580  626
  581  668
  581  627
  581  582
  582  628
  582  627
  582  583
  583  584
  583  628
  584  585
  584  628
  585  631
  585  586
  585  629
  586  632
  587  588
  587  632
  588  633
  589  590
  589  636
  590  591
  591  637
  591  592
  592  638
  592  593
  593  638
  594  595
  594  639
  595  641
  596  641
  596  597
  597  642
  597  598
  597  641
  598  599
  598  642
  599  600
  599  643
  599  644
  600  645
  600  601
  600  644
  601  646
  602  647
  603  604
  603  690
  603  647
  604  605
  604  691
  605  693
  605  648
  605  649
  606  650
  606  649
  607  650
  608  652
  608  651
  609  652
  610  697
  610  654
  610  653
  611  612
  612  655
  612  656
  612  613
  613  614
  613  656
  614  699
  614  657
  614  656
  615 2295
  615  658
  615  657
  616  617
  617  618
  617  660
  618  661
  619  662
  620  663
  620  662
  620  621
  621  622
  621  664
  621  663
  622  664
  622  623
  623  665
  623  664
  624  666
  624  665
  625  667
  625  666
  625  626
  626  709
  626  708
  626  668
  626  667
  627  669
  627  668
  628  670
  628  669
  629  712
  629  671
  630  672
  630  713
  631  673
  633  675
  633  674
  634  675
  636  677
  636  679
  638  720
  638  681
  638  680
  640  681
  641  684
  641  683
  642  643
  642  684
  643  685
  643  644
  643  684
  644  686
  644  685
  645  687
  646  688
  646  647
  647  690
  648  692
  648  693
  648  691
  649 2315
  649  693
  650  651
  651  694
  652  738
  652  695
  652  696
  653  697
  653  696
  654  741
  654  655
  656  698
  656  699
  658  746
  658  659
  658  700
  658 2295
  659  660
  659  747
  659 2295
  660  661
  661  702
  661  701
  662  750
  662  702
  663  704
  663  664
  663  703
  663  705
  664  705
  666  707
  666  706
  667  708
  667  707
  668  710
  668  709
  669 2296
  669  711
  670  759
  670  712
  670  711
  671  760
  671  713
  671  712
  672  714
  672  673
  672  713
  673  761
  673  714
  673  674
  674  762
  674  715
  674  761
  674  675
  675  716
  675  715
  677  678
  677  718
  678  718
  678  679
  678  719
  679  767
  679  680
  679  719
  680  767
  680  720
  681  721
  681  682
  681  720
  682  722
  682  683
  682  721
  683  722
  683  723
  684  724
  684  723
  685  726
  685  724
  685  725
  685  686
  686  687
  686  726
  687  727
  687  728
  687  688
  688  729
  688  689
  688  728
  690  691
  690  730
  691  730
  691  731
  692  733
  692  693
  692  732
  693  733
  693  734
  694  737
  694  736
  694  735
  695  737
  696  739
  696  697
  696  738
  697  739
  697  740
  698  743
  698  699
  698  742
  698  741
  699  744
  699  700
  700  746
  701  749
  701  747
  702  749
  703  751
  703  704
  703  750
  704  752
  704  751
  705  753
  705  706
  707  754
  708  755
  708  756
  708  709
  709  801
  709  710
  709  756
  710 2296
  710  757
  711  758
  711 2296
  712  759
  713  805
  713  714
  713  760
  714  761
  715  808
  715  763
  715  762
  717  765
  718  765
  719  767
  719  766
  719  765
  720  768
  720  721
  720  767
  721  769
  721  722
  722  770
  722  723
  722  769
  723  772
  723  724
  724  725
  725  773
  725  726
  726  818
  726  773
  726  774
  726  727
  727  775
  727  774
  728  775
  729  777
  730  777
  731  822
  731  732
  731  777
  732  778
  732  779
  732  733
  733  779
  734  825
  734  780
  735 2315
  736  782
  736  737
  736  781
  737  783
  737  782
  738  783
  739  831
  739  785
  739  740
  739  784
  740  786
  740  741
  742  788
  742  743
  742  787
  743  788
  743  744
  744  745
  745  790
  745  789
  745  746
  746  791
  746  747
  747  748
  748  793
  748  794
  748  749
  749  750
  750  794
  751  796
  751  795
  752 2308
  752  797
  752  796
  753  754
  753  797
  754  798
  754  799
  754  755
  755  799
  755  756
  756  800
  756  799
  757  849
  757 2296
  757  801
  758  803
  758  802
  758 2296
  759  803
  760  851
  760  804
  761  762
  761  806
  762  807
  763  808
  765  810
  765  811
  765  766
  766  767
  766  811
  767  813
  768  861
  769  770
  769  814
  769  861
  770  771
  770  815
  771  816
  772  773
  772  816
  773  817
  774  867
  774  819
  774  818
  775  819
  775  776
  776  821
  776  777
  778  824
  778  779
  778  823
  778  822
  779  824
  779  825
  780  781
  780 2315
  781  826
  782  828
  782  827
  783  784
  783  828
  784  829
  785  833
  785  786
  785  831
  786  787
  787  788
  787  834
  788  836
  788  789
  788  835
  789  837
  789  790
  790  838
  790  791
  791  792
  791  839
  792  793
  793  794
  793  840
  794  795
  794  841
  795  842
  795  796
  796 2308
  796  842
  797  798
  798  799
  798  845
  798  844
  799  800
  799  845
  799  846
  800  847
  800  801
  801  848
  802  850
  802  803
  802  849
  803  851
  803  896
  804  852
  804  851
  805  852
  806  853
  808  855
  808  854
  809  855
  810  811
  810  858
  811  812
  812  859
  813  908
  813  860
  814  862
  815  863
  816  865
  816  864
  817  913
  817  865
  817  818
  818  867
  818  866
  819  820
  819  868
  820  869
  820  821
  821  822
  822  869
  823  871
  823  870
  823  824
  824  872
  824  871
  825  826
  825  872
  826  827
  827  873
  827  828
  828  829
  828  874
  829  874
  829  875
  829  830
  830  876
  830  831
  830  875
  831  832
  832  877
  832  833
  832  876
  833  834
  833  878
  834  835
  835  879
  835  880
  835  836
  836  837
  836  880
  837  838
  837  881
  838  883
  838  839
  839  840
  840  841
  840  883
  841  842
  841  884
  842  843
  842  885
  843  888
  843  886
  843 2308
  843  887
  844  889
  844 2309
  844  845
  844  890
  845  938
  845  890
  845  846
  846  892
  846  891
  847  892
  847  893
  848  849
  848  893
  849  850
  850  896
  850  894
  851  852
  851  896
  852  899
  852  898
  852  853
  852  897
  853  944
  853  900
  853  899
  853  854
  854  901
  854  855
  854  900
  855  903
  855  902
  858  949
  858  904
  859  860
  859  905
  860  906
  860  908
  862  863
  862  910
  863  955
  863  910
  863  911
  864  911
  865  912
  866  914
  866  867
  866  913
  867  914
  867  915
  868  917
  868  915
  869  918
  869  917
  870  919
  870  871
  870  918
  871  920
  871  919
  872  921
  873  874
  873  921
  874  922
  875  924
  875  967
  875  923
  876  925
  876  924
  877  878
  877  926
  877  925
  878  926
  878  927
  878  879
  879  928
  879  880
  879  929
  879  927
  880  929
  880  881
  881  929
  881  882
  882  931
  882  883
  882  932
  882  930
  883  933
  883  884
  884  885
  885  933
  885  886
  886  935
  886  887
  886  934
  887  979
  887  936
  887  935
  888 2308
  888  936
  888  889
  889  937
  889  936
  889  890
  890  937
  891  982
  891  892
  892  939
  893  940
  893  939
  894  941
  894  940
  895  896
  895  941
  896  942
  896  897
  897 2284
  897  898
  898  899
  898 2284
  899  944
  900  989
  900  945
  900  944
  901  945
  901  902
  902  947
  902  946
  902  945
  904  949
  905  950
  905  951
  905  906
  905  949
  906  951
  906  907
  907  908
  907  952
  907  951
  908  952
  908  909
  909  910
  910  953
  911  956
  911  955
  912 1000
  912  913
  912  956
  913  957
  914 1002
  914  915
  914  957
  915  958
  915  916
  916  960
  916 1005
  916  917
  916  959
  917  918
  917  961
  918  919
  919 1008
  919  962
  919  961
  920  964
  921  922
  921  964
  922  923
  922  965
  923  966
  924  968
  924  925
  924  967
  925  968
  925  969
  925  926
  926  970
  926  927
  927  971
  927  928
  928  973
  928  929
  928  971
  929  930
  930  974
  930  975
  930  931
  930  973
  931  932
  932  933
  932  975
  932  977
  932  976
  933  977
  933  934
  934  978
  934  935
  934  977
  935  978
  936  937
  936  980
  936  979
  937  981
  938  982
  938  981
  939 1032
  939  983
  940  984
  940  983
  941  985
  942  987
  943  987
  943 2284
  944  989
  945 2273
  945  990
  945  946
  945  989
  946  991
  947  991
  949  994
  949  993
  950  995
  950  994
  951  996
  951  952
  951  995
  952  953
  952  997
  952  996
  953  998
  953  954
  953  997
  954 1047
  954  998
  954  955
  954  999
  955  999
  955  956
  956  999
  957 1001
  958 1003
  958  959
  958 1002
  959 1005
  959 1004
  959 1003
  960  961
  960 1006
  960 1005
  961 1006
  961 1007
  961 1008
  962 1009
  962  963
  963 1010
  963  964
  964  965
  965  966
  965 1011
  966 1012
  966  967
  967 1015
  967 1013
  967  968
  968  969
  969 1017
  969 1016
  969  970
  969 1015
  970 1066
  970 1018
  970  971
  970 1017
  972 1019
  972 1018
  972  973
  973 1020
  973 1019
  973  974
  974 1020
  975 1022
  975 1021
  975  976
  976 1023
  976  977
  976 1022
  977 1026
  977 1024
  977  978
  978  979
  978 1026
  979 1027
  979  980
  980 1030
  980 1029
  980 1028
  981 1031
  981 1030
  982 1032
  982 1031
  983 1033
  984 1033
  984  985
  985  986
  986 1035
  986 1034
  986  987
  987 1036
  987 1035
  988 2284
  988 1037
  988  989
  989 2273
  990 1040
  990  991
  990 2273
  991 1041
  991 1040
  993 1043
  994 1089
  994 1043
  994 1044
  995 1089
  995 1045
  996 1046
  996 1045
  997 1046
  997  998
  998 1047
  998 1046
  999 1093
  999 1048
  999 1000
 1000 1050
 1000 1001
 1000 1049
 1000 1048
 1001 1050
 1001 1002
 1002 1051
 1002 1050
 1003 1004
 1003 1053
 1003 1052
 1004 1053
 1004 1054
 1004 1005
 1005 1054
 1006 1055
 1007 1008
 1008 1055
 1008 1056
 1008 1009
 1009 1102
 1009 1057
 1009 1010
 1009 1056
 1010 1011
 1011 1059
 1011 1058
 1012 1013
 1012 1060
 1012 1061
 1012 1059
 1013 1061
 1013 1014
 1014 1063
 1014 1062
 1014 1015
 1014 1061
 1015 1108
 1015 1063
 1015 1064
 1015 1016
 1016 1064
 1017 1110
 1017 1109
 1017 1066
 1017 1065
 1018 1067
 1018 1019
 1018 1066
 1019 1113
 1019 1067
 1019 1068
 1020 1069
 1020 1021
 1021 1022
 1021 1070
 1021 1069
 1022 1070
 1023 1070
 1023 1117
 1023 1071
 1025 1118
 1025 1071
 1025 1072
 1025 1026
 1026 1073
 1026 1072
 1028 1120
 1028 1074
 1028 1029
 1028 1073
 1029 1075
 1029 1074
 1030 1075
 1031 1076
 1032 1077
 1032 1078
 1033 1078
 1033 1125
 1033 1079
 1034 1080
 1034 1035
 1034 1079
 1035 1036
 1035 1080
 1036 1081
 1036 1082
 1037 2283
 1037 1084
 1038 2273
 1039 2275
 1039 2273
 1040 1087
 1040 1086
 1043 1135
 1043 1088
 1044 1135
 1044 1089
 1045 1090
 1045 1046
 1045 1089
 1046 1092
 1046 1090
 1047 1139
 1047 1093
 1048 1094
 1048 1049
 1049 1141
 1049 1095
 1050 1095
 1050 1051
 1051 1096
 1051 1052
 1052 1144
 1052 1097
 1052 1096
 1053 1098
 1053 1054
 1053 1097
 1054 1099
 1054 1098
 1054 1055
 1055 1100
 1055 1101
 1055 1099
 1055 1056
 1056 1101
 1057 1103
 1057 1058
 1057 1102
 1058 1059
 1058 1104
 1058 1103
 1059 1104
 1059 1060
 1060 1061
 1060 1104
 1061 1106
 1061 1105
 1062 1106
 1062 1107
 1063 1108
 1064 1156
 1064 1109
 1064 1108
 1065 1109
 1066 1112
 1066 1067
 1066 1110
 1067 1160
 1067 1112
 1068 1114
 1068 1069
 1068 1113
 1069 1116
 1069 1070
 1069 1114
 1070 1117
 1070 1116
 1071 1118
 1071 1117
 1072 1119
 1072 1073
 1072 1118
 1073 1120
 1073 1119
 1074 1075
 1074 1122
 1074 1120
 1075 1122
 1075 1076
 1076 1077
 1076 1123
 1076 1124
 1077 1124
 1078 1172
 1078 1125
 1079 1080
 1079 1126
 1079 1125
 1080 1127
 1080 1126
 1081 1128
 1082 1129
 1082 1083
 1082 2283
 1083 1130
 1083 1084
 1083 1129
 1084 1130
 1084 1085
 1085 2275
 1085 1131
 1085 1130
 1085 2274
 1086 2275
 1086 1132
 1086 1087
 1086 1131
 1087 1132
 1088 1135
 1089 1136
 1090 1091
 1090 1137
 1091 1092
 1091 1138
 1092 1139
 1092 1186
 1093 1188
 1093 1094
 1093 1140
 1094 1141
 1095 1142
 1095 1096
 1096 1144
 1096 1143
 1097 1145
 1097 1098
 1098 1099
 1098 1146
 1099 1148
 1099 1146
 1099 1100
 1100 1101
 1100 1149
 1100 1148
 1101 1197
 1101 1150
 1101 1102
 1102 1103
 1103 1152
 1103 1104
 1103 1150
 1104 1152
 1105 1152
 1105 1153
 1105 1106
 1106 1107
 1106 1155
 1106 1153
 1107 1155
 1107 1108
 1108 1156
 1108 1155
 1109 1157
 1109 1156
 1110 1111
 1111 1158
 1112 1160
 1112 1158
 1113 1161
 1113 1160
 1114 1162
 1114 1115
 1114 1161
 1115 1116
 1116 1163
 1116 1117
 1117 1118
 1117 1163
 1118 1166
 1118 1119
 1118 1164
 1118 1165
 1119 1166
 1120 1121
 1120 1166
 1121 1122
 1121 1168
 1121 1169
 1121 1167
 1122 1170
 1122 1123
 1122 1169
 1123 1171
 1123 1170
 1124 1171
 1124 1172
 1125 1173
 1126 1175
 1127 1128
 1127 1176
 1128 1129
 1128 1176
 1128 1177
 1129 1130
 1129 1178
 1130 1179
 1130 1131
 1131 1180
 1131 1132
 1131 2275
 1132 1133
 1133 1180
 1134 1183
 1136 1183
 1137 1185
 1138 1186
 1138 1185
 1139 1188
 1139 1187
 1140 1189
 1141 1190
 1141 1189
 1142 1191
 1142 1143
 1142 1190
 1143 1144
 1143 1192
 1144 1145
 1145 1146
 1145 1193
 1146 2310
 1146 1194
 1147 1194
 1147 1148
 1148 1195
 1148 1149
 1148 1194
 1149 1196
 1149 1195
 1150 1198
 1150 1151
 1150 1197
 1151 1152
 1151 1199
 1152 1199
 1152 1201
 1152 1153
 1153 1202
 1153 1201
 1154 1155
 1155 1246
 1155 1156
 1155 1204
 1156 1204
 1156 1205
 1157 1206
 1157 1158
 1158 1159
 1159 1207
 1159 1206
 1159 1160
 1160 1161
 1160 1207
 1161 1162
 1162 1209
 1162 1163
 1163 1164
 1163 1209
 1164 1211
 1164 1165
 1165 1213
 1165 1166
 1165 1212
 1166 1213
 1167 1214
 1167 1213
 1167 1168
 1168 1215
 1168 1214
 1169 1259
 1169 1215
 1169 1216
 1169 1170
 1170 1171
 1171 1216
 1171 1217
 1171 1218
 1172 1173
 1172 1219
 1173 1262
 1173 1174
 1173 1220
 1174 1220
 1174 1175
 1174 1221
 1175 1221
 1175 1176
 1176 1264
 1176 1222
 1177 1223
 1177 1222
 1178 1225
 1180 1270
 1180 1269
 1180 1226
 1180 1225
 1182 1228
 1182 1183
 1183 1228
 1183 1184
 1183 1229
 1184 1230
 1184 1185
 1184 1229
 1186 1231
 1187 1232
 1188 1232
 1189 1234
 1189 2294
 1189 1233
 1190 1234
 1190 1235
 1190 1191
 1191 1192
 1192 1236
 1192 1237
 1193 2310
 1193 1237
 1194 1195
 1194 1238
 1195 1240
 1195 1238
 1195 1196
 1196 1241
 1196 1240
 1197 1241
 1197 1242
 1197 1198
 1198 1199
 1198 1242
 1199 1243
 1199 1242
 1200 1288
 1200 1244
 1200 1201
 1200 1243
 1201 1244
 1201 1245
 1202 1203
 1202 1245
 1203 1246
 1203 1245
 1204 1205
 1204 1246
 1205 1249
 1205 1206
 1205 1248
 1205 1247
 1206 1249
 1206 1250
 1206 1207
 1207 1208
 1207 1250
 1208 2311
 1208 1251
 1208 1209
 1209 1210
 1209 1251
 1210 1252
 1210 1211
 1211 1254
 1211 1212
 1212 1213
 1213 1256
 1213 1214
 1213 1254
 1214 1257
 1214 1215
 1215 1258
 1215 1257
 1216 1260
 1216 1217
 1216 1305
 1216 1259
 1217 1306
 1217 1260
 1217 1261
 1218 1261
 1218 1219
 1219 1262
 1220 1310
 1220 1309
 1220 1263
 1221 1264
 1221 1263
 1222 1266
 1223 1267
 1223 1224
 1224 1268
 1224 1267
 1224 1225
 1225 1269
 1225 1268
 1226 1270
 1228 1273
 1228 1272
 1229 1274
 1229 1230
 1230 1275
 1230 1231
 1230 1274
 1231 1321
 1231 1323
 1231 1232
 1231 1322
 1231 1275
 1232 1323
 1232 1233
 1232 1276
 1233 1276
 1233 1277
 1233 2294
 1234 2294
 1234 1279
 1234 1235
 1235 1280
 1235 1236
 1236 1328
 1236 1281
 1237 1329
 1237 1282
 1237 1281
 1238 1283
 1238 1239
 1238 2310
 1239 1240
 1239 1283
 1240 1284
 1240 1241
 1240 1283
 1241 1286
 1241 1285
 1241 1242
 1242 1287
 1242 1243
 1243 1288
 1244 1289
 1244 1245
 1244 1290
 1245 1246
 1245 1291
 1246 1291
 1246 1247
 1247 1248
 1248 1249
 1248 1294
 1248 1293
 1249 1295
 1249 1250
 1249 1294
 1250 1295
 1250 1296
 1251 1252
 1251 1297
 1252 1299
 1252 1253
 1252 1298
 1253 1301
 1253 1254
 1254 1255
 1255 1302
 1255 1256
 1256 1257
 1257 1303
 1257 1258
 1258 1304
 1258 1259
 1259 1305
 1259 1304
 1260 1306
 1260 1305
 1261 1308
 1261 1307
 1261 1262
 1261 1306
 1262 1309
 1262 1308
 1263 1354
 1263 1311
 1263 1310
 1264 1311
 1264 1265
 1265 1312
 1265 1266
 1265 1311
 1266 1312
 1266 1267
 1267 1314
 1267 1313
 1268 1314
 1268 1315
 1270 1316
 1271 1317
 1273 1320
 1273 1362
 1273 1319
 1273 1274
 1274 1320
 1274 1275
 1275 1320
 1276 1277
 1276 1325
 1276 1323
 1277 1326
 1277 2294
 1278 2294
 1278 1279
 1279 1327
 1280 1327
 1280 1328
 1281 1329
 1282 2310
 1282 1330
 1282 1283
 1283 1330
 1284 1332
 1284 1285
 1284 1331
 1285 1332
 1285 1286
 1286 1287
 1287 1334
 1287 1288
 1288 1335
 1288 1289
 1289 1290
 1290 1335
 1290 1291
 1291 1292
 1291 1336
 1292 1339
 1292 1337
 1292 1293
 1293 1340
 1293 1294
 1293 1339
 1294 1341
 1295 1342
 1295 1341
 1296 2311
 1296 1342
 1297 1343
 1297 2313
 1297 1298
 1297 2311
 1298 1299
 1299 1345
 1299 1300
 1300 1346
 1300 1345
 1300 1301
 1301 1347
 1301 1346
 1301 1302
 1302 1349
 1302 1303
 1302 1348
 1303 1350
 1304 1305
 1304 1351
 1304 1350
 1306 1397
 1306 1307
 1306 1351
 1307 1398
 1307 1308
 1308 1309
 1308 1352
 1309 1310
 1310 1353
 1311 1355
 1311 1356
 1311 1354
 1312 1357
 1312 1313
 1312 1356
 1313 1357
 1314 1403
 1314 1358
 1315 1405
 1315 1358
 1315 1316
 1316 1359
 1316 1317
 1316 1405
 1317 1360
 1317 1359
 1317 1318
 1319 1362
 1320 1321
 1320 1362
 1320 1363
 1320 1409
 1321 1364
 1321 1322
 1322 1323
 1323 1365
 1323 1324
 1324 1414
 1324 1366
 1326 1366
 1327 1368
 1327 1369
 1328 1369
 1328 1370
 1329 1418
 1329 1370
 1330 1372
 1330 1371
 1330 1331
 1331 2301
 1331 1372
 1332 1374
 1332 1333
 1332 2301
 1333 1376
 1333 1334
 1334 1378
 1334 1377
 1334 1335
 1335 1424
 1335 1379
 1335 1336
 1336 1380
 1336 1337
 1336 1379
 1337 1338
 1338 1339
 1338 1381
 1339 1382
 1339 1383
 1340 1384
 1340 1341
 1341 1342
 1341 1384
 1342 2312
 1342 1385
 1343 1386
 1343 1344
 1344 1345
 1344 1387
 1345 1390
 1345 1389
 1346 1391
 1347 1392
 1347 1348
 1348 1349
 1349 1393
 1350 1395
 1350 1394
 1350 1351
 1351 1397
 1351 1395
 1352 1399
 1352 1398
 1353 1354
 1353 1399
 1354 1355
 1355 1356
 1355 1400
 1356 1401
 1356 1357
 1357 1403
 1357 1402
 1358 1405
 1358 1403
 1359 1407
 1359 1406
 1359 1405
 1362 1409
 1362 1408
 1364 1411
 1365 1412
 1366 1415
 1366 1367
 1366 1414
 1367 1461
 1367 1416
 1367 1368
 1367 1415
 1369 1417
 1370 1464
 1370 1463
 1370 1418
 1371 1419
 1371 1372
 1371 1418
 1372 1419
 1373 2301
 1373 1419
 1373 1420
 1374 2301
 1374 1375
 1374 1421
 1375 1421
 1375 1376
 1376 1377
 1376 1423
 1377 1378
 1378 1424
 1379 1425
 1379 1380
 1380 1426
 1380 1425
 1381 1427
 1381 2305
 1381 1426
 1382 1383
 1382 2305
 1383 1429
 1383 1384
 1384 1385
 1385 1430
 1385 1386
 1386 2312
 1386 1477
 1386 1431
 1386 1430
 1387 1388
 1387 1432
 1387 1431
 1388 1389
 1389 1390
 1389 1434
 1390 1391
 1390 1435
 1390 1434
 1391 1436
 1391 1392
 1392 1437
 1392 1438
 1393 1438
 1393 1439
 1393 1394
 1394 1440
 1394 1439
 1394 1395
 1395 1396
 1395 1440
 1396 1442
 1396 1397
 1397 1398
 1397 1443
 1398 1444
 1398 1443
 1399 1445
 1399 1444
 1400 1446
 1401 1447
 1401 1446
 1402 2287
 1402 1403
 1402 1447
 1403 1404
 1403 1448
 1404 1405
 1404 1449
 1405 1450
 1405 1406
 1406 1407
 1406 1451
 1407 1452
 1409 1454
 1410 1455
 1410 1411
 1411 1457
 1411 1412
 1411 1456
 1412 1459
 1412 1413
 1413 1414
 1413 1459
 1415 1503
 1415 1460
 1416 1462
 1416 1417
 1416 1461
 1417 1462
 1417 1463
 1418 1419
 1418 1464
 1419 1465
 1420 1467
 1420 1421
 1421 1422
 1421 1467
 1422 1423
 1422 1468
 1423 1470
 1423 1469
 1424 1470
 1424 1425
 1425 1471
 1425 1426
 1426 1472
 1426 1471
 1427 1473
 1427 1472
 1428 2305
 1428 1429
 1428 1475
 1428 2304
 1429 1476
 1429 1430
 1430 1477
 1431 1478
 1431 1477
 1432 2303
 1432 1478
 1432 1479
 1433 1480
 1433 1479
 1434 1481
 1434 1480
 1434 1435
 1435 1481
 1436 1482
 1436 1483
 1437 1484
 1437 1483
 1438 1485
 1438 1484
 1438 1439
 1439 1486
 1439 1440
 1440 1441
 1441 1486
 1441 1442
 1442 1488
 1442 1443
 1443 1489
 1443 1444
 1444 1534
 1444 1490
 1444 1489
 1445 1491
 1445 1490
 1445 1446
 1446 1492
 1446 1491
 1447 2285
 1447 1492
 1448 1493
 1449 1494
 1450 1494
 1451 1495
 1452 1496
 1454 1455
 1455 1543
 1455 1498
 1455 1497
 1455 1456
 1455 1499
 1456 1499
 1456 1457
 1457 1500
 1457 1499
 1457 1458
 1458 1501
 1458 1459
 1458 1500
 1459 1502
 1459 1501
 1459 1460
 1461 1549
 1461 1503
 1462 1504
 1462 1505
 1462 1463
 1463 1506
 1463 1464
 1463 1505
 1464 1507
 1464 1506
 1465 1508
 1465 1507
 1466 1508
 1466 1467
 1467 1510
 1467 1468
 1468 1512
 1468 1510
 1469 1470
 1469 1513
 1470 1514
 1470 1471
 1471 1515
 1471 1472
 1471 1514
 1472 1516
 1472 1515
 1473 1517
 1473 1516
 1473 2304
 1474 1517
 1474 1475
 1475 1519
 1475 1476
 1476 1520
 1476 1477
 1477 1521
 1477 1520
 1477 1478
 1478 2303
 1478 1522
 1479 1523
 1479 2303
 1480 1565
 1480 1481
 1480 1525
 1481 2299
 1481 1525
 1482 2299
 1482 1527
 1483 1528
 1483 1527
 1484 1485
 1484 1528
 1485 1530
 1485 1486
 1485 1528
 1485 1529
 1486 1530
 1487 1571
 1487 1488
 1487 1530
 1488 1532
 1488 1489
 1489 1533
 1489 1534
 1490 1535
 1490 1534
 1491 1536
 1491 1535
 1492 1537
 1493 1579
 1493 2288
 1493 1538
 1493 1494
 1494 1539
 1494 1538
 1495 1541
 1495 1540
 1495 1496
 1495 1539
 1497 1543
 1498 1499
 1498 1544
 1499 1545
 1499 1500
 1500 1546
 1500 1501
 1501 1502
 1502 1503
 1502 1547
 1502 1546
 1503 1547
 1504 1550
 1504 1549
 1504 1505
 1505 1506
 1505 1550
 1506 1507
 1506 1551
 1507 1553
 1507 1552
 1508 1554
 1508 1553
 1509 1510
 1509 1554
 1510 1556
 1510 1511
 1511 1512
 1512 1557
 1513 1600
 1513 1601
 1513 1514
 1513 1557
 1514 1601
 1515 1559
 1515 1516
 1516 1559
 1517 1560
 1517 1559
 1518 1561
 1518 1560
 1519 1562
 1519 1561
 1520 1562
 1520 1521
 1521 1607
 1521 1522
 1521 1562
 1522 2302
 1523 1564
 1523 2302
 1524 1565
 1524 1564
 1525 1526
 1525 1565
 1527 1611
 1527 1567
 1528 1569
 1528 1529
 1528 1568
 1529 1570
 1529 1569
 1530 1571
 1530 1570
 1531 1532
 1531 1573
 1531 1571
 1532 1574
 1532 1533
 1533 1534
 1533 1575
 1534 1535
 1535 1617
 1535 1575
 1535 1576
 1536 1619
 1536 1577
 1536 1576
 1536 1537
 1537 2286
 1537 1578
 1537 1577
 1538 1623
 1538 1580
 1538 1539
 1538 1579
 1539 1580
 1539 1540
 1539 1581
 1540 1582
 1540 1581
 1541 1582
 1542 1585
 1543 1585
 1543 1586
 1544 1586
 1545 1588
 1545 1587
 1546 1630
 1546 1631
 1546 1589
 1546 1588
 1547 1589
 1547 1590
 1547 1548
 1548 1591
 1548 1590
 1548 1549
 1549 1550
 1549 1591
 1550 1551
 1550 1591
 1551 1592
 1551 1552
 1552 1594
 1552 1553
 1552 1595
 1553 1595
 1554 1639
 1554 1596
 1555 1556
 1555 1596
 1555 1597
 1556 1598
 1557 1599
 1558 1559
 1558 1601
 1559 1602
 1559 1560
 1560 1603
 1561 1606
 1561 1605
 1562 1607
 1562 1606
 1563 1608
 1563 1564
 1563 2302
 1563 1607
 1564 1651
 1564 1608
 1565 1652
 1565 1609
 1566 1567
 1566 1610
 1567 1611
 1567 1610
 1568 1655
 1568 1569
 1568 1612
 1568 1611
 1569 1656
 1569 1612
 1570 1614
 1570 1613
 1571 1614
 1572 1615
 1572 1573
 1572 1614
 1573 2293
 1573 1574
 1574 1575
 1574 1616
 1575 1617
 1576 1618
 1576 1617
 1577 1620
 1577 1578
 1577 1619
 1578 2288
 1578 1579
 1578 2286
 1579 2288
 1579 1621
 1580 1665
 1580 1623
 1581 1665
 1581 1624
 1583 1624
 1584 1585
 1585 1626
 1585 1586
 1586 1628
 1586 1587
 1586 1629
 1587 1588
 1587 1629
 1588 1629
 1589 1673
 1589 1633
 1589 1632
 1590 1633
 1590 1634
 1590 1591
 1591 1592
 1592 1634
 1592 1593
 1593 1637
 1593 1594
 1593 1635
 1594 1638
 1594 1595
 1595 1639
 1595 1638
 1596 1680
 1596 1639
 1597 1641
 1597 1640
 1598 1642
 1598 1599
 1598 1641
 1599 1600
 1599 1642
 1599 1643
 1600 1644
 1600 1643
 1600 1601
 1601 1645
 1601 1644
 1602 1686
 1602 1603
 1602 1645
 1603 1687
 1603 1604
 1603 1646
 1605 1648
 1605 1606
 1605 1647
 1606 1649
 1606 1607
 1607 1649
 1608 1692
 1608 1651
 1608 1650
 1610 1653
 1611 1655
 1611 1654
 1612 1655
 1613 1657
 1613 1656
 1614 1698
 1614 1657
 1615 2293
 1615 1659
 1615 1658
 1616 1660
 1616 1617
 1617 1704
 1617 1703
 1617 1618
 1618 1661
 1618 1704
 1619 1661
 1620 1662
 1621 1663
 1621 1662
 1622 1663
 1622 1623
 1623 1665
 1624 1666
 1624 1625
 1624 1665
 1625 1666
 1626 1669
 1627 1628
 1628 1629
 1628 1671
 1629 1630
 1630 1672
 1631 1672
 1632 1673
 1632 1672
 1633 1674
 1633 1634
 1634 1635
 1634 1674
 1635 1675
 1635 1636
 1636 1637
 1636 1676
 1637 1678
 1637 1638
 1638 1679
 1638 1639
 1639 1679
 1640 1725
 1640 1680
 1641 1726
 1641 1682
 1642 1643
 1642 1682
 1642 1683
 1643 1644
 1644 1684
 1644 1645
 1645 1685
 1645 1684
 1646 1687
 1646 1686
 1647 1688
 1647 1648
 1647 1687
 1648 1690
 1648 1649
 1648 1689
 1649 1690
 1650 1690
 1651 1693
 1651 1652
 1651 1692
 1652 1738
 1652 1693
 1653 1694
 1653 1654
 1654 1695
 1654 2298
 1654 1655
 1655 1656
 1655 1696
 1656 1696
 1657 1698
 1658 1699
 1658 1698
 1659 1702
 1659 2293
 1659 1701
 1660 2293
 1660 1703
 1660 1746
 1661 1749
 1661 1750
 1661 1705
 1661 1662
 1661 1704
 1662 1706
 1662 1705
 1663 1707
 1664 1708
 1666 1755
 1666 1710
 1666 1709
 1668 1669
 1668 1712
 1669 1712
 1669 1713
 1669 1670
 1671 1760
 1671 1714
 1672 1716
 1672 1715
 1673 1718
 1673 1674
 1673 1717
 1673 1716
 1674 1718
 1675 1720
 1675 1676
 1675 1718
 1676 1677
 1677 1722
 1677 1720
 1677 1678
 1678 1723
 1678 1679
 1679 1723
 1680 1724
 1680 1723
 1681 1726
 1681 1725
 1682 1683
 1682 1727
 1683 1728
 1684 1775
 1684 1774
 1684 1729
 1684 1685
 1684 1728
 1685 1729
 1686 1776
 1687 1730
 1688 1732
 1688 1731
 1689 1733
 1689 1690
 1689 1732
 1690 1734
 1690 1733
 1691 1734
 1691 1692
 1692 1736
 1692 1693
 1693 1736
 1694 1739
 1694 1738
 1694 2298
 1695 1786
 1695 2298
 1695 1696
 1696 1787
 1696 1740
 1696 1741
 1697 1741
 1697 1698
 1698 1699
 1699 1743
 1699 1700
 1700 1743
 1701 1791
 1701 1745
 1701 1702
 1701 1744
 1702 1746
 1703 1704
 1703 1747
 1704 1747
 1704 1748
 1705 1796
 1705 1751
 1705 1750
 1706 1752
 1706 1707
 1707 1753
 1707 1752
 1707 1708
 1708 1799
 1708 1754
 1708 1753
 1709 1800
 1709 1755
 1709 1754
 1710 1755
 1711 1758
 1712 1758
 1712 1713
 1713 1714
 1713 1759
 1713 1758
 1714 1760
 1714 1759
 1715 1760
 1716 1762
 1716 1806
 1717 1806
 1717 1718
 1717 1763
 1718 1764
 1718 1763
 1719 1809
 1719 1720
 1720 1721
 1720 1765
 1722 1767
 1723 1769
 1723 1768
 1723 1724
 1724 1770
 1724 1769
 1725 1770
 1726 1772
 1727 1772
 1728 1774
 1728 1773
 1729 1776
 1729 1775
 1730 1777
 1730 1731
 1731 1778
 1732 1823
 1732 1780
 1732 1733
 1733 1734
 1734 1780
 1734 1781
 1735 1736
 1735 1781
 1736 1782
 1736 1737
 1737 1784
 1737 1783
 1738 1784
 1738 1739
 1739 2298
 1739 1785
 1739 1786
 1740 1787
 1740 1786
 1741 1788
 1741 1787
 1742 1743
 1742 1788
 1743 1790
 1743 1789
 1744 1791
 1744 1790
 1745 1792
 1746 1793
 1746 1747
 1747 1748
 1747 1793
 1748 1794
 1748 1749
 1749 1750
 1750 1796
 1751 1797
 1751 1752
 1751 1796
 1752 1798
 1752 1797
 1753 1840
 1753 1798
 1754 1800
 1754 1799
 1755 1801
 1755 1800
 1758 1844
 1758 1802
 1758 1803
 1760 1804
 1760 1761
 1761 1805
 1761 1762
 1761 1804
 1762 1806
 1762 1805
 1763 1764
 1763 1808
 1763 1806
 1764 1850
 1764 1809
 1764 1808
 1765 1766
 1765 1809
 1766 1812
 1766 1767
 1766 1810
 1767 1812
 1767 1768
 1768 1769
 1768 1813
 1768 1812
 1769 1813
 1769 1770
 1770 1815
 1770 1814
 1771 1816
 1771 1815
 1772 1817
 1772 1773
 1772 1816
 1773 1774
 1773 1817
 1774 1818
 1774 1775
 1775 1776
 1775 1819
 1775 1818
 1776 1820
 1776 1819
 1776 1777
 1777 1821
 1777 1820
 1778 1779
 1778 1821
 1779 1823
 1780 1824
 1780 1781
 1781 1782
 1781 1824
 1782 1783
 1783 1825
 1784 1827
 1785 1869
 1785 1868
 1785 1786
 1785 1828
 1785 1827
 1786 2298
 1786 1828
 1787 1830
 1787 1788
 1788 2292
 1788 1830
 1789 2292
 1789 1790
 1790 1831
 1791 1832
 1792 1875
 1792 1834
 1792 1833
 1793 1835
 1793 1794
 1793 1834
 1794 1835
 1794 1795
 1795 1837
 1795 1836
 1796 1838
 1796 1837
 1796 1797
 1797 1839
 1797 1798
 1797 1838
 1798 1880
 1798 1839
 1799 1841
 1799 1840
 1800 1883
 1800 1842
 1800 1841
 1802 1844
 1803 1845
 1803 1804
 1803 1844
 1804 1845
 1805 1847
 1805 1806
 1805 1846
 1806 1807
 1806 1849
 1806 1847
 1807 1808
 1808 1850
 1809 1851
 1809 1850
 1810 1811
 1810 1851
 1811 1853
 1812 1894
 1812 1854
 1812 1813
 1812 1853
 1813 1854
 1814 1815
 1814 1854
 1815 1896
 1815 1855
 1816 1817
 1816 1857
 1817 1859
 1817 1818
 1817 1857
 1818 1860
 1819 1861
 1819 1820
 1820 1862
 1820 1861
 1821 1822
 1821 1862
 1822 1823
 1823 1904
 1823 1903
 1823 1824
 1824 1905
 1824 1904
 1824 1864
 1825 1826
 1825 1864
 1825 1866
 1826 1867
 1827 1868
 1827 1867
 1828 1829
 1828 1869
 1829 1871
 1830 2292
 1830 1871
 1831 1832
 1831 1873
 1832 1833
 1834 1915
 1834 1835
 1834 1875
 1835 1916
 1835 1876
 1835 1915
 1836 1917
 1837 1918
 1837 1878
 1838 1879
 1838 1878
 1839 1879
 1840 1881
 1840 1880
 1840 1841
 1841 1882
 1842 1883
 1844 1926
 1844 1885
 1845 1887
 1845 1846
 1845 1886
 1846 1929
 1846 1847
 1846 1887
 1847 1888
 1847 1848
 1848 1889
 1848 1849
 1848 1888
 1849 1931
 1849 1890
 1849 1850
 1850 1851
 1850 1890
 1851 2279
 1851 1891
 1852 1853
 1852 2279
 1853 1893
 1853 1894
 1854 1895
 1854 1894
 1855 1895
 1856 1897
 1857 1898
 1857 1858
 1857 1897
 1858 1898
 1858 1859
 1858 1899
 1859 1900
 1859 1860
 1860 1900
 1860 1861
 1861 1902
 1861 1862
 1862 2277
 1862 1902
 1863 2277
 1863 1903
 1864 1906
 1864 1905
 1865 1906
 1865 1866
 1866 1908
 1867 1908
 1868 1909
 1868 1869
 1869 1949
 1869 1909
 1869 1910
 1870 1910
 1870 1871
 1871 1952
 1871 1872
 1871 2292
 1872 1953
 1872 1952
 1872 1912
 1872 2292
 1873 1912
 1873 2292
 1874 1875
 1874 1912
 1874 1914
 1875 1915
 1875 1914
 1876 1917
 1876 1916
 1877 1918
 1877 1917
 1878 1879
 1878 1918
 1879 1880
 1879 1920
 1880 1963
 1880 1921
 1880 1920
 1881 1921
 1882 1922
 1883 1923
 1883 1922
 1884 1923
 1885 1926
 1886 1926
 1887 1929
 1887 1928
 1888 1929
 1889 1931
 1889 1930
 1890 1976
 1890 1932
 1890 1931
 1891 1932
 1892 1934
 1892 2279
 1893 1935
 1893 1894
 1893 1934
 1894 1895
 1894 1936
 1894 1935
 1895 1936
 1896 1936
 1897 1937
 1897 1938
 1897 1898
 1898 1984
 1898 1938
 1899 1986
 1899 1940
 1899 1939
 1900 1940
 1900 1941
 1900 1901
 1901 1902
 1901 1941
 1902 2277
 1902 1988
 1903 1904
 1903 1944
 1904 1945
 1904 1905
 1905 1945
 1906 1946
 1907 1946
 1907 1908
 1908 1948
 1908 1909
 1909 1995
 1909 1949
 1909 1948
 1910 1950
 1910 1911
 1910 1949
 1911 1952
 1912 1913
 1912 1953
 1913 1956
 1913 1954
 1914 1957
 1914 1956
 1914 1915
 1915 1958
 1915 1916
 1916 1959
 1916 1958
 1917 1960
 1918 1919
 1918 2278
 1919 1962
 1920 1963
 1920 1962
 1921 1922
 1922 1966
 1922 1965
 1922 1964
 1923 1967
 1923 1966
 1925 1969
 1926 1969
 1926 1970
 1926 1927
 1927 1928
 1927 1971
 1927 1970
 1928 1971
 1928 1972
 1928 1929
 1929 1972
 1929 1930
 1930 1974
 1931 1975
 1931 1976
 1932 1977
 1932 1976
 1932 2279
 1933 1977
 1933 1978
 1934 1935
 1934 2022
 1934 1978
 1935 1979
 1936 1981
 1936 1980
 1937 1983
 1937 1981
 1938 1984
 1938 1983
 1939 1984
 1940 1941
 1941 1942
 1941 1986
 1941 2029
 1942 1987
 1942 1988
 1943 1989
 1943 1991
 1943 1944
 1944 1945
 1944 1992
 1945 1992
 1945 1946
 1946 1993
 1946 2036
 1946 1992
 1947 1994
 1948 1995
 1948 1994
 1949 1996
 1949 1950
 1949 1995
 1950 1997
 1950 1996
 1951 1998
 1952 1998
 1952 1953
 1953 1999
 1953 1998
 1954 2000
 1954 1955
 1955 2002
 1956 2002
 1956 1957
 1957 1958
 1957 2003
 1957 2047
 1957 2002
 1958 2003
 1958 1959
 1959 1960
 1959 2005
 1959 2004
 1960 2049
 1960 2006
 1960 2005
 1961 2278
 1961 2007
 1962 2008
 1962 2007
 1962 1963
 1963 1964
 1963 2009
 1963 2008
 1964 2010
 1964 2009
 1964 1965
 1965 1966
 1965 2010
 1966 2012
 1966 2011
 1969 2057
 1969 2014
 1969 2013
 1970 2058
 1970 2014
 1970 2015
 1971 1972
 1971 2015
 1972 2059
 1972 2016
 1972 2015
 1973 1974
 1973 2016
 1974 2018
 1975 2019
 1975 2018
 1975 1976
 1976 2020
 1976 1977
 1977 2020
 1978 2022
 1979 2023
 1979 1980
 1979 2022
 1980 2023
 1980 1981
 1981 2025
 1981 2024
 1982 2025
 1982 1983
 1983 2027
 1983 1984
 1984 1985
 1984 2027
 1986 2075
 1986 2074
 1986 2028
 1986 2029
 1987 2076
 1987 2029
 1988 2031
 1988 2032
 1988 1989
 1988 2277
 1989 2277
 1989 2032
 1990 2297
 1990 1991
 1991 2034
 1992 2035
 1992 2034
 1992 2036
 1993 2037
 1993 2036
 1994 2039
 1994 1995
 1994 2038
 1995 2280
 1995 2039
 1996 1997
 1996 2041
 1996 2040
 1997 2043
 1998 2043
 1998 2044
 1998 1999
 1999 2044
 1999 2000
 2000 2045
 2000 2044
 2001 2046
 2001 2045
 2002 2272
 2002 2046
 2003 2004
 2003 2047
 2004 2005
 2005 2049
 2005 2048
 2006 2007
 2006 2049
 2007 2051
 2007 2008
 2008 2096
 2008 2051
 2008 2009
 2009 2010
 2010 2053
 2010 2052
 2011 2054
 2012 2054
 2013 2057
 2014 2058
 2015 2059
 2015 2058
 2016 2060
 2016 2059
 2017 2018
 2017 2060
 2018 2019
 2018 2062
 2019 2020
 2019 2062
 2020 2063
 2020 2065
 2020 2064
 2021 2022
 2022 2023
 2022 2066
 2023 2068
 2023 2066
 2023 2024
 2024 2069
 2024 2025
 2025 2111
 2025 2070
 2025 2069
 2026 2071
 2027 2028
 2027 2071
 2027 2072
 2028 2072
 2028 2074
 2029 2075
 2030 2077
 2030 2076
 2031 2032
 2031 2077
 2032 2119
 2032 2118
 2032 2077
 2032 2297
 2033 2297
 2034 2079
 2034 2078
 2034 2035
 2035 2080
 2035 2036
 2035 2079
 2036 2080
 2036 2081
 2038 2082
 2038 2081
 2039 2280
 2039 2082
 2040 2041
 2040 2280
 2041 2126
 2041 2042
 2041 2083
 2042 2085
 2043 2086
 2043 2085
 2043 2044
 2044 2088
 2044 2045
 2044 2086
 2045 2088
 2046 2090
 2046 2089
 2047 2091
 2047 2048
 2047 2090
 2048 2092
 2048 2133
 2048 2091
 2049 2050
 2049 2093
 2049 2092
 2050 2095
 2051 2096
 2051 2095
 2052 2097
 2052 2096
 2052 2053
 2053 2054
 2053 2099
 2053 2098
 2054 2100
 2054 2099
 2057 2102
 2057 2101
 2058 2144
 2058 2103
 2058 2102
 2059 2104
 2059 2060
 2060 2146
 2060 2105
 2060 2061
 2060 2104
 2061 2106
 2062 2149
 2062 2107
 2062 2063
 2062 2106
 2063 2064
 2064 2151
 2064 2065
 2065 2151
 2065 2066
 2066 2109
 2066 2067
 2067 2155
 2067 2068
 2067 2110
 2067 2109
 2069 2156
 2069 2111
 2069 2110
 2071 2112
 2071 2072
 2072 2113
 2072 2114
 2072 2112
 2074 2115
 2074 2114
 2075 2116
 2075 2076
 2075 2115
 2076 2116
 2077 2163
 2077 2118
 2078 2165
 2078 2079
 2079 2166
 2079 2121
 2080 2122
 2080 2121
 2081 2122
 2081 2082
 2082 2280
 2082 2124
 2083 2126
 2084 2085
 2084 2126
 2085 2128
 2085 2086
 2086 2128
 2086 2087
 2087 2130
 2087 2088
 2088 2130
 2089 2130
 2090 2177
 2090 2132
 2090 2091
 2090 2272
 2091 2132
 2093 2135
 2093 2134
 2093 2094
 2094 2095
 2094 2135
 2095 2137
 2095 2096
 2096 2139
 2096 2138
 2096 2097
 2097 2098
 2097 2139
 2098 2099
 2099 2141
 2099 2140
 2100 2141
 2102 2188
 2102 2144
 2102 2143
 2103 2104
 2103 2144
 2104 2192
 2104 2146
 2105 2106
 2105 2148
 2105 2196
 2106 2149
 2106 2148
 2107 2151
 2107 2149
 2108 2152
 2108 2151
 2109 2152
 2109 2153
 2109 2154
 2110 2155
 2111 2157
 2111 2156
 2112 2113
 2112 2158
 2112 2157
 2113 2158
 2113 2114
 2114 2160
 2114 2115
 2115 2161
 2115 2116
 2116 2162
 2116 2117
 2117 2163
 2118 2164
 2118 2163
 2118 2119
 2119 2165
 2119 2297
 2120 2227
 2120 2165
 2121 2122
 2121 2166
 2122 2168
 2122 2123
 2122 2167
 2124 2125
 2124 2170
 2124 2171
 2124 2169
 2124 2280
 2125 2126
 2125 2280
 2126 2171
 2126 2127
 2127 2173
 2128 2174
 2128 2129
 2128 2173
 2129 2130
 2130 2176
 2130 2175
 2130 2131
 2130 2174
 2131 2177
 2132 2133
 2132 2178
 2132 2177
 2133 2179
 2133 2134
 2134 2135
 2135 2180
 2135 2179
 2136 2182
 2136 2180
 2136 2137
 2137 2138
 2138 2183
 2138 2182
 2138 2139
 2139 2183
 2139 2140
 2140 2185
 2140 2141
 2141 2186
 2141 2185
 2144 2190
 2144 2145
 2144 2188
 2145 2192
 2145 2190
 2146 2194
 2146 2147
 2146 2192
 2147 2196
 2147 2194
 2148 2198
 2148 2196
 2149 2150
 2149 2198
 2150 2201
 2150 2199
 2150 2151
 2151 2203
 2151 2201
 2152 2153
 2152 2203
 2153 2154
 2153 2204
 2154 2207
 2154 2205
 2154 2155
 2155 2209
 2155 2156
 2155 2207
 2156 2210
 2156 2157
 2157 2212
 2157 2158
 2157 2210
 2158 2214
 2158 2212
 2158 2159
 2159 2216
 2159 2160
 2159 2214
 2160 2218
 2160 2161
 2160 2216
 2161 2220
 2161 2218
 2161 2162
 2162 2222
 2162 2163
 2162 2220
 2163 2223
 2164 2225
 2164 2165
 2164 2223
 2165 2297
 2165 2227
 2165 2225
 2166 2229
 2166 2167
 2166 2227
 2167 2230
 2167 2168
 2168 2232
 2168 2169
 2168 2230
 2169 2234
 2169 2232
 2169 2170
 2170 2236
 2170 2171
 2170 2234
 2171 2238
 2171 2236
 2171 2172
 2172 2240
 2172 2173
 2172 2238
 2173 2242
 2173 2174
 2173 2240
 2174 2244
 2174 2175
 2174 2242
 2175 2246
 2175 2244
 2176 2248
 2176 2177
 2176 2246
 2177 2250
 2177 2248
 2178 2252
 2178 2179
 2178 2250
 2179 2254
 2179 2252
 2179 2180
 2180 2255
 2180 2254
 2181 2257
 2181 2182
 2181 2255
 2182 2259
 2182 2257
 2183 2261
 2183 2184
 2183 2259
 2184 2263
 2184 2185
 2184 2261
 2185 2265
 2185 2263
 2185 2186
 2276 2314
 2281 2282
 2286 2287
 2286 2288
 2287 2288
 2302 2303
 2308 2309
 2311 2312
 2312 2313
