    2  128
    2   82
    3   82
    4   83
    4   82
    6   84
    6   83
    8   84
    9   86
    9   85
   10   86
   11  132
   11   88
   11   87
   13   88
   14   89
   14   90
   16  134
   16   91
   16   90
   18   92
   18   91
   19   93
   21   94
   21   93
   22   94
   23   95
   23   94
   25   95
   25   96
   26   96
   27   98
   27   97
   28   98
   29   99
   29   98
   31  100
   31   99
   33  143
   33  100
   33  101
   34  102
   36  103
   36  102
   38  104
   38  103
   39  104
   40  104
   40  105
   42  149
   42  106
   42  105
   44  107
   44  106
   46  108
   46  107
   48  108
   48  109
   50  153
   50  110
   50  109
   52  110
   53  112
   53  111
   55  113
   55  112
   57  156
   57  113
   57  114
   59  114
   59  115
   61  115
   61  116
   62  116
   62  117
   64  117
   64  118
   66  119
   66  118
   67  119
   68  120
   68  119
   70  121
   70  120
   71  122
   73  123
   73  122
   75  124
   75  123
   77  125
   77  124
   79  168
   79  125
   81  128
   82  129
   82  128
   83  130
   83   84
   84 2442
   84   85
   85 2442
   85  131
   85   86
   86  131
   88   89
   88  132
   89  177
   89   90
   89  133
   90  134
   91   92
   92  136
   92   93
   92  135
   94  138
   94   95
   94  137
   95  139
   95   96
   96  139
   98  185
   98  140
   98  141
   98   99
   99  100
  100  142
  101  144
  101  102
  101  143
  102  103
  103  104
  103  145
  104  147
  104  146
  105  149
  106  150
  106  107
  107  108
  108  150
  108  109
  109  151
  110  200
  110  111
  110  153
  111  112
  111  200
  112  202
  112  201
  112  154
  112  155
  112  113
  114  115
  114  156
  115  158
  115  157
  116  117
  117  118
  117  158
  117  160
  118  119
  119  162
  119  161
  120  121
  121  164
  121  122
  121  163
  122 2441
  122  123
  123 2441
  123  124
  124  165
  124  125
  125  168
  125  166
  126  168
  127  171
  128  172
  128  171
  128  129
  129  130
  130  172
  131  132
  131 2442
  132  133
  132  175
  133  176
  133  175
  134  135
  134  177
  135  179
  135  136
  135  178
  136  137
  137  181
  137  182
  137  138
  138 2445
  138  139
  139  140
  139 2445
  139  183
  140  183
  141  186
  141  234
  141  185
  142  143
  142  186
  143  144
  143  189
  143  187
  143  188
  144  190
  144  145
  145  192
  145  146
  145  191
  146  193
  146  147
  146  192
  147  193
  147  148
  148  149
  149  150
  149  195
  150  197
  150  151
  150  196
  151  152
  152  198
  152  153
  153  247
  153  200
  153  199
  155  156
  155  202
  156  157
  156  203
  157  252
  157  158
  157  204
  157  205
  158  159
  159  160
  159  254
  160  161
  160  206
  161  209
  161  162
  161  208
  162  210
  162  163
  163  164
  163  210
  165  212
  165  213
  165  166
  165 2441
  166  167
  167  214
  167  168
  167  213
  168  216
  168  215
  171  217
  171  219
  171  218
  171  172
  172  220
  172  221
  172  219
  172  173
  173  269
  173  222
  173 2442
  173  221
  174 2442
  174  223
  174  175
  174  222
  175  223
  175  224
  175  176
  176  177
  176  225
  176  224
  177  178
  177  225
  178  227
  178  226
  178  179
  179  228
  180  230
  180  229
  180  181
  180  228
  181  230
  181  182
  182 2445
  182  231
  182  230
  183  232
  183 2445
  184  185
  185  234
  185  233
  186  235
  186  187
  186  234
  187  236
  187  188
  187  235
  188  237
  188  236
  190  287
  190  191
  190  238
  190  237
  192  239
  192  238
  192  193
  193  194
  193  240
  193  239
  194  195
  195  242
  195  241
  195  196
  196  244
  196  242
  196  243
  197  245
  197  244
  198  199
  198  246
  198  245
  199  295
  199  246
  199  247
  200  249
  201  249
  202  249
  202  250
  202  203
  203  251
  203  204
  203  250
  204  251
  204  252
  205  253
  205  254
  205  252
  206  305
  206  255
  206  256
  206  207
  207  208
  208  257
  208  209
  208  256
  209  258
  209  257
  209  210
  210  309
  210  259
  210  211
  210  258
  211 2441
  212  261
  212  213
  212  260
  213  262
  213  214
  214  263
  214  262
  214  215
  215  314
  215  264
  215  263
  217  266
  218  266
  219  266
  220  267
  221  269
  221  267
  222  270
  222  223
  222 2442
  223  224
  224  270
  224  271
  224  225
  225  272
  225  226
  225  323
  225  271
  226  272
  226  273
  226  227
  227  228
  227  274
  227  273
  227  275
  228  229
  228  276
  228  275
  228  327
  230  231
  230  277
  230  276
  231  278
  231  277
  232  233
  233  234
  233  281
  233  282
  233  280
  234  282
  235  282
  235  284
  235  236
  236  286
  236  237
  236  284
  237  287
  238  288
  238  239
  238  287
  239  289
  239  288
  240  241
  241  290
  241  242
  241  289
  242  291
  242  290
  243  291
  243  244
  244  293
  244  245
  244  292
  245  294
  245  293
  245  246
  246  295
  246  294
  247  296
  247  248
  247  295
  248  297
  248  343
  248  249
  248  296
  249  297
  249  298
  249  250
  250  251
  250  300
  250  298
  251  302
  251  252
  251  300
  252  302
  253  303
  254  304
  254  255
  255  305
  255  304
  256  307
  256  306
  256  257
  256  305
  257  258
  257  308
  257  307
  258  355
  258  308
  258  309
  259  357
  259  310
  259  309
  260  359
  260  312
  260  261
  260  311
  260 2441
  261  313
  261  262
  262  313
  263  313
  264  314
  266  316
  266  267
  266  317
  267  318
  267  268
  268  319
  268  318
  268  269
  269  321
  269  320
  269  319
  269  270
  270  271
  271  322
  272  324
  272  323
  273  325
  273  274
  274  326
  275  327
  276  328
  276  277
  277  329
  277  278
  278 2445
  278  329
  279  377
  279  280
  279  329
  279  330
  279 2445
  280  330
  280  331
  280  281
  281  332
  281  282
  282  332
  283  333
  283  332
  284  285
  285  286
  285  333
  286  383
  286  335
  286  334
  286  287
  288  336
  288  289
  289  337
  289  290
  289  336
  290  291
  290  339
  290  337
  291  340
  291  292
  293  341
  293  340
  294  391
  294  295
  295  391
  295  342
  296  343
  296  342
  297  345
  297  344
  297  343
  298  346
  298  299
  299  346
  300  395
  300  346
  300  347
  301  347
  301  348
  301  302
  302  349
  302  303
  302  348
  303  349
  304  398
  304  305
  304  350
  304  351
  305  351
  305  306
  306  400
  307  354
  307  353
  307  308
  308  354
  309  357
  309  355
  310  311
  310  358
  310  357
  311  359
  311  358
  312  313
  312  360
  312  359
  313  361
  313  360
  314  362
  314  361
  317  364
  317  363
  317  318
  318  365
  318  364
  318  319
  319  366
  319  365
  320  367
  320  321
  320  366
  321  368
  321  367
  321  322
  322  369
  322  323
  322  368
  323  371
  323  369
  323  324
  324  325
  324  372
  324  371
  325  373
  325  372
  325  326
  326  374
  326  327
  326  373
  327  374
  327  375
  327  328
  329  423
  329  376
  329  377
  330  331
  330  377
  331  379
  331  378
  331  332
  332  379
  332  333
  333  381
  333  382
  333  380
  333  334
  334  428
  334  383
  334  382
  335  429
  335  336
  335  384
  335  383
  336  431
  336  337
  336  384
  336  385
  337  385
  337  387
  337  338
  338  388
  338  339
  338  387
  339  388
  339  389
  339  340
  340  341
  340  390
  340  389
  341  390
  342  343
  342  391
  343  438
  343  439
  343  393
  343  392
  345  346
  345  393
  345  394
  346  394
  347  442
  347  396
  347  395
  348  396
  349  397
  349  396
  349  350
  350  398
  350  397
  351  399
  351  398
  352  447
  352  400
  353  448
  353  401
  353  354
  353  400
  354  402
  354  401
  356  450
  356  357
  356  402
  357  404
  357  403
  359  453
  359  405
  359  404
  359  360
  360  407
  360  406
  360  405
  361  408
  361  455
  361  407
  362  408
  364  458
  364  411
  364  410
  365  412
  365  411
  365  366
  366  460
  366  367
  366  413
  367  414
  367  413
  368  416
  368  369
  368  414
  369  417
  369  416
  370  463
  370  418
  370  417
  370  371
  371  419
  371  418
  372  420
  373  374
  373  421
  373  420
  374  375
  375  422
  375  376
  375  421
  376  468
  376  422
  376  423
  377  424
  377  469
  377  423
  378  379
  378  424
  378  425
  379  471
  379  380
  379  426
  380  427
  380  381
  380  426
  381  382
  382  474
  383  429
  383  428
  384  431
  384  429
  385  477
  385  432
  385  431
  386  387
  386  433
  388  434
  388  389
  388  433
  389  434
  389  390
  390  391
  390  437
  390  435
  391  392
  392  484
  392  437
  393  440
  393  394
  393  439
  394  395
  395  442
  395  440
  396  444
  396  397
  396  442
  397  398
  397  444
  398  446
  398  445
  399  447
  399  446
  400  493
  400  448
  400  447
  401  402
  401  448
  402  449
  403  452
  403  404
  403  451
  403  450
  404  453
  404  452
  405  454
  405  453
  406  454
  406  407
  407  454
  408  500
  408  456
  410  458
  411  412
  411  459
  412  506
  413  461
  413  460
  414  461
  415  508
  415  462
  416  417
  417  509
  417  463
  417  462
  418  464
  418  463
  419  465
  419  464
  419  420
  420  466
  420  421
  421  466
  421  422
  422  515
  422  467
  423  469
  424  425
  425  471
  425  470
  426  473
  426  427
  426  471
  427  474
  427  473
  428  522
  428  429
  428  474
  429  476
  429  475
  430  431
  431  477
  432  478
  432  433
  432  477
  432  479
  433  480
  433  434
  433  479
  434  481
  434  480
  435  482
  435  436
  436  531
  436  483
  436  437
  436  482
  437  484
  437  483
  438  485
  438  439
  438  484
  439  487
  439  485
  439  440
  440  441
  440  488
  441  489
  441  488
  441  442
  443  490
  443  444
  443  489
  445  541
  445  446
  445  490
  446  542
  446  447
  446  491
  447  493
  448  494
  448  493
  449  495
  449  450
  450  495
  450  451
  451  452
  451  496
  451  495
  452  453
  452  498
  453  499
  453  454
  454 2443
  454  499
  455  500
  455 2443
  456  500
  457  458
  457  503
  458  459
  458  504
  459  506
  459  505
  460  506
  460  461
  461  559
  461  507
  461  508
  461  506
  462  509
  462  508
  463  464
  463  509
  464  512
  464  465
  464  510
  465  513
  465  512
  465  466
  466  513
  466  467
  467  565
  467  515
  467  514
  468  517
  468  515
  468  469
  469  518
  469  470
  470  519
  470  518
  470  471
  471  520
  471  472
  472  521
  472  520
  473  474
  474  522
  474  521
  475  524
  475  476
  475  523
  475  522
  476  575
  476  526
  476  524
  476  477
  477  526
  478  576
  478  479
  478  527
  478  526
  479  529
  479  527
  479  480
  480  529
  481  530
  481  529
  482  531
  483  532
  483  484
  484  485
  484  532
  485  584
  485  534
  485  533
  486  535
  486  534
  486  487
  487  537
  487  536
  487  488
  488  539
  488  489
  488  537
  489  490
  490  540
  490  541
  491  542
  491  541
  492  544
  492  493
  492  542
  493  494
  494  545
  494  495
  494  544
  494  546
  495  546
  495  547
  495  496
  496  548
  496  547
  497  549
  497  498
  498  550
  498  499
  498  549
  499  550
  500  501
  500  551
  500 2443
  501  552
  503  554
  503  555
  505  506
  505  556
  505  555
  505  557
  506  557
  506  559
  507  560
  507  559
  508  560
  508  509
  509  510
  509  560
  510  562
  510  511
  510  610
  511  611
  511  562
  511  563
  512  564
  512  513
  513  564
  514  564
  515  516
  515  565
  516  567
  516  517
  516  566
  517  568
  517  567
  517  518
  518  569
  518  568
  520  521
  520  570
  520  569
  521  570
  521  571
  521  522
  522  573
  522  523
  522  571
  523  524
  524  574
  524  525
  524  573
  525  575
  526  575
  527  577
  527  576
  527  578
  528  529
  529  530
  529  580
  530  580
  530  531
  530  581
  530  582
  531  532
  532  583
  532  582
  533  630
  533  584
  533  583
  534  585
  534  584
  535  536
  536  586
  536  585
  536  537
  537  538
  537  586
  538  634
  538  588
  538  539
  539  540
  540  541
  540  588
  541  637
  541  591
  541  589
  541  542
  542  591
  543  592
  543  591
  543  544
  544  593
  544  545
  544  592
  545  641
  545  546
  545  594
  546  547
  547  548
  547  594
  548  549
  548  595
  549  596
  549  550
  550 2443
  550  645
  550  598
  550  597
  551  647
  551  600
  552  601
  554  603
  554  555
  555  604
  555  603
  556  605
  556  652
  556  557
  556  604
  557  605
  558  606
  558  605
  559  607
  559  560
  559  606
  560  561
  560  607
  561  609
  561  608
  562  611
  563  612
  563  564
  563  611
  564  565
  564  613
  565  613
  565  614
  566  615
  566  567
  567  568
  567  616
  568  617
  568  569
  569  617
  569  570
  570  618
  570  617
  571  618
  571  572
  572  573
  572  619
  573  621
  573  574
  573  620
  574  622
  574  575
  574  623
  574  621
  575  623
  576  672
  576  577
  577  625
  577  624
  578  625
  578  579
  579  627
  579  626
  579  580
  579  625
  580  581
  580  628
  581  582
  582  583
  583  677
  583  629
  584  632
  584  585
  584  630
  585  586
  586  633
  586  632
  587  633
  587  634
  588  635
  588  589
  588  634
  589  636
  589  635
  589  590
  590  637
  590  636
  591  592
  591  637
  592  640
  592  639
  592  593
  593  641
  594  642
  594  595
  594  641
  595  643
  595  596
  595  642
  596  644
  596  643
  596  597
  597  644
  598 2444
  598  646
  598  645
  599  695
  599  647
  599  646
  599 2444
  600  648
  600  601
  600  647
  601  648
  602  651
  603  651
  604  652
  604  651
  605  654
  605  652
  605  606
  607  702
  607  608
  607  654
  607  655
  608  656
  608  609
  609  610
  609  656
  610  658
  610  611
  611  612
  611  658
  611  660
  612  661
  612  613
  613  662
  613  614
  614  663
  614  662
  614  615
  615  664
  615  710
  615  616
  615  663
  616  665
  616  617
  616  664
  617  665
  617  618
  618  619
  618  667
  618  713
  619  715
  619  667
  619  668
  619  620
  620  669
  620  668
  620  621
  621  717
  621  670
  621  622
  622  623
  622  670
  623  718
  623  671
  624  673
  624  672
  624  625
  625  626
  625  674
  626  675
  626  674
  627  628
  628  723
  628  677
  628  675
  628  629
  629  677
  630  678
  630  677
  631  632
  631  678
  632  633
  632  679
  632  681
  633  634
  633  681
  634  682
  634  683
  635  684
  635  683
  635  636
  636  686
  636  637
  636  684
  637  732
  637  687
  637  638
  639  688
  639  640
  640  736
  640  690
  640  689
  640  641
  641  691
  641  642
  642  643
  643  644
  643  691
  644  694
  644  693
  644  645
  644  692
  646  695
  646  694
  647  696
  647  695
  648  696
  649  696
  650  699
  651  699
  651  652
  652  700
  652  653
  653  700
  653  654
  654  702
  654  701
  655  702
  656  703
  656  704
  656  657
  657  658
  658  705
  658  704
  659  660
  660  661
  660  706
  660  707
  661  662
  661  707
  661  709
  662  709
  663  710
  663  709
  664  711
  664  759
  664  665
  664  710
  665  666
  665  711
  666  712
  666  762
  666  713
  667  715
  667  713
  668  716
  668  715
  669  717
  670  717
  671  766
  671  717
  672  767
  672  719
  672  673
  672  718
  673  720
  673  719
  674  721
  674  675
  675  722
  675  676
  675  721
  676  723
  676  722
  677  725
  677  723
  677  678
  678  725
  679  680
  679  726
  679  725
  680  681
  680  726
  680  727
  680  728
  681  775
  681  729
  681  728
  683  730
  683  729
  683  684
  684  731
  684  730
  685  731
  685  686
  686  731
  687  733
  687  688
  687  732
  688  734
  688  733
  688  689
  689  735
  689  736
  689  734
  690  691
  690  737
  690  736
  691  738
  691  737
  691  692
  692  740
  692  739
  692  693
  692  738
  693  786
  693  741
  693  694
  694  742
  694  741
  694  695
  695  743
  695  742
  696  744
  696  743
  697  744
  699  746
  699  747
  700  749
  700  701
  700  748
  701  795
  701  750
  701  702
  702  703
  703  704
  703  752
  703  750
  704  753
  704  752
  704  705
  705  706
  705  753
  706  754
  706  707
  706  753
  707  708
  707  754
  708  756
  708  709
  709  756
  709  710
  710  758
  710  757
  711  712
  711  759
  712  761
  712  762
  712  760
  713  762
  714  811
  714  763
  714  762
  714  715
  715  764
  715  716
  716  813
  716  717
  716  765
  716  764
  717  814
  717  766
  718  767
  718  766
  719  816
  719  720
  719  767
  720  817
  720  769
  720  768
  720  721
  721  770
  721  722
  722  723
  723  771
  723  770
  724  822
  724  772
  724  725
  724  771
  725  773
  725  726
  725  772
  726  823
  726  774
  726  773
  728  825
  728  775
  728  774
  729  776
  729  730
  729  826
  730  731
  730  776
  730  778
  731  732
  732  779
  732  778
  732  733
  733  780
  733  779
  734  780
  735  782
  735  736
  735  781
  736  782
  736  737
  737  738
  737  784
  738  836
  738  785
  738  784
  739  785
  740  837
  740  786
  740  785
  741  742
  741  786
  742  839
  742  788
  742  787
  743  788
  744  790
  744  789
  746  747
  746  792
  747  748
  747  793
  748  749
  748  794
  748  793
  749  846
  749  795
  749  794
  750  797
  750  751
  750  795
  751  752
  751  798
  751  797
  752  753
  753  754
  753  799
  754  802
  754  800
  754  755
  755  756
  756  803
  756  804
  756  802
  757  758
  758  857
  758  806
  758  805
  759  806
  760  808
  760  806
  760  807
  760  761
  761  809
  761  762
  762  811
  762  809
  764  812
  764  813
  764  811
  765  863
  765  814
  765  813
  766  815
  766  767
  767  815
  768  816
  769  770
  769  817
  770  820
  770  771
  770  819
  771  820
  771  822
  772  823
  772  773
  774  825
  774  823
  775  826
  775  825
  776  827
  776  826
  777  876
  777  778
  777  827
  778  830
  778  828
  778  779
  779  780
  779  830
  780  781
  780  831
  781  832
  781  782
  782  881
  782  834
  782  833
  783  835
  783  784
  784  835
  786  885
  786  838
  786  787
  786  837
  787  886
  787  839
  787  838
  788  841
  788  840
  788  789
  788  839
  789  888
  789  842
  791  844
  792  844
  793  794
  793  845
  793  844
  794  892
  794  845
  795  893
  795  847
  795  846
  796  797
  796  847
  797  847
  797  798
  798  850
  798  849
  798  799
  798  848
  799  851
  799  800
  800  801
  801  852
  801  802
  801  853
  801  851
  802  853
  802  854
  802  803
  803  855
  803  854
  804  855
  804  805
  805  857
  805  855
  806  857
  807  904
  807  808
  807  858
  807  857
  808  858
  808  859
  808  809
  810  907
  810  860
  810  811
  810  859
  811  860
  811  861
  811  812
  813  910
  813  862
  814  864
  814  815
  814  863
  815  913
  815  865
  815  864
  816  866
  816  817
  816  865
  817  866
  817  867
  817  818
  818  868
  818  819
  818  867
  819  868
  819  820
  820  869
  820  868
  821  870
  821  869
  821  822
  822  871
  822  823
  823  872
  823  824
  823  873
  823  871
  824  873
  824  874
  824  825
  825  826
  826  875
  826  874
  828  877
  828  829
  828  876
  830  878
  830  831
  830  877
  831  878
  831  879
  832  879
  832  833
  833  881
  833  880
  833  879
  834  931
  834  882
  834  835
  834  881
  835  883
  835  882
  836  883
  836  837
  837  934
  837  885
  837  884
  837  883
  838  885
  839  887
  839  886
  840  887
  840  841
  841  888
  842  888
  844  890
  844  891
  845  892
  845  891
  846  893
  846  892
  847  944
  847  894
  847  893
  848  849
  848  895
  849  850
  849  896
  850  897
  850  851
  851  852
  851  897
  852  853
  852  899
  852  897
  853  900
  853  899
  855  901
  855  856
  856  903
  856  857
  856  901
  857  904
  858  906
  858  859
  858  904
  859  906
  859  907
  860  861
  860  908
  860  907
  861  909
  861  908
  861  862
  862  910
  862  909
  863  911
  863  864
  863  910
  864  912
  864  911
  865  915
  865  866
  865  913
  866  916
  866  915
  867  917
  867  868
  868  918
  868  869
  869  919
  869  870
  870  920
  870  919
  870  871
  871  872
  871  921
  872  922
  872  921
  873  923
  873  874
  874  924
  874  875
  874  923
  875  924
  875  876
  876  925
  876  877
  876  924
  877  971
  877  926
  877  925
  877  878
  878  879
  878  926
  879  880
  879  927
  879  928
  880  929
  880  930
  881  931
  882  979
  882  883
  882  931
  883  934
  883  979
  884  935
  884  934
  886  936
  886  935
  886  887
  887  937
  887  936
  888  938
  888  937
  889  938
  890  941
  891  941
  891  892
  892  943
  892  942
  892  893
  893  992
  893  944
  894  945
  894  944
  894  895
  895  896
  895  946
  896  995
  896  946
  896  947
  896  897
  897  898
  897  947
  898  997
  898  949
  898  948
  899  950
  899  900
  900  950
  900  901
  901  999
  901  902
  901  951
  901  950
  902 1001
  902  903
  903  952
  904 1002
  904  952
  905  954
  905  953
  906  955
  906  907
  907  955
  908 1006
  908  909
  908  955
  909  956
  909  957
  910  911
  911  957
  911  958
  912 1009
  912  959
  912  958
  914 1010
  914  960
  914  959
  915  960
  915  916
  915  961
  916  917
  916  962
  917  963
  917  918
  918  919
  918  963
  919  920
  919  963
  920  966
  920  921
  920  965
  921  966
  922  967
  922  923
  922  966
  923  924
  923  967
  924  925
  924  968
  925  969
  925  970
  926  927
  926  973
  926  971
  927  974
  927 1023
  927  973
  927  928
  928  929
  928  974
  929  975
  929  976
  930  931
  930  977
  932  977
  933  980
  933  979
  934  935
  935  982
  935  981
  935  936
  935  980
  936 1030
  936  983
  936  937
  937  984
  937  983
  938  986
  938  985
  940  988
  941  988
  941  989
  942  990
  942  943
  942  989
  943  990
  943  991
  944  945
  944  993
  944  994
  944  992
  945  994
  946 1041
  946  994
  946  995
  947 1042
  947  996
  947  948
  948  996
  949  998
  949  950
  949  997
  950  998
  951 1001
  951 1000
  951  999
  952 1002
  952 1001
  953 1003
  953  954
  953 1002
  954 1004
  954  955
  954 1003
  955 1006
  955 1004
  956 1007
  956  957
  957 1007
  957 1008
  957  958
  958 1009
  958 1054
  959 1010
  959 1009
  960  961
  960 1010
  961 1011
  961 1012
  961  962
  962 1013
  962  963
  962 1014
  962 1012
  963  964
  964 1015
  964 1014
  964  965
  965  966
  965 1017
  965 1015
  966 1018
  966  967
  968 1019
  968 1018
  968  969
  969 1020
  969  970
  969 1019
  970 1066
  970 1021
  970 1020
  971  972
  972 1022
  972 1021
  974 1069
  974 1024
  974 1023
  975  976
  976 1025
  976  977
  976 1024
  977 1026
  977 1025
  977  978
  978  979
  978 1026
  979 1028
  979 1027
  979  980
  980  981
  980 1028
  981  982
  981 1028
  982 1029
  983 1076
  983 1031
  983 1030
  984 1031
  984  985
  985 1033
  985 1032
  985 1031
  987 1035
  988 1035
  988 1036
  989 1037
  989  990
  989 1036
  990  991
  991 1038
  991 1037
  992 1038
  993  994
  993 1038
  994 1039
  994 1040
  995 1041
  996 1088
  996 1087
  996  997
  996 1042
  997 1043
  997 1044
  997  998
  998 1045
  998  999
  998 1089
  999 1046
  999 1045
  999 1000
 1000 1047
 1000 1092
 1000 1046
 1001 1048
 1001 1002
 1001 1047
 1002 1003
 1003 1095
 1003 1004
 1003 1048
 1004 1049
 1004 1051
 1005 1051
 1005 1006
 1006 1052
 1006 1007
 1006 1051
 1007 1008
 1007 1053
 1008 1053
 1009 1010
 1009 1054
 1010 1055
 1010 1056
 1011 1057
 1011 1012
 1012 1058
 1012 1013
 1013 1060
 1013 1014
 1013 1058
 1014 1015
 1015 1061
 1015 1062
 1015 1060
 1016 1017
 1017 1018
 1017 1062
 1017 1064
 1018 1064
 1018 1019
 1019 1020
 1019 1064
 1020 1065
 1021 1022
 1021 1068
 1021 1066
 1022 1068
 1022 1023
 1023 1068
 1024 1119
 1024 1070
 1024 1025
 1024 1069
 1025 1026
 1025 1070
 1026 1027
 1026 1071
 1027 1074
 1027 1028
 1027 1072
 1028 1029
 1028 1075
 1029 1030
 1030 1075
 1031 1077
 1031 1032
 1031 1076
 1032 1078
 1033 1078
 1035 1081
 1035 1080
 1036 1082
 1036 1081
 1036 1037
 1037 1083
 1037 1038
 1037 1082
 1038 1039
 1038 1083
 1039 1085
 1039 1040
 1039 1084
 1040 1136
 1040 1085
 1040 1086
 1041 1042
 1042 1087
 1042 1086
 1044 1088
 1045 1046
 1045 1089
 1046 1092
 1046 1090
 1047 1048
 1047 1092
 1048 1093
 1048 1094
 1048 1095
 1049 1096
 1049 1050
 1049 1095
 1050 1097
 1050 1051
 1050 1096
 1051 1052
 1051 1097
 1052 1053
 1052 1098
 1052 1148
 1052 1099
 1053 1099
 1053 1100
 1054 1102
 1054 1100
 1054 1055
 1055 1056
 1056 1104
 1056 1103
 1056 1057
 1056 1102
 1057 1155
 1057 1105
 1057 1058
 1057 1104
 1059 1106
 1059 1105
 1059 1060
 1060 1107
 1060 1106
 1060 1061
 1061 1107
 1062 1109
 1062 1108
 1062 1063
 1063 1110
 1063 1064
 1063 1109
 1064 1113
 1064 1111
 1064 1065
 1065 1066
 1065 1113
 1066 1114
 1066 1067
 1067 1117
 1067 1116
 1067 1068
 1067 1115
 1068 1118
 1068 1069
 1069 1119
 1069 1118
 1070 1120
 1070 1167
 1071 1121
 1071 1120
 1071 1072
 1072 1168
 1072 1073
 1073 1123
 1073 1074
 1073 1122
 1074 1075
 1074 1123
 1074 1124
 1075 1126
 1075 1125
 1075 1124
 1075 1076
 1076 1127
 1076 1077
 1076 1126
 1077 1128
 1077 1127
 1078 1129
 1078 1128
 1080 1131
 1081 1179
 1081 1131
 1081 1132
 1082 1179
 1082 1133
 1082 1083
 1083 1134
 1083 1133
 1084 1134
 1084 1085
 1085 1136
 1085 1134
 1086 1183
 1086 1087
 1086 1136
 1087 1139
 1087 1138
 1087 1088
 1088 1089
 1089 1141
 1089 1140
 1089 1139
 1089 1090
 1090 1091
 1090 1142
 1091 1142
 1091 1143
 1091 1092
 1092 1143
 1093 1144
 1095 1144
 1095 1145
 1095 1096
 1096 1192
 1096 1146
 1096 1145
 1097 1098
 1097 1147
 1098 1148
 1098 1147
 1099 1100
 1099 1150
 1099 1148
 1100 1150
 1101 1152
 1101 1151
 1101 1102
 1101 1150
 1102 1198
 1102 1152
 1102 1153
 1102 1103
 1103 1153
 1104 1200
 1104 1199
 1104 1155
 1104 1154
 1105 1156
 1105 1106
 1105 1155
 1106 1203
 1106 1156
 1106 1157
 1107 1158
 1107 1108
 1108 1109
 1108 1159
 1108 1158
 1109 1159
 1110 1159
 1110 1207
 1110 1160
 1112 1208
 1112 1160
 1112 1161
 1112 1113
 1113 1162
 1113 1161
 1115 1210
 1115 1163
 1115 1116
 1115 1162
 1116 1164
 1116 1163
 1117 1118
 1118 1119
 1118 1164
 1119 1166
 1119 1165
 1119 1167
 1120 1167
 1120 1215
 1120 1168
 1122 1169
 1122 1123
 1122 1168
 1123 1170
 1123 1124
 1124 1170
 1124 1125
 1125 1172
 1125 1126
 1125 1171
 1126 1127
 1126 1173
 1127 1176
 1127 1175
 1127 1174
 1128 1177
 1128 1176
 1131 1225
 1131 1178
 1132 1225
 1133 1226
 1133 1180
 1133 1134
 1134 1182
 1134 1180
 1134 1135
 1136 1229
 1136 1182
 1137 1184
 1137 1183
 1138 1231
 1138 1139
 1138 1185
 1139 1140
 1140 1186
 1140 1185
 1141 1234
 1141 1187
 1141 1186
 1141 1142
 1142 1143
 1142 1187
 1143 1189
 1143 1188
 1143 1144
 1144 1190
 1144 1191
 1144 1189
 1144 1145
 1145 1191
 1146 1193
 1146 1147
 1146 1192
 1147 1148
 1147 1194
 1148 1194
 1148 1149
 1149 1150
 1149 1194
 1150 1196
 1150 1195
 1151 1196
 1151 1197
 1152 1198
 1153 1246
 1153 1199
 1153 1198
 1154 1199
 1155 1202
 1155 1156
 1155 1200
 1156 1250
 1156 1202
 1157 1204
 1157 1158
 1157 1203
 1158 1206
 1158 1159
 1158 1204
 1159 1207
 1159 1206
 1160 1208
 1160 1207
 1161 1209
 1161 1162
 1161 1208
 1162 1210
 1162 1209
 1163 1164
 1163 1212
 1163 1210
 1164 1165
 1165 1166
 1165 1213
 1165 1214
 1165 1212
 1166 1167
 1167 1262
 1167 1214
 1167 1215
 1168 1169
 1168 1216
 1168 1215
 1169 1170
 1170 1218
 1170 1217
 1171 1219
 1171 1218
 1171 1172
 1172 1220
 1172 1219
 1174 1221
 1174 1220
 1174 1175
 1175 1222
 1175 1221
 1176 1222
 1177 1222
 1178 1225
 1179 1226
 1179 1225
 1180 1227
 1180 1226
 1181 1227
 1181 1182
 1182 1229
 1182 1276
 1182 1228
 1183 1278
 1183 1184
 1183 1230
 1183 1229
 1184 1230
 1184 1231
 1185 1232
 1185 1186
 1185 1231
 1186 1232
 1186 1234
 1187 1235
 1187 1234
 1188 1189
 1188 1236
 1189 1238
 1189 1236
 1189 1190
 1190 1191
 1190 1239
 1190 1238
 1191 1287
 1191 1240
 1191 1192
 1192 1193
 1193 1242
 1193 1194
 1193 1240
 1194 1242
 1195 1242
 1195 1243
 1195 1196
 1196 1197
 1196 1245
 1196 1243
 1197 1245
 1197 1198
 1198 1246
 1198 1245
 1199 1247
 1199 1246
 1200 1201
 1201 1248
 1202 1250
 1202 1248
 1203 1251
 1203 1250
 1204 1252
 1204 1205
 1205 1206
 1206 1253
 1206 1207
 1207 1208
 1207 1253
 1208 1256
 1208 1209
 1208 1254
 1209 1256
 1210 1211
 1210 1256
 1211 1212
 1211 1258
 1211 1259
 1211 1257
 1212 1260
 1212 1213
 1212 1259
 1213 1260
 1213 1214
 1214 1261
 1214 1262
 1215 1216
 1215 1262
 1216 1264
 1216 1263
 1216 1265
 1216 1217
 1217 1218
 1217 1266
 1217 1265
 1218 1219
 1218 1267
 1219 1220
 1219 1268
 1220 1269
 1220 1221
 1220 1268
 1221 1269
 1221 1222
 1222 1270
 1223 1270
 1224 1273
 1225 1273
 1226 1227
 1226 1275
 1226 1273
 1227 1275
 1228 1276
 1229 1278
 1229 1276
 1230 1231
 1230 1279
 1230 1278
 1231 1279
 1231 1232
 1232 1281
 1232 1280
 1233 1281
 1234 1282
 1234 1235
 1235 1236
 1235 1282
 1236 1330
 1236 1283
 1236 1284
 1237 1284
 1237 1238
 1238 1285
 1238 1239
 1238 1284
 1239 1286
 1239 1285
 1240 1288
 1240 1241
 1240 1287
 1241 1242
 1241 1289
 1242 1289
 1242 1291
 1242 1243
 1243 1292
 1243 1291
 1244 1245
 1245 1338
 1245 1246
 1245 1294
 1246 1294
 1246 1295
 1247 1296
 1247 1248
 1248 1249
 1249 1297
 1249 1296
 1250 1298
 1250 1251
 1250 1297
 1251 1298
 1251 1252
 1252 1253
 1252 1298
 1253 1254
 1253 1299
 1254 1300
 1254 1255
 1255 1303
 1255 1256
 1255 1302
 1255 1301
 1256 1303
 1257 1258
 1258 1305
 1258 1304
 1259 1352
 1259 1305
 1259 1306
 1259 1260
 1260 1261
 1261 1262
 1261 1306
 1261 1307
 1261 1308
 1262 1308
 1262 1309
 1263 1355
 1263 1264
 1263 1309
 1263 1310
 1264 1310
 1264 1311
 1265 1266
 1266 1358
 1266 1312
 1266 1267
 1266 1311
 1267 1313
 1267 1312
 1267 1268
 1268 1315
 1268 1269
 1268 1313
 1269 1316
 1270 1318
 1270 1317
 1272 1320
 1273 1320
 1273 1274
 1273 1321
 1274 1322
 1274 1275
 1274 1321
 1275 1323
 1275 1322
 1275 1276
 1276 1371
 1276 1324
 1276 1323
 1278 1325
 1278 1279
 1278 1324
 1279 1373
 1279 1326
 1279 1325
 1280 1327
 1280 1281
 1281 1282
 1282 1328
 1282 1283
 1282 1329
 1282 1327
 1283 1330
 1283 1329
 1284 1330
 1285 1332
 1285 1330
 1285 1286
 1286 1333
 1286 1332
 1287 1334
 1287 1288
 1288 1289
 1288 1334
 1289 1335
 1289 1334
 1290 1384
 1290 1336
 1290 1291
 1290 1335
 1291 1336
 1291 1337
 1292 1293
 1292 1337
 1293 1338
 1293 1337
 1294 1295
 1294 1338
 1295 1341
 1295 1296
 1295 1340
 1295 1339
 1296 1341
 1296 1342
 1296 1297
 1297 1298
 1298 1342
 1298 1344
 1298 1299
 1299 1300
 1299 1345
 1299 1344
 1300 1346
 1301 1347
 1301 1302
 1302 1303
 1303 1348
 1303 1349
 1303 1304
 1303 1347
 1304 1349
 1304 1350
 1304 1305
 1305 1351
 1305 1350
 1306 1353
 1306 1307
 1306 1401
 1306 1352
 1307 1402
 1307 1353
 1307 1354
 1308 1354
 1309 1355
 1310 1357
 1310 1311
 1310 1355
 1311 1358
 1311 1357
 1312 1313
 1312 1360
 1312 1358
 1313 1361
 1313 1314
 1314 1361
 1314 1362
 1314 1315
 1315 1363
 1315 1362
 1315 1316
 1316 1317
 1316 1363
 1317 1364
 1317 1363
 1318 1364
 1320 1367
 1320 1366
 1321 1368
 1321 1322
 1322 1370
 1322 1323
 1322 1368
 1323 1371
 1324 1420
 1324 1325
 1324 1372
 1324 1371
 1325 1372
 1326 1327
 1326 1374
 1326 1375
 1326 1373
 1327 1375
 1327 1328
 1328 1425
 1328 1329
 1328 1377
 1329 1426
 1329 1378
 1329 1330
 1330 1379
 1330 1378
 1332 1429
 1332 1380
 1332 1333
 1332 1379
 1333 1382
 1333 1381
 1333 1334
 1333 1380
 1334 1383
 1334 1335
 1335 1384
 1336 1385
 1336 1337
 1336 1386
 1337 1338
 1337 1387
 1338 1387
 1338 1388
 1339 1340
 1340 1341
 1340 1389
 1340 1388
 1341 1439
 1341 1391
 1341 1342
 1342 1393
 1342 1343
 1342 1391
 1343 1344
 1343 1393
 1344 1393
 1344 1394
 1345 1396
 1345 1394
 1345 1346
 1346 1397
 1346 1347
 1346 1396
 1347 1348
 1348 1397
 1348 1398
 1349 1398
 1350 1351
 1350 1398
 1351 1400
 1351 1399
 1352 1400
 1353 1450
 1353 1402
 1354 1404
 1354 1403
 1354 1355
 1354 1402
 1355 1356
 1355 1404
 1356 1406
 1356 1357
 1357 1454
 1357 1407
 1357 1358
 1358 1407
 1358 1359
 1359 1408
 1359 1407
 1360 1361
 1361 1409
 1361 1362
 1361 1408
 1362 1363
 1362 1410
 1363 1411
 1363 1412
 1364 1413
 1365 1413
 1367 1463
 1367 1416
 1367 1415
 1367 1368
 1368 1417
 1368 1369
 1369 1370
 1369 1417
 1370 1418
 1370 1420
 1371 1420
 1372 1422
 1372 1421
 1372 1420
 1373 1423
 1373 1374
 1374 1375
 1375 1423
 1376 1424
 1376 1425
 1377 1426
 1378 1379
 1378 1428
 1378 1426
 1379 1428
 1379 1429
 1380 1430
 1380 1429
 1381 1430
 1381 1431
 1381 1382
 1382 1383
 1383 1431
 1384 1433
 1384 1432
 1385 1386
 1386 1433
 1386 1434
 1387 1435
 1387 1388
 1387 1434
 1388 1437
 1388 1436
 1388 1435
 1388 1389
 1389 1484
 1389 1438
 1389 1437
 1390 1438
 1390 1439
 1391 1440
 1391 1439
 1392 1441
 1392 1393
 1392 1440
 1393 1394
 1393 1442
 1394 1442
 1395 1396
 1396 1445
 1396 1443
 1396 1397
 1397 1492
 1397 1446
 1397 1445
 1397 1398
 1398 1448
 1398 1399
 1398 1446
 1399 1449
 1399 1400
 1400 1401
 1400 1450
 1402 1450
 1403 1499
 1403 1451
 1403 1404
 1404 1453
 1404 1452
 1406 1454
 1406 1453
 1407 1456
 1407 1408
 1407 1454
 1408 1457
 1408 1409
 1410 1504
 1410 1457
 1411 1459
 1411 1458
 1411 1412
 1412 1460
 1412 1413
 1412 1459
 1413 1461
 1413 1460
 1415 1463
 1416 1511
 1416 1510
 1416 1417
 1417 1418
 1417 1464
 1417 1511
 1418 1464
 1418 1465
 1418 1419
 1420 1466
 1420 1465
 1420 1421
 1421 1515
 1421 1467
 1421 1466
 1422 1423
 1423 1469
 1423 1424
 1423 1467
 1424 1469
 1424 1425
 1424 1470
 1425 1470
 1425 1471
 1425 1426
 1426 1520
 1426 1472
 1427 1472
 1428 1473
 1428 1429
 1428 1472
 1429 1474
 1429 1430
 1429 1473
 1430 1431
 1430 1475
 1430 1474
 1431 1432
 1431 1476
 1432 1479
 1432 1477
 1432 1478
 1432 1433
 1433 1526
 1433 1480
 1433 1479
 1433 1434
 1434 1482
 1434 1435
 1434 1480
 1435 1482
 1436 1483
 1436 1482
 1437 1483
 1437 1484
 1438 1485
 1438 1484
 1439 1486
 1439 1440
 1439 1485
 1440 1441
 1440 1486
 1441 1487
 1441 1488
 1441 1442
 1442 1489
 1442 1443
 1442 1488
 1443 1491
 1443 1444
 1443 1489
 1444 1491
 1446 1493
 1446 1492
 1447 1448
 1448 1494
 1448 1449
 1448 1493
 1448 1495
 1449 1496
 1449 1495
 1449 1450
 1450 1451
 1450 1498
 1450 1497
 1450 1496
 1451 1499
 1451 1498
 1452 1453
 1452 1500
 1452 1499
 1453 1501
 1453 1454
 1453 1500
 1454 1455
 1455 1456
 1455 1501
 1456 1502
 1456 1503
 1456 1457
 1457 1504
 1457 1503
 1458 1505
 1458 1459
 1458 1504
 1459 1507
 1459 1506
 1459 1505
 1460 1508
 1460 1507
 1463 1510
 1463 1509
 1464 1465
 1464 1511
 1465 1466
 1465 1512
 1465 1513
 1466 1515
 1466 1513
 1467 1516
 1467 1468
 1467 1515
 1468 1563
 1469 1518
 1469 1517
 1469 1470
 1470 1565
 1470 1471
 1470 1519
 1471 1520
 1471 1566
 1472 1521
 1472 1520
 1473 1474
 1474 1475
 1474 1521
 1474 1568
 1475 1522
 1475 1523
 1476 1524
 1476 1523
 1477 1478
 1477 1525
 1477 1524
 1478 1525
 1479 1526
 1480 1527
 1480 1526
 1481 1528
 1481 1482
 1482 1530
 1482 1483
 1482 1528
 1483 1530
 1484 1530
 1484 1531
 1485 1486
 1486 1531
 1486 1487
 1487 1580
 1487 1533
 1487 1532
 1487 1488
 1488 1489
 1488 1535
 1488 1533
 1489 1535
 1490 1491
 1490 1536
 1490 1535
 1491 1538
 1491 1537
 1491 1492
 1491 1536
 1492 1538
 1492 1493
 1493 1539
 1493 1494
 1493 1540
 1493 1538
 1494 1540
 1494 1495
 1495 1542
 1495 1541
 1497 1544
 1497 1543
 1497 1498
 1498 1545
 1498 1544
 1499 1546
 1499 1500
 1500 1501
 1500 1547
 1501 1548
 1501 1502
 1501 1547
 1502 1549
 1502 1548
 1502 1503
 1503 1550
 1503 1504
 1503 1549
 1504 1505
 1504 1550
 1505 1551
 1506 1553
 1506 1552
 1506 1507
 1507 1554
 1507 1553
 1508 1554
 1510 1603
 1510 1557
 1510 1556
 1511 1557
 1511 1558
 1511 1512
 1512 1559
 1512 1513
 1512 1558
 1513 1561
 1513 1559
 1513 1514
 1514 1515
 1514 1561
 1515 1562
 1515 1516
 1516 1609
 1516 1563
 1516 1562
 1517 1564
 1517 1563
 1518 1565
 1519 1566
 1519 1565
 1520 1521
 1520 1566
 1521 1568
 1521 1567
 1522 1523
 1522 1568
 1523 1524
 1523 1569
 1523 1570
 1524 1618
 1524 1525
 1524 1570
 1525 1573
 1525 1618
 1525 1526
 1526 1573
 1527 1574
 1527 1528
 1527 1573
 1528 1575
 1529 1576
 1529 1530
 1530 1531
 1530 1578
 1530 1576
 1531 1578
 1531 1579
 1531 1532
 1532 1580
 1532 1579
 1533 1534
 1533 1580
 1534 1581
 1534 1582
 1534 1535
 1535 1536
 1535 1583
 1535 1630
 1536 1584
 1536 1583
 1537 1538
 1538 1585
 1538 1539
 1538 1584
 1539 1587
 1539 1540
 1540 1587
 1540 1541
 1541 1589
 1541 1588
 1542 1543
 1542 1589
 1543 1589
 1544 1591
 1544 1545
 1544 1590
 1545 1592
 1545 1591
 1545 1546
 1546 1640
 1546 1593
 1546 1547
 1546 1592
 1547 1594
 1547 1593
 1548 1595
 1548 1549
 1549 1550
 1549 1596
 1550 1596
 1551 1598
 1551 1596
 1551 1552
 1552 1553
 1552 1598
 1553 1600
 1553 1599
 1553 1598
 1554 1601
 1554 1600
 1556 1603
 1557 1605
 1557 1558
 1557 1604
 1558 1559
 1559 1605
 1560 1607
 1560 1561
 1560 1606
 1561 1608
 1561 1607
 1561 1562
 1562 1609
 1562 1608
 1563 1656
 1563 1564
 1564 1610
 1564 1611
 1564 1565
 1565 1612
 1565 1611
 1566 1613
 1566 1567
 1567 1614
 1567 1568
 1568 1614
 1568 1569
 1569 1616
 1569 1570
 1569 1615
 1570 1617
 1570 1616
 1571 1617
 1571 1618
 1572 1573
 1572 1619
 1572 1618
 1573 1619
 1573 1574
 1574 1667
 1574 1621
 1574 1575
 1574 1620
 1575 1622
 1575 1621
 1575 1576
 1576 1577
 1576 1622
 1577 1624
 1577 1623
 1577 1578
 1578 1579
 1578 1624
 1579 1580
 1579 1625
 1580 1627
 1580 1626
 1580 1628
 1581 1629
 1581 1582
 1582 1630
 1583 1675
 1583 1584
 1583 1631
 1583 1630
 1584 1585
 1584 1631
 1584 1632
 1585 1633
 1585 1632
 1586 1634
 1586 1633
 1587 1588
 1588 1680
 1588 1636
 1588 1589
 1588 1634
 1589 1636
 1589 1590
 1590 1681
 1590 1637
 1590 1591
 1590 1636
 1591 1592
 1591 1637
 1592 1638
 1592 1640
 1593 1686
 1593 1641
 1593 1594
 1594 1595
 1594 1641
 1595 1642
 1595 1643
 1595 1596
 1596 1644
 1596 1643
 1597 1690
 1597 1645
 1597 1598
 1597 1644
 1598 1646
 1598 1645
 1598 1599
 1599 1647
 1599 1646
 1600 1648
 1600 1647
 1602 1650
 1603 1650
 1604 1605
 1604 1651
 1604 1650
 1605 1651
 1605 1652
 1606 1653
 1606 1607
 1607 1608
 1608 1609
 1608 1653
 1609 1656
 1609 1655
 1609 1654
 1610 1656
 1610 1611
 1611 1612
 1611 1658
 1611 1657
 1612 1659
 1612 1613
 1612 1658
 1613 1614
 1613 1660
 1613 1659
 1614 1661
 1614 1615
 1615 1662
 1615 1616
 1615 1661
 1616 1662
 1616 1663
 1617 1618
 1618 1663
 1618 1619
 1619 1620
 1619 1665
 1619 1664
 1620 1667
 1620 1715
 1621 1668
 1621 1667
 1623 1669
 1623 1624
 1623 1668
 1624 1718
 1624 1670
 1624 1669
 1625 1671
 1625 1670
 1626 1627
 1627 1672
 1627 1671
 1628 1672
 1628 1629
 1629 1673
 1629 1630
 1630 1723
 1630 1675
 1630 1674
 1631 1632
 1631 1675
 1632 1676
 1632 1633
 1633 1726
 1633 1634
 1633 1677
 1634 1679
 1634 1678
 1634 1635
 1635 1729
 1635 1679
 1636 1731
 1636 1680
 1637 1638
 1637 1683
 1637 1681
 1638 1684
 1638 1639
 1638 1683
 1639 1684
 1639 1640
 1639 1685
 1640 1686
 1641 1735
 1641 1687
 1641 1686
 1642 1737
 1642 1688
 1642 1643
 1643 1688
 1643 1644
 1644 1690
 1645 1741
 1645 1692
 1645 1646
 1645 1690
 1646 1692
 1646 1647
 1647 1694
 1647 1693
 1648 1694
 1649 1697
 1650 1697
 1650 1698
 1651 1699
 1651 1652
 1651 1698
 1652 1700
 1652 1701
 1652 1699
 1652 1653
 1653 1749
 1653 1750
 1653 1654
 1653 1702
 1653 1701
 1654 1655
 1654 1702
 1655 1703
 1655 1704
 1656 1657
 1657 1658
 1657 1704
 1658 1705
 1658 1659
 1659 1660
 1659 1708
 1659 1706
 1660 1708
 1661 1758
 1661 1709
 1661 1662
 1661 1708
 1662 1759
 1662 1663
 1662 1709
 1662 1710
 1663 1712
 1663 1711
 1663 1710
 1663 1664
 1664 1665
 1664 1713
 1664 1712
 1665 1713
 1666 1715
 1666 1713
 1667 1668
 1668 1716
 1668 1717
 1669 1718
 1670 1720
 1670 1671
 1670 1719
 1671 1721
 1671 1672
 1672 1673
 1673 1770
 1673 1721
 1673 1674
 1674 1771
 1674 1723
 1674 1722
 1675 1772
 1675 1724
 1675 1723
 1676 1725
 1676 1677
 1677 1725
 1678 1775
 1678 1679
 1678 1727
 1678 1726
 1679 1727
 1679 1729
 1680 1731
 1680 1730
 1680 1729
 1681 1731
 1682 1732
 1682 1683
 1682 1779
 1683 1684
 1683 1732
 1684 1734
 1684 1733
 1685 1735
 1687 1736
 1687 1737
 1687 1735
 1688 1739
 1688 1689
 1688 1737
 1689 1690
 1690 1740
 1690 1739
 1691 1741
 1692 1693
 1692 1741
 1693 1743
 1693 1742
 1695 1743
 1697 1746
 1697 1745
 1697 1698
 1698 1747
 1698 1699
 1698 1748
 1700 1795
 1700 1749
 1700 1748
 1701 1749
 1702 1797
 1702 1703
 1702 1752
 1702 1750
 1703 1752
 1703 1753
 1703 1704
 1704 1705
 1705 1753
 1705 1706
 1706 1756
 1706 1707
 1706 1754
 1707 1757
 1707 1708
 1708 1758
 1709 1804
 1709 1758
 1710 1805
 1710 1760
 1710 1759
 1711 1712
 1712 1713
 1712 1761
 1712 1762
 1713 1764
 1713 1763
 1715 1765
 1715 1764
 1715 1716
 1716 1810
 1716 1766
 1716 1717
 1716 1765
 1717 1811
 1717 1766
 1717 1718
 1717 1767
 1719 1768
 1719 1720
 1719 1767
 1720 1769
 1720 1721
 1720 1768
 1722 1816
 1722 1815
 1722 1771
 1722 1770
 1723 1772
 1723 1771
 1724 1773
 1724 1772
 1725 1774
 1725 1726
 1726 1775
 1726 1774
 1727 1776
 1727 1775
 1729 1823
 1729 1777
 1729 1776
 1730 1731
 1731 1777
 1731 1778
 1731 1779
 1732 1826
 1732 1780
 1732 1779
 1733 1734
 1734 1735
 1734 1782
 1734 1781
 1734 1780
 1735 1784
 1735 1736
 1735 1782
 1736 1784
 1736 1785
 1737 1785
 1738 1786
 1738 1739
 1739 1787
 1739 1740
 1739 1786
 1740 1787
 1740 1788
 1740 1741
 1741 1742
 1742 1789
 1742 1788
 1743 1790
 1743 1789
 1743 1744
 1744 1790
 1745 1793
 1746 1793
 1747 1794
 1747 1748
 1747 1795
 1749 1796
 1749 1795
 1751 1797
 1751 1796
 1752 1753
 1753 1754
 1753 1799
 1753 1798
 1754 1800
 1754 1799
 1754 1755
 1755 1756
 1755 1801
 1755 1800
 1756 1802
 1756 1801
 1756 1757
 1757 1803
 1757 1802
 1759 1853
 1759 1805
 1759 1804
 1760 1854
 1760 1806
 1760 1761
 1760 1805
 1761 1762
 1762 1806
 1762 1807
 1763 1764
 1764 1808
 1764 1765
 1764 1807
 1765 1810
 1765 1808
 1766 1859
 1766 1811
 1767 1860
 1767 1812
 1767 1768
 1767 1811
 1768 1814
 1768 1769
 1768 1812
 1769 1770
 1770 1814
 1770 1815
 1771 1772
 1771 1816
 1772 1867
 1772 1819
 1772 1773
 1772 1817
 1773 1774
 1774 1820
 1774 1819
 1774 1775
 1775 1776
 1775 1822
 1776 1822
 1776 1823
 1777 1824
 1777 1778
 1777 1823
 1778 1824
 1778 1779
 1779 1826
 1780 1828
 1780 1781
 1780 1827
 1780 1826
 1781 1828
 1782 1876
 1782 1783
 1783 1830
 1783 1829
 1783 1784
 1784 1830
 1785 1786
 1785 1830
 1786 1833
 1786 1787
 1786 1831
 1787 1788
 1787 1833
 1788 1836
 1788 1835
 1788 1834
 1788 1789
 1789 1884
 1789 1837
 1789 1836
 1790 1885
 1790 1838
 1792 1840
 1793 1840
 1793 1841
 1793 1794
 1794 1795
 1794 1842
 1794 1841
 1795 1843
 1795 1890
 1795 1796
 1795 1842
 1796 1844
 1796 1843
 1796 1797
 1797 1846
 1797 1798
 1797 1845
 1797 1844
 1798 1799
 1799 1848
 1799 1800
 1799 1846
 1800 1801
 1801 1850
 1801 1848
 1801 1802
 1802 1851
 1802 1850
 1803 1804
 1804 1852
 1804 1851
 1804 1853
 1805 1854
 1805 1904
 1806 1807
 1806 1855
 1806 1854
 1807 1855
 1807 1856
 1807 1808
 1808 1858
 1808 1809
 1808 1856
 1809 1858
 1810 1909
 1811 1859
 1812 1861
 1812 1912
 1812 1860
 1813 1862
 1813 1814
 1814 1815
 1814 1863
 1814 1862
 1815 1863
 1815 1816
 1816 1865
 1816 1864
 1817 1818
 1818 1867
 1819 1820
 1819 1868
 1819 1867
 1820 1868
 1820 1869
 1821 1870
 1821 1822
 1822 1920
 1822 1823
 1822 1870
 1823 1871
 1823 1872
 1824 1872
 1825 1873
 1825 1826
 1826 1874
 1826 1873
 1827 1924
 1827 1875
 1827 1828
 1828 1876
 1828 1875
 1829 1830
 1829 1877
 1830 1877
 1830 1831
 1831 1832
 1831 1879
 1831 1880
 1831 1878
 1832 1929
 1832 1880
 1832 1881
 1833 1882
 1833 1834
 1833 1881
 1834 1883
 1834 1882
 1836 1932
 1836 1884
 1836 1883
 1837 1933
 1837 1885
 1837 1884
 1838 1885
 1839 1888
 1840 1888
 1841 1842
 1841 1889
 1841 1888
 1842 1889
 1843 1844
 1843 1892
 1843 1890
 1844 1845
 1844 1893
 1845 1940
 1845 1894
 1845 1846
 1846 1895
 1846 1847
 1846 1894
 1847 1897
 1847 1895
 1847 1848
 1848 1849
 1848 1898
 1848 1897
 1849 1898
 1849 1899
 1850 1899
 1850 1851
 1850 1900
 1851 1901
 1851 1900
 1851 1852
 1852 1903
 1852 1902
 1852 1901
 1853 1904
 1854 1905
 1854 1904
 1855 1856
 1855 1905
 1856 1906
 1856 1857
 1857 1908
 1857 1858
 1857 1907
 1858 1909
 1858 1908
 1859 1911
 1859 1860
 1859 1909
 1860 1912
 1860 1911
 1861 1958
 1861 1913
 1861 1912
 1862 1863
 1863 1913
 1863 1864
 1864 1865
 1865 1916
 1865 1915
 1865 1866
 1866 1962
 1866 1916
 1867 1917
 1867 1868
 1868 1869
 1868 1919
 1868 1917
 1869 1919
 1869 1870
 1870 1966
 1871 1872
 1872 1873
 1872 1922
 1872 1921
 1873 1923
 1873 1922
 1874 1970
 1874 1924
 1874 1923
 1875 1972
 1875 1926
 1875 1876
 1875 1924
 1876 1926
 1876 1877
 1877 1926
 1878 1928
 1878 1927
 1879 1928
 1880 1929
 1880 1928
 1881 1882
 1881 1929
 1882 1931
 1882 1930
 1883 1979
 1883 1932
 1884 1932
 1885 1934
 1885 1933
 1888 1936
 1888 1935
 1889 1890
 1889 1937
 1889 1938
 1889 1936
 1890 1938
 1890 1891
 1891 1892
 1892 1939
 1892 1940
 1894 1942
 1894 1940
 1894 1895
 1895 1990
 1895 1943
 1895 1942
 1897 1943
 1897 1944
 1897 1898
 1898 1946
 1898 1899
 1898 1944
 1900 1901
 1900 1947
 1900 1946
 1901 1948
 1901 1947
 1902 1948
 1903 1949
 1903 1948
 1904 1997
 1904 1950
 1904 1949
 1904 1905
 1905 1951
 1905 1950
 1906 1907
 1906 1951
 1907 1952
 1907 1951
 1907 1908
 1908 1909
 1908 1954
 1908 1952
 1909 1955
 1909 1954
 1910 1956
 1910 1955
 1911 1912
 1911 1957
 1911 1956
 1912 1958
 1913 1959
 1913 1914
 1913 1958
 1914 1960
 1914 1915
 1915 1916
 1915 1960
 1915 1961
 1916 1961
 1917 1918
 1917 1963
 1917 1962
 1918 1919
 1918 1963
 1918 1964
 1919 1965
 1919 1966
 1920 1921
 1920 1967
 1920 1966
 1921 1967
 1922 1969
 1922 2015
 1922 1968
 1922 1923
 1923 1969
 1924 1925
 1924 1970
 1925 2018
 1925 1972
 1926 1927
 1926 1972
 1927 1974
 1927 1973
 1927 1928
 1928 1929
 1928 1974
 1929 1976
 1929 1930
 1930 2023
 1930 1978
 1930 1931
 1930 1977
 1931 2024
 1931 1979
 1932 1980
 1932 1979
 1933 1982
 1933 1981
 1935 1984
 1936 1984
 1936 1937
 1937 1985
 1937 1938
 1938 1986
 1938 1939
 1938 1985
 1939 1987
 1939 1986
 1939 1940
 1940 1941
 1940 1989
 1940 1988
 1940 1987
 1942 1989
 1942 1990
 1943 1991
 1943 1944
 1943 1990
 1944 1945
 1944 1991
 1945 1992
 1945 1993
 1945 1946
 1946 1994
 1946 1947
 1946 1993
 1947 1948
 1947 1994
 1948 1995
 1948 1996
 1949 2041
 1949 1996
 1950 1951
 1950 1998
 1951 2000
 1951 1952
 1951 1998
 1952 1953
 1952 2001
 1954 2002
 1954 1955
 1954 2001
 1955 1956
 1955 2003
 1956 1957
 1956 2004
 1957 1958
 1958 2006
 1958 1959
 1958 2004
 1959 2054
 1959 2007
 1959 1960
 1959 2006
 1960 2007
 1960 1961
 1961 2009
 1961 1962
 1962 2010
 1962 1963
 1963 2011
 1963 1964
 1963 2010
 1964 2012
 1964 2011
 1965 2013
 1965 1966
 1966 2014
 1966 1967
 1967 2014
 1968 2015
 1968 2014
 1969 2017
 1969 1970
 1969 2015
 1970 1971
 1971 2018
 1971 2017
 1972 2067
 1972 2019
 1972 2018
 1973 2020
 1973 1974
 1974 2069
 1974 1975
 1974 2021
 1975 1976
 1976 2070
 1976 2022
 1976 2021
 1977 2023
 1977 2022
 1978 2024
 1978 2023
 1979 2026
 1979 1980
 1979 2024
 1980 2027
 1980 2026
 1980 1981
 1981 2027
 1982 2027
 1984 2078
 1984 2029
 1985 2031
 1985 1986
 1985 2030
 1986 2032
 1987 2032
 1987 2033
 1987 1988
 1988 2082
 1988 2034
 1988 1989
 1989 2083
 1989 2035
 1989 2034
 1989 1990
 1990 2035
 1991 1992
 1991 2037
 1991 2036
 1992 1993
 1992 2037
 1993 1994
 1993 2037
 1994 2038
 1994 2039
 1995 2040
 1995 2039
 1995 1996
 1996 2041
 1997 1998
 1997 2041
 1998 2043
 1998 2042
 1999 2043
 1999 2000
 1999 2045
 2000 2045
 2000 2046
 2000 2001
 2001 2047
 2001 2048
 2001 2046
 2001 2002
 2002 2049
 2002 2003
 2002 2048
 2003 2004
 2003 2049
 2004 2052
 2004 2051
 2004 2050
 2004 2005
 2005 2052
 2006 2053
 2007 2055
 2007 2054
 2008 2055
 2008 2009
 2009 2010
 2009 2057
 2010 2011
 2010 2058
 2011 2012
 2011 2059
 2012 2060
 2012 2059
 2012 2013
 2013 2060
 2013 2014
 2014 2015
 2014 2063
 2014 2061
 2015 2064
 2015 2063
 2016 2017
 2017 2066
 2017 2018
 2017 2064
 2018 2066
 2019 2068
 2019 2020
 2019 2067
 2020 2069
 2020 2068
 2021 2070
 2021 2069
 2022 2071
 2022 2070
 2023 2024
 2023 2072
 2024 2119
 2024 2073
 2024 2072
 2026 2074
 2026 2073
 2027 2075
 2027 2074
 2028 2075
 2029 2078
 2030 2080
 2030 2079
 2030 2031
 2030 2078
 2031 2081
 2031 2032
 2032 2081
 2034 2083
 2034 2130
 2035 2085
 2035 2036
 2035 2083
 2036 2086
 2036 2085
 2036 2037
 2037 2087
 2037 2038
 2038 2088
 2038 2039
 2038 2087
 2039 2138
 2039 2040
 2039 2089
 2040 2041
 2041 2090
 2041 2089
 2042 2090
 2042 2091
 2042 2043
 2043 2142
 2043 2091
 2043 2092
 2045 2143
 2045 2144
 2045 2046
 2045 2092
 2045 2093
 2046 2093
 2046 2094
 2047 2094
 2048 2095
 2048 2049
 2048 2094
 2049 2095
 2049 2050
 2050 2097
 2050 2098
 2050 2051
 2050 2096
 2051 2098
 2052 2099
 2052 2098
 2053 2100
 2053 2054
 2054 2100
 2054 2055
 2055 2101
 2055 2100
 2056 2057
 2057 2058
 2057 2102
 2058 2104
 2058 2103
 2059 2105
 2059 2060
 2060 2107
 2060 2106
 2060 2105
 2061 2108
 2061 2062
 2063 2108
 2063 2064
 2064 2110
 2064 2109
 2064 2065
 2065 2112
 2065 2111
 2065 2066
 2065 2110
 2066 2113
 2066 2112
 2067 2114
 2067 2113
 2067 2068
 2068 2069
 2068 2115
 2069 2117
 2069 2115
 2069 2070
 2070 2117
 2071 2117
 2071 2118
 2071 2072
 2072 2119
 2073 2120
 2073 2074
 2073 2119
 2074 2122
 2074 2121
 2074 2120
 2075 2123
 2075 2122
 2077 2125
 2078 2125
 2078 2126
 2079 2080
 2079 2127
 2079 2126
 2080 2127
 2080 2128
 2080 2081
 2081 2129
 2081 2128
 2081 2082
 2082 2130
 2082 2129
 2083 2084
 2083 2130
 2084 2085
 2084 2131
 2085 2086
 2085 2132
 2086 2133
 2086 2087
 2087 2137
 2087 2136
 2087 2088
 2088 2137
 2088 2138
 2089 2090
 2089 2138
 2090 2091
 2090 2139
 2090 2141
 2091 2142
 2092 2143
 2092 2142
 2093 2094
 2093 2145
 2094 2095
 2094 2195
 2094 2146
 2095 2196
 2095 2146
 2095 2147
 2097 2148
 2097 2098
 2097 2147
 2098 2150
 2098 2148
 2098 2099
 2099 2100
 2099 2151
 2099 2150
 2100 2153
 2100 2151
 2100 2101
 2101 2202
 2101 2154
 2101 2102
 2101 2153
 2102 2203
 2102 2155
 2102 2103
 2103 2104
 2103 2156
 2103 2155
 2104 2105
 2105 2206
 2105 2157
 2105 2156
 2105 2106
 2106 2158
 2106 2157
 2107 2158
 2107 2159
 2107 2108
 2108 2160
 2108 2109
 2108 2159
 2109 2161
 2109 2110
 2109 2160
 2110 2163
 2110 2161
 2110 2111
 2111 2164
 2112 2164
 2112 2113
 2113 2114
 2113 2166
 2113 2164
 2114 2166
 2114 2115
 2115 2168
 2115 2167
 2116 2170
 2116 2117
 2116 2168
 2116 2169
 2117 2171
 2117 2118
 2118 2172
 2118 2171
 2118 2119
 2119 2120
 2119 2172
 2120 2174
 2120 2121
 2121 2175
 2121 2174
 2122 2176
 2122 2175
 2125 2225
 2125 2178
 2125 2177
 2126 2226
 2126 2178
 2126 2179
 2126 2127
 2127 2128
 2127 2179
 2128 2180
 2128 2129
 2128 2179
 2129 2130
 2129 2181
 2129 2182
 2130 2131
 2130 2182
 2131 2184
 2131 2132
 2132 2185
 2132 2184
 2132 2133
 2133 2186
 2133 2134
 2133 2185
 2134 2186
 2134 2135
 2135 2187
 2136 2137
 2137 2188
 2137 2187
 2137 2138
 2138 2139
 2138 2189
 2138 2188
 2139 2190
 2139 2140
 2139 2189
 2140 2190
 2140 2191
 2140 2141
 2141 2192
 2141 2191
 2142 2193
 2142 2143
 2143 2193
 2144 2193
 2144 2194
 2145 2194
 2146 2244
 2146 2196
 2146 2195
 2147 2148
 2147 2198
 2147 2196
 2148 2198
 2149 2150
 2149 2199
 2150 2200
 2150 2151
 2151 2200
 2152 2201
 2152 2200
 2153 2202
 2153 2201
 2154 2203
 2154 2202
 2155 2205
 2155 2156
 2155 2203
 2156 2206
 2157 2208
 2157 2158
 2157 2206
 2158 2209
 2158 2159
 2159 2160
 2160 2210
 2160 2209
 2161 2162
 2162 2211
 2162 2210
 2163 2259
 2163 2212
 2163 2211
 2164 2212
 2164 2165
 2165 2260
 2165 2213
 2165 2212
 2166 2214
 2167 2214
 2168 2262
 2168 2215
 2168 2214
 2169 2216
 2169 2215
 2169 2170
 2170 2171
 2171 2218
 2171 2172
 2171 2216
 2172 2219
 2172 2173
 2173 2220
 2173 2219
 2173 2174
 2174 2221
 2174 2220
 2175 2222
 2175 2221
 2176 2222
 2177 2225
 2178 2226
 2179 2227
 2179 2180
 2179 2226
 2180 2228
 2180 2227
 2181 2228
 2181 2182
 2182 2183
 2182 2228
 2183 2184
 2183 2230
 2184 2185
 2184 2230
 2185 2186
 2185 2233
 2185 2232
 2186 2233
 2186 2187
 2187 2188
 2187 2234
 2187 2233
 2188 2236
 2188 2234
 2188 2189
 2189 2237
 2189 2190
 2190 2283
 2190 2191
 2190 2237
 2191 2192
 2191 2239
 2192 2193
 2192 2239
 2192 2240
 2193 2194
 2193 2240
 2193 2242
 2194 2243
 2194 2242
 2195 2244
 2195 2243
 2196 2245
 2196 2244
 2196 2197
 2197 2198
 2197 2246
 2197 2245
 2198 2246
 2198 2199
 2199 2200
 2199 2246
 2200 2248
 2200 2201
 2201 2249
 2201 2202
 2201 2248
 2202 2249
 2202 2203
 2202 2250
 2203 2204
 2204 2205
 2204 2252
 2205 2253
 2205 2252
 2205 2206
 2206 2253
 2207 2208
 2207 2254
 2207 2253
 2208 2255
 2208 2209
 2209 2256
 2209 2255
 2209 2210
 2210 2258
 2210 2211
 2210 2257
 2210 2256
 2211 2258
 2212 2305
 2212 2260
 2212 2259
 2213 2261
 2213 2214
 2213 2260
 2214 2262
 2214 2307
 2214 2261
 2215 2216
 2215 2264
 2215 2262
 2216 2217
 2216 2265
 2217 2266
 2217 2265
 2218 2267
 2218 2266
 2218 2219
 2219 2268
 2219 2267
 2220 2221
 2221 2269
 2221 2268
 2222 2270
 2222 2269
 2225 2272
 2225 2271
 2226 2318
 2226 2273
 2226 2272
 2227 2228
 2227 2273
 2228 2276
 2228 2275
 2228 2229
 2228 2274
 2229 2277
 2229 2230
 2230 2323
 2230 2278
 2230 2231
 2231 2232
 2232 2233
 2232 2279
 2233 2234
 2233 2279
 2234 2235
 2234 2281
 2235 2329
 2235 2236
 2235 2281
 2235 2282
 2236 2237
 2237 2283
 2237 2282
 2238 2284
 2238 2239
 2238 2283
 2239 2240
 2240 2286
 2240 2241
 2240 2284
 2241 2242
 2242 2287
 2242 2243
 2243 2288
 2243 2244
 2244 2288
 2245 2290
 2245 2337
 2245 2246
 2246 2290
 2246 2247
 2247 2292
 2247 2248
 2247 2291
 2248 2294
 2248 2293
 2249 2250
 2249 2295
 2250 2251
 2251 2252
 2251 2295
 2252 2253
 2252 2297
 2253 2297
 2253 2299
 2254 2255
 2254 2299
 2255 2301
 2255 2256
 2256 2302
 2256 2257
 2257 2303
 2257 2258
 2258 2259
 2259 2303
 2260 2261
 2260 2305
 2261 2306
 2262 2263
 2263 2309
 2263 2264
 2264 2265
 2264 2309
 2265 2311
 2265 2266
 2266 2313
 2266 2312
 2266 2267
 2267 2268
 2267 2313
 2268 2269
 2269 2315
 2269 2314
 2270 2315
 2272 2362
 2272 2318
 2272 2317
 2273 2274
 2273 2318
 2274 2366
 2274 2319
 2275 2276
 2275 2320
 2276 2277
 2276 2322
 2276 2370
 2277 2323
 2277 2322
 2278 2325
 2278 2323
 2279 2325
 2279 2280
 2280 2281
 2280 2326
 2280 2325
 2281 2326
 2281 2328
 2282 2329
 2283 2330
 2284 2285
 2284 2331
 2285 2332
 2285 2286
 2286 2334
 2286 2287
 2287 2335
 2287 2288
 2288 2336
 2288 2289
 2289 2337
 2290 2338
 2290 2291
 2290 2337
 2291 2339
 2291 2292
 2292 2339
 2293 2339
 2293 2401
 2294 2340
 2294 2295
 2295 2343
 2295 2296
 2295 2341
 2296 2297
 2297 2298
 2297 2345
 2297 2343
 2298 2299
 2299 2300
 2299 2345
 2300 2301
 2300 2347
 2301 2348
 2301 2302
 2302 2303
 2303 2350
 2303 2349
 2303 2304
 2303 2348
 2304 2351
 2304 2305
 2305 2306
 2306 2307
 2306 2352
 2306 2351
 2307 2353
 2307 2308
 2308 2309
 2309 2354
 2309 2353
 2310 2356
 2310 2354
 2310 2311
 2311 2312
 2312 2357
 2312 2356
 2312 2313
 2313 2357
 2313 2314
 2314 2359
 2314 2315
 2315 2360
 2315 2316
 2318 2364
 2318 2319
 2318 2362
 2319 2366
 2319 2364
 2320 2368
 2320 2321
 2320 2366
 2321 2370
 2321 2368
 2322 2372
 2322 2370
 2323 2324
 2323 2372
 2324 2375
 2324 2373
 2324 2325
 2325 2377
 2325 2375
 2326 2327
 2326 2377
 2327 2328
 2327 2378
 2328 2381
 2328 2379
 2328 2329
 2329 2383
 2329 2330
 2329 2381
 2330 2384
 2330 2331
 2331 2386
 2331 2332
 2331 2384
 2332 2388
 2332 2386
 2332 2333
 2333 2390
 2333 2334
 2333 2388
 2334 2392
 2334 2335
 2334 2390
 2335 2394
 2335 2392
 2335 2336
 2336 2396
 2336 2337
 2336 2394
 2337 2397
 2338 2399
 2338 2339
 2338 2397
 2339 2401
 2339 2399
 2340 2403
 2340 2341
 2340 2401
 2341 2404
 2341 2342
 2342 2406
 2342 2343
 2342 2404
 2343 2408
 2343 2406
 2343 2344
 2344 2410
 2344 2345
 2344 2408
 2345 2412
 2345 2410
 2345 2346
 2346 2414
 2346 2347
 2346 2412
 2347 2416
 2347 2348
 2347 2414
 2348 2418
 2348 2349
 2348 2416
 2349 2420
 2349 2418
 2350 2422
 2350 2351
 2350 2420
 2351 2424
 2351 2422
 2352 2426
 2352 2353
 2352 2424
 2353 2428
 2353 2426
 2353 2354
 2354 2428
 2354 2355
 2355 2431
 2355 2356
 2355 2429
 2356 2433
 2356 2431
 2357 2435
 2357 2358
 2357 2433
 2358 2437
 2358 2359
 2358 2435
 2359 2439
 2359 2437
 2359 2360
 2443 2444
