    2  128
    2   82
    3   82
    4   83
    4   82
    6   84
    6   83
    8   84
    9   86
    9   85
   10   86
   11  132
   11   88
   11   87
   13   88
   14   89
   14   90
   16  134
   16   91
   16   90
   18   92
   18   91
   19   93
   21   94
   21   93
   22   94
   23   95
   23   94
   25   95
   26   96
   27   98
   27   97
   28   98
   29   99
   29   98
   31  100
   31   99
   33  144
   33  100
   33  101
   34  102
   36  103
   36  102
   38  104
   38  103
   39  104
   40  104
   40  105
   42  150
   42  106
   42  105
   44  107
   44  106
   46  108
   46  107
   48  108
   48  109
   50  154
   50  110
   50  109
   52  110
   53  112
   53  111
   55  113
   55  112
   57  158
   57  113
   57  114
   59  114
   59  115
   61  115
   61  116
   62  116
   62  117
   64  117
   64  118
   66  119
   66  118
   67  119
   68  120
   68  119
   70  121
   70  120
   71  122
   73  123
   73  122
   75  124
   75  123
   77  125
   77  124
   79  170
   79  125
   81  128
   82  129
   82   83
   83  130
   83   84
   84   85
   85  130
   85  131
   85   86
   87  131
   88   89
   88  132
   89  179
   89   90
   89  178
   89  133
   90  134
   90  179
   91   92
   92  136
   92   93
   92  135
   93  137
   93   94
   94  138
   94   95
   95  139
   95  138
   95   96
   96  139
   96   97
   97   98
   98  140
   98  142
   98   99
   99  188
   99  142
   99  100
  100  144
  100  143
  101  145
  101  102
  101  144
  102  146
  102  145
  102  103
  103  147
  103  104
  103  146
  104  105
  104  147
  105  150
  105  148
  106  151
  106  107
  107  108
  108  151
  108  109
  109  154
  109  152
  110  202
  110  111
  110  154
  111  156
  111  112
  111  202
  112  156
  112  113
  113  158
  113  156
  114  159
  114  115
  114  158
  115  160
  115  159
  116  117
  117  118
  117  160
  117  162
  118  163
  118  119
  119  164
  119  120
  120  165
  120  121
  121  166
  121  122
  121  165
  122  123
  123  166
  123  124
  124  167
  124  125
  125  170
  125  169
  125  168
  126  170
  127  173
  128  174
  128  173
  128  129
  129  130
  129  174
  130  176
  130  175
  130  131
  130  174
  131  176
  131  177
  131  132
  132  133
  132  177
  133  178
  133  177
  134  135
  134  180
  134  179
  135  181
  135  136
  135  180
  136  231
  136  183
  136  137
  136  182
  136  181
  137  183
  137  184
  138  139
  139  140
  139  184
  139  185
  140  185
  140  141
  140  187
  142  188
  142  237
  142  187
  143  189
  143  144
  143  188
  144  145
  144  189
  144  190
  145  193
  146  194
  146  147
  146  193
  147  195
  147  194
  148  149
  149  197
  149  150
  149  195
  150  198
  150  151
  150  197
  151  247
  151  199
  151  152
  151  198
  152  248
  152  200
  152  153
  153  200
  153  201
  153  154
  154  250
  154  202
  154  201
  155  156
  155  252
  156  203
  156  157
  157  205
  157  204
  157  158
  158  159
  159  255
  159  160
  159  207
  160  257
  160  207
  160  208
  160  161
  161  258
  161  162
  161  209
  161  208
  162  163
  162  209
  162  210
  162  211
  163  212
  163  164
  164  213
  164  212
  164  165
  165  166
  166  215
  166  214
  166  167
  166  213
  167  216
  167  215
  167  168
  168  216
  168  169
  169  170
  169  216
  170  219
  170  218
  170  217
  173  220
  173  222
  173  221
  173  174
  174  224
  174  222
  174  175
  175  272
  175  225
  175  176
  176  226
  176  177
  177  226
  177  178
  178  179
  178  227
  179  180
  179  228
  180  230
  180  229
  181  231
  182  233
  182  183
  182  231
  183  233
  183  184
  184  234
  184  235
  184  185
  184  233
  185  235
  186  236
  186  187
  187  237
  187  236
  188  189
  188  237
  189  239
  189  238
  190  240
  190  239
  191  192
  192  290
  192  241
  192  240
  194  242
  194  241
  194  195
  195  196
  195  243
  195  242
  196  197
  196  243
  196  244
  197  245
  197  244
  197  198
  198  247
  198  245
  199  247
  200  201
  200  248
  201  298
  202  252
  202  251
  202  250
  203  252
  204  252
  204  253
  204  205
  205  254
  205  206
  205  253
  206  254
  206  255
  207  256
  207  255
  208  257
  209  308
  209  259
  209  258
  210  211
  211  212
  211  259
  212  261
  212  213
  213  312
  213  262
  213  214
  213  261
  214  313
  214  314
  214  263
  214  215
  215  264
  215  263
  216  265
  216  217
  217  266
  217  265
  217  218
  218  317
  218  267
  218  266
  220  269
  221  269
  222  270
  222  269
  224  272
  224  270
  225  273
  225  226
  226  227
  227  273
  227  274
  227  228
  228  275
  228  229
  228  326
  228  274
  229  275
  229  276
  229  230
  230  231
  230  277
  230  276
  230  278
  231  279
  231  278
  231  330
  233  234
  233  280
  233  279
  234  282
  234  280
  234  235
  235  283
  235  282
  235  236
  236  237
  236  285
  236  283
  237  285
  238  285
  238  287
  238  239
  239  289
  239  240
  239  287
  240  290
  241  291
  241  242
  241  290
  242  292
  242  291
  243  244
  244  245
  244  292
  245  294
  245  293
  246  294
  247  296
  247  248
  247  295
  248  297
  248  296
  248  249
  249  298
  249  297
  250  299
  250  251
  250  298
  251  300
  251  346
  251  252
  252  300
  252  253
  253  254
  253  303
  253  301
  254  305
  254  255
  254  303
  255  305
  256  306
  257  307
  257  258
  258  308
  259  310
  259  309
  259  260
  259  308
  260  261
  260  311
  260  310
  261  358
  261  311
  261  312
  262  360
  262  313
  262  312
  263  362
  263  315
  263  264
  264  316
  264  265
  265  316
  266  317
  266  316
  267  317
  269  319
  269  270
  269  321
  269  320
  270  321
  270  271
  271  322
  271  321
  271  272
  272  324
  272  323
  272  322
  272  273
  273  274
  274  325
  275  327
  275  326
  276  328
  276  277
  277  329
  278  330
  279  331
  279  280
  280  332
  280  281
  281  332
  282  380
  282  283
  282  332
  282  333
  283  333
  283  334
  284  335
  284  285
  285  335
  286  336
  286  335
  287  288
  288  289
  288  336
  289  386
  289  338
  289  337
  289  290
  291  339
  291  292
  292  340
  292  293
  292  339
  293  294
  293  342
  293  340
  294  343
  294  295
  296  344
  296  343
  297  394
  297  298
  298  394
  298  345
  299  346
  299  345
  300  348
  300  347
  300  346
  301  349
  301  302
  302  349
  303  398
  303  349
  303  350
  304  350
  304  351
  304  305
  305  352
  305  306
  305  351
  306  352
  307  401
  307  308
  307  353
  307  354
  308  354
  308  309
  309  403
  310  357
  310  356
  310  311
  311  357
  312  360
  312  358
  313  361
  313  360
  314  362
  315  316
  315  363
  315  362
  316  364
  316  317
  317  365
  317  364
  320  367
  320  366
  320  321
  321  367
  321  322
  322  369
  322  368
  323  370
  323  324
  323  369
  324  371
  324  370
  324  325
  325  372
  325  326
  325  371
  326  374
  326  372
  326  327
  327  328
  327  375
  327  374
  328  376
  328  375
  328  329
  329  377
  329  330
  329  376
  330  377
  330  378
  330  331
  332  427
  332  379
  332  380
  333  334
  333  380
  334  382
  334  381
  334  335
  335  382
  335  336
  336  384
  336  385
  336  383
  336  337
  337  432
  337  386
  337  385
  338  433
  338  339
  338  387
  338  386
  339  435
  339  340
  339  387
  339  388
  340  388
  340  390
  340  341
  341  391
  341  342
  341  390
  342  391
  342  392
  342  343
  343  344
  343  393
  343  392
  344  393
  345  346
  345  394
  346  442
  346  443
  346  396
  346  395
  348  349
  348  396
  348  397
  349  397
  350  446
  350  399
  350  398
  351  399
  352  400
  352  399
  352  353
  353  401
  353  400
  354  402
  354  401
  355  451
  355  403
  356  452
  356  404
  356  357
  356  403
  357  405
  357  404
  359  454
  359  360
  359  405
  360  407
  360  406
  362  457
  362  408
  362  407
  362  363
  363  410
  363  364
  363  408
  364  411
  364  459
  364  410
  365  411
  367  415
  367  414
  367  413
  367  368
  368  416
  368  415
  368  369
  369  464
  369  370
  369  417
  370  418
  370  417
  371  420
  371  372
  371  418
  372  421
  372  420
  373  467
  373  422
  373  421
  373  374
  374  423
  374  422
  375  424
  376  377
  376  425
  376  424
  377  378
  378  426
  378  379
  378  425
  379  472
  379  426
  379  427
  380  428
  380  473
  380  427
  381  382
  381  428
  381  429
  382  475
  382  383
  382  430
  383  431
  383  384
  383  430
  384  385
  385  478
  386  433
  386  432
  387  435
  387  433
  388  481
  388  436
  388  435
  389  390
  389  437
  391  438
  391  392
  391  437
  392  438
  392  393
  393  394
  393  441
  393  439
  394  395
  395  488
  395  441
  396  444
  396  397
  396  443
  397  398
  398  446
  398  444
  399  448
  399  400
  399  446
  400  401
  400  448
  401  450
  401  449
  402  451
  402  450
  403  497
  403  452
  403  451
  404  405
  404  452
  405  453
  406  456
  406  407
  406  455
  406  454
  407  457
  407  456
  408  458
  408  457
  410  459
  410  458
  411  504
  411  460
  413  462
  414  462
  414  415
  415  416
  415  462
  416  510
  417  465
  417  464
  418  465
  419  512
  419  466
  420  421
  421  513
  421  467
  421  466
  422  468
  422  467
  423  469
  423  468
  423  424
  424  470
  424  425
  425  470
  425  426
  426  519
  426  471
  427  473
  428  429
  429  475
  429  474
  430  477
  430  431
  430  475
  431  478
  431  477
  432  526
  432  433
  432  478
  433  480
  433  479
  434  435
  435  481
  436  482
  436  437
  436  481
  436  483
  437  484
  437  438
  437  483
  438  485
  438  484
  439  486
  439  440
  440  535
  440  487
  440  441
  440  486
  441  488
  441  487
  442  489
  442  443
  442  488
  443  491
  443  489
  443  444
  444  445
  444  492
  445  493
  445  492
  445  446
  447  494
  447  448
  447  493
  449  545
  449  450
  449  494
  450  546
  450  451
  450  495
  451  497
  452  498
  452  497
  453  499
  453  454
  454  499
  454  455
  455  456
  455  500
  455  499
  456  457
  456  502
  457  503
  457  458
  458  459
  459  504
  459  503
  460  504
  461  462
  461  507
  462  463
  462  507
  463  510
  463  508
  464  510
  464  465
  465  563
  465  511
  465  512
  465  510
  466  513
  466  512
  467  468
  467  513
  468  516
  468  469
  468  514
  469  517
  469  516
  469  470
  470  517
  470  471
  471  569
  471  519
  471  518
  472  521
  472  519
  472  473
  473  522
  473  474
  474  523
  474  522
  474  475
  475  524
  475  476
  476  525
  476  524
  477  478
  478  526
  478  525
  479  528
  479  480
  479  527
  479  526
  480  579
  480  530
  480  528
  480  481
  481  530
  482  580
  482  483
  482  531
  482  530
  483  533
  483  531
  483  484
  484  533
  485  534
  485  533
  486  535
  487  536
  487  488
  488  489
  488  536
  489  588
  489  538
  489  537
  490  539
  490  538
  490  491
  491  541
  491  540
  491  492
  492  543
  492  493
  492  541
  493  494
  494  544
  494  545
  495  546
  495  545
  496  548
  496  497
  496  546
  497  498
  498  549
  498  499
  498  548
  498  550
  499  550
  499  551
  499  500
  500  552
  500  551
  501  553
  501  502
  502  554
  502  503
  502  553
  503  555
  503  554
  503  504
  504  505
  504  555
  505  556
  507  558
  507  559
  508  509
  509  510
  509  560
  509  559
  509  561
  510  561
  510  563
  511  564
  511  563
  512  564
  512  513
  513  514
  513  564
  514  566
  514  515
  514  614
  515  615
  515  566
  515  567
  516  568
  516  517
  517  568
  518  568
  519  520
  519  569
  520  571
  520  521
  520  570
  521  572
  521  571
  521  522
  522  573
  522  572
  524  525
  524  574
  524  573
  525  574
  525  575
  525  526
  526  577
  526  527
  526  575
  527  528
  528  578
  528  529
  528  577
  529  579
  530  579
  531  581
  531  580
  531  582
  532  533
  533  534
  533  584
  534  584
  534  535
  534  585
  534  586
  535  536
  536  587
  536  586
  537  634
  537  588
  537  587
  538  589
  538  588
  539  540
  540  590
  540  589
  540  541
  541  542
  541  590
  542  638
  542  592
  542  543
  543  544
  544  545
  544  592
  545  641
  545  595
  545  593
  545  546
  546  595
  547  596
  547  595
  547  548
  548  597
  548  549
  548  596
  549  645
  549  550
  549  598
  550  551
  551  552
  551  598
  552  553
  552  599
  553  600
  553  554
  554  649
  554  603
  554  555
  554  601
  555  651
  555  604
  555  603
  556  605
  556  604
  558  607
  558  559
  559  608
  559  607
  559  560
  560  609
  560  656
  560  608
  561  609
  562  610
  562  609
  563  611
  563  564
  563  610
  564  565
  564  611
  565  613
  565  612
  566  615
  567  616
  567  568
  567  615
  568  569
  568  617
  569  617
  569  618
  570  619
  570  571
  571  572
  571  620
  572  621
  572  573
  573  621
  573  574
  574  622
  574  621
  575  622
  575  576
  576  577
  576  623
  577  625
  577  578
  577  624
  578  626
  578  579
  578  627
  578  625
  579  627
  580  676
  580  581
  581  629
  581  628
  582  629
  582  583
  583  631
  583  630
  583  584
  583  629
  584  585
  584  632
  585  586
  586  587
  587  681
  587  633
  588  636
  588  589
  588  634
  589  590
  590  637
  590  636
  591  637
  591  638
  592  639
  592  593
  592  638
  593  640
  593  639
  593  594
  594  641
  594  640
  595  596
  595  641
  596  644
  596  643
  596  597
  597  645
  598  646
  598  599
  598  645
  599  647
  599  600
  599  646
  600  648
  600  647
  600  601
  601  648
  602  650
  602  649
  603  699
  603  651
  603  650
  604  652
  604  651
  605  652
  606  655
  607  655
  607  608
  608  655
  609  658
  609  656
  609  610
  611  706
  611  612
  611  658
  611  659
  612  660
  612  613
  613  614
  613  660
  614  662
  614  615
  615  616
  615  662
  615  664
  616  665
  616  617
  617  666
  617  618
  618  667
  618  666
  618  619
  619  668
  619  714
  619  620
  619  667
  620  669
  620  621
  620  668
  621  669
  621  622
  622  623
  622  671
  622  717
  623  719
  623  671
  623  672
  623  624
  624  673
  624  672
  624  625
  625  721
  625  674
  625  626
  626  627
  626  674
  627  722
  627  675
  628  677
  628  676
  628  629
  629  630
  629  678
  630  679
  630  678
  631  632
  632  727
  632  681
  632  679
  632  633
  633  681
  634  682
  634  681
  635  636
  635  682
  636  637
  636  683
  636  685
  637  638
  637  685
  638  686
  638  687
  639  688
  639  687
  639  640
  640  690
  640  641
  640  688
  641  736
  641  691
  641  642
  643  692
  643  644
  644  740
  644  694
  644  693
  644  645
  645  695
  645  646
  646  647
  647  648
  647  695
  648  698
  648  697
  648  649
  648  696
  650  699
  650  698
  651  700
  651  699
  652  700
  653  700
  654  703
  655  703
  655  656
  656  704
  656  657
  656  703
  657  704
  657  658
  658  706
  658  705
  659  706
  660  707
  660  708
  660  661
  661  662
  662  709
  662  708
  663  664
  664  665
  664  710
  664  711
  665  666
  665  711
  665  713
  666  713
  667  714
  667  713
  668  715
  668  763
  668  669
  668  714
  669  670
  669  715
  670  716
  670  766
  670  717
  671  719
  671  717
  672  720
  672  719
  673  721
  674  721
  675  770
  675  721
  676  771
  676  723
  676  677
  676  722
  677  724
  677  723
  678  725
  678  679
  679  726
  679  680
  679  725
  680  727
  680  726
  681  729
  681  727
  681  682
  682  729
  683  684
  683  730
  683  729
  684  685
  684  730
  684  731
  684  732
  685  779
  685  733
  685  732
  687  734
  687  733
  687  688
  688  735
  688  734
  689  735
  689  690
  690  735
  691  737
  691  692
  691  736
  692  738
  692  737
  692  693
  693  739
  693  740
  693  738
  694  695
  694  741
  694  740
  695  742
  695  741
  695  696
  696  744
  696  743
  696  697
  696  742
  697  790
  697  745
  697  698
  698  746
  698  745
  698  699
  699  700
  699  746
  700  748
  700  747
  701  748
  703  750
  703  752
  703  751
  703  704
  704  753
  704  752
  705  799
  705  754
  705  706
  706  707
  707  708
  707  756
  707  754
  708  757
  708  756
  708  709
  709  710
  709  757
  710  758
  710  711
  710  757
  711  712
  711  758
  712  760
  712  713
  713  760
  713  714
  714  762
  714  761
  715  716
  715  763
  716  765
  716  766
  716  764
  717  766
  718  815
  718  767
  718  766
  718  719
  719  768
  719  720
  720  817
  720  721
  720  769
  720  768
  721  818
  721  770
  722  771
  722  770
  723  820
  723  724
  723  771
  724  821
  724  773
  724  772
  724  725
  725  774
  725  726
  726  727
  727  775
  727  774
  728  826
  728  776
  728  729
  728  775
  729  777
  729  730
  729  776
  730  827
  730  778
  730  777
  732  829
  732  779
  732  778
  733  780
  733  734
  733  830
  734  735
  734  780
  734  782
  735  736
  736  783
  736  782
  736  737
  737  784
  737  783
  738  784
  739  786
  739  740
  739  785
  740  786
  740  741
  741  742
  741  788
  742  840
  742  789
  742  788
  743  789
  744  841
  744  790
  744  789
  745  746
  745  790
  746  843
  746  792
  746  791
  747  748
  748  794
  748  793
  748  792
  750  751
  750  796
  751  752
  751  797
  752  798
  752  797
  753  851
  753  799
  753  798
  754  801
  754  755
  754  799
  755  756
  755  802
  755  801
  756  757
  757  758
  757  803
  758  806
  758  804
  758  759
  759  760
  760  807
  760  808
  760  806
  761  762
  762  862
  762  810
  762  809
  763  810
  764  812
  764  810
  764  811
  764  765
  765  813
  765  766
  766  815
  766  813
  768  816
  768  817
  768  815
  769  868
  769  818
  769  817
  770  819
  770  771
  771  819
  772  820
  773  774
  773  821
  774  824
  774  775
  774  823
  775  824
  775  826
  776  827
  776  777
  778  829
  778  827
  779  830
  779  829
  780  831
  780  830
  781  881
  781  782
  781  831
  782  834
  782  832
  782  783
  783  784
  783  834
  784  785
  784  835
  785  836
  785  786
  786  886
  786  838
  786  837
  787  839
  787  788
  788  839
  790  890
  790  842
  790  791
  790  841
  791  891
  791  843
  791  842
  792  845
  792  844
  792  793
  792  843
  793  893
  793  846
  795  848
  796  848
  796  797
  797  849
  797  848
  798  850
  799  898
  799  852
  799  851
  800  801
  800  852
  801  852
  801  802
  802  855
  802  854
  802  803
  802  853
  803  856
  803  804
  804  805
  805  857
  805  806
  805  858
  805  856
  806  858
  806  859
  806  807
  807  860
  807  859
  808  860
  808  809
  809  862
  809  860
  810  862
  811  909
  811  812
  811  863
  811  862
  812  863
  812  864
  812  813
  814  912
  814  865
  814  815
  814  864
  815  865
  815  866
  815  816
  817  915
  817  867
  818  869
  818  819
  818  868
  819  918
  819  870
  819  869
  820  871
  820  821
  820  870
  821  871
  821  872
  821  822
  822  873
  822  823
  822  872
  823  873
  823  824
  824  874
  824  873
  825  875
  825  874
  825  826
  826  876
  826  827
  827  877
  827  828
  827  878
  827  876
  828  878
  828  879
  828  829
  829  830
  830  880
  830  879
  832  882
  832  833
  832  881
  834  883
  834  835
  834  882
  835  883
  835  884
  836  884
  836  837
  837  886
  837  885
  837  884
  838  936
  838  887
  838  839
  838  886
  839  888
  839  887
  840  888
  840  841
  841  939
  841  890
  841  889
  841  888
  842  890
  843  892
  843  891
  844  893
  844  845
  845  893
  846  893
  848  895
  848  896
  848  849
  849  897
  849  850
  849  896
  851  898
  851  897
  852  949
  852  899
  852  898
  853  854
  853  900
  854  855
  854  901
  855  902
  855  856
  856  857
  856  902
  857  858
  857  904
  857  902
  858  905
  858  904
  860  906
  860  861
  861  908
  861  862
  861  906
  862  909
  863  911
  863  864
  863  909
  864  911
  864  912
  865  866
  865  913
  865  912
  866  914
  866  913
  866  867
  867  915
  867  914
  868  916
  868  869
  868  915
  869  917
  869  916
  870  920
  870  871
  870  918
  871  921
  871  920
  872  922
  872  873
  873  923
  873  874
  874  924
  874  875
  875  925
  875  924
  875  876
  876  877
  876  926
  877  927
  877  926
  878  928
  878  879
  879  929
  879  880
  879  928
  880  929
  880  881
  881  930
  881  882
  881  929
  882  976
  882  931
  882  930
  882  883
  883  884
  883  931
  884  885
  884  932
  884  933
  885  934
  885  935
  886  936
  887  984
  887  888
  887  936
  888  939
  888  984
  889  940
  889  939
  891  941
  891  940
  891  892
  892  942
  892  893
  892  941
  893  943
  893  942
  894  943
  895  946
  896  946
  896  897
  897  948
  897  947
  897  898
  897  946
  898  997
  898  949
  899  950
  899  949
  899  900
  900  901
  900  951
  901 1000
  901  951
  901  952
  901  902
  902  903
  902  952
  903 1002
  903  954
  903  953
  904  955
  904  905
  905  955
  905  906
  906 1004
  906  907
  906  956
  906  955
  907 1006
  907  908
  908  957
  909 1007
  909  957
  910  959
  910  958
  911  960
  911  912
  912  960
  913 1011
  913  914
  913  960
  914  961
  914  962
  915  916
  916  962
  916  963
  917 1014
  917  964
  917  963
  919 1015
  919  965
  919  964
  920  965
  920  921
  920  966
  921  922
  921  967
  922  968
  922  923
  923  924
  923  968
  924  925
  924  968
  925  971
  925  926
  925  970
  926  971
  927  972
  927  928
  927  971
  928  929
  928  972
  929  930
  929  973
  930  974
  930  975
  931  932
  931  978
  931  976
  932  979
  932 1028
  932  978
  932  933
  933  934
  933  979
  934  980
  934  981
  935  936
  935  982
  937  982
  938  985
  938  984
  939  940
  940  987
  940  986
  940  941
  940  985
  941 1035
  941  988
  941  942
  942  943
  942  988
  943  991
  943  990
  943  989
  945  993
  946  993
  946  947
  946  994
  947  948
  947  994
  948  995
  948  996
  949  950
  949  998
  949  999
  949  997
  950  999
  951 1046
  951  999
  951 1000
  952 1047
  952 1001
  952  953
  953 1001
  954 1003
  954  955
  954 1002
  955 1003
  956 1006
  956 1005
  956 1004
  957 1007
  957 1006
  958 1008
  958  959
  958 1007
  959 1009
  959  960
  959 1008
  960 1011
  960 1009
  961 1012
  961  962
  962 1012
  962 1013
  962  963
  963 1014
  963 1059
  964 1015
  964 1014
  965  966
  965 1015
  966 1016
  966 1017
  966  967
  967 1018
  967  968
  967 1019
  967 1017
  968  969
  969 1020
  969 1019
  969  970
  970  971
  970 1022
  970 1020
  971 1023
  971  972
  973 1024
  973 1023
  973  974
  974 1025
  974  975
  974 1024
  975 1071
  975 1026
  975 1025
  976  977
  977 1027
  977 1026
  979 1074
  979 1029
  979 1028
  980  981
  981 1030
  981  982
  981 1029
  982 1031
  982 1030
  982  983
  983  984
  983 1031
  984 1033
  984 1032
  984  985
  985  986
  985 1033
  986  987
  986 1033
  987 1034
  988 1081
  988 1036
  988 1035
  989  990
  990 1038
  990 1037
  990 1036
  992 1040
  993 1040
  993 1041
  993  994
  994 1042
  994 1041
  995  996
  996 1043
  996 1042
  997 1043
  998  999
  998 1043
  999 1044
  999 1045
 1000 1046
 1001 1093
 1001 1092
 1001 1002
 1001 1047
 1002 1048
 1002 1049
 1002 1003
 1003 1050
 1003 1004
 1003 1094
 1004 1051
 1004 1050
 1004 1005
 1005 1052
 1005 1097
 1005 1051
 1006 1053
 1006 1007
 1006 1052
 1007 1008
 1008 1100
 1008 1009
 1008 1053
 1009 1054
 1009 1056
 1010 1056
 1010 1011
 1011 1057
 1011 1012
 1011 1056
 1012 1013
 1012 1058
 1013 1058
 1014 1015
 1014 1059
 1015 1060
 1015 1061
 1016 1062
 1016 1017
 1017 1063
 1017 1018
 1018 1065
 1018 1019
 1018 1063
 1019 1020
 1020 1066
 1020 1067
 1020 1065
 1021 1022
 1022 1023
 1022 1067
 1022 1069
 1023 1069
 1023 1024
 1024 1025
 1024 1069
 1025 1070
 1026 1027
 1026 1073
 1026 1071
 1027 1073
 1027 1028
 1028 1073
 1029 1124
 1029 1075
 1029 1030
 1029 1074
 1030 1031
 1030 1075
 1031 1032
 1031 1076
 1032 1079
 1032 1033
 1032 1077
 1033 1034
 1033 1080
 1034 1035
 1035 1080
 1036 1083
 1036 1037
 1036 1081
 1037 1083
 1038 1083
 1040 1086
 1040 1085
 1040 1041
 1041 1087
 1041 1086
 1042 1088
 1042 1043
 1043 1044
 1043 1088
 1044 1090
 1044 1045
 1044 1089
 1045 1141
 1045 1090
 1045 1091
 1046 1047
 1047 1092
 1047 1091
 1049 1093
 1050 1051
 1050 1094
 1051 1097
 1051 1095
 1052 1053
 1052 1097
 1053 1098
 1053 1099
 1053 1100
 1054 1101
 1054 1055
 1054 1100
 1055 1102
 1055 1056
 1055 1101
 1056 1057
 1056 1102
 1057 1058
 1057 1103
 1057 1153
 1057 1104
 1058 1104
 1058 1105
 1059 1107
 1059 1105
 1059 1060
 1060 1061
 1061 1109
 1061 1108
 1061 1062
 1061 1107
 1062 1160
 1062 1110
 1062 1063
 1062 1109
 1064 1111
 1064 1110
 1064 1065
 1065 1112
 1065 1111
 1065 1066
 1066 1112
 1067 1114
 1067 1113
 1067 1068
 1068 1115
 1068 1069
 1068 1114
 1069 1118
 1069 1116
 1069 1070
 1070 1071
 1070 1118
 1071 1119
 1071 1072
 1072 1122
 1072 1121
 1072 1073
 1072 1120
 1073 1123
 1073 1074
 1074 1124
 1074 1123
 1075 1125
 1075 1172
 1076 1126
 1076 1125
 1076 1077
 1077 1173
 1077 1078
 1078 1128
 1078 1079
 1078 1127
 1079 1080
 1079 1128
 1079 1129
 1080 1131
 1080 1130
 1080 1129
 1080 1081
 1081 1132
 1081 1082
 1081 1131
 1082 1133
 1082 1132
 1082 1083
 1083 1134
 1083 1133
 1085 1136
 1086 1184
 1086 1136
 1086 1137
 1086 1087
 1087 1184
 1087 1138
 1087 1088
 1088 1139
 1088 1138
 1089 1139
 1089 1090
 1090 1141
 1090 1139
 1091 1188
 1091 1092
 1091 1141
 1092 1144
 1092 1143
 1092 1093
 1093 1094
 1094 1146
 1094 1145
 1094 1144
 1094 1095
 1095 1096
 1095 1147
 1096 1147
 1096 1148
 1096 1097
 1097 1148
 1098 1149
 1100 1149
 1100 1150
 1100 1101
 1101 1197
 1101 1151
 1101 1150
 1102 1103
 1102 1152
 1103 1153
 1103 1152
 1104 1105
 1104 1155
 1104 1153
 1105 1155
 1106 1157
 1106 1156
 1106 1107
 1106 1155
 1107 1203
 1107 1157
 1107 1158
 1107 1108
 1108 1158
 1109 1205
 1109 1204
 1109 1160
 1109 1159
 1110 1161
 1110 1111
 1110 1160
 1111 1208
 1111 1161
 1111 1162
 1112 1163
 1112 1113
 1113 1114
 1113 1164
 1113 1163
 1114 1164
 1115 1164
 1115 1212
 1115 1165
 1117 1213
 1117 1165
 1117 1166
 1117 1118
 1118 1167
 1118 1166
 1120 1215
 1120 1168
 1120 1121
 1120 1167
 1121 1169
 1121 1168
 1122 1123
 1123 1124
 1123 1169
 1124 1171
 1124 1170
 1124 1172
 1125 1172
 1125 1220
 1125 1173
 1127 1174
 1127 1128
 1127 1173
 1128 1175
 1128 1129
 1129 1175
 1129 1130
 1130 1177
 1130 1131
 1130 1176
 1131 1132
 1131 1178
 1132 1180
 1132 1179
 1132 1133
 1133 1182
 1133 1181
 1136 1230
 1136 1183
 1137 1230
 1137 1184
 1138 1231
 1138 1185
 1138 1139
 1139 1187
 1139 1185
 1139 1140
 1141 1234
 1141 1187
 1142 1189
 1142 1188
 1143 1236
 1143 1144
 1143 1190
 1144 1145
 1145 1191
 1145 1190
 1146 1239
 1146 1192
 1146 1191
 1146 1147
 1147 1148
 1147 1192
 1148 1194
 1148 1193
 1148 1149
 1149 1195
 1149 1196
 1149 1194
 1149 1150
 1150 1196
 1151 1198
 1151 1152
 1151 1197
 1152 1153
 1152 1199
 1153 1199
 1153 1154
 1154 1155
 1154 1199
 1155 1201
 1155 1200
 1156 1201
 1156 1202
 1157 1203
 1158 1251
 1158 1204
 1158 1203
 1159 1204
 1160 1207
 1160 1161
 1160 1205
 1161 1255
 1161 1207
 1162 1209
 1162 1163
 1162 1208
 1163 1211
 1163 1164
 1163 1209
 1164 1212
 1164 1211
 1165 1213
 1165 1212
 1166 1214
 1166 1167
 1166 1213
 1167 1215
 1167 1214
 1168 1169
 1168 1217
 1168 1215
 1169 1170
 1170 1171
 1170 1218
 1170 1219
 1170 1217
 1171 1172
 1172 1267
 1172 1219
 1172 1220
 1173 1174
 1173 1221
 1173 1220
 1174 1175
 1175 1223
 1175 1222
 1176 1224
 1176 1223
 1176 1177
 1177 1225
 1177 1224
 1179 1226
 1179 1225
 1179 1180
 1180 1227
 1180 1226
 1181 1227
 1182 1227
 1183 1230
 1184 1230
 1185 1232
 1185 1231
 1186 1232
 1186 1187
 1187 1234
 1187 1281
 1187 1233
 1188 1283
 1188 1189
 1188 1235
 1188 1234
 1189 1235
 1189 1236
 1190 1237
 1190 1191
 1190 1236
 1191 1237
 1191 1239
 1192 1240
 1192 1239
 1193 1194
 1193 1241
 1194 1243
 1194 1241
 1194 1195
 1195 1196
 1195 1244
 1195 1243
 1196 1292
 1196 1245
 1196 1197
 1197 1198
 1198 1247
 1198 1199
 1198 1245
 1199 1247
 1200 1247
 1200 1248
 1200 1201
 1201 1202
 1201 1250
 1201 1248
 1202 1250
 1202 1203
 1203 1251
 1203 1250
 1204 1252
 1204 1251
 1205 1206
 1206 1253
 1207 1255
 1207 1253
 1208 1256
 1208 1255
 1209 1257
 1209 1210
 1210 1211
 1211 1258
 1211 1212
 1212 1213
 1212 1258
 1213 1261
 1213 1214
 1213 1259
 1214 1261
 1215 1216
 1215 1261
 1216 1217
 1216 1263
 1216 1264
 1216 1262
 1217 1265
 1217 1218
 1217 1264
 1218 1265
 1218 1219
 1219 1266
 1219 1267
 1220 1221
 1220 1267
 1221 1269
 1221 1268
 1221 1270
 1221 1222
 1222 1223
 1222 1271
 1222 1270
 1223 1224
 1223 1272
 1224 1225
 1224 1273
 1225 1274
 1225 1226
 1225 1273
 1226 1275
 1226 1227
 1227 1275
 1228 1275
 1229 1278
 1230 1278
 1230 1231
 1231 1232
 1231 1280
 1231 1278
 1232 1280
 1233 1281
 1234 1283
 1234 1281
 1235 1236
 1235 1284
 1235 1283
 1236 1284
 1236 1237
 1237 1286
 1237 1285
 1238 1286
 1239 1287
 1239 1240
 1240 1241
 1240 1287
 1241 1335
 1241 1288
 1241 1289
 1242 1289
 1242 1243
 1243 1290
 1243 1244
 1243 1289
 1244 1291
 1244 1290
 1245 1293
 1245 1246
 1245 1292
 1246 1247
 1246 1294
 1247 1294
 1247 1296
 1247 1248
 1248 1297
 1248 1296
 1249 1250
 1250 1343
 1250 1251
 1250 1299
 1251 1299
 1251 1300
 1252 1301
 1252 1253
 1253 1254
 1254 1302
 1254 1301
 1255 1303
 1255 1256
 1255 1302
 1256 1303
 1256 1257
 1257 1258
 1257 1303
 1258 1259
 1258 1304
 1259 1305
 1259 1260
 1260 1308
 1260 1261
 1260 1307
 1260 1306
 1261 1308
 1262 1263
 1263 1310
 1263 1309
 1264 1357
 1264 1310
 1264 1311
 1264 1265
 1265 1266
 1266 1267
 1266 1311
 1266 1312
 1266 1313
 1267 1313
 1267 1314
 1268 1360
 1268 1269
 1268 1314
 1268 1315
 1269 1315
 1269 1316
 1270 1271
 1271 1363
 1271 1317
 1271 1272
 1271 1316
 1272 1318
 1272 1317
 1272 1273
 1273 1320
 1273 1274
 1273 1318
 1274 1321
 1274 1275
 1275 1323
 1275 1322
 1275 1321
 1277 1325
 1278 1325
 1278 1279
 1278 1326
 1279 1327
 1279 1280
 1279 1326
 1280 1328
 1280 1327
 1280 1281
 1281 1376
 1281 1329
 1281 1328
 1283 1330
 1283 1284
 1283 1329
 1284 1378
 1284 1331
 1284 1330
 1285 1332
 1285 1286
 1286 1287
 1287 1333
 1287 1288
 1287 1334
 1287 1332
 1288 1335
 1288 1334
 1289 1335
 1290 1337
 1290 1335
 1290 1291
 1291 1338
 1291 1337
 1292 1339
 1292 1293
 1293 1294
 1293 1339
 1294 1340
 1294 1339
 1295 1389
 1295 1341
 1295 1296
 1295 1340
 1296 1341
 1296 1342
 1297 1298
 1297 1342
 1298 1343
 1298 1342
 1299 1300
 1299 1343
 1300 1346
 1300 1301
 1300 1345
 1300 1344
 1301 1346
 1301 1347
 1301 1302
 1302 1303
 1303 1347
 1303 1349
 1303 1304
 1304 1305
 1304 1350
 1304 1349
 1305 1351
 1306 1352
 1306 1307
 1307 1308
 1308 1353
 1308 1354
 1308 1309
 1308 1352
 1309 1354
 1309 1355
 1309 1310
 1310 1356
 1310 1355
 1311 1358
 1311 1312
 1311 1406
 1311 1357
 1312 1407
 1312 1358
 1312 1359
 1313 1359
 1314 1360
 1315 1362
 1315 1316
 1315 1360
 1316 1363
 1316 1362
 1317 1318
 1317 1365
 1317 1363
 1318 1366
 1318 1319
 1319 1366
 1319 1367
 1319 1320
 1320 1368
 1320 1367
 1320 1321
 1321 1322
 1322 1369
 1322 1368
 1323 1369
 1325 1372
 1325 1371
 1326 1373
 1326 1327
 1327 1375
 1327 1328
 1327 1373
 1328 1376
 1329 1425
 1329 1330
 1329 1377
 1329 1376
 1330 1377
 1331 1332
 1331 1379
 1331 1380
 1331 1378
 1332 1380
 1332 1333
 1333 1430
 1333 1334
 1333 1382
 1334 1431
 1334 1383
 1334 1335
 1335 1384
 1335 1383
 1337 1434
 1337 1385
 1337 1338
 1337 1384
 1338 1387
 1338 1386
 1338 1339
 1338 1385
 1339 1388
 1339 1340
 1340 1389
 1341 1390
 1341 1342
 1341 1391
 1342 1343
 1342 1392
 1343 1392
 1343 1393
 1344 1345
 1345 1346
 1345 1394
 1345 1393
 1346 1444
 1346 1396
 1346 1347
 1347 1398
 1347 1348
 1347 1396
 1348 1349
 1348 1398
 1349 1398
 1349 1399
 1350 1401
 1350 1399
 1350 1351
 1351 1402
 1351 1352
 1351 1401
 1352 1353
 1353 1402
 1353 1403
 1354 1403
 1355 1356
 1355 1403
 1356 1405
 1356 1404
 1357 1405
 1358 1455
 1358 1407
 1359 1409
 1359 1408
 1359 1360
 1359 1407
 1360 1361
 1360 1409
 1361 1411
 1361 1362
 1362 1459
 1362 1412
 1362 1363
 1363 1412
 1363 1364
 1364 1413
 1364 1412
 1365 1366
 1366 1414
 1366 1367
 1366 1413
 1367 1368
 1367 1415
 1368 1369
 1368 1416
 1368 1417
 1369 1418
 1369 1417
 1370 1418
 1372 1468
 1372 1421
 1372 1420
 1372 1373
 1372 1422
 1373 1422
 1373 1374
 1374 1375
 1374 1422
 1375 1423
 1375 1425
 1376 1425
 1377 1427
 1377 1426
 1377 1425
 1378 1428
 1378 1379
 1379 1380
 1380 1428
 1381 1429
 1381 1430
 1382 1431
 1383 1384
 1383 1433
 1383 1431
 1384 1433
 1384 1434
 1385 1435
 1385 1434
 1386 1435
 1386 1436
 1386 1387
 1387 1388
 1388 1436
 1389 1438
 1389 1437
 1390 1391
 1391 1438
 1391 1439
 1392 1440
 1392 1393
 1392 1439
 1393 1442
 1393 1441
 1393 1440
 1393 1394
 1394 1490
 1394 1443
 1394 1442
 1395 1443
 1395 1444
 1396 1445
 1396 1444
 1397 1446
 1397 1398
 1397 1445
 1398 1399
 1398 1447
 1399 1447
 1400 1401
 1401 1450
 1401 1448
 1401 1402
 1402 1498
 1402 1451
 1402 1450
 1402 1403
 1403 1453
 1403 1404
 1403 1451
 1404 1454
 1404 1405
 1405 1406
 1405 1455
 1407 1455
 1408 1505
 1408 1456
 1408 1409
 1409 1458
 1409 1457
 1411 1459
 1411 1458
 1412 1461
 1412 1413
 1412 1459
 1413 1462
 1413 1414
 1415 1510
 1415 1462
 1416 1464
 1416 1463
 1416 1417
 1417 1418
 1417 1464
 1418 1466
 1418 1465
 1420 1468
 1421 1422
 1421 1516
 1421 1469
 1422 1423
 1422 1470
 1423 1470
 1423 1471
 1423 1424
 1425 1472
 1425 1471
 1425 1426
 1426 1521
 1426 1473
 1426 1472
 1427 1428
 1428 1475
 1428 1429
 1428 1473
 1429 1475
 1429 1430
 1429 1476
 1430 1476
 1430 1477
 1430 1431
 1431 1526
 1431 1478
 1432 1478
 1433 1479
 1433 1434
 1433 1478
 1434 1480
 1434 1435
 1434 1479
 1435 1436
 1435 1481
 1435 1480
 1436 1437
 1436 1482
 1437 1485
 1437 1483
 1437 1484
 1437 1438
 1438 1532
 1438 1486
 1438 1485
 1438 1439
 1439 1488
 1439 1440
 1439 1486
 1440 1488
 1441 1489
 1441 1488
 1442 1489
 1442 1490
 1443 1491
 1443 1490
 1444 1492
 1444 1445
 1444 1491
 1445 1446
 1445 1492
 1446 1493
 1446 1494
 1446 1447
 1447 1495
 1447 1448
 1447 1494
 1448 1497
 1448 1449
 1448 1495
 1449 1497
 1451 1499
 1451 1498
 1452 1453
 1453 1500
 1453 1454
 1453 1499
 1453 1501
 1454 1502
 1454 1501
 1454 1455
 1455 1456
 1455 1504
 1455 1503
 1455 1502
 1456 1505
 1456 1504
 1457 1458
 1457 1506
 1457 1505
 1458 1507
 1458 1459
 1458 1506
 1459 1460
 1460 1461
 1460 1507
 1461 1508
 1461 1509
 1461 1462
 1462 1510
 1462 1509
 1463 1511
 1463 1464
 1463 1510
 1464 1513
 1464 1511
 1464 1465
 1465 1514
 1465 1513
 1468 1516
 1468 1515
 1469 1517
 1469 1470
 1469 1516
 1470 1471
 1470 1517
 1471 1472
 1471 1518
 1471 1519
 1472 1521
 1472 1519
 1473 1522
 1473 1474
 1473 1521
 1474 1570
 1475 1524
 1475 1523
 1475 1476
 1476 1572
 1476 1477
 1476 1525
 1477 1526
 1477 1573
 1478 1527
 1478 1526
 1479 1480
 1480 1481
 1480 1527
 1480 1575
 1481 1528
 1481 1529
 1482 1530
 1482 1529
 1483 1484
 1483 1531
 1483 1530
 1484 1531
 1485 1532
 1486 1533
 1486 1532
 1487 1534
 1487 1488
 1488 1536
 1488 1489
 1488 1534
 1489 1536
 1490 1536
 1490 1537
 1491 1492
 1492 1537
 1492 1493
 1493 1587
 1493 1539
 1493 1538
 1493 1494
 1494 1495
 1494 1541
 1494 1539
 1495 1541
 1496 1497
 1496 1542
 1496 1541
 1497 1544
 1497 1543
 1497 1498
 1497 1542
 1498 1544
 1498 1499
 1499 1545
 1499 1500
 1499 1546
 1499 1544
 1500 1546
 1500 1501
 1501 1548
 1501 1547
 1503 1550
 1503 1549
 1503 1504
 1504 1551
 1504 1550
 1505 1552
 1505 1506
 1506 1507
 1506 1553
 1507 1554
 1507 1508
 1507 1553
 1508 1555
 1508 1554
 1508 1509
 1509 1556
 1509 1510
 1509 1555
 1510 1511
 1510 1556
 1511 1557
 1512 1559
 1512 1558
 1512 1513
 1513 1560
 1513 1559
 1514 1560
 1516 1562
 1516 1517
 1516 1563
 1516 1564
 1517 1565
 1517 1518
 1518 1566
 1518 1519
 1518 1565
 1519 1568
 1519 1566
 1519 1520
 1520 1521
 1520 1568
 1521 1569
 1521 1522
 1522 1616
 1522 1570
 1522 1569
 1523 1571
 1523 1570
 1524 1572
 1525 1573
 1525 1572
 1526 1527
 1526 1573
 1527 1575
 1527 1574
 1528 1529
 1528 1575
 1529 1530
 1529 1576
 1529 1577
 1530 1625
 1530 1531
 1530 1577
 1531 1580
 1531 1625
 1531 1532
 1532 1580
 1533 1581
 1533 1534
 1533 1580
 1534 1582
 1535 1583
 1535 1536
 1536 1537
 1536 1585
 1536 1583
 1537 1585
 1537 1586
 1537 1538
 1538 1587
 1538 1586
 1539 1540
 1539 1587
 1540 1588
 1540 1589
 1540 1541
 1541 1542
 1541 1590
 1541 1637
 1542 1591
 1542 1590
 1543 1544
 1544 1592
 1544 1545
 1544 1591
 1545 1594
 1545 1546
 1546 1594
 1546 1547
 1547 1596
 1547 1595
 1548 1549
 1548 1596
 1549 1596
 1550 1598
 1550 1551
 1550 1597
 1551 1599
 1551 1598
 1551 1552
 1552 1647
 1552 1600
 1552 1553
 1552 1599
 1553 1601
 1553 1600
 1554 1602
 1554 1555
 1555 1556
 1555 1603
 1556 1603
 1557 1605
 1557 1603
 1557 1558
 1558 1559
 1558 1605
 1559 1607
 1559 1605
 1559 1560
 1560 1608
 1560 1607
 1562 1610
 1563 1610
 1563 1564
 1564 1612
 1564 1565
 1564 1611
 1564 1610
 1565 1566
 1566 1612
 1567 1614
 1567 1568
 1567 1613
 1568 1615
 1568 1614
 1568 1569
 1569 1616
 1569 1615
 1570 1663
 1570 1571
 1571 1617
 1571 1618
 1571 1572
 1572 1619
 1572 1618
 1573 1620
 1573 1574
 1574 1621
 1574 1575
 1575 1621
 1575 1576
 1576 1623
 1576 1577
 1576 1622
 1577 1624
 1577 1623
 1578 1624
 1578 1625
 1579 1580
 1579 1626
 1579 1625
 1580 1626
 1580 1581
 1581 1674
 1581 1628
 1581 1582
 1581 1627
 1582 1629
 1582 1628
 1582 1583
 1583 1584
 1583 1629
 1584 1631
 1584 1630
 1584 1585
 1585 1586
 1585 1631
 1586 1587
 1586 1632
 1587 1634
 1587 1633
 1587 1635
 1588 1636
 1588 1589
 1589 1637
 1590 1682
 1590 1591
 1590 1638
 1590 1637
 1591 1592
 1591 1638
 1591 1639
 1592 1640
 1592 1639
 1593 1641
 1593 1640
 1594 1595
 1595 1687
 1595 1643
 1595 1596
 1595 1641
 1596 1643
 1596 1597
 1597 1688
 1597 1644
 1597 1598
 1597 1643
 1598 1599
 1598 1644
 1599 1645
 1599 1647
 1600 1693
 1600 1648
 1600 1601
 1601 1602
 1601 1648
 1602 1649
 1602 1650
 1602 1603
 1603 1651
 1603 1650
 1604 1697
 1604 1652
 1604 1605
 1604 1651
 1605 1653
 1605 1652
 1605 1606
 1606 1654
 1606 1607
 1606 1653
 1607 1655
 1607 1654
 1609 1657
 1610 1657
 1610 1611
 1611 1612
 1611 1657
 1612 1658
 1612 1659
 1613 1660
 1613 1614
 1614 1615
 1615 1616
 1615 1660
 1616 1663
 1616 1662
 1616 1661
 1617 1663
 1617 1618
 1618 1619
 1618 1665
 1618 1664
 1619 1666
 1619 1620
 1619 1665
 1620 1621
 1620 1667
 1620 1666
 1621 1668
 1621 1622
 1622 1669
 1622 1623
 1622 1668
 1623 1669
 1623 1670
 1624 1625
 1625 1670
 1625 1626
 1626 1627
 1626 1672
 1626 1671
 1627 1674
 1627 1722
 1628 1675
 1628 1674
 1630 1676
 1630 1631
 1630 1675
 1631 1725
 1631 1677
 1631 1676
 1632 1678
 1632 1677
 1633 1634
 1634 1679
 1634 1678
 1635 1679
 1635 1636
 1636 1680
 1636 1637
 1637 1730
 1637 1682
 1637 1681
 1638 1639
 1638 1682
 1639 1683
 1639 1640
 1640 1733
 1640 1641
 1640 1684
 1641 1686
 1641 1685
 1641 1642
 1642 1736
 1642 1686
 1643 1738
 1643 1687
 1644 1645
 1644 1690
 1644 1688
 1645 1691
 1645 1646
 1645 1690
 1646 1691
 1646 1647
 1646 1692
 1647 1693
 1648 1742
 1648 1694
 1648 1693
 1649 1744
 1649 1695
 1649 1650
 1650 1695
 1650 1651
 1651 1697
 1652 1748
 1652 1699
 1652 1653
 1652 1697
 1653 1699
 1653 1654
 1654 1701
 1654 1700
 1655 1701
 1656 1704
 1657 1704
 1657 1705
 1657 1658
 1658 1659
 1658 1705
 1659 1707
 1659 1708
 1659 1706
 1659 1660
 1660 1756
 1660 1757
 1660 1661
 1660 1709
 1660 1708
 1661 1662
 1661 1709
 1662 1710
 1662 1711
 1663 1664
 1664 1665
 1664 1711
 1665 1712
 1665 1666
 1666 1667
 1666 1715
 1666 1713
 1667 1715
 1668 1765
 1668 1716
 1668 1669
 1668 1715
 1669 1766
 1669 1670
 1669 1716
 1669 1717
 1670 1719
 1670 1718
 1670 1717
 1670 1671
 1671 1672
 1671 1720
 1671 1719
 1672 1720
 1673 1722
 1673 1720
 1674 1675
 1675 1723
 1675 1724
 1676 1725
 1677 1727
 1677 1678
 1677 1726
 1678 1728
 1678 1679
 1679 1680
 1680 1777
 1680 1728
 1680 1681
 1681 1778
 1681 1730
 1681 1729
 1682 1779
 1682 1731
 1682 1730
 1683 1732
 1683 1684
 1684 1732
 1685 1782
 1685 1686
 1685 1734
 1685 1733
 1686 1734
 1686 1736
 1687 1738
 1687 1737
 1687 1736
 1688 1738
 1689 1739
 1689 1690
 1689 1786
 1690 1691
 1690 1739
 1691 1741
 1691 1740
 1692 1742
 1694 1743
 1694 1744
 1694 1742
 1695 1746
 1695 1696
 1695 1744
 1696 1697
 1697 1747
 1697 1746
 1698 1748
 1699 1700
 1699 1748
 1700 1750
 1700 1701
 1702 1750
 1704 1753
 1704 1752
 1704 1705
 1705 1754
 1705 1753
 1705 1755
 1707 1802
 1707 1756
 1707 1755
 1708 1756
 1709 1804
 1709 1710
 1709 1759
 1709 1757
 1710 1759
 1710 1760
 1710 1711
 1711 1712
 1712 1760
 1712 1713
 1713 1763
 1713 1714
 1713 1761
 1714 1764
 1714 1715
 1715 1765
 1716 1811
 1716 1765
 1717 1812
 1717 1767
 1717 1766
 1718 1719
 1719 1720
 1719 1768
 1719 1769
 1720 1771
 1720 1770
 1722 1772
 1722 1771
 1722 1723
 1723 1817
 1723 1773
 1723 1724
 1723 1772
 1724 1818
 1724 1773
 1724 1725
 1724 1774
 1726 1775
 1726 1727
 1726 1774
 1727 1776
 1727 1728
 1727 1775
 1729 1823
 1729 1822
 1729 1778
 1729 1777
 1730 1779
 1730 1778
 1731 1780
 1731 1779
 1732 1781
 1732 1733
 1733 1782
 1733 1781
 1734 1783
 1734 1782
 1736 1830
 1736 1784
 1736 1783
 1737 1738
 1738 1784
 1738 1785
 1738 1786
 1739 1833
 1739 1787
 1739 1786
 1740 1741
 1741 1742
 1741 1789
 1741 1788
 1741 1787
 1742 1791
 1742 1743
 1742 1789
 1743 1791
 1743 1792
 1744 1792
 1745 1793
 1745 1746
 1746 1794
 1746 1747
 1746 1793
 1747 1794
 1747 1795
 1747 1748
 1748 1749
 1749 1750
 1749 1795
 1750 1797
 1750 1796
 1750 1751
 1751 1797
 1752 1800
 1753 1800
 1753 1754
 1753 1801
 1754 1755
 1754 1802
 1756 1803
 1756 1802
 1758 1804
 1758 1803
 1759 1760
 1760 1761
 1760 1806
 1760 1805
 1761 1807
 1761 1806
 1761 1762
 1762 1763
 1762 1808
 1762 1807
 1763 1809
 1763 1808
 1763 1764
 1764 1810
 1764 1809
 1766 1860
 1766 1812
 1766 1811
 1767 1861
 1767 1813
 1767 1768
 1767 1812
 1768 1769
 1769 1813
 1769 1814
 1770 1771
 1771 1815
 1771 1772
 1771 1814
 1772 1817
 1772 1815
 1773 1866
 1773 1818
 1774 1867
 1774 1819
 1774 1775
 1774 1818
 1775 1821
 1775 1776
 1775 1819
 1776 1777
 1777 1821
 1777 1822
 1778 1779
 1778 1823
 1779 1874
 1779 1826
 1779 1780
 1779 1824
 1780 1781
 1781 1827
 1781 1826
 1781 1782
 1782 1783
 1782 1829
 1783 1829
 1783 1830
 1784 1831
 1784 1785
 1784 1830
 1785 1831
 1785 1786
 1786 1833
 1787 1835
 1787 1788
 1787 1834
 1787 1833
 1788 1835
 1789 1883
 1789 1790
 1790 1837
 1790 1836
 1790 1791
 1791 1837
 1792 1793
 1792 1837
 1793 1840
 1793 1794
 1793 1838
 1794 1795
 1794 1840
 1795 1843
 1795 1842
 1795 1841
 1795 1796
 1796 1891
 1796 1844
 1796 1797
 1796 1843
 1797 1892
 1797 1845
 1797 1844
 1799 1800
 1799 1847
 1800 1848
 1800 1801
 1801 1802
 1801 1848
 1802 1850
 1802 1897
 1802 1803
 1802 1849
 1803 1851
 1803 1850
 1803 1804
 1804 1853
 1804 1805
 1804 1852
 1804 1851
 1805 1806
 1806 1855
 1806 1807
 1806 1853
 1807 1808
 1808 1857
 1808 1855
 1808 1809
 1809 1858
 1809 1857
 1810 1811
 1811 1859
 1811 1858
 1811 1860
 1812 1861
 1812 1911
 1813 1814
 1813 1862
 1813 1861
 1814 1862
 1814 1863
 1814 1815
 1815 1865
 1815 1816
 1815 1863
 1816 1865
 1817 1916
 1818 1866
 1819 1868
 1819 1919
 1819 1867
 1820 1869
 1820 1821
 1821 1822
 1821 1870
 1821 1869
 1822 1870
 1822 1823
 1823 1872
 1823 1871
 1824 1825
 1825 1874
 1826 1827
 1826 1875
 1826 1874
 1827 1875
 1827 1876
 1828 1877
 1828 1829
 1829 1927
 1829 1830
 1829 1877
 1830 1878
 1830 1879
 1831 1879
 1832 1880
 1832 1833
 1833 1881
 1833 1880
 1834 1931
 1834 1882
 1834 1835
 1835 1883
 1835 1882
 1836 1837
 1836 1884
 1837 1884
 1837 1838
 1838 1839
 1838 1886
 1838 1887
 1838 1885
 1839 1936
 1839 1887
 1839 1888
 1840 1889
 1840 1841
 1840 1888
 1841 1890
 1841 1889
 1843 1939
 1843 1890
 1844 1940
 1844 1892
 1844 1891
 1845 1892
 1846 1895
 1847 1895
 1847 1848
 1848 1896
 1848 1895
 1849 1896
 1850 1851
 1850 1899
 1850 1897
 1851 1852
 1851 1900
 1852 1947
 1852 1901
 1852 1853
 1853 1902
 1853 1854
 1853 1901
 1854 1904
 1854 1902
 1854 1855
 1855 1856
 1855 1905
 1855 1904
 1856 1905
 1856 1906
 1857 1906
 1857 1858
 1857 1907
 1858 1908
 1858 1907
 1858 1859
 1859 1910
 1859 1909
 1859 1908
 1860 1911
 1861 1912
 1861 1911
 1862 1863
 1862 1912
 1863 1913
 1863 1864
 1864 1915
 1864 1865
 1864 1914
 1865 1916
 1865 1915
 1866 1918
 1866 1867
 1866 1916
 1867 1919
 1867 1918
 1868 1965
 1868 1920
 1868 1919
 1869 1870
 1870 1920
 1870 1871
 1871 1872
 1872 1923
 1872 1922
 1872 1873
 1873 1969
 1873 1923
 1874 1924
 1874 1875
 1875 1876
 1875 1926
 1875 1924
 1876 1926
 1876 1877
 1877 1973
 1878 1879
 1879 1880
 1879 1929
 1879 1928
 1880 1930
 1880 1929
 1881 1977
 1881 1931
 1881 1930
 1882 1979
 1882 1933
 1882 1883
 1882 1931
 1883 1933
 1883 1884
 1884 1933
 1885 1935
 1885 1934
 1886 1935
 1887 1936
 1887 1935
 1888 1889
 1888 1936
 1889 1938
 1889 1937
 1890 1986
 1890 1939
 1891 1940
 1891 1939
 1892 1941
 1892 1940
 1895 1943
 1895 1942
 1895 1896
 1896 1897
 1896 1945
 1896 1943
 1897 1945
 1897 1898
 1898 1899
 1899 1946
 1899 1947
 1901 1949
 1901 1947
 1901 1902
 1902 1998
 1902 1950
 1902 1949
 1904 1950
 1904 1951
 1904 1905
 1905 1953
 1905 1906
 1905 1951
 1907 1908
 1907 1954
 1907 1953
 1908 1955
 1908 1954
 1909 1955
 1910 1956
 1910 1955
 1911 2005
 1911 1957
 1911 1956
 1911 1912
 1912 1958
 1912 1957
 1913 1914
 1913 1958
 1914 1959
 1914 1958
 1914 1915
 1915 1916
 1915 1961
 1915 1959
 1916 1962
 1916 1961
 1917 1963
 1917 1962
 1918 1919
 1918 1964
 1918 1963
 1919 1965
 1920 1966
 1920 1921
 1920 1965
 1921 1967
 1921 1922
 1922 1923
 1922 1967
 1922 1968
 1923 1968
 1924 1925
 1924 1970
 1924 1969
 1925 1926
 1925 1970
 1925 1971
 1926 1972
 1926 1973
 1927 1928
 1927 1974
 1927 1973
 1928 1974
 1929 1976
 1929 2023
 1929 1975
 1929 1930
 1930 1976
 1931 1932
 1931 1977
 1932 2026
 1932 1979
 1933 1934
 1933 1979
 1934 1981
 1934 1980
 1934 1935
 1935 1936
 1935 1981
 1936 1983
 1936 1937
 1937 2031
 1937 1985
 1937 1938
 1937 1984
 1938 2032
 1938 1986
 1939 1988
 1939 1940
 1939 1986
 1940 1990
 1940 1989
 1940 1988
 1942 1992
 1943 1992
 1943 1944
 1944 1992
 1944 1945
 1945 1994
 1945 1946
 1945 1993
 1946 1995
 1946 1994
 1946 1947
 1947 1948
 1947 1997
 1947 1996
 1947 1995
 1949 1997
 1949 1998
 1950 1999
 1950 1951
 1950 1998
 1951 1952
 1951 1999
 1952 2000
 1952 2001
 1952 1953
 1953 2002
 1953 1954
 1953 2001
 1954 1955
 1954 2002
 1955 2003
 1955 2004
 1956 2049
 1956 2004
 1957 1958
 1957 2006
 1958 2008
 1958 1959
 1958 2006
 1959 1960
 1959 2009
 1961 2010
 1961 1962
 1961 2009
 1962 1963
 1962 2011
 1963 1964
 1963 2012
 1964 1965
 1965 2014
 1965 1966
 1965 2012
 1966 2062
 1966 2015
 1966 1967
 1966 2014
 1967 2015
 1967 1968
 1968 2017
 1968 1969
 1969 2018
 1969 1970
 1970 2019
 1970 1971
 1970 2018
 1971 2020
 1971 2019
 1972 2021
 1972 1973
 1973 2022
 1973 1974
 1974 2022
 1975 2023
 1975 2022
 1976 2025
 1976 1977
 1976 2023
 1977 1978
 1978 2026
 1978 2025
 1979 2075
 1979 2027
 1979 2026
 1980 2028
 1980 1981
 1981 2077
 1981 1982
 1981 2029
 1982 1983
 1983 2078
 1983 2030
 1983 2029
 1984 2031
 1984 2030
 1985 2032
 1985 2031
 1986 2034
 1986 2032
 1986 1987
 1987 1988
 1988 2035
 1988 2034
 1989 2035
 1990 2035
 1992 2086
 1992 2038
 1992 2037
 1992 1993
 1993 2039
 1993 1994
 1994 2040
 1995 2040
 1995 2041
 1995 1996
 1996 2090
 1996 2042
 1996 1997
 1997 2091
 1997 2043
 1997 2042
 1997 1998
 1998 2043
 1999 2000
 1999 2045
 1999 2044
 2000 2001
 2000 2045
 2001 2002
 2001 2045
 2002 2046
 2002 2047
 2003 2048
 2003 2047
 2003 2004
 2004 2049
 2005 2006
 2005 2049
 2006 2051
 2006 2050
 2007 2051
 2007 2008
 2007 2053
 2008 2053
 2008 2054
 2008 2009
 2009 2055
 2009 2056
 2009 2054
 2009 2010
 2010 2057
 2010 2011
 2010 2056
 2011 2012
 2011 2057
 2012 2060
 2012 2059
 2012 2058
 2012 2013
 2013 2060
 2014 2061
 2015 2063
 2015 2062
 2016 2063
 2016 2017
 2017 2018
 2017 2065
 2018 2019
 2018 2066
 2019 2020
 2019 2067
 2020 2068
 2020 2067
 2020 2021
 2021 2068
 2021 2022
 2022 2023
 2022 2071
 2022 2069
 2023 2072
 2023 2071
 2024 2025
 2025 2074
 2025 2026
 2025 2072
 2026 2074
 2027 2076
 2027 2028
 2027 2075
 2028 2077
 2028 2076
 2029 2078
 2029 2077
 2030 2079
 2030 2078
 2031 2032
 2031 2080
 2032 2127
 2032 2081
 2032 2080
 2034 2082
 2034 2081
 2034 2035
 2035 2083
 2036 2083
 2037 2086
 2038 2088
 2038 2039
 2038 2086
 2039 2089
 2039 2040
 2040 2089
 2042 2091
 2042 2138
 2043 2093
 2043 2044
 2043 2091
 2044 2094
 2044 2093
 2044 2045
 2045 2095
 2045 2046
 2046 2096
 2046 2047
 2046 2095
 2047 2146
 2047 2048
 2047 2097
 2048 2049
 2049 2098
 2049 2097
 2050 2098
 2050 2099
 2050 2051
 2051 2150
 2051 2099
 2051 2100
 2053 2151
 2053 2152
 2053 2054
 2053 2100
 2053 2101
 2054 2101
 2054 2102
 2055 2102
 2056 2103
 2056 2057
 2056 2102
 2057 2103
 2057 2058
 2058 2105
 2058 2106
 2058 2059
 2058 2104
 2059 2106
 2060 2107
 2060 2106
 2061 2108
 2061 2062
 2062 2108
 2062 2063
 2063 2109
 2063 2108
 2064 2065
 2065 2066
 2065 2110
 2066 2112
 2066 2111
 2067 2113
 2067 2068
 2068 2115
 2068 2114
 2068 2113
 2069 2116
 2069 2070
 2071 2116
 2071 2072
 2072 2118
 2072 2117
 2072 2073
 2073 2120
 2073 2119
 2073 2074
 2073 2118
 2074 2121
 2074 2120
 2075 2122
 2075 2121
 2075 2076
 2076 2077
 2076 2123
 2077 2125
 2077 2123
 2077 2078
 2078 2125
 2079 2125
 2079 2126
 2079 2080
 2080 2127
 2081 2128
 2081 2082
 2081 2127
 2082 2130
 2082 2128
 2082 2083
 2083 2131
 2083 2130
 2085 2133
 2086 2133
 2086 2134
 2086 2087
 2087 2088
 2087 2135
 2087 2134
 2088 2135
 2088 2136
 2088 2089
 2089 2137
 2089 2136
 2089 2090
 2090 2138
 2090 2137
 2091 2092
 2091 2138
 2092 2093
 2092 2139
 2093 2094
 2093 2140
 2094 2141
 2094 2095
 2095 2145
 2095 2144
 2095 2096
 2096 2145
 2096 2146
 2097 2098
 2097 2146
 2098 2099
 2098 2147
 2098 2149
 2099 2150
 2100 2151
 2100 2150
 2101 2102
 2101 2153
 2102 2103
 2102 2203
 2102 2154
 2103 2204
 2103 2154
 2103 2155
 2105 2156
 2105 2106
 2105 2155
 2106 2158
 2106 2156
 2106 2107
 2107 2108
 2107 2159
 2107 2158
 2108 2161
 2108 2159
 2108 2109
 2109 2210
 2109 2162
 2109 2110
 2109 2161
 2110 2211
 2110 2163
 2110 2111
 2111 2112
 2111 2164
 2111 2163
 2112 2113
 2113 2214
 2113 2165
 2113 2164
 2113 2114
 2114 2166
 2114 2165
 2115 2166
 2115 2167
 2115 2116
 2116 2168
 2116 2117
 2116 2167
 2117 2169
 2117 2118
 2117 2168
 2118 2171
 2118 2169
 2118 2119
 2119 2172
 2120 2172
 2120 2121
 2121 2122
 2121 2174
 2121 2172
 2122 2174
 2122 2123
 2123 2176
 2123 2175
 2124 2178
 2124 2125
 2124 2176
 2124 2177
 2125 2179
 2125 2126
 2126 2180
 2126 2179
 2126 2127
 2127 2128
 2127 2180
 2128 2182
 2128 2129
 2129 2183
 2129 2130
 2129 2182
 2130 2184
 2130 2183
 2133 2233
 2133 2186
 2133 2185
 2133 2134
 2134 2234
 2134 2186
 2134 2187
 2135 2136
 2136 2188
 2136 2137
 2136 2187
 2137 2138
 2137 2189
 2137 2190
 2138 2139
 2138 2190
 2139 2192
 2139 2140
 2140 2193
 2140 2192
 2140 2141
 2141 2194
 2141 2142
 2141 2193
 2142 2194
 2142 2143
 2143 2195
 2144 2145
 2145 2196
 2145 2195
 2145 2146
 2146 2147
 2146 2196
 2147 2198
 2147 2148
 2147 2197
 2148 2198
 2148 2199
 2148 2149
 2149 2200
 2149 2199
 2150 2201
 2150 2151
 2151 2201
 2152 2201
 2152 2202
 2153 2202
 2154 2252
 2154 2204
 2154 2203
 2155 2156
 2155 2206
 2155 2204
 2156 2206
 2157 2158
 2157 2207
 2158 2208
 2158 2207
 2159 2208
 2160 2208
 2161 2209
 2162 2211
 2162 2210
 2163 2213
 2163 2164
 2163 2211
 2164 2214
 2165 2216
 2165 2166
 2165 2214
 2166 2217
 2166 2167
 2167 2168
 2168 2218
 2168 2217
 2169 2170
 2170 2218
 2171 2267
 2171 2220
 2171 2219
 2172 2220
 2172 2173
 2173 2268
 2173 2221
 2173 2220
 2174 2222
 2176 2270
 2176 2223
 2176 2222
 2177 2224
 2177 2223
 2177 2178
 2178 2179
 2179 2226
 2179 2180
 2179 2224
 2180 2227
 2180 2181
 2181 2228
 2181 2227
 2181 2182
 2182 2229
 2182 2183
 2183 2230
 2183 2229
 2184 2230
 2185 2233
 2187 2281
 2187 2235
 2187 2188
 2187 2234
 2188 2236
 2188 2235
 2189 2190
 2190 2191
 2190 2236
 2191 2192
 2191 2238
 2191 2237
 2192 2193
 2192 2238
 2193 2194
 2193 2241
 2193 2240
 2194 2241
 2194 2195
 2195 2196
 2195 2242
 2195 2241
 2196 2244
 2196 2242
 2196 2197
 2197 2244
 2197 2198
 2198 2291
 2198 2246
 2198 2245
 2199 2200
 2199 2247
 2200 2201
 2200 2247
 2200 2248
 2201 2202
 2201 2248
 2201 2250
 2202 2251
 2202 2250
 2203 2252
 2203 2251
 2204 2297
 2204 2253
 2204 2252
 2205 2206
 2205 2254
 2206 2254
 2206 2207
 2207 2208
 2207 2254
 2208 2256
 2208 2255
 2209 2302
 2209 2257
 2209 2210
 2209 2256
 2210 2259
 2210 2257
 2210 2211
 2210 2258
 2211 2212
 2212 2259
 2212 2260
 2213 2261
 2213 2214
 2214 2261
 2215 2307
 2215 2216
 2215 2262
 2215 2261
 2216 2263
 2216 2217
 2217 2264
 2217 2263
 2217 2218
 2218 2266
 2218 2219
 2218 2265
 2218 2264
 2219 2266
 2219 2267
 2220 2313
 2220 2312
 2220 2268
 2221 2269
 2221 2222
 2221 2268
 2222 2316
 2222 2270
 2222 2315
 2222 2269
 2223 2224
 2223 2272
 2223 2270
 2224 2225
 2224 2273
 2225 2274
 2225 2273
 2226 2275
 2226 2227
 2227 2276
 2227 2275
 2229 2230
 2229 2277
 2229 2276
 2230 2278
 2230 2277
 2233 2279
 2233 2234
 2234 2326
 2234 2281
 2234 2280
 2235 2236
 2235 2281
 2236 2284
 2236 2328
 2236 2283
 2236 2237
 2236 2282
 2237 2285
 2237 2238
 2238 2331
 2238 2286
 2238 2239
 2239 2286
 2239 2240
 2240 2241
 2240 2286
 2241 2242
 2241 2287
 2242 2243
 2242 2288
 2242 2289
 2243 2337
 2243 2244
 2243 2289
 2243 2336
 2243 2290
 2244 2245
 2245 2338
 2245 2291
 2245 2290
 2246 2339
 2246 2292
 2246 2291
 2247 2292
 2247 2248
 2248 2293
 2248 2294
 2248 2249
 2248 2292
 2249 2294
 2250 2295
 2250 2294
 2251 2296
 2251 2252
 2251 2295
 2252 2297
 2252 2296
 2253 2298
 2253 2345
 2253 2254
 2253 2297
 2254 2298
 2254 2255
 2255 2300
 2255 2256
 2255 2299
 2256 2348
 2256 2302
 2257 2303
 2257 2302
 2258 2259
 2259 2260
 2259 2303
 2260 2261
 2260 2305
 2260 2304
 2261 2305
 2261 2307
 2261 2306
 2262 2307
 2263 2309
 2263 2264
 2263 2308
 2264 2310
 2264 2309
 2264 2265
 2265 2311
 2265 2310
 2266 2267
 2266 2311
 2267 2311
 2268 2269
 2268 2314
 2268 2313
 2269 2314
 2270 2271
 2271 2317
 2271 2316
 2271 2272
 2272 2318
 2272 2273
 2272 2317
 2273 2318
 2273 2319
 2273 2274
 2274 2321
 2274 2320
 2274 2275
 2274 2319
 2275 2322
 2275 2321
 2276 2322
 2276 2277
 2277 2278
 2277 2322
 2278 2323
 2279 2280
 2280 2370
 2280 2326
 2280 2325
 2281 2282
 2281 2326
 2282 2374
 2282 2327
 2283 2329
 2283 2284
 2284 2285
 2284 2330
 2284 2378
 2285 2331
 2285 2330
 2286 2287
 2286 2333
 2286 2331
 2287 2333
 2287 2288
 2288 2289
 2288 2334
 2288 2333
 2289 2334
 2289 2336
 2290 2337
 2291 2338
 2292 2293
 2292 2339
 2293 2340
 2293 2294
 2294 2342
 2294 2295
 2295 2343
 2295 2296
 2296 2344
 2296 2297
 2297 2345
 2298 2346
 2298 2299
 2298 2345
 2299 2347
 2299 2300
 2299 2346
 2300 2347
 2301 2347
 2301 2409
 2302 2348
 2302 2303
 2303 2351
 2303 2304
 2303 2349
 2304 2305
 2305 2306
 2305 2353
 2305 2351
 2306 2307
 2307 2308
 2307 2353
 2308 2309
 2308 2355
 2309 2356
 2309 2310
 2310 2311
 2311 2358
 2311 2357
 2311 2312
 2311 2356
 2312 2359
 2312 2313
 2313 2359
 2314 2315
 2314 2360
 2314 2359
 2315 2361
 2315 2316
 2316 2317
 2317 2362
 2317 2361
 2318 2364
 2318 2362
 2318 2319
 2319 2320
 2320 2365
 2320 2364
 2320 2321
 2321 2366
 2321 2365
 2322 2367
 2322 2323
 2323 2368
 2323 2324
 2326 2372
 2326 2327
 2326 2370
 2327 2374
 2327 2372
 2328 2376
 2328 2329
 2328 2374
 2329 2378
 2329 2376
 2330 2380
 2330 2378
 2331 2332
 2331 2380
 2332 2383
 2332 2381
 2332 2333
 2333 2385
 2333 2383
 2334 2335
 2334 2385
 2335 2336
 2335 2386
 2336 2389
 2336 2387
 2336 2337
 2337 2391
 2337 2338
 2337 2389
 2338 2392
 2338 2339
 2339 2394
 2339 2340
 2339 2392
 2340 2396
 2340 2394
 2340 2341
 2341 2398
 2341 2342
 2341 2396
 2342 2400
 2342 2343
 2342 2398
 2343 2402
 2343 2400
 2343 2344
 2344 2404
 2344 2345
 2344 2402
 2345 2405
 2346 2407
 2346 2347
 2346 2405
 2347 2409
 2347 2407
 2348 2411
 2348 2349
 2348 2409
 2349 2412
 2349 2350
 2350 2414
 2350 2351
 2350 2412
 2351 2416
 2351 2414
 2351 2352
 2352 2418
 2352 2353
 2352 2416
 2353 2420
 2353 2418
 2353 2354
 2354 2422
 2354 2355
 2354 2420
 2355 2424
 2355 2356
 2355 2422
 2356 2426
 2356 2357
 2356 2424
 2357 2428
 2357 2426
 2358 2430
 2358 2359
 2358 2428
 2359 2432
 2359 2430
 2360 2434
 2360 2361
 2360 2432
 2361 2436
 2361 2434
 2361 2362
 2362 2437
 2362 2436
 2363 2439
 2363 2364
 2363 2437
 2364 2441
 2364 2439
 2365 2443
 2365 2366
 2365 2441
 2366 2445
 2366 2367
 2366 2443
 2367 2447
 2367 2445
 2367 2368
