    2  126
    2   82
    3   82
    4   83
    4   82
    6   84
    6   83
    8   84
    9   86
    9   85
   11  130
   11   87
   11   86
   13   87
   14   88
   14   89
   16  132
   16   90
   16   89
   18   91
   18   90
   19   92
   21   93
   21   92
   22   93
   23   94
   23   93
   25   94
   25   95
   27   96
   27   95
   28   96
   29   97
   29   96
   31   98
   31   97
   33  141
   33   99
   33   98
   34  100
   36  101
   36  100
   38  102
   38  101
   39  102
   40  102
   40  103
   42  147
   42  104
   42  103
   44  105
   44  104
   46  106
   46  105
   48  106
   48  107
   50  151
   50  108
   50  107
   52  108
   53  110
   53  109
   55  111
   55  110
   57  154
   57  111
   57  112
   59  112
   59  113
   61  113
   61  114
   62  114
   62  115
   64  115
   64  116
   66  117
   66  116
   67  117
   68  118
   68  117
   70  119
   70  118
   71  120
   73  121
   73  120
   75  122
   75  121
   77  123
   77  122
   79  166
   79  123
   81  126
   82  127
   82  126
   83  128
   83   84
   84 2431
   84   85
   85 2431
   85  129
   85   86
   87   88
   87  130
   88  175
   88   89
   88  131
   90   91
   90  132
   91  134
   91   92
   91  133
   93  136
   93   94
   93  135
   94  137
   94   95
   96  183
   96  138
   96  139
   96   97
   97   98
   98  141
   98  140
   99  142
   99  100
   99  141
  100  101
  101  102
  101  143
  102  145
  102  144
  103  147
  104  148
  104  105
  105  106
  106  148
  106  107
  107  149
  108  197
  108  109
  108  151
  109  110
  109  197
  110  198
  110  152
  110  153
  110  111
  112  113
  112  154
  113  156
  113  155
  114  115
  115  116
  115  156
  115  158
  116  117
  117  160
  117  159
  118  119
  119  162
  119  120
  119  161
  120 2430
  120  121
  121 2430
  121  122
  122  163
  122  123
  123  166
  123  165
  123  164
  124  166
  125  169
  126  170
  126  169
  126  127
  127  128
  128  170
  129  130
  129 2431
  130  131
  130  173
  131  174
  131  173
  132  133
  132  176
  132  175
  133  177
  133  134
  133  176
  134  135
  135  179
  135  180
  135  136
  136 2434
  136  137
  137  138
  137 2434
  137  181
  138  181
  139  184
  139  183
  140  141
  140  184
  141  187
  141  185
  141  186
  142  188
  142  143
  143  144
  143  189
  144  191
  144  145
  144  190
  145  191
  145  146
  146  147
  147  148
  147  193
  148  240
  148  149
  148  194
  149  150
  150  195
  150  151
  151  242
  151  197
  151  196
  153  154
  153  199
  154  155
  154  200
  155  156
  155  201
  155  202
  156  157
  157  203
  157  158
  157  249
  158  159
  159  206
  159  160
  159  205
  160  207
  160  161
  161  162
  161  207
  163  209
  163  210
  163  164
  163 2430
  165  211
  165  166
  165  210
  166  213
  166  212
  169  214
  169  216
  169  215
  169  170
  170  217
  170  218
  170  216
  170  171
  171 2431
  172 2431
  172  173
  172  220
  172  219
  173  220
  173  174
  174  175
  174  221
  176  177
  176  223
  176  222
  177  224
  177  223
  178  179
  178  224
  179  226
  179  180
  180 2434
  180  227
  180  226
  181  228
  181 2434
  182  183
  183  230
  183  229
  183  184
  184  185
  185  231
  185  186
  185  230
  186  232
  186  231
  188  189
  188  232
  189  233
  189  190
  190  234
  190  233
  190  191
  191  192
  191  235
  192  193
  193  236
  193  194
  194  239
  194  237
  195  196
  195  241
  195  240
  196  241
  196  242
  197  244
  198  199
  198  244
  199  244
  199  245
  199  200
  200  201
  201  246
  201  247
  202  248
  202  249
  202  247
  203  250
  203  251
  203  204
  204  205
  205  252
  205  206
  205  251
  206  207
  207  254
  207  208
  207  253
  208 2430
  209  256
  209  210
  209  255
  210  257
  210  211
  210  256
  211  258
  211  257
  211  212
  212  308
  212  259
  212  258
  214  261
  215  261
  216  262
  216  261
  217  262
  217  218
  218  264
  218  262
  219  265
  219  264
  219 2431
  220  266
  220  221
  220  265
  221  267
  221  222
  222  223
  223  269
  223  270
  223  268
  224  225
  225  271
  225  226
  226  227
  226  271
  227  273
  227  272
  228  229
  229  277
  229  275
  230  231
  230  277
  231  280
  231  281
  231  279
  232  282
  233  283
  233  234
  233  282
  234  235
  234  284
  234  283
  235  284
  235  236
  236  237
  237  286
  237  238
  237  285
  238  287
  238  239
  239  288
  239  240
  241  290
  241  289
  242  291
  242  243
  242  290
  243  292
  243  244
  244  245
  245  340
  245  246
  245  293
  246  296
  246  247
  246  294
  247  248
  247  296
  248  297
  249  250
  250  299
  250  298
  251  252
  251  299
  252  253
  252  302
  252  301
  253  349
  253  302
  253  303
  254  304
  254  303
  255  306
  255  256
  255  305
  255 2430
  256  257
  256  306
  257  307
  258  307
  259  308
  261  310
  261  311
  262  312
  262  263
  263  313
  263  312
  263  264
  264  315
  264  314
  264  313
  264  265
  265  266
  266  316
  266  317
  267  318
  267  317
  267  268
  268  319
  268  269
  269  320
  269  270
  270  321
  271  322
  271  272
  271  321
  272  323
  272  322
  272  273
  273  274
  273  323
  274  275
  274  324
  274 2434
  275  276
  276  277
  276  325
  277  326
  277  278
  278  327
  278  279
  278  326
  279  280
  280  328
  280  327
  281  282
  282  329
  283  330
  283  284
  284  331
  284  285
  284  330
  285  286
  285  333
  285  331
  286  334
  286  333
  286  287
  287  288
  288  335
  288  289
  288  334
  289  385
  289  290
  290  385
  290  336
  290  291
  291  337
  291  336
  292  339
  292  293
  292  337
  294  389
  294  295
  294  341
  294  340
  295  341
  295  342
  295  296
  296  343
  296  297
  296  342
  297  298
  298  299
  298  344
  299  346
  299  345
  299  300
  300  394
  300  301
  300  346
  301  348
  301  347
  301  302
  302  348
  303  350
  303  351
  303  349
  304  305
  304  352
  304  351
  305  353
  305  352
  306  354
  306  353
  307  355
  307  354
  308  356
  308  355
  311  358
  311  357
  311  312
  312  359
  312  358
  313  360
  313  359
  313  314
  314  361
  314  315
  314  360
  315  362
  315  361
  315  316
  316  363
  316  317
  316  362
  317  365
  317  364
  317  363
  317  318
  318  319
  318  366
  318  365
  319  367
  319  366
  319  320
  320  368
  320  321
  320  367
  321  368
  321  369
  321  322
  322  323
  323  416
  323  370
  323  371
  324  325
  324  372
  324  371
  325  373
  325  372
  325  326
  326  373
  326  327
  327  375
  327  376
  327  374
  327  328
  328  421
  328  377
  328  376
  329  422
  329  330
  329  378
  329  377
  330  424
  330  331
  330  378
  330  379
  331  379
  331  381
  331  332
  332  382
  332  333
  332  381
  333  382
  333  383
  333  334
  334  335
  334  384
  334  383
  335  384
  336  337
  336  385
  337  431
  337  432
  337  387
  337  386
  337  338
  338  339
  339  340
  339  387
  339  388
  340  388
  340  389
  341  435
  341  390
  341  389
  342  390
  342  343
  343  391
  343  390
  343  344
  344  392
  344  391
  345  393
  345  346
  345  392
  346  440
  346  394
  347  441
  347  395
  347  348
  347  394
  348  396
  348  395
  350  443
  350  351
  350  396
  351  398
  351  397
  351  352
  352  353
  353  446
  353  399
  353  398
  353  354
  354  400
  354  399
  355  448
  355  401
  355  400
  356  401
  358  451
  358  404
  358  403
  359  405
  359  404
  359  360
  360  453
  360  361
  360  406
  361  407
  361  406
  362  409
  362  363
  362  407
  363  410
  363  409
  364  456
  364  411
  364  410
  364  365
  365  412
  365  411
  366  413
  367  368
  367  414
  367  413
  368  369
  369  415
  369  370
  369  414
  370  461
  370  415
  370  416
  371  417
  371  462
  371  372
  371  416
  372  373
  372  417
  372  418
  373  464
  373  374
  373  419
  374  420
  374  375
  374  419
  375  376
  376  467
  377  422
  377  421
  378  424
  378  422
  379  470
  379  425
  379  424
  380  381
  380  426
  382  427
  382  383
  382  426
  383  427
  383  384
  384  385
  384  430
  384  428
  385  386
  386  477
  386  430
  387  433
  387  388
  387  432
  388  389
  389  435
  389  433
  390  437
  390  391
  390  435
  391  392
  391  437
  392  439
  392  438
  392  393
  393  440
  393  439
  394  486
  394  441
  394  440
  395  396
  395  441
  396  442
  397  445
  397  398
  397  444
  397  443
  398  446
  398  445
  399  447
  399  446
  400  447
  401  493
  401  449
  403  451
  404  405
  404  452
  405  499
  406  454
  406  453
  407  454
  408  501
  408  455
  409  410
  410  502
  410  456
  410  455
  411  457
  411  456
  412  458
  412  457
  412  413
  413  459
  413  414
  414  459
  414  415
  415  508
  415  460
  416  462
  417  418
  418  464
  418  463
  419  466
  419  420
  419  464
  420  467
  420  466
  421  515
  421  422
  421  467
  422  469
  422  468
  423  424
  424  470
  425  471
  425  426
  425  470
  425  472
  426  473
  426  427
  426  472
  427  474
  427  473
  428  475
  428  429
  429  524
  429  476
  429  430
  429  475
  430  477
  430  476
  431  478
  431  432
  431  477
  432  480
  432  478
  432  433
  433  434
  433  481
  434  482
  434  481
  434  435
  436  483
  436  437
  436  482
  438  534
  438  439
  438  483
  439  535
  439  440
  439  484
  440  486
  441  487
  441  486
  442  488
  442  443
  443  488
  443  444
  444  445
  444  489
  444  488
  445  446
  445  491
  446  492
  446  491
  447 2432
  447  492
  448  493
  448 2432
  449  493
  450  451
  450  496
  451  452
  451  497
  452  498
  453  499
  453  454
  454  552
  454  500
  454  501
  454  499
  455  502
  455  501
  456  457
  456  502
  457  505
  457  458
  457  503
  458  506
  458  505
  458  459
  459  506
  459  460
  460  558
  460  508
  460  507
  461  510
  461  508
  461  462
  462  511
  462  463
  463  512
  463  511
  463  464
  464  513
  464  465
  465  514
  465  513
  466  467
  467  515
  467  514
  468  517
  468  469
  468  516
  468  515
  469  568
  469  519
  469  517
  469  470
  470  519
  471  569
  471  472
  471  520
  471  519
  472  522
  472  520
  472  473
  473  522
  474  523
  474  522
  475  524
  476  525
  476  477
  477  478
  477  525
  478  577
  478  527
  478  526
  479  528
  479  527
  479  480
  480  530
  480  529
  480  481
  481  532
  481  482
  481  530
  482  483
  483  533
  483  534
  484  535
  484  534
  485  537
  485  486
  485  535
  486  487
  487  538
  487  488
  487  537
  487  539
  488  539
  488  540
  488  489
  489  541
  489  540
  490  542
  490  491
  491  492
  491  542
  492  543
  493  545
  493  544
  493 2432
  494  545
  496  547
  496  548
  498  499
  498  549
  498  548
  499  550
  500  553
  500  552
  501  553
  501  502
  502  503
  502  553
  503  555
  503  504
  503  603
  504  604
  504  555
  504  556
  505  557
  505  506
  506  557
  507  557
  508  509
  508  558
  509  560
  509  510
  509  559
  510  561
  510  560
  510  511
  511  562
  511  561
  513  514
  513  563
  513  562
  514  563
  514  564
  514  515
  515  566
  515  516
  515  564
  516  517
  517  567
  517  518
  517  566
  518  568
  519  568
  520  570
  520  569
  520  571
  521  522
  522  523
  522  573
  523  573
  523  524
  523  574
  523  575
  524  525
  525  576
  525  575
  526  623
  526  577
  526  576
  527  578
  527  577
  528  529
  529  579
  529  578
  529  530
  530  531
  530  579
  531  627
  531  581
  531  532
  532  533
  533  534
  533  581
  534  630
  534  584
  534  582
  534  535
  535  584
  536  585
  536  584
  536  537
  537  586
  537  538
  537  585
  538  634
  538  539
  538  587
  539  540
  540  541
  540  587
  541  542
  541  588
  542  590
  542  589
  543 2432
  543  591
  544  640
  544  593
  545  594
  547  596
  547  548
  548  596
  549  598
  549  645
  549  550
  549  597
  550  598
  550  551
  551  599
  551  598
  551  552
  552  600
  552  553
  552  599
  553  554
  553  600
  554  602
  554  601
  555  604
  556  605
  556  557
  556  604
  557  558
  557  606
  558  606
  558  607
  559  608
  559  560
  560  561
  560  609
  561  610
  561  562
  562  610
  562  563
  563  611
  563  610
  564  611
  564  565
  565  566
  565  612
  566  614
  566  567
  566  613
  567  615
  567  568
  567  616
  567  614
  568  616
  569  665
  569  570
  570  618
  570  617
  571  618
  571  572
  572  620
  572  619
  572  573
  572  618
  573  574
  573  621
  574  575
  575  576
  576  670
  576  622
  577  625
  577  578
  577  623
  578  579
  579  626
  579  625
  580  626
  580  627
  581  628
  581  582
  581  627
  582  629
  582  628
  582  583
  583  630
  583  629
  584  585
  584  630
  585  633
  585  632
  585  586
  586  634
  587  635
  587  588
  587  634
  588  636
  588  589
  588  635
  589  637
  589  636
  589  590
  590  638
  590  637
  591  639
  591  592
  591  638
  592  688
  592  640
  592 2433
  593  641
  593  594
  593  640
  594  641
  595  644
  596  644
  596  597
  597  645
  597  644
  598  646
  598  647
  598  599
  600  695
  600  601
  600  647
  600  648
  601  649
  601  602
  602  603
  602  649
  603  651
  603  604
  604  605
  604  651
  604  653
  605  654
  605  606
  606  655
  606  607
  607  656
  607  655
  607  608
  608  657
  608  703
  608  609
  608  656
  609  658
  609  610
  609  657
  610  658
  610  611
  611  612
  611  660
  611  706
  612  708
  612  660
  612  661
  612  613
  613  662
  613  661
  613  614
  614  710
  614  663
  614  615
  615  616
  615  663
  616  711
  616  664
  617  666
  617  665
  617  618
  618  619
  618  667
  619  668
  619  667
  620  621
  621  716
  621  670
  621  668
  621  622
  622  670
  623  671
  623  670
  624  625
  624  671
  625  626
  625  672
  625  674
  626  627
  626  674
  627  675
  627  676
  628  677
  628  676
  628  629
  629  679
  629  630
  629  677
  630  725
  630  680
  630  631
  632  681
  632  633
  633  729
  633  683
  633  682
  633  634
  634  684
  634  635
  635  636
  636  637
  636  684
  637  687
  637  686
  637  638
  637  685
  638  687
  638  639
  639  688
  639  687
  640  689
  640  688
  641  689
  642  689
  643  692
  644  692
  644  645
  645  693
  646  694
  646  693
  646  647
  647  695
  647  694
  648  695
  649  696
  649  697
  649  650
  650  651
  651  698
  651  697
  652  653
  653  654
  653  699
  653  700
  654  655
  654  700
  654  702
  655  702
  656  703
  656  702
  657  704
  657  752
  657  658
  657  703
  658  659
  658  704
  659  705
  659  755
  659  706
  660  708
  660  706
  661  709
  661  708
  662  710
  663  710
  664  759
  664  710
  665  760
  665  712
  665  666
  665  711
  666  713
  666  712
  667  714
  667  668
  668  715
  668  669
  668  714
  669  716
  669  715
  670  718
  670  716
  670  671
  671  718
  672  673
  672  719
  672  718
  673  674
  673  719
  673  720
  673  721
  674  768
  674  722
  674  721
  676  723
  676  722
  676  677
  677  724
  677  723
  678  724
  678  679
  679  724
  680  726
  680  681
  680  725
  681  727
  681  726
  681  682
  682  728
  682  729
  682  727
  683  684
  683  730
  683  729
  684  731
  684  730
  684  685
  685  733
  685  732
  685  686
  685  731
  686  779
  686  734
  686  687
  687  735
  687  734
  688  736
  688  735
  689  737
  689  736
  690  737
  692  739
  692  740
  693  742
  693  741
  694  788
  694  743
  694  695
  694  742
  695  696
  696  697
  696  745
  696  743
  697  746
  697  745
  697  698
  698  699
  698  746
  699  747
  699  700
  699  746
  700  701
  700  747
  701  749
  701  702
  702  749
  702  703
  703  751
  703  750
  704  705
  704  752
  705  754
  705  755
  705  753
  706  755
  707  804
  707  756
  707  755
  707  708
  708  757
  708  709
  709  806
  709  710
  709  758
  709  757
  710  807
  710  759
  711  760
  711  759
  712  809
  712  713
  712  760
  713  810
  713  762
  713  761
  713  714
  714  763
  714  715
  715  716
  716  764
  716  763
  717  815
  717  765
  717  718
  717  764
  718  766
  718  719
  718  765
  719  816
  719  767
  719  766
  721  818
  721  768
  721  767
  722  769
  722  723
  722  819
  723  724
  723  769
  723  771
  724  725
  725  772
  725  771
  725  726
  726  773
  726  772
  727  773
  728  775
  728  729
  728  774
  729  775
  729  730
  730  731
  730  777
  731  829
  731  778
  731  777
  732  778
  733  830
  733  779
  733  778
  734  780
  734  779
  735  832
  735  781
  736  781
  737  783
  737  782
  739  785
  740  785
  740  741
  740  786
  741  787
  741  786
  742  839
  742  788
  742  787
  743  790
  743  744
  743  788
  744  745
  744  791
  744  790
  745  746
  746  747
  746  792
  747  795
  747  793
  747  748
  748  749
  749  796
  749  797
  749  795
  750  751
  751  850
  751  799
  751  798
  752  799
  753  801
  753  799
  753  800
  753  754
  754  802
  754  755
  755  804
  755  802
  757  805
  757  806
  757  804
  758  856
  758  807
  758  806
  759  808
  759  760
  760  808
  761  809
  762  763
  762  810
  763  813
  763  764
  763  812
  764  813
  764  815
  765  816
  765  766
  767  818
  767  816
  768  819
  768  818
  769  820
  769  819
  770  869
  770  771
  770  820
  771  823
  771  821
  771  772
  772  773
  772  823
  773  774
  773  824
  774  825
  774  775
  775  874
  775  827
  775  826
  776  828
  776  777
  777  828
  779  878
  779  831
  779  780
  779  830
  780  879
  780  832
  780  831
  781  834
  781  833
  781  782
  782  881
  782  835
  782  834
  784  837
  785  837
  786  838
  786  837
  787  885
  787  838
  787  839
  788  886
  788  840
  788  839
  789  790
  789  840
  790  840
  790  791
  791  843
  791  842
  791  792
  791  841
  792  844
  792  793
  793  794
  794  845
  794  795
  794  846
  794  844
  795  846
  795  847
  795  796
  796  848
  796  847
  797  848
  797  798
  798  850
  798  848
  799  850
  800  897
  800  801
  800  851
  800  850
  801  851
  801  852
  801  802
  803  900
  803  853
  803  804
  803  852
  804  853
  804  854
  804  805
  806  903
  806  855
  807  857
  807  808
  807  856
  808  906
  808  858
  808  857
  809  859
  809  810
  809  858
  810  859
  810  860
  810  811
  811  861
  811  812
  811  860
  812  861
  812  813
  813  862
  813  861
  814  863
  814  862
  814  815
  815  864
  815  816
  816  865
  816  817
  816  866
  816  864
  817  866
  817  867
  817  818
  818  819
  819  868
  819  867
  821  870
  821  822
  821  869
  823  871
  823  824
  823  870
  824  871
  824  872
  825  872
  825  826
  826  874
  826  873
  826  872
  827  924
  827  875
  827  828
  827  874
  828  876
  828  875
  829  876
  829  830
  830  927
  830  878
  830  877
  830  876
  831  878
  832  880
  832  833
  832  879
  833  880
  833  834
  835  881
  837  883
  837  884
  838  885
  838  884
  839  886
  840  937
  840  887
  840  886
  841  842
  841  888
  842  843
  842  889
  843  890
  843  844
  844  845
  844  890
  845  846
  845  892
  845  890
  846  893
  846  892
  848  894
  848  849
  849  896
  849  850
  849  894
  850  897
  851  899
  851  852
  851  897
  852  899
  852  900
  853  854
  853  901
  853  900
  854  902
  854  901
  854  855
  855  903
  855  902
  856  904
  856  857
  856  903
  857  905
  857  904
  858  908
  858  859
  858  906
  859  909
  859  908
  860  910
  860  861
  861  911
  861  862
  862  912
  862  863
  863  913
  863  912
  863  864
  864  865
  864  914
  865  915
  865  914
  866  916
  866  867
  867  917
  867  868
  867  916
  868  917
  868  869
  869  918
  869  870
  869  917
  870  964
  870  919
  870  918
  870  871
  871  872
  871  919
  872  873
  872  920
  872  921
  873  922
  873  923
  874  924
  875  972
  875  876
  875  924
  876  927
  876  972
  877  928
  877  927
  879  929
  879  928
  880  930
  880  929
  881  931
  881  930
  882  931
  883  934
  884  934
  884  885
  885  935
  886  985
  886  937
  886  936
  887  938
  887  937
  887  888
  888  889
  888  939
  889  988
  889  939
  889  940
  889  890
  890  891
  890  940
  891  990
  891  942
  891  941
  892  943
  892  893
  893  943
  893  894
  894  992
  894  895
  894  944
  894  943
  895  994
  895  896
  896  945
  897  995
  897  945
  898  947
  898  946
  899  948
  899  900
  900  948
  901  999
  901  902
  901  948
  902  949
  902  950
  903  904
  904  950
  904  951
  905 1002
  905  952
  905  951
  907 1003
  907  953
  907  952
  908  953
  908  909
  908  954
  909  910
  909  955
  910  956
  910  911
  911  912
  911  956
  912  913
  912  956
  913  959
  913  914
  913  958
  914  959
  915  960
  915  916
  915  959
  916  917
  916  960
  917  918
  917  961
  918  962
  918  963
  919  920
  919  966
  919  964
  920  967
  920 1016
  920  966
  920  921
  921  922
  921  967
  922  968
  922  969
  923  924
  923  970
  925  970
  926  973
  926  972
  927  928
  928  975
  928  974
  928  929
  928  973
  929 1023
  929  976
  929  975
  930  977
  930  976
  931  979
  931  978
  933  981
  934  981
  935  983
  935  936
  935  982
  936  983
  936  985
  936  984
  937  938
  937  986
  937  987
  937  985
  938  987
  939 1034
  939  987
  939  988
  940 1035
  940  989
  940  941
  941  989
  942  991
  942  943
  942  990
  943  991
  944  994
  944  993
  944  992
  945  995
  945  994
  946  996
  946  947
  946  995
  947  997
  947  948
  947  996
  948  999
  948  997
  949 1000
  949  950
  950 1000
  950 1001
  950  951
  951 1002
  951 1047
  952 1003
  952 1002
  953  954
  953 1003
  954 1004
  954 1005
  954  955
  955 1006
  955  956
  955 1007
  955 1005
  956  957
  957 1008
  957 1007
  957  958
  958  959
  958 1010
  958 1008
  959 1011
  959  960
  961 1012
  961 1011
  961  962
  962 1013
  962  963
  962 1012
  963 1059
  963 1014
  963 1013
  964  965
  965 1015
  965 1014
  967 1062
  967 1017
  967 1016
  968  969
  969 1018
  969  970
  969 1017
  970 1019
  970 1018
  970  971
  971  972
  971 1019
  972 1021
  972 1020
  972  973
  973  974
  973 1021
  974  975
  974 1021
  975 1022
  976 1069
  976 1024
  977 1024
  977  978
  978 1026
  978 1025
  978 1024
  980 1028
  981 1028
  981 1029
  981  982
  982 1030
  982 1029
  983 1030
  983  984
  984 1031
  984 1030
  985 1031
  986  987
  986 1031
  987 1032
  987 1033
  988 1034
  989 1081
  989 1080
  989  990
  989 1035
  990 1036
  990 1037
  990  991
  991 1038
  991  992
  991 1082
  992 1039
  992 1038
  992  993
  993 1040
  993 1085
  993 1039
  994 1041
  994  995
  994 1040
  995  996
  996 1088
  996  997
  996 1041
  997 1042
  997 1044
  998 1044
  998  999
  999 1045
  999 1000
  999 1044
 1000 1001
 1000 1046
 1001 1046
 1002 1003
 1002 1047
 1003 1048
 1003 1049
 1004 1050
 1004 1005
 1005 1051
 1005 1006
 1006 1053
 1006 1007
 1006 1051
 1007 1008
 1008 1054
 1008 1055
 1008 1053
 1009 1010
 1010 1011
 1010 1055
 1010 1057
 1011 1057
 1011 1012
 1012 1013
 1012 1057
 1013 1058
 1014 1015
 1014 1061
 1014 1059
 1015 1061
 1015 1016
 1016 1061
 1017 1112
 1017 1063
 1017 1018
 1017 1062
 1018 1019
 1018 1063
 1019 1020
 1019 1064
 1020 1067
 1020 1021
 1020 1065
 1021 1022
 1021 1068
 1022 1023
 1023 1069
 1023 1068
 1024 2436
 1024 1070
 1024 1025
 1025 1071
 1026 1071
 1028 1074
 1028 1073
 1029 1075
 1029 1074
 1030 1076
 1030 1031
 1030 1075
 1031 1032
 1031 1076
 1032 1078
 1032 1033
 1032 1077
 1033 1129
 1033 1078
 1033 1079
 1034 1035
 1035 1080
 1035 1079
 1037 1081
 1038 1039
 1038 1082
 1039 1085
 1039 1083
 1040 1041
 1040 1085
 1041 1086
 1041 1087
 1041 1088
 1042 1089
 1042 1043
 1042 1088
 1043 1090
 1043 1044
 1043 1089
 1044 1045
 1044 1090
 1045 1046
 1045 1091
 1045 1141
 1045 1092
 1046 1092
 1046 1093
 1047 1095
 1047 1093
 1047 1048
 1048 1049
 1049 1097
 1049 1096
 1049 1050
 1049 1095
 1050 1148
 1050 1098
 1050 1051
 1050 1097
 1052 1099
 1052 1098
 1052 1053
 1053 1100
 1053 1099
 1053 1054
 1054 1100
 1055 1102
 1055 1101
 1055 1056
 1056 1103
 1056 1057
 1056 1102
 1057 1106
 1057 1104
 1057 1058
 1058 1059
 1058 1106
 1059 1107
 1059 1060
 1060 1110
 1060 1109
 1060 1061
 1060 1108
 1061 1111
 1061 1062
 1062 1112
 1062 1111
 1063 1113
 1063 1160
 1064 1114
 1064 1113
 1064 1065
 1065 1161
 1065 1066
 1066 1116
 1066 1067
 1066 1115
 1067 1068
 1067 1116
 1067 1117
 1068 1119
 1068 1118
 1068 1117
 1068 1069
 1069 2436
 1069 1119
 1070 1120
 1070 1121
 1070 2436
 1071 1122
 1071 1121
 1073 1124
 1074 1172
 1074 1124
 1074 1125
 1075 1172
 1075 1126
 1076 1077
 1076 1127
 1076 1126
 1077 1127
 1077 1078
 1078 1129
 1078 1127
 1079 1176
 1079 1080
 1079 1129
 1080 1132
 1080 1131
 1080 1081
 1081 1082
 1082 1134
 1082 1133
 1082 1132
 1082 1083
 1083 1084
 1083 1135
 1084 1135
 1084 1136
 1084 1085
 1085 1136
 1086 1137
 1088 1137
 1088 1138
 1088 1089
 1089 1185
 1089 1139
 1089 1138
 1090 1091
 1090 1140
 1091 1141
 1091 1140
 1092 1093
 1092 1143
 1092 1141
 1093 1143
 1094 1145
 1094 1144
 1094 1095
 1094 1143
 1095 1191
 1095 1145
 1095 1146
 1095 1096
 1096 1146
 1097 1193
 1097 1192
 1097 1148
 1097 1147
 1098 1149
 1098 1099
 1098 1148
 1099 1196
 1099 1149
 1099 1150
 1100 1151
 1100 1101
 1101 1102
 1101 1152
 1101 1151
 1102 1152
 1103 1152
 1103 1200
 1103 1153
 1105 1201
 1105 1153
 1105 1154
 1105 1106
 1106 1155
 1106 1154
 1108 1203
 1108 1156
 1108 1109
 1108 1155
 1109 1157
 1109 1156
 1110 1111
 1111 1112
 1111 1157
 1112 1159
 1112 1158
 1112 1160
 1113 1160
 1113 1208
 1113 1161
 1115 1162
 1115 1116
 1115 1161
 1116 1163
 1116 1117
 1117 1163
 1117 1118
 1118 1165
 1118 1119
 1118 1164
 1119 1167
 1119 2436
 1119 1166
 1120 1169
 1121 1170
 1121 1169
 1124 1218
 1124 1171
 1125 1218
 1126 1219
 1126 1173
 1126 1127
 1127 1175
 1127 1173
 1127 1128
 1129 1222
 1129 1175
 1130 1177
 1130 1176
 1131 1224
 1131 1132
 1131 1178
 1132 1133
 1133 1179
 1133 1178
 1134 1227
 1134 1180
 1134 1179
 1134 1135
 1135 1136
 1135 1180
 1136 1182
 1136 1181
 1136 1137
 1137 1183
 1137 1184
 1137 1182
 1137 1138
 1138 1184
 1139 1186
 1139 1140
 1139 1185
 1140 1141
 1140 1187
 1141 1187
 1141 1142
 1142 1143
 1142 1187
 1143 1189
 1143 1188
 1144 1189
 1144 1190
 1145 1191
 1146 1239
 1146 1192
 1146 1191
 1147 1192
 1148 1195
 1148 1149
 1148 1193
 1149 1243
 1149 1195
 1150 1197
 1150 1151
 1150 1196
 1151 1199
 1151 1152
 1151 1197
 1152 1200
 1152 1199
 1153 1201
 1153 1200
 1154 1202
 1154 1155
 1154 1201
 1155 1203
 1155 1202
 1156 1157
 1156 1205
 1156 1203
 1157 1158
 1158 1159
 1158 1206
 1158 1207
 1158 1205
 1159 1160
 1160 1255
 1160 1207
 1160 1208
 1161 1162
 1161 1209
 1161 1208
 1162 1163
 1163 1211
 1163 1210
 1164 1212
 1164 1211
 1164 1165
 1165 1213
 1165 1212
 1166 1213
 1166 1167
 1167 1214
 1167 1213
 1167 2438
 1168 1214
 1168 2438
 1168 1215
 1168 1169
 1169 1215
 1170 1215
 1171 1218
 1172 1219
 1172 1218
 1173 1174
 1173 1220
 1174 1220
 1174 1175
 1175 1222
 1175 1269
 1175 1221
 1176 1271
 1176 1177
 1176 1223
 1176 1222
 1177 1223
 1177 1224
 1178 1225
 1178 1179
 1178 1224
 1179 1225
 1179 1227
 1180 1228
 1180 1227
 1181 1182
 1181 1229
 1182 1231
 1182 1229
 1182 1183
 1183 1184
 1183 1232
 1183 1231
 1184 1280
 1184 1233
 1184 1185
 1185 1186
 1186 1235
 1186 1187
 1186 1233
 1187 1235
 1188 1235
 1188 1236
 1188 1189
 1189 1190
 1189 1238
 1189 1236
 1190 1238
 1190 1191
 1191 1239
 1191 1238
 1192 1240
 1192 1239
 1193 1194
 1194 1241
 1195 1243
 1195 1241
 1196 1244
 1196 1243
 1197 1245
 1197 1198
 1198 1199
 1199 1246
 1199 1200
 1200 1201
 1200 1246
 1201 1249
 1201 1202
 1201 1247
 1202 1249
 1203 1204
 1203 1249
 1204 1205
 1204 1251
 1204 1252
 1204 1250
 1205 1253
 1205 1206
 1205 1252
 1206 1253
 1206 1207
 1207 1254
 1207 1255
 1208 1209
 1208 1255
 1209 1257
 1209 1256
 1209 1258
 1209 1210
 1210 1211
 1210 1259
 1210 1258
 1211 1212
 1211 1260
 1212 1213
 1212 1261
 1213 1262
 1213 1261
 1214 2438
 1214 1262
 1214 1215
 1215 1263
 1216 1263
 1217 1266
 1218 1266
 1219 1267
 1219 1266
 1220 1268
 1220 1221
 1221 1269
 1221 1268
 1222 1271
 1222 1269
 1223 1224
 1223 1272
 1223 1271
 1224 1272
 1224 1225
 1225 1274
 1225 1273
 1226 1274
 1227 1275
 1227 1228
 1228 1229
 1228 1275
 1229 1323
 1229 1276
 1229 1277
 1230 1277
 1230 1231
 1231 1278
 1231 1232
 1231 1277
 1232 1279
 1232 1278
 1233 1281
 1233 1234
 1233 1280
 1234 1235
 1234 1282
 1235 1282
 1235 1284
 1235 1236
 1236 1285
 1236 1284
 1237 1238
 1238 1331
 1238 1239
 1238 1287
 1239 1287
 1239 1288
 1240 1289
 1240 1241
 1241 1242
 1242 1290
 1242 1289
 1243 1291
 1243 1244
 1243 1290
 1244 1291
 1244 1245
 1245 1246
 1245 1291
 1246 1247
 1246 1292
 1247 1293
 1247 1248
 1248 1296
 1248 1249
 1248 1295
 1248 1294
 1249 1296
 1250 1251
 1251 1298
 1251 1297
 1252 1345
 1252 1298
 1252 1299
 1252 1253
 1253 1254
 1254 1255
 1254 1299
 1254 1300
 1254 1301
 1255 1301
 1255 1302
 1256 1348
 1256 1257
 1256 1302
 1256 1303
 1257 1303
 1257 1304
 1258 1259
 1259 1351
 1259 1305
 1259 1260
 1259 1304
 1260 1306
 1260 1305
 1260 1261
 1261 1308
 1261 1306
 1262 1309
 1262 1308
 1263 1311
 1263 1310
 1265 1313
 1266 1313
 1266 1267
 1266 1314
 1267 1315
 1267 1268
 1268 1316
 1268 1315
 1268 1269
 1269 1364
 1269 1317
 1269 1316
 1271 1318
 1271 1272
 1271 1317
 1272 1366
 1272 1319
 1272 1318
 1273 1320
 1273 1274
 1274 1275
 1275 1321
 1275 1276
 1275 1322
 1275 1320
 1276 1323
 1276 1322
 1277 1323
 1278 1325
 1278 1323
 1278 1279
 1279 1326
 1279 1325
 1280 1327
 1280 1281
 1281 1282
 1281 1327
 1282 1328
 1282 1327
 1283 1377
 1283 1329
 1283 1284
 1283 1328
 1284 1329
 1284 1330
 1285 1286
 1285 1330
 1286 1331
 1286 1330
 1287 1288
 1287 1331
 1288 1334
 1288 1289
 1288 1333
 1288 1332
 1289 1334
 1289 1335
 1289 1290
 1290 1291
 1291 1335
 1291 1337
 1291 1292
 1292 1293
 1292 1338
 1292 1337
 1293 1339
 1294 1340
 1294 1295
 1295 1296
 1296 1341
 1296 1342
 1296 1297
 1296 1340
 1297 1342
 1297 1343
 1297 1298
 1298 1344
 1298 1343
 1299 1346
 1299 1300
 1299 1394
 1299 1345
 1300 1395
 1300 1346
 1300 1347
 1301 1347
 1302 1348
 1303 1350
 1303 1304
 1303 1348
 1304 1351
 1304 1350
 1305 1306
 1305 1353
 1305 1351
 1306 1354
 1306 1307
 1307 1354
 1307 1355
 1307 1308
 1308 1355
 1308 1309
 1309 1310
 1309 1356
 1310 1357
 1310 1356
 1311 1357
 1313 1360
 1313 1359
 1314 1361
 1315 1362
 1315 1363
 1315 1316
 1315 1361
 1316 1364
 1317 1413
 1317 1318
 1317 1365
 1317 1364
 1318 1365
 1319 1320
 1319 1367
 1319 1368
 1319 1366
 1320 1368
 1320 1321
 1321 1418
 1321 1322
 1321 1370
 1322 1419
 1322 1371
 1322 1323
 1323 1372
 1323 1371
 1325 1422
 1325 1373
 1325 1326
 1325 1372
 1326 1375
 1326 1374
 1326 1327
 1326 1373
 1327 1376
 1327 1328
 1328 1377
 1329 1378
 1329 1330
 1329 1379
 1330 1331
 1330 1380
 1331 1380
 1331 1381
 1332 1333
 1333 1334
 1333 1382
 1333 1381
 1334 1432
 1334 1384
 1334 1335
 1335 1386
 1335 1336
 1335 1384
 1336 1337
 1336 1386
 1337 1386
 1337 1387
 1338 1389
 1338 1387
 1338 1339
 1339 1390
 1339 1340
 1339 1389
 1340 1341
 1341 1390
 1341 1391
 1342 1391
 1343 1344
 1343 1391
 1344 1393
 1344 1392
 1345 1393
 1346 1443
 1346 1395
 1347 1397
 1347 1396
 1347 1348
 1347 1395
 1348 1349
 1348 1397
 1349 1399
 1349 1350
 1350 1447
 1350 1400
 1350 1351
 1351 1400
 1351 1352
 1352 1401
 1352 1400
 1353 1354
 1354 1402
 1354 1355
 1354 1401
 1355 1403
 1355 1404
 1356 1405
 1357 1406
 1358 1406
 1360 1456
 1360 1409
 1360 1408
 1360 1361
 1361 1410
 1362 1363
 1362 1411
 1362 1410
 1363 1411
 1363 1413
 1364 1413
 1365 1415
 1365 1414
 1365 1413
 1366 1416
 1366 1367
 1367 1368
 1368 1416
 1369 1417
 1369 1418
 1370 1419
 1371 1372
 1371 1421
 1371 1419
 1372 1421
 1372 1422
 1373 1423
 1373 1422
 1374 1423
 1374 1424
 1374 1375
 1375 1376
 1376 1424
 1377 1426
 1377 1425
 1378 1379
 1379 1426
 1379 1427
 1380 1428
 1380 1381
 1380 1427
 1381 1430
 1381 1429
 1381 1428
 1381 1382
 1382 1477
 1382 1431
 1382 1430
 1383 1431
 1383 1432
 1384 1433
 1384 1432
 1385 1434
 1385 1386
 1385 1433
 1386 1387
 1386 1435
 1387 1435
 1388 1389
 1389 1438
 1389 1436
 1389 1390
 1390 1485
 1390 1439
 1390 1438
 1390 1391
 1391 1441
 1391 1392
 1391 1439
 1392 1442
 1392 1393
 1393 1394
 1393 1443
 1395 1443
 1396 1492
 1396 1444
 1396 1397
 1397 1446
 1397 1445
 1399 1447
 1399 1446
 1400 1449
 1400 1401
 1400 1447
 1401 1450
 1401 1402
 1403 1497
 1403 1451
 1403 1404
 1403 1450
 1404 1452
 1404 1451
 1404 1405
 1405 1453
 1405 1406
 1405 1452
 1406 1454
 1406 1453
 1408 1456
 1409 1504
 1409 1503
 1409 1410
 1410 1457
 1410 1504
 1411 1457
 1411 1458
 1411 1412
 1413 1459
 1413 1458
 1413 1414
 1414 1508
 1414 1460
 1414 1459
 1415 1416
 1416 1462
 1416 1417
 1416 1460
 1417 1462
 1417 1418
 1417 1463
 1418 1463
 1418 1464
 1418 1419
 1419 1513
 1419 1465
 1420 1465
 1421 1466
 1421 1422
 1421 1465
 1422 1467
 1422 1423
 1422 1466
 1423 1424
 1423 1468
 1423 1467
 1424 1425
 1424 1469
 1425 1472
 1425 1470
 1425 1471
 1425 1426
 1426 1519
 1426 1473
 1426 1472
 1426 1427
 1427 1475
 1427 1428
 1427 1473
 1428 1475
 1429 1476
 1429 1475
 1430 1476
 1430 1477
 1431 1478
 1431 1477
 1432 1479
 1432 1433
 1432 1478
 1433 1434
 1433 1479
 1434 1480
 1434 1481
 1434 1435
 1435 1482
 1435 1436
 1435 1481
 1436 1484
 1436 1437
 1436 1482
 1437 1484
 1439 1486
 1439 1485
 1440 1441
 1441 1487
 1441 1442
 1441 1486
 1441 1488
 1442 1489
 1442 1488
 1442 1443
 1443 1444
 1443 1491
 1443 1490
 1443 1489
 1444 1492
 1444 1491
 1445 1446
 1445 1493
 1445 1492
 1446 1494
 1446 1447
 1446 1493
 1447 1448
 1448 1449
 1448 1494
 1449 1495
 1449 1496
 1449 1450
 1450 1497
 1450 1496
 1451 1498
 1451 1497
 1452 1500
 1452 1499
 1452 1498
 1453 1501
 1453 1500
 1456 1503
 1456 1502
 1457 1458
 1457 1505
 1458 1459
 1458 1505
 1458 1506
 1459 1508
 1459 1506
 1460 1509
 1460 1461
 1460 1508
 1461 1556
 1462 1511
 1462 1510
 1462 1463
 1463 1558
 1463 1464
 1463 1512
 1464 1513
 1464 1559
 1465 1514
 1465 1513
 1466 1467
 1467 1468
 1467 1514
 1467 1561
 1468 1515
 1468 1516
 1469 1517
 1469 1516
 1470 1471
 1470 1518
 1470 1517
 1471 1518
 1472 1519
 1473 1520
 1473 1519
 1474 1521
 1474 1475
 1475 1523
 1475 1476
 1475 1521
 1476 1523
 1477 1523
 1477 1524
 1478 1479
 1479 1524
 1479 1480
 1480 1573
 1480 1526
 1480 1525
 1480 1481
 1481 1482
 1481 1528
 1481 1526
 1482 1528
 1483 1484
 1483 1529
 1483 1528
 1484 1531
 1484 1530
 1484 1485
 1484 1529
 1485 1531
 1485 1486
 1486 1532
 1486 1487
 1486 1533
 1486 1531
 1487 1533
 1487 1488
 1488 1535
 1488 1534
 1490 1537
 1490 1536
 1490 1491
 1491 1538
 1491 1537
 1492 1539
 1492 1493
 1493 1494
 1493 1540
 1494 1541
 1494 1495
 1494 1540
 1495 1542
 1495 1541
 1495 1496
 1496 1543
 1496 1497
 1496 1542
 1497 1498
 1497 1543
 1498 1545
 1498 1544
 1499 1546
 1499 1545
 1500 1547
 1500 1546
 1501 1547
 1503 1596
 1503 1549
 1504 1550
 1505 1552
 1505 1506
 1505 1551
 1506 1554
 1506 1552
 1506 1507
 1507 1508
 1507 1554
 1508 1555
 1508 1509
 1509 1602
 1509 1556
 1509 1555
 1510 1557
 1510 1556
 1511 1558
 1512 1559
 1512 1558
 1513 1514
 1513 1559
 1514 1561
 1514 1560
 1515 1516
 1515 1561
 1516 1517
 1516 1562
 1516 1563
 1517 1611
 1517 1518
 1517 1563
 1518 1566
 1518 1611
 1518 1519
 1519 1566
 1520 1567
 1520 1521
 1520 1566
 1521 1568
 1522 1569
 1522 1523
 1523 1524
 1523 1571
 1523 1569
 1524 1571
 1524 1572
 1524 1525
 1525 1573
 1525 1572
 1526 1527
 1526 1573
 1527 1574
 1527 1575
 1527 1528
 1528 1529
 1528 1576
 1528 1623
 1529 1577
 1529 1576
 1530 1531
 1531 1578
 1531 1532
 1531 1577
 1532 1580
 1532 1533
 1533 1580
 1533 1534
 1534 1582
 1534 1581
 1535 1536
 1535 1582
 1536 1582
 1537 1584
 1537 1538
 1537 1583
 1538 1585
 1538 1584
 1538 1539
 1539 1633
 1539 1586
 1539 1540
 1539 1585
 1540 1587
 1540 1586
 1541 1588
 1541 1542
 1542 1543
 1542 1589
 1543 1589
 1544 1591
 1544 1589
 1544 1545
 1545 1591
 1546 1593
 1547 1594
 1547 1593
 1549 1596
 1550 1598
 1550 1551
 1550 1597
 1550 1596
 1551 1598
 1551 1552
 1552 1598
 1553 1600
 1553 1554
 1553 1599
 1554 1601
 1554 1600
 1554 1555
 1555 1602
 1555 1601
 1556 1649
 1556 1557
 1557 1603
 1557 1604
 1557 1558
 1558 1605
 1558 1604
 1559 1606
 1559 1560
 1560 1607
 1560 1561
 1561 1607
 1561 1562
 1562 1609
 1562 1563
 1562 1608
 1563 1610
 1563 1609
 1564 1610
 1564 1611
 1565 1566
 1565 1612
 1565 1611
 1566 1612
 1566 1567
 1567 1660
 1567 1614
 1567 1568
 1567 1613
 1568 1615
 1568 1614
 1568 1569
 1569 1570
 1569 1615
 1570 1617
 1570 1616
 1570 1571
 1571 1572
 1571 1617
 1572 1573
 1572 1618
 1573 1620
 1573 1619
 1573 1621
 1574 1622
 1574 1575
 1575 1623
 1576 1668
 1576 1577
 1576 1624
 1576 1623
 1577 1578
 1577 1624
 1577 1625
 1578 1626
 1578 1625
 1579 1627
 1579 1626
 1580 1581
 1581 1673
 1581 1629
 1581 1582
 1581 1627
 1582 1629
 1582 1583
 1583 1674
 1583 1630
 1583 1584
 1583 1629
 1584 1585
 1584 1630
 1585 1631
 1585 1633
 1586 1679
 1586 1634
 1586 1587
 1587 1588
 1587 1634
 1588 1635
 1588 1636
 1588 1589
 1589 1637
 1589 1636
 1590 1683
 1590 1638
 1590 1591
 1590 1637
 1591 1639
 1591 1638
 1591 1592
 1592 1640
 1592 1593
 1592 1639
 1593 1641
 1593 1640
 1595 1643
 1596 1643
 1597 1644
 1597 1643
 1598 1644
 1598 1645
 1598 1599
 1599 1646
 1599 1600
 1600 1601
 1601 1602
 1601 1646
 1602 1649
 1602 1648
 1602 1647
 1603 1649
 1603 1604
 1604 1605
 1604 1651
 1604 1650
 1605 1652
 1605 1606
 1605 1651
 1606 1607
 1606 1653
 1606 1652
 1607 1654
 1607 1608
 1608 1655
 1608 1609
 1608 1654
 1609 1655
 1609 1656
 1610 1611
 1611 1656
 1611 1612
 1612 1613
 1612 1658
 1612 1657
 1613 1660
 1613 1708
 1614 1661
 1614 1660
 1616 1662
 1616 1617
 1616 1661
 1617 1711
 1617 1663
 1617 1662
 1618 1664
 1618 1663
 1619 1620
 1620 1665
 1620 1664
 1621 1665
 1621 1622
 1622 1666
 1622 1623
 1623 1716
 1623 1668
 1623 1667
 1624 1625
 1624 1668
 1625 1669
 1625 1626
 1626 1719
 1626 1627
 1626 1670
 1627 1672
 1627 1671
 1627 1628
 1628 1722
 1628 1672
 1629 1724
 1629 1673
 1630 1631
 1630 1676
 1630 1674
 1631 1677
 1631 1632
 1631 1676
 1632 1677
 1632 1633
 1632 1678
 1633 1679
 1634 1728
 1634 1680
 1634 1679
 1635 1730
 1635 1681
 1635 1636
 1636 1681
 1636 1637
 1637 1683
 1638 1734
 1638 1685
 1638 1684
 1638 1683
 1639 1685
 1639 1640
 1640 1687
 1640 1686
 1641 1687
 1642 1690
 1643 1690
 1643 1691
 1644 1692
 1644 1645
 1644 1691
 1645 1693
 1645 1694
 1645 1692
 1645 1646
 1646 1742
 1646 1743
 1646 1647
 1646 1695
 1646 1694
 1647 1648
 1647 1695
 1648 1696
 1648 1697
 1649 1650
 1650 1651
 1650 1697
 1651 1698
 1651 1652
 1652 1653
 1652 1701
 1652 1699
 1653 1701
 1654 1751
 1654 1702
 1654 1655
 1654 1701
 1655 1752
 1655 1656
 1655 1702
 1655 1703
 1656 1705
 1656 1704
 1656 1703
 1656 1657
 1657 1658
 1657 1706
 1657 1705
 1658 1706
 1659 1708
 1659 1706
 1660 1661
 1661 1709
 1661 1710
 1662 1711
 1663 1713
 1663 1664
 1663 1712
 1664 1714
 1664 1665
 1665 1666
 1666 1763
 1666 1714
 1666 1667
 1667 1764
 1667 1716
 1667 1715
 1668 1765
 1668 1717
 1668 1716
 1669 1718
 1669 1670
 1670 1718
 1671 1768
 1671 1672
 1671 1720
 1671 1719
 1672 1720
 1672 1722
 1673 1724
 1673 1723
 1673 1722
 1674 1724
 1675 1725
 1675 1676
 1675 1772
 1676 1677
 1676 1725
 1677 1727
 1677 1726
 1678 1728
 1680 1729
 1680 1730
 1680 1728
 1681 1732
 1681 1682
 1681 1730
 1682 1683
 1683 1733
 1683 1732
 1684 1734
 1685 1735
 1685 1734
 1686 1736
 1686 1735
 1688 1736
 1690 1739
 1690 1738
 1690 1691
 1691 1740
 1692 1741
 1693 1788
 1693 1742
 1693 1741
 1694 1742
 1695 1790
 1695 1696
 1695 1745
 1695 1743
 1696 1745
 1696 1746
 1696 1697
 1697 1698
 1698 1746
 1698 1699
 1699 1749
 1699 1700
 1699 1747
 1700 1750
 1700 1701
 1701 1751
 1702 1797
 1702 1751
 1703 1798
 1703 1753
 1703 1752
 1704 1705
 1705 1706
 1705 1754
 1705 1755
 1706 1757
 1706 1756
 1708 1758
 1708 1757
 1708 1709
 1709 1803
 1709 1759
 1709 1710
 1709 1758
 1710 1804
 1710 1759
 1710 1711
 1710 1760
 1712 1761
 1712 1713
 1712 1760
 1713 1762
 1713 1714
 1713 1761
 1715 1809
 1715 1808
 1715 1764
 1715 1763
 1716 1765
 1716 1764
 1717 1766
 1717 1765
 1718 1767
 1718 1719
 1719 1768
 1719 1767
 1720 1769
 1720 1768
 1722 1816
 1722 1770
 1722 1769
 1723 1724
 1724 1770
 1724 1771
 1724 1772
 1725 1819
 1725 1773
 1725 1772
 1726 1727
 1727 1728
 1727 1775
 1727 1774
 1727 1773
 1728 1777
 1728 1729
 1728 1775
 1729 1777
 1729 1778
 1730 1778
 1731 1779
 1731 1732
 1732 1780
 1732 1733
 1732 1779
 1733 1780
 1733 1781
 1733 1734
 1734 1781
 1735 1782
 1735 1781
 1736 1783
 1736 1782
 1736 1737
 1737 1783
 1738 1786
 1740 1787
 1740 1741
 1740 1788
 1741 1788
 1742 1789
 1742 1788
 1744 1790
 1744 1789
 1745 1746
 1746 1747
 1746 1792
 1746 1791
 1747 1793
 1747 1792
 1747 1748
 1748 1749
 1748 1794
 1748 1793
 1749 1795
 1749 1794
 1749 1750
 1750 1796
 1750 1795
 1752 1846
 1752 1798
 1752 1797
 1753 1847
 1753 1799
 1753 1754
 1753 1798
 1754 1755
 1755 1799
 1755 1800
 1756 1757
 1757 1801
 1757 1758
 1757 1800
 1758 1803
 1758 1801
 1759 1852
 1759 1804
 1760 1853
 1760 1805
 1760 1761
 1760 1804
 1761 1807
 1761 1762
 1761 1805
 1762 1763
 1763 1807
 1763 1808
 1764 1765
 1764 1809
 1765 1860
 1765 1812
 1765 1766
 1765 1810
 1766 1767
 1767 1813
 1767 1812
 1767 1768
 1768 1769
 1768 1815
 1769 1815
 1769 1816
 1770 1817
 1770 1771
 1770 1816
 1771 1817
 1771 1772
 1772 1819
 1773 1821
 1773 1774
 1773 1820
 1773 1819
 1774 1821
 1775 1869
 1775 1776
 1776 1823
 1776 1822
 1776 1777
 1777 1823
 1778 1779
 1778 1823
 1779 1826
 1779 1780
 1779 1824
 1780 1781
 1780 1826
 1781 1829
 1781 1828
 1781 1827
 1782 1877
 1782 1830
 1783 1878
 1783 1831
 1785 1786
 1785 1833
 1786 1833
 1786 1834
 1786 1787
 1787 1788
 1787 1835
 1787 1834
 1788 1836
 1788 1883
 1788 1789
 1789 1837
 1789 1836
 1789 1790
 1790 1839
 1790 1791
 1790 1838
 1790 1837
 1791 1792
 1792 1841
 1792 1793
 1792 1839
 1793 1794
 1794 1843
 1794 1841
 1794 1795
 1795 1844
 1795 1843
 1796 1797
 1797 1845
 1797 1844
 1797 1846
 1798 1847
 1798 1897
 1799 1800
 1799 1848
 1799 1847
 1800 1848
 1800 1849
 1800 1801
 1801 1851
 1801 1802
 1801 1849
 1802 1851
 1803 1902
 1804 1852
 1805 1854
 1805 1905
 1805 1853
 1806 1855
 1806 1807
 1807 1808
 1807 1856
 1807 1855
 1808 1856
 1808 1809
 1809 1858
 1809 1857
 1810 1811
 1811 1860
 1812 1813
 1812 1861
 1812 1860
 1813 1861
 1813 1862
 1814 1863
 1814 1815
 1815 1913
 1815 1816
 1815 1863
 1816 1864
 1816 1865
 1817 1865
 1818 1866
 1818 1819
 1819 1867
 1819 1866
 1820 1917
 1820 1868
 1820 1821
 1821 1869
 1821 1868
 1822 1823
 1822 1870
 1823 1870
 1823 1824
 1824 1825
 1824 1872
 1824 1873
 1824 1871
 1825 1922
 1825 1873
 1825 1874
 1826 1875
 1826 1827
 1826 1874
 1827 1876
 1827 1875
 1828 1876
 1829 1925
 1829 1877
 1829 1876
 1830 1926
 1830 1878
 1830 1877
 1831 1878
 1832 1881
 1833 1881
 1834 1882
 1834 1881
 1835 1883
 1835 1882
 1836 1837
 1836 1885
 1836 1883
 1837 1838
 1837 1886
 1838 1933
 1838 1887
 1838 1839
 1839 1888
 1839 1840
 1839 1887
 1840 1890
 1840 1888
 1840 1841
 1841 1842
 1841 1891
 1841 1890
 1842 1891
 1842 1892
 1843 1892
 1843 1844
 1843 1893
 1844 1894
 1844 1893
 1844 1845
 1845 1896
 1845 1895
 1845 1894
 1846 1897
 1847 1898
 1847 1897
 1848 1849
 1848 1898
 1849 1899
 1849 1850
 1850 1901
 1850 1851
 1850 1900
 1851 1902
 1851 1901
 1852 1904
 1852 1853
 1852 1902
 1853 1905
 1853 1904
 1854 1951
 1854 1906
 1854 1905
 1855 1856
 1856 1906
 1856 1857
 1857 1858
 1858 1909
 1858 1908
 1858 1859
 1859 1955
 1859 1909
 1860 1910
 1860 1861
 1861 1862
 1861 1912
 1861 1910
 1862 1912
 1862 1863
 1863 1959
 1864 1865
 1865 1866
 1865 1915
 1865 1914
 1866 1916
 1866 1915
 1867 1963
 1867 1917
 1867 1916
 1868 1965
 1868 1919
 1868 1869
 1868 1917
 1869 1919
 1869 1870
 1870 1919
 1871 1921
 1871 1920
 1872 1921
 1873 1922
 1873 1921
 1874 1875
 1874 1922
 1875 1924
 1875 1923
 1876 1972
 1876 1924
 1877 1925
 1878 1927
 1878 1926
 1881 1929
 1881 1928
 1882 1930
 1882 1929
 1883 1931
 1883 1884
 1884 1885
 1884 1931
 1885 1932
 1885 1933
 1887 1935
 1887 1933
 1887 1888
 1888 1982
 1888 1936
 1888 1935
 1890 1936
 1890 1937
 1890 1891
 1891 1939
 1891 1892
 1891 1937
 1893 1894
 1893 1940
 1893 1939
 1894 1941
 1894 1940
 1895 1941
 1896 1942
 1896 1941
 1897 1989
 1897 1943
 1897 1942
 1897 1898
 1898 1944
 1898 1943
 1899 1900
 1899 1944
 1900 1945
 1900 1944
 1900 1901
 1901 1902
 1901 1947
 1901 1945
 1902 1948
 1902 1947
 1903 1949
 1903 1948
 1904 1905
 1904 1950
 1904 1949
 1905 1951
 1906 1952
 1906 1907
 1906 1951
 1907 1953
 1907 1908
 1908 1909
 1908 1953
 1908 1954
 1909 1954
 1910 1911
 1910 1956
 1910 1955
 1911 1912
 1911 1956
 1911 1957
 1912 1958
 1912 1959
 1913 1914
 1913 1960
 1913 1959
 1914 1960
 1915 1962
 1915 2007
 1915 1961
 1915 1916
 1916 1962
 1917 1918
 1917 1963
 1918 2010
 1918 1965
 1919 1920
 1919 1965
 1920 1967
 1920 1966
 1920 1921
 1921 1922
 1921 1967
 1922 1969
 1922 1923
 1923 2015
 1923 1971
 1923 1924
 1923 1970
 1924 2016
 1924 1972
 1925 1973
 1925 1972
 1926 2019
 1926 1974
 1926 1973
 1928 1929
 1928 1976
 1929 1930
 1930 1977
 1930 1931
 1931 1978
 1931 1932
 1931 1977
 1932 1979
 1932 1978
 1932 1933
 1933 1934
 1933 1981
 1933 1980
 1933 1979
 1935 1981
 1935 1982
 1936 1983
 1936 1937
 1936 1982
 1937 1938
 1937 1983
 1938 1984
 1938 1985
 1938 1939
 1939 1986
 1939 1940
 1939 1985
 1940 1941
 1940 1986
 1941 1987
 1941 1988
 1942 2033
 1942 1988
 1943 1944
 1943 1990
 1944 1992
 1944 1945
 1944 1990
 1945 1946
 1945 1993
 1947 1994
 1947 1948
 1947 1993
 1948 1995
 1948 1949
 1949 1950
 1949 1996
 1950 1951
 1951 1998
 1951 1952
 1951 1996
 1952 2046
 1952 1999
 1952 1953
 1952 1998
 1953 1999
 1953 1954
 1954 2001
 1954 1955
 1955 2002
 1955 1956
 1956 2003
 1956 1957
 1956 2002
 1957 2004
 1957 2003
 1958 2005
 1958 1959
 1959 2006
 1959 1960
 1960 2006
 1961 2007
 1961 2006
 1962 2009
 1962 1963
 1962 2007
 1963 1964
 1964 2010
 1964 2009
 1965 2059
 1965 2011
 1965 2010
 1966 2012
 1966 1967
 1967 2061
 1967 1968
 1967 2013
 1968 1969
 1969 2062
 1969 2014
 1969 2013
 1970 2015
 1970 2014
 1971 2016
 1971 2015
 1972 2017
 1972 2016
 1972 1973
 1973 2018
 1974 2019
 1976 2070
 1976 2021
 1977 2023
 1977 2022
 1978 2024
 1978 2023
 1979 2024
 1979 2025
 1979 1980
 1980 2074
 1980 2026
 1980 1981
 1981 2075
 1981 2027
 1981 2026
 1981 1982
 1982 2027
 1983 1984
 1983 2029
 1983 2028
 1984 1985
 1984 2029
 1985 1986
 1985 2029
 1986 2030
 1986 2031
 1987 2032
 1987 2031
 1987 1988
 1988 2033
 1989 1990
 1989 2033
 1990 2035
 1990 2034
 1991 2035
 1991 1992
 1991 2037
 1992 2037
 1992 2038
 1992 1993
 1993 2039
 1993 2040
 1993 2038
 1993 1994
 1994 2041
 1994 1995
 1994 2040
 1995 1996
 1995 2041
 1996 2044
 1996 2043
 1996 2042
 1996 1997
 1997 2044
 1998 2045
 1999 2047
 1999 2046
 2000 2047
 2000 2001
 2001 2002
 2001 2049
 2002 2003
 2002 2050
 2003 2004
 2003 2051
 2004 2052
 2004 2051
 2004 2005
 2005 2052
 2005 2006
 2006 2007
 2006 2055
 2006 2053
 2007 2056
 2007 2055
 2008 2009
 2009 2058
 2009 2010
 2009 2056
 2010 2058
 2011 2060
 2011 2012
 2011 2059
 2012 2061
 2012 2060
 2013 2062
 2013 2061
 2014 2063
 2014 2062
 2015 2016
 2015 2064
 2016 2111
 2016 2065
 2016 2064
 2017 2065
 2018 2066
 2018 2065
 2019 2067
 2019 2066
 2020 2067
 2021 2070
 2022 2071
 2022 2070
 2023 2073
 2023 2072
 2023 2024
 2024 2073
 2025 2074
 2025 2073
 2026 2075
 2026 2074
 2027 2077
 2027 2028
 2027 2075
 2028 2078
 2028 2077
 2028 2029
 2029 2079
 2029 2030
 2030 2080
 2030 2031
 2030 2079
 2031 2129
 2031 2032
 2031 2081
 2032 2033
 2033 2082
 2033 2081
 2034 2082
 2034 2083
 2034 2035
 2035 2133
 2035 2083
 2035 2084
 2037 2134
 2037 2135
 2037 2038
 2037 2084
 2037 2085
 2038 2085
 2038 2086
 2039 2086
 2040 2087
 2040 2041
 2040 2086
 2041 2087
 2041 2042
 2042 2089
 2042 2090
 2042 2043
 2042 2088
 2043 2090
 2044 2091
 2044 2090
 2045 2092
 2045 2091
 2045 2046
 2046 2092
 2046 2047
 2047 2093
 2047 2092
 2048 2093
 2048 2094
 2048 2049
 2049 2095
 2049 2050
 2049 2094
 2050 2096
 2050 2095
 2050 2097
 2051 2097
 2051 2052
 2052 2099
 2052 2098
 2052 2097
 2053 2099
 2053 2100
 2053 2054
 2055 2100
 2055 2056
 2056 2102
 2056 2101
 2056 2057
 2057 2104
 2057 2103
 2057 2058
 2057 2102
 2058 2105
 2058 2104
 2059 2106
 2059 2105
 2059 2060
 2060 2061
 2060 2107
 2061 2109
 2061 2107
 2061 2062
 2062 2109
 2063 2109
 2063 2110
 2063 2064
 2064 2111
 2065 2112
 2065 2111
 2066 2114
 2066 2113
 2067 2115
 2067 2114
 2069 2117
 2070 2117
 2070 2118
 2071 2072
 2071 2119
 2071 2118
 2072 2119
 2072 2120
 2072 2073
 2073 2120
 2073 2074
 2074 2122
 2075 2076
 2075 2122
 2076 2077
 2076 2123
 2077 2078
 2077 2124
 2078 2125
 2078 2126
 2078 2079
 2079 2127
 2079 2080
 2079 2128
 2080 2129
 2080 2128
 2081 2082
 2081 2130
 2081 2129
 2082 2083
 2082 2130
 2082 2132
 2083 2133
 2084 2134
 2084 2133
 2085 2086
 2085 2136
 2086 2087
 2086 2136
 2086 2186
 2087 2088
 2087 2137
 2087 2138
 2089 2139
 2089 2090
 2089 2138
 2090 2141
 2090 2139
 2090 2091
 2091 2092
 2091 2142
 2092 2144
 2092 2142
 2092 2093
 2093 2145
 2093 2094
 2093 2144
 2094 2146
 2094 2095
 2094 2145
 2095 2096
 2095 2147
 2096 2097
 2097 2148
 2097 2147
 2097 2098
 2098 2149
 2098 2148
 2099 2150
 2099 2100
 2100 2151
 2100 2101
 2100 2150
 2101 2152
 2101 2102
 2101 2151
 2102 2153
 2102 2152
 2102 2103
 2103 2155
 2104 2155
 2104 2105
 2105 2106
 2105 2156
 2105 2157
 2105 2155
 2106 2157
 2106 2107
 2107 2159
 2107 2158
 2108 2109
 2108 2159
 2108 2160
 2109 2162
 2109 2110
 2110 2163
 2110 2162
 2110 2111
 2111 2112
 2111 2163
 2112 2165
 2112 2164
 2112 2113
 2113 2114
 2113 2165
 2114 2167
 2114 2166
 2117 2216
 2117 2169
 2117 2168
 2118 2217
 2118 2169
 2118 2170
 2119 2120
 2119 2170
 2120 2171
 2120 2121
 2120 2170
 2121 2122
 2121 2172
 2122 2123
 2122 2174
 2123 2175
 2123 2124
 2124 2176
 2124 2125
 2125 2176
 2126 2178
 2126 2127
 2127 2128
 2128 2178
 2128 2129
 2129 2130
 2129 2179
 2130 2181
 2130 2131
 2131 2181
 2131 2132
 2132 2183
 2132 2133
 2133 2134
 2133 2183
 2134 2135
 2135 2185
 2136 2186
 2136 2185
 2137 2187
 2137 2186
 2138 2188
 2138 2139
 2138 2189
 2139 2189
 2140 2141
 2140 2189
 2141 2191
 2141 2142
 2142 2143
 2143 2144
 2143 2191
 2144 2193
 2145 2193
 2146 2196
 2146 2147
 2146 2195
 2147 2197
 2148 2199
 2148 2149
 2148 2197
 2149 2200
 2149 2150
 2150 2200
 2150 2151
 2151 2201
 2151 2200
 2152 2201
 2152 2153
 2153 2202
 2153 2201
 2154 2203
 2154 2202
 2154 2155
 2155 2435
 2156 2204
 2156 2157
 2157 2158
 2157 2204
 2158 2159
 2159 2206
 2159 2160
 2159 2205
 2160 2206
 2160 2161
 2161 2162
 2162 2209
 2162 2208
 2162 2163
 2163 2209
 2163 2164
 2164 2211
 2164 2210
 2165 2212
 2165 2211
 2166 2213
 2167 2213
 2168 2216
 2169 2217
 2170 2218
 2170 2171
 2170 2217
 2171 2172
 2171 2218
 2172 2173
 2173 2174
 2173 2219
 2174 2175
 2174 2221
 2175 2176
 2175 2221
 2176 2177
 2176 2224
 2176 2223
 2177 2178
 2178 2179
 2178 2225
 2179 2227
 2179 2225
 2179 2180
 2180 2228
 2180 2181
 2181 2273
 2181 2182
 2181 2228
 2182 2230
 2183 2184
 2183 2230
 2183 2231
 2184 2185
 2184 2231
 2184 2233
 2185 2186
 2185 2233
 2186 2234
 2187 2236
 2187 2235
 2187 2188
 2188 2189
 2188 2237
 2189 2237
 2190 2191
 2190 2237
 2191 2239
 2191 2192
 2192 2240
 2192 2193
 2192 2239
 2193 2240
 2193 2194
 2193 2241
 2194 2195
 2195 2196
 2195 2243
 2196 2244
 2196 2197
 2197 2198
 2198 2199
 2198 2245
 2198 2244
 2199 2246
 2199 2200
 2200 2247
 2200 2201
 2201 2249
 2201 2202
 2201 2247
 2202 2249
 2203 2294
 2203 2251
 2203 2250
 2204 2435
 2204 2205
 2204 2251
 2205 2253
 2205 2296
 2205 2252
 2206 2207
 2206 2254
 2206 2253
 2207 2208
 2207 2256
 2208 2257
 2208 2209
 2209 2257
 2209 2210
 2210 2258
 2210 2211
 2211 2212
 2212 2213
 2212 2260
 2212 2259
 2213 2261
 2213 2260
 2216 2263
 2216 2262
 2217 2307
 2217 2264
 2217 2263
 2218 2265
 2218 2219
 2219 2310
 2219 2266
 2219 2220
 2219 2265
 2220 2267
 2220 2221
 2221 2312
 2221 2222
 2221 2267
 2222 2223
 2223 2224
 2223 2269
 2224 2225
 2224 2269
 2225 2226
 2225 2271
 2226 2318
 2226 2227
 2226 2271
 2226 2272
 2227 2228
 2228 2273
 2228 2272
 2229 2274
 2229 2273
 2230 2274
 2230 2231
 2231 2276
 2231 2232
 2231 2274
 2232 2233
 2233 2277
 2233 2234
 2234 2278
 2234 2235
 2235 2278
 2236 2326
 2236 2280
 2236 2237
 2237 2280
 2237 2238
 2238 2328
 2238 2239
 2238 2281
 2239 2283
 2239 2282
 2240 2241
 2240 2284
 2241 2242
 2242 2243
 2242 2284
 2243 2244
 2243 2286
 2244 2286
 2244 2288
 2245 2246
 2245 2288
 2246 2290
 2246 2247
 2247 2290
 2247 2248
 2248 2292
 2248 2249
 2249 2292
 2250 2292
 2251 2252
 2251 2294
 2251 2435
 2252 2295
 2253 2254
 2254 2298
 2254 2255
 2255 2256
 2255 2298
 2256 2300
 2256 2257
 2257 2302
 2257 2301
 2257 2258
 2258 2259
 2258 2302
 2259 2260
 2260 2304
 2260 2303
 2261 2304
 2263 2351
 2263 2307
 2263 2306
 2264 2265
 2264 2307
 2265 2355
 2265 2308
 2266 2267
 2266 2311
 2266 2359
 2267 2312
 2267 2311
 2268 2314
 2268 2312
 2269 2314
 2269 2270
 2270 2315
 2270 2271
 2270 2314
 2271 2315
 2271 2316
 2272 2318
 2273 2319
 2274 2275
 2274 2320
 2275 2321
 2275 2276
 2276 2323
 2276 2277
 2277 2324
 2277 2278
 2278 2325
 2278 2279
 2279 2326
 2280 2327
 2280 2326
 2280 2281
 2281 2328
 2282 2390
 2282 2328
 2283 2284
 2283 2329
 2284 2332
 2284 2285
 2284 2330
 2285 2286
 2286 2287
 2286 2334
 2286 2332
 2287 2288
 2288 2334
 2288 2289
 2289 2290
 2289 2336
 2290 2337
 2290 2291
 2291 2292
 2292 2339
 2292 2338
 2292 2293
 2292 2337
 2293 2340
 2294 2340
 2294 2295
 2295 2296
 2295 2341
 2295 2340
 2296 2342
 2296 2297
 2297 2298
 2298 2343
 2298 2342
 2299 2345
 2299 2343
 2299 2300
 2300 2301
 2301 2346
 2301 2345
 2301 2302
 2302 2346
 2302 2303
 2303 2348
 2303 2304
 2304 2349
 2304 2348
 2307 2353
 2307 2308
 2307 2351
 2308 2355
 2308 2353
 2309 2357
 2309 2310
 2309 2355
 2310 2359
 2310 2357
 2311 2361
 2311 2359
 2312 2313
 2312 2361
 2313 2364
 2313 2362
 2313 2314
 2314 2366
 2314 2364
 2315 2316
 2315 2366
 2316 2317
 2316 2367
 2317 2370
 2317 2368
 2317 2318
 2318 2372
 2318 2319
 2318 2370
 2319 2373
 2319 2320
 2320 2375
 2320 2321
 2320 2373
 2321 2377
 2321 2375
 2321 2322
 2322 2379
 2322 2323
 2322 2377
 2323 2381
 2323 2324
 2323 2379
 2324 2383
 2324 2381
 2324 2325
 2325 2385
 2325 2326
 2325 2383
 2326 2386
 2327 2388
 2327 2328
 2327 2386
 2328 2390
 2328 2388
 2329 2392
 2329 2330
 2329 2390
 2330 2393
 2330 2331
 2331 2395
 2331 2332
 2331 2393
 2332 2397
 2332 2395
 2332 2333
 2333 2399
 2333 2334
 2333 2397
 2334 2401
 2334 2399
 2334 2335
 2335 2403
 2335 2336
 2335 2401
 2336 2405
 2336 2337
 2336 2403
 2337 2407
 2337 2338
 2337 2405
 2338 2409
 2338 2407
 2339 2411
 2339 2340
 2339 2409
 2340 2413
 2340 2411
 2341 2415
 2341 2342
 2341 2413
 2342 2417
 2342 2415
 2342 2343
 2343 2418
 2343 2417
 2344 2420
 2344 2345
 2344 2418
 2345 2422
 2345 2420
 2346 2424
 2346 2347
 2346 2422
 2347 2426
 2347 2348
 2347 2424
 2348 2428
 2348 2426
 2348 2349
 2432 2433
 2436 2437
 2437 2438
