    2  126
    2   82
    3   82
    4   83
    4   82
    6   84
    6   83
    8   84
    9   86
    9   85
   11  130
   11   87
   11   86
   13   87
   14   88
   14   89
   16  132
   16   90
   16   89
   18   91
   18   90
   19   92
   21   93
   21   92
   22   93
   23   94
   23   93
   25   94
   25   95
   27   96
   27   95
   28   96
   29   97
   29   96
   31   98
   31   97
   33  141
   33   99
   33   98
   34  100
   36  101
   36  100
   38  102
   38  101
   39  102
   40  102
   40  103
   42  147
   42  104
   42  103
   44  105
   44  104
   46  106
   46  105
   48  106
   48  107
   50  151
   50  108
   50  107
   52  108
   53  110
   53  109
   55  111
   55  110
   57  154
   57  111
   57  112
   59  112
   59  113
   61  113
   61  114
   62  114
   62  115
   64  115
   64  116
   66  117
   66  116
   67  117
   68  118
   68  117
   70  119
   70  118
   71  120
   73  121
   73  120
   75  122
   75  121
   77  123
   77  122
   79  166
   79  123
   81  126
   82  127
   82  126
   83  128
   83   84
   84 2434
   84   85
   85 2434
   85  129
   85   86
   87   88
   87  130
   88  175
   88   89
   88  131
   90   91
   90  132
   91  134
   91   92
   91  133
   93  136
   93   94
   93  135
   94  137
   94   95
   96  183
   96  138
   96  139
   96   97
   97   98
   98  141
   98  140
   99  142
   99  100
   99  141
  100  101
  101  102
  101  143
  102  145
  102  144
  103  147
  104  148
  104  105
  105  106
  106  148
  106  107
  107  149
  108  198
  108  109
  108  151
  109  110
  109  198
  110  200
  110  199
  110  152
  110  153
  110  111
  112  113
  112  154
  113  156
  113  155
  114  115
  115  116
  115  156
  115  158
  116  117
  117  160
  117  159
  118  119
  119  162
  119  120
  119  161
  120 2433
  120  121
  121 2433
  121  122
  122  163
  122  123
  123  166
  123  165
  123  164
  124  166
  125  169
  126  170
  126  169
  126  127
  127  128
  128  170
  129  130
  129 2434
  130  131
  130  173
  131  174
  131  173
  132  133
  132  176
  132  175
  133  177
  133  134
  133  176
  134  135
  135  179
  135  180
  135  136
  136 2437
  136  137
  137  138
  137 2437
  137  181
  138  181
  139  184
  139  183
  140  141
  140  184
  141  187
  141  185
  141  186
  142  188
  142  143
  143  144
  143  189
  144  191
  144  145
  144  190
  145  191
  145  146
  146  147
  147  148
  147  193
  148  195
  148  149
  148  194
  149  150
  150  196
  150  151
  151  243
  151  198
  151  197
  153  154
  153  200
  154  155
  154  201
  155  156
  155  202
  155  203
  156  157
  157  158
  157  250
  158  159
  158  204
  159  207
  159  160
  159  206
  160  208
  160  161
  161  162
  161  208
  163  210
  163  211
  163  164
  163 2433
  165  212
  165  166
  165  211
  166  214
  166  213
  169  215
  169  217
  169  216
  169  170
  170  218
  170  219
  170  217
  170  171
  171 2434
  172 2434
  172  266
  172  173
  172  221
  172  220
  173  221
  173  174
  174  175
  174  222
  176  177
  176  224
  176  223
  177  225
  177  224
  178  179
  178  225
  179  227
  179  180
  180 2437
  180  228
  180  227
  181  229
  181 2437
  182  183
  183  231
  183  230
  183  184
  184  185
  185  232
  185  186
  185  231
  186  233
  186  232
  188  189
  188  233
  189  234
  189  190
  190  235
  190  234
  190  191
  191  192
  191  236
  192  193
  193  237
  193  194
  194  240
  194  238
  195  241
  195  240
  196  197
  196  242
  196  241
  197  291
  197  242
  197  243
  198  245
  199  245
  200  245
  200  246
  200  201
  201  202
  202  247
  202  248
  203  249
  203  250
  203  248
  204  251
  204  252
  204  205
  205  206
  206  253
  206  207
  206  252
  207  208
  208  255
  208  209
  208  254
  209 2433
  210  257
  210  211
  210  256
  211  258
  211  212
  211  257
  212  259
  212  258
  212  213
  213  310
  213  260
  213  259
  215  262
  216  262
  217  263
  217  262
  218  263
  218  219
  219  265
  219  263
  220  266
  220  265
  220 2434
  221  267
  221  222
  221  266
  222  268
  222  223
  222  319
  222  267
  223  224
  224  270
  224  271
  224  269
  225  226
  226  272
  226  227
  227  228
  227  273
  227  272
  228  274
  228  273
  229  230
  230  278
  230  276
  231  280
  231  232
  231  278
  232  281
  232  282
  232  280
  233  283
  234  284
  234  235
  234  283
  235  236
  235  285
  235  284
  236  237
  237  238
  237  285
  238  287
  238  239
  238  286
  239  287
  239  240
  240  289
  240  241
  240  288
  242  291
  242  290
  243  292
  243  244
  243  291
  244  293
  244  245
  245  246
  246  295
  246  247
  246  296
  246  294
  247  298
  247  248
  247  296
  247  297
  248  249
  248  298
  249  299
  250  251
  251  301
  251  300
  252  253
  252  301
  253  254
  253  304
  253  303
  254  351
  254  304
  254  305
  255  306
  255  305
  256  355
  256  308
  256  257
  256  307
  256 2433
  257  258
  257  308
  258  309
  259  309
  260  310
  262  312
  262  313
  263  314
  263  264
  264  315
  264  314
  264  265
  265  317
  265  316
  265  315
  265  266
  266  267
  267  318
  268  320
  268  319
  268  269
  269  321
  269  270
  270  322
  270  271
  271  323
  272  324
  272  273
  272  323
  273  325
  273  274
  274  275
  274  325
  275  373
  275  276
  275  325
  275  326
  275 2437
  276  327
  276  277
  277  328
  277  278
  278  328
  278  279
  279  329
  279  328
  280  281
  281  330
  281  329
  282  331
  282  283
  284  332
  284  285
  285  333
  285  286
  285  332
  286  287
  286  335
  286  333
  287  336
  287  288
  288  289
  289  337
  289  290
  289  336
  290  387
  290  291
  291  387
  291  338
  292  339
  292  338
  293  341
  293  340
  293  294
  293  339
  294  342
  294  295
  295  342
  296  391
  296  342
  296  343
  297  343
  297  344
  297  298
  298  345
  298  299
  298  344
  299  300
  300  394
  300  301
  300  346
  300  347
  301  348
  301  347
  301  302
  302  396
  302  303
  302  348
  303  350
  303  349
  303  304
  304  350
  305  352
  305  353
  305  351
  306  307
  306  354
  306  353
  307  355
  307  354
  308  356
  308  355
  309  357
  309  356
  310  358
  310  357
  313  360
  313  359
  313  314
  314  361
  314  360
  314  315
  315  362
  315  361
  316  363
  316  317
  316  362
  317  364
  317  363
  317  318
  318  365
  318  319
  318  364
  319  367
  319  365
  319  320
  320  321
  320  368
  320  367
  321  369
  321  368
  321  322
  322  370
  322  323
  322  369
  323  370
  323  371
  323  324
  325  419
  325  372
  325  373
  326  327
  326  374
  326  373
  327  375
  327  374
  327  328
  328  375
  328  329
  329  377
  329  378
  329  376
  329  330
  330  424
  330  379
  330  378
  331  425
  331  332
  331  380
  331  379
  332  427
  332  333
  332  380
  332  381
  333  381
  333  383
  333  334
  334  384
  334  335
  334  383
  335  384
  335  385
  335  336
  336  337
  336  386
  336  385
  337  386
  338  339
  338  387
  339  434
  339  435
  339  389
  339  388
  339  340
  341  342
  341  389
  341  390
  342  390
  343  438
  343  392
  343  391
  344  392
  344  345
  345  393
  345  392
  345  346
  346  394
  346  393
  347  395
  347  394
  348  443
  348  396
  349  444
  349  397
  349  350
  349  396
  350  398
  350  397
  352  446
  352  353
  352  398
  353  400
  353  399
  353  354
  355  449
  355  401
  355  400
  355  356
  356  403
  356  402
  356  401
  357  404
  357  451
  357  403
  358  404
  360  454
  360  407
  360  406
  361  408
  361  407
  361  362
  362  456
  362  363
  362  409
  363  410
  363  409
  364  412
  364  365
  364  410
  365  413
  365  412
  366  459
  366  414
  366  413
  366  367
  367  415
  367  414
  368  416
  369  370
  369  417
  369  416
  370  371
  371  418
  371  372
  371  417
  372  464
  372  418
  372  419
  373  420
  373  465
  373  419
  374  375
  374  420
  374  421
  375  467
  375  376
  375  422
  376  423
  376  377
  376  422
  377  378
  378  470
  379  425
  379  424
  380  427
  380  425
  381  473
  381  428
  381  427
  382  383
  382  429
  384  430
  384  385
  384  429
  385  430
  385  386
  386  387
  386  433
  386  431
  387  388
  388  480
  388  433
  389  436
  389  390
  389  435
  390  391
  391  438
  391  436
  392  440
  392  393
  392  438
  393  394
  393  440
  394  442
  394  441
  395  443
  395  442
  396  489
  396  444
  396  443
  397  398
  397  444
  398  445
  399  448
  399  400
  399  447
  399  446
  400  449
  400  448
  401  450
  401  449
  402  450
  403  450
  404  496
  404  452
  406  454
  407  408
  407  455
  408  502
  409  457
  409  456
  410  457
  411  504
  411  458
  412  413
  413  505
  413  459
  413  458
  414  460
  414  459
  415  461
  415  460
  415  416
  416  462
  416  417
  417  462
  417  418
  418  511
  418  463
  419  465
  420  421
  421  467
  421  466
  422  469
  422  423
  422  467
  423  470
  423  469
  424  518
  424  425
  424  470
  425  472
  425  471
  426  427
  427  473
  428  474
  428  429
  428  473
  428  475
  429  476
  429  430
  429  475
  430  477
  430  476
  431  478
  431  432
  432  527
  432  479
  432  433
  432  478
  433  480
  433  479
  434  481
  434  435
  434  480
  435  483
  435  481
  435  436
  436  437
  436  484
  437  485
  437  484
  437  438
  439  486
  439  440
  439  485
  441  537
  441  442
  441  486
  442  538
  442  443
  442  487
  443  489
  444  490
  444  489
  445  491
  445  446
  446  491
  446  447
  447  448
  447  492
  447  491
  448  449
  448  494
  449  495
  449  450
  449  494
  450 2435
  450  495
  451  496
  451 2435
  452  496
  453  454
  453  499
  454  455
  454  500
  455  501
  456  502
  456  457
  457  555
  457  503
  457  504
  457  502
  458  505
  458  504
  459  460
  459  505
  460  508
  460  461
  460  506
  461  509
  461  508
  461  462
  462  509
  462  463
  463  561
  463  511
  463  510
  464  513
  464  511
  464  465
  465  514
  465  466
  466  515
  466  514
  466  467
  467  516
  467  468
  468  517
  468  516
  469  470
  470  518
  470  517
  471  520
  471  472
  471  519
  471  518
  472  571
  472  522
  472  520
  472  473
  473  522
  474  572
  474  475
  474  523
  474  522
  475  525
  475  523
  475  476
  476  525
  477  526
  477  525
  478  527
  479  528
  479  480
  480  481
  480  528
  481  580
  481  530
  481  529
  482  531
  482  530
  482  483
  483  533
  483  532
  483  484
  484  535
  484  485
  484  533
  485  486
  486  536
  486  537
  487  538
  487  537
  488  540
  488  489
  488  538
  489  490
  490  541
  490  491
  490  540
  490  542
  491  542
  491  543
  491  492
  492  544
  492  543
  493  545
  493  494
  494  495
  494  545
  495  546
  496  548
  496  547
  496 2435
  497  548
  499  550
  499  551
  501  502
  501  552
  501  551
  502  553
  502  555
  502  554
  503  556
  503  555
  504  556
  504  505
  505  506
  505  556
  506  558
  506  507
  506  606
  507  607
  507  558
  507  559
  508  560
  508  509
  509  560
  510  560
  511  512
  511  561
  512  563
  512  513
  512  562
  513  564
  513  563
  513  514
  514  565
  514  564
  516  517
  516  566
  516  565
  517  566
  517  567
  517  518
  518  569
  518  519
  518  567
  519  520
  520  570
  520  521
  520  569
  521  571
  522  571
  523  573
  523  572
  523  574
  524  525
  525  526
  525  576
  526  576
  526  527
  526  577
  526  578
  527  528
  528  579
  528  578
  529  626
  529  580
  529  579
  530  581
  530  580
  531  532
  532  582
  532  581
  532  533
  533  534
  533  582
  534  630
  534  584
  534  535
  535  536
  536  537
  536  584
  537  633
  537  587
  537  585
  537  538
  538  587
  539  588
  539  587
  539  540
  540  589
  540  541
  540  588
  541  637
  541  542
  541  590
  542  543
  543  544
  543  590
  544  545
  544  591
  545  593
  545  592
  546 2435
  546  594
  547  643
  547  596
  548  597
  550  599
  550  551
  551  599
  552  601
  552  648
  552  553
  552  600
  553  601
  553  554
  554  602
  554  601
  555  603
  555  556
  555  602
  556  557
  556  603
  557  605
  557  604
  558  607
  559  608
  559  560
  559  607
  560  561
  560  609
  561  609
  561  610
  562  611
  562  563
  563  564
  563  612
  564  613
  564  565
  565  613
  565  566
  566  614
  566  613
  567  614
  567  568
  568  569
  568  615
  569  617
  569  570
  569  616
  570  618
  570  571
  570  619
  570  617
  571  619
  572  668
  572  573
  573  621
  573  620
  574  621
  574  575
  575  623
  575  622
  575  576
  575  621
  576  577
  576  624
  577  578
  578  579
  579  673
  579  625
  580  628
  580  581
  580  626
  581  582
  582  629
  582  628
  583  629
  583  630
  584  631
  584  585
  584  630
  585  632
  585  631
  585  586
  586  633
  586  632
  587  588
  587  633
  588  636
  588  635
  588  589
  589  637
  590  638
  590  591
  590  637
  591  639
  591  592
  591  638
  592  640
  592  639
  592  593
  593  641
  593  640
  594  642
  594  595
  594  641
  595  691
  595  643
  595 2436
  596  644
  596  597
  596  643
  597  644
  598  647
  599  647
  599  600
  600  648
  600  647
  601  649
  601  650
  601  602
  603  698
  603  604
  603  650
  603  651
  604  652
  604  605
  605  606
  605  652
  606  654
  606  607
  607  608
  607  654
  607  656
  608  657
  608  609
  609  658
  609  610
  610  659
  610  658
  610  611
  611  660
  611  706
  611  612
  611  659
  612  661
  612  613
  612  660
  613  661
  613  614
  614  615
  614  663
  614  709
  615  711
  615  663
  615  664
  615  616
  616  665
  616  664
  616  617
  617  713
  617  666
  617  618
  618  619
  618  666
  619  714
  619  667
  620  669
  620  668
  620  621
  621  622
  621  670
  622  671
  622  670
  623  624
  624  719
  624  673
  624  671
  624  625
  625  673
  626  674
  626  673
  627  628
  627  674
  628  629
  628  675
  628  677
  629  630
  629  677
  630  678
  630  679
  631  680
  631  679
  631  632
  632  682
  632  633
  632  680
  633  728
  633  683
  633  634
  635  684
  635  636
  636  732
  636  686
  636  685
  636  637
  637  687
  637  638
  638  639
  639  640
  639  687
  640  690
  640  689
  640  641
  640  688
  641  690
  641  642
  642  691
  642  690
  643  692
  643  691
  644  692
  645  692
  646  695
  647  695
  647  648
  648  696
  649  697
  649  696
  649  650
  650  698
  650  697
  651  698
  652  699
  652  700
  652  653
  653  654
  654  701
  654  700
  655  656
  656  657
  656  702
  656  703
  657  658
  657  703
  657  705
  658  705
  659  706
  659  705
  660  707
  660  755
  660  661
  660  706
  661  662
  661  707
  662  708
  662  758
  662  709
  663  711
  663  709
  664  712
  664  711
  665  713
  666  713
  667  762
  667  713
  668  763
  668  715
  668  669
  668  714
  669  716
  669  715
  670  717
  670  671
  671  718
  671  672
  671  717
  672  719
  672  718
  673  721
  673  719
  673  674
  674  721
  675  676
  675  722
  675  721
  676  677
  676  722
  676  723
  676  724
  677  771
  677  725
  677  724
  679  726
  679  725
  679  680
  680  727
  680  726
  681  727
  681  682
  682  727
  683  729
  683  684
  683  728
  684  730
  684  729
  684  685
  685  731
  685  732
  685  730
  686  687
  686  733
  686  732
  687  734
  687  733
  687  688
  688  736
  688  735
  688  689
  688  734
  689  782
  689  737
  689  690
  690  738
  690  737
  691  739
  691  738
  692  740
  692  739
  693  740
  695  742
  695  743
  696  745
  696  697
  696  744
  697  791
  697  746
  697  698
  697  745
  698  699
  699  700
  699  748
  699  746
  700  749
  700  748
  700  701
  701  702
  701  749
  702  750
  702  703
  702  749
  703  704
  703  750
  704  752
  704  705
  705  752
  705  706
  706  754
  706  753
  707  708
  707  755
  708  757
  708  758
  708  756
  709  758
  710  807
  710  759
  710  758
  710  711
  711  760
  711  712
  712  809
  712  713
  712  761
  712  760
  713  810
  713  762
  714  763
  714  762
  715  812
  715  716
  715  763
  716  813
  716  765
  716  764
  716  717
  717  766
  717  718
  718  719
  719  767
  719  766
  720  818
  720  768
  720  721
  720  767
  721  769
  721  722
  721  768
  722  819
  722  770
  722  769
  724  821
  724  771
  724  770
  725  772
  725  726
  725  822
  726  727
  726  772
  726  774
  727  728
  728  775
  728  774
  728  729
  729  776
  729  775
  730  776
  731  778
  731  732
  731  777
  732  778
  732  733
  733  734
  733  780
  734  832
  734  781
  734  780
  735  781
  736  833
  736  782
  736  781
  737  783
  737  782
  738  835
  738  784
  739  784
  740  786
  740  785
  742  788
  743  788
  743  744
  743  789
  744  790
  744  789
  745  842
  745  791
  745  790
  746  793
  746  747
  746  791
  747  748
  747  794
  747  793
  748  749
  749  750
  749  795
  750  798
  750  796
  750  751
  751  752
  752  799
  752  800
  752  798
  753  754
  754  853
  754  802
  754  801
  755  802
  756  804
  756  802
  756  803
  756  757
  757  805
  757  758
  758  807
  758  805
  760  808
  760  809
  760  807
  761  859
  761  810
  761  809
  762  811
  762  763
  763  811
  764  812
  765  766
  765  813
  766  816
  766  767
  766  815
  767  816
  767  818
  768  819
  768  769
  770  821
  770  819
  771  822
  771  821
  772  823
  772  822
  773  872
  773  774
  773  823
  774  826
  774  824
  774  775
  775  776
  775  826
  776  777
  776  827
  777  828
  777  778
  778  877
  778  830
  778  829
  779  831
  779  780
  780  831
  782  881
  782  834
  782  783
  782  833
  783  882
  783  835
  783  834
  784  837
  784  836
  784  785
  785  884
  785  838
  787  840
  788  840
  789  841
  789  840
  790  888
  790  841
  790  842
  791  889
  791  843
  791  842
  792  793
  792  843
  793  843
  793  794
  794  846
  794  845
  794  795
  794  844
  795  847
  795  796
  796  797
  797  848
  797  798
  797  849
  797  847
  798  849
  798  850
  798  799
  799  851
  799  850
  800  851
  800  801
  801  853
  801  851
  802  853
  803  900
  803  804
  803  854
  803  853
  804  854
  804  855
  804  805
  806  903
  806  856
  806  807
  806  855
  807  856
  807  857
  807  808
  809  906
  809  858
  810  860
  810  811
  810  859
  811  909
  811  861
  811  860
  812  862
  812  813
  812  861
  813  862
  813  863
  813  814
  814  864
  814  815
  814  863
  815  864
  815  816
  816  865
  816  864
  817  866
  817  865
  817  818
  818  867
  818  819
  819  868
  819  820
  819  869
  819  867
  820  869
  820  870
  820  821
  821  822
  822  871
  822  870
  824  873
  824  825
  824  872
  826  874
  826  827
  826  873
  827  874
  827  875
  828  875
  828  829
  829  877
  829  876
  829  875
  830  927
  830  878
  830  831
  830  877
  831  879
  831  878
  832  879
  832  833
  833  930
  833  881
  833  880
  833  879
  834  881
  835  883
  835  836
  835  882
  836  883
  836  837
  837  884
  838  884
  840  886
  840  887
  841  888
  841  887
  842  889
  842  888
  843  940
  843  890
  843  889
  844  845
  844  891
  845  846
  845  892
  846  893
  846  847
  847  848
  847  893
  848  849
  848  895
  848  893
  849  896
  849  895
  851  897
  851  852
  852  899
  852  853
  852  897
  853  900
  854  902
  854  855
  854  900
  855  902
  855  903
  856  857
  856  904
  856  903
  857  905
  857  904
  857  858
  858  906
  858  905
  859  907
  859  860
  859  906
  860  908
  860  907
  861  911
  861  862
  861  909
  862  912
  862  911
  863  913
  863  864
  864  914
  864  865
  865  915
  865  866
  866  916
  866  915
  866  867
  867  868
  867  917
  868  918
  868  917
  869  919
  869  870
  870  920
  870  871
  870  919
  871  920
  871  872
  872  921
  872  873
  872  920
  873  967
  873  922
  873  921
  873  874
  874  875
  874  922
  875  876
  875  923
  875  924
  876  925
  876  926
  877  927
  878  975
  878  879
  878  927
  879  930
  879  975
  880  931
  880  930
  882  932
  882  931
  882  883
  883  933
  883  932
  884  934
  884  933
  885  934
  886  937
  887  937
  887  888
  888  939
  888  938
  888  889
  889  988
  889  940
  890  941
  890  940
  890  891
  891  892
  891  942
  892  991
  892  942
  892  943
  892  893
  893  894
  893  943
  894  993
  894  945
  894  944
  895  946
  895  896
  896  946
  896  897
  897  995
  897  898
  897  947
  897  946
  898  997
  898  899
  899  948
  900  998
  900  948
  901  950
  901  949
  902  951
  902  903
  903  951
  904 1002
  904  905
  904  951
  905  952
  905  953
  906  907
  907  953
  907  954
  908 1005
  908  955
  908  954
  910 1006
  910  956
  910  955
  911  956
  911  912
  911  957
  912  913
  912  958
  913  959
  913  914
  914  915
  914  959
  915  916
  915  959
  916  962
  916  917
  916  961
  917  962
  918  963
  918  919
  918  962
  919  920
  919  963
  920  921
  920  964
  921  965
  921  966
  922  923
  922  969
  922  967
  923  970
  923 1019
  923  969
  923  924
  924  925
  924  970
  925  971
  925  972
  926  927
  926  973
  928  973
  929  976
  929  975
  930  931
  931  978
  931  977
  931  932
  931  976
  932 1026
  932  979
  932  978
  933  980
  933  979
  934  982
  934  981
  936  984
  937  984
  938  986
  938  939
  938  985
  939  986
  939  987
  940  941
  940  989
  940  990
  940  988
  941  990
  942 1037
  942  990
  942  991
  943 1038
  943  992
  943  944
  944  992
  945  994
  945  946
  945  993
  946  994
  947  997
  947  996
  947  995
  948  998
  948  997
  949  999
  949  950
  949  998
  950 1000
  950  951
  950  999
  951 1002
  951 1000
  952 1003
  952  953
  953 1003
  953 1004
  953  954
  954 1005
  954 1050
  955 1006
  955 1005
  956  957
  956 1006
  957 1007
  957 1008
  957  958
  958 1009
  958  959
  958 1010
  958 1008
  959  960
  960 1011
  960 1010
  960  961
  961  962
  961 1013
  961 1011
  962 1014
  962  963
  964 1015
  964 1014
  964  965
  965 1016
  965  966
  965 1015
  966 1062
  966 1017
  966 1016
  967  968
  968 1018
  968 1017
  970 1065
  970 1020
  970 1019
  971  972
  972 1021
  972  973
  972 1020
  973 1022
  973 1021
  973  974
  974  975
  974 1022
  975 1024
  975 1023
  975  976
  976  977
  976 1024
  977  978
  977 1024
  978 1025
  979 1072
  979 1027
  980 1027
  980  981
  981 1029
  981 1028
  981 1027
  983 1031
  984 1031
  984 1032
  984  985
  985 1033
  985 1032
  986 1033
  986  987
  987 1034
  987 1033
  988 1034
  989  990
  989 1034
  990 1035
  990 1036
  991 1037
  992 1084
  992 1083
  992  993
  992 1038
  993 1039
  993 1040
  993  994
  994 1041
  994  995
  994 1085
  995 1042
  995 1041
  995  996
  996 1043
  996 1088
  996 1042
  997 1044
  997  998
  997 1043
  998  999
  999 1091
  999 1000
  999 1044
 1000 1045
 1000 1047
 1001 1047
 1001 1002
 1002 1048
 1002 1003
 1002 1047
 1003 1004
 1003 1049
 1004 1049
 1005 1006
 1005 1050
 1006 1051
 1006 1052
 1007 1053
 1007 1008
 1008 1054
 1008 1009
 1009 1056
 1009 1010
 1009 1054
 1010 1011
 1011 1057
 1011 1058
 1011 1056
 1012 1013
 1013 1014
 1013 1058
 1013 1060
 1014 1060
 1014 1015
 1015 1016
 1015 1060
 1016 1061
 1017 1018
 1017 1064
 1017 1062
 1018 1064
 1018 1019
 1019 1064
 1020 1115
 1020 1066
 1020 1021
 1020 1065
 1021 1022
 1021 1066
 1022 1023
 1022 1067
 1023 1070
 1023 1024
 1023 1068
 1024 1025
 1024 1071
 1025 1026
 1026 1072
 1026 1071
 1027 2439
 1027 1073
 1027 1028
 1027 1072
 1028 1074
 1029 1074
 1031 1077
 1031 1076
 1032 1078
 1032 1077
 1033 1079
 1033 1034
 1033 1078
 1034 1035
 1034 1079
 1035 1081
 1035 1036
 1035 1080
 1036 1132
 1036 1081
 1036 1082
 1037 1038
 1038 1083
 1038 1082
 1040 1084
 1041 1042
 1041 1085
 1042 1088
 1042 1086
 1043 1044
 1043 1088
 1044 1089
 1044 1090
 1044 1091
 1045 1092
 1045 1046
 1045 1091
 1046 1093
 1046 1047
 1046 1092
 1047 1048
 1047 1093
 1048 1049
 1048 1094
 1048 1144
 1048 1095
 1049 1095
 1049 1096
 1050 1098
 1050 1096
 1050 1051
 1051 1052
 1052 1100
 1052 1099
 1052 1053
 1052 1098
 1053 1151
 1053 1101
 1053 1054
 1053 1100
 1055 1102
 1055 1101
 1055 1056
 1056 1103
 1056 1102
 1056 1057
 1057 1103
 1058 1105
 1058 1104
 1058 1059
 1059 1106
 1059 1060
 1059 1105
 1060 1109
 1060 1107
 1060 1061
 1061 1062
 1061 1109
 1062 1110
 1062 1063
 1063 1113
 1063 1112
 1063 1064
 1063 1111
 1064 1114
 1064 1065
 1065 1115
 1065 1114
 1066 1116
 1066 1163
 1067 1117
 1067 1116
 1067 1068
 1068 1164
 1068 1069
 1069 1119
 1069 1070
 1069 1118
 1070 1071
 1070 1119
 1070 1120
 1071 1122
 1071 1121
 1071 1120
 1071 1072
 1072 1122
 1073 1123
 1073 1124
 1073 2439
 1074 1125
 1074 1124
 1076 1127
 1077 1175
 1077 1127
 1077 1128
 1078 1175
 1078 1129
 1078 1079
 1079 1130
 1079 1129
 1080 1130
 1080 1081
 1081 1132
 1081 1130
 1082 1179
 1082 1083
 1082 1132
 1083 1135
 1083 1134
 1083 1084
 1084 1085
 1085 1137
 1085 1136
 1085 1135
 1085 1086
 1086 1087
 1086 1138
 1087 1138
 1087 1139
 1087 1088
 1088 1139
 1089 1140
 1091 1140
 1091 1141
 1091 1092
 1092 1188
 1092 1142
 1092 1141
 1093 1094
 1093 1143
 1094 1144
 1094 1143
 1095 1096
 1095 1146
 1095 1144
 1096 1146
 1097 1148
 1097 1147
 1097 1098
 1097 1146
 1098 1194
 1098 1148
 1098 1149
 1098 1099
 1099 1149
 1100 1196
 1100 1195
 1100 1151
 1100 1150
 1101 1152
 1101 1102
 1101 1151
 1102 1199
 1102 1152
 1102 1153
 1103 1154
 1103 1104
 1104 1105
 1104 1155
 1104 1154
 1105 1155
 1106 1155
 1106 1203
 1106 1156
 1108 1204
 1108 1156
 1108 1157
 1108 1109
 1109 1158
 1109 1157
 1111 1206
 1111 1159
 1111 1112
 1111 1158
 1112 1160
 1112 1159
 1113 1114
 1114 1115
 1114 1160
 1115 1162
 1115 1161
 1115 1163
 1116 1163
 1116 1211
 1116 1164
 1118 1165
 1118 1119
 1118 1164
 1119 1166
 1119 1120
 1120 1166
 1120 1121
 1121 1168
 1121 1122
 1121 1167
 1122 1170
 1122 2439
 1122 1169
 1123 1171
 1123 1172
 1124 1173
 1124 1172
 1127 1221
 1127 1174
 1128 1221
 1129 1222
 1129 1176
 1129 1130
 1130 1178
 1130 1176
 1130 1131
 1132 1225
 1132 1178
 1133 1180
 1133 1179
 1134 1227
 1134 1135
 1134 1181
 1135 1136
 1136 1182
 1136 1181
 1137 1230
 1137 1183
 1137 1182
 1137 1138
 1138 1139
 1138 1183
 1139 1185
 1139 1184
 1139 1140
 1140 1186
 1140 1187
 1140 1185
 1140 1141
 1141 1187
 1142 1189
 1142 1143
 1142 1188
 1143 1144
 1143 1190
 1144 1190
 1144 1145
 1145 1146
 1145 1190
 1146 1192
 1146 1191
 1147 1192
 1147 1193
 1148 1194
 1149 1242
 1149 1195
 1149 1194
 1150 1195
 1151 1198
 1151 1152
 1151 1196
 1152 1246
 1152 1198
 1153 1200
 1153 1154
 1153 1199
 1154 1202
 1154 1155
 1154 1200
 1155 1203
 1155 1202
 1156 1204
 1156 1203
 1157 1205
 1157 1158
 1157 1204
 1158 1206
 1158 1205
 1159 1160
 1159 1208
 1159 1206
 1160 1161
 1161 1162
 1161 1209
 1161 1210
 1161 1208
 1162 1163
 1163 1258
 1163 1210
 1163 1211
 1164 1165
 1164 1212
 1164 1211
 1165 1166
 1166 1214
 1166 1213
 1167 1215
 1167 1214
 1167 1168
 1168 1216
 1168 1215
 1169 1170
 1170 2440
 1170 1217
 1170 1216
 1171 1217
 1171 2441
 1171 1218
 1172 1218
 1173 1218
 1174 1221
 1175 1222
 1175 1221
 1176 1223
 1176 1222
 1177 1223
 1177 1178
 1178 1225
 1178 1272
 1178 1224
 1179 1274
 1179 1180
 1179 1226
 1179 1225
 1180 1226
 1180 1227
 1181 1228
 1181 1182
 1181 1227
 1182 1228
 1182 1230
 1183 1231
 1183 1230
 1184 1185
 1184 1232
 1185 1234
 1185 1232
 1185 1186
 1186 1187
 1186 1235
 1186 1234
 1187 1283
 1187 1236
 1187 1188
 1188 1189
 1189 1238
 1189 1190
 1189 1236
 1190 1238
 1191 1238
 1191 1239
 1191 1192
 1192 1193
 1192 1241
 1192 1239
 1193 1241
 1193 1194
 1194 1242
 1194 1241
 1195 1243
 1195 1242
 1196 1197
 1197 1244
 1198 1246
 1198 1244
 1199 1247
 1199 1246
 1200 1248
 1200 1201
 1201 1202
 1202 1249
 1202 1203
 1203 1204
 1203 1249
 1204 1252
 1204 1205
 1204 1250
 1205 1252
 1206 1207
 1206 1252
 1207 1208
 1207 1254
 1207 1255
 1207 1253
 1208 1256
 1208 1209
 1208 1255
 1209 1256
 1209 1210
 1210 1257
 1210 1258
 1211 1212
 1211 1258
 1212 1260
 1212 1259
 1212 1261
 1212 1213
 1213 1214
 1213 1262
 1213 1261
 1214 1215
 1214 1263
 1215 1216
 1215 1264
 1216 1265
 1216 1217
 1216 1264
 1217 2441
 1217 1265
 1217 1218
 1218 1266
 1219 1266
 1220 1269
 1221 1269
 1222 1223
 1222 1270
 1222 1271
 1222 1269
 1223 1271
 1224 1272
 1225 1274
 1225 1272
 1226 1227
 1226 1275
 1226 1274
 1227 1275
 1227 1228
 1228 1277
 1228 1276
 1229 1277
 1230 1278
 1230 1231
 1231 1232
 1231 1278
 1232 1326
 1232 1279
 1232 1280
 1233 1280
 1233 1234
 1234 1281
 1234 1235
 1234 1280
 1235 1282
 1235 1281
 1236 1284
 1236 1237
 1236 1283
 1237 1238
 1237 1285
 1238 1285
 1238 1287
 1238 1239
 1239 1288
 1239 1287
 1240 1241
 1241 1334
 1241 1242
 1241 1290
 1242 1290
 1242 1291
 1243 1292
 1243 1244
 1244 1245
 1245 1293
 1245 1292
 1246 1294
 1246 1247
 1246 1293
 1247 1294
 1247 1248
 1248 1249
 1248 1294
 1249 1250
 1249 1295
 1250 1296
 1250 1251
 1251 1299
 1251 1252
 1251 1298
 1251 1297
 1252 1299
 1253 1254
 1254 1301
 1254 1300
 1255 1348
 1255 1301
 1255 1302
 1255 1256
 1256 1257
 1257 1258
 1257 1302
 1257 1303
 1257 1304
 1258 1304
 1258 1305
 1259 1351
 1259 1260
 1259 1305
 1259 1306
 1260 1306
 1260 1307
 1261 1262
 1262 1354
 1262 1308
 1262 1263
 1262 1307
 1263 1309
 1263 1308
 1263 1264
 1264 1311
 1264 1265
 1264 1309
 1265 1312
 1265 1311
 1266 1314
 1266 1313
 1268 1316
 1269 1316
 1269 1270
 1269 1317
 1270 1318
 1270 1271
 1271 1319
 1271 1318
 1271 1272
 1272 1367
 1272 1320
 1272 1319
 1274 1321
 1274 1275
 1274 1320
 1275 1369
 1275 1322
 1275 1321
 1276 1323
 1276 1277
 1277 1278
 1278 1324
 1278 1279
 1278 1325
 1278 1323
 1279 1326
 1279 1325
 1280 1326
 1281 1328
 1281 1326
 1281 1282
 1282 1329
 1282 1328
 1283 1330
 1283 1284
 1284 1285
 1284 1330
 1285 1331
 1285 1330
 1286 1380
 1286 1332
 1286 1287
 1286 1331
 1287 1332
 1287 1333
 1288 1289
 1288 1333
 1289 1334
 1289 1333
 1290 1291
 1290 1334
 1291 1337
 1291 1292
 1291 1336
 1291 1335
 1292 1337
 1292 1338
 1292 1293
 1293 1294
 1294 1338
 1294 1340
 1294 1295
 1295 1296
 1295 1341
 1295 1340
 1296 1342
 1297 1343
 1297 1298
 1298 1299
 1299 1344
 1299 1345
 1299 1300
 1299 1343
 1300 1345
 1300 1346
 1300 1301
 1301 1347
 1301 1346
 1302 1349
 1302 1303
 1302 1397
 1302 1348
 1303 1398
 1303 1349
 1303 1350
 1304 1350
 1305 1351
 1306 1353
 1306 1307
 1306 1351
 1307 1354
 1307 1353
 1308 1309
 1308 1356
 1308 1354
 1309 1357
 1309 1310
 1310 1357
 1310 1358
 1310 1311
 1311 1358
 1311 1312
 1312 1313
 1312 1359
 1313 1360
 1313 1359
 1314 1360
 1316 1363
 1316 1362
 1317 1364
 1318 1365
 1318 1366
 1318 1319
 1318 1364
 1319 1367
 1320 1416
 1320 1321
 1320 1368
 1320 1367
 1321 1368
 1322 1323
 1322 1370
 1322 1371
 1322 1369
 1323 1371
 1323 1324
 1324 1421
 1324 1325
 1324 1373
 1325 1422
 1325 1374
 1325 1326
 1326 1375
 1326 1374
 1328 1425
 1328 1376
 1328 1329
 1328 1375
 1329 1378
 1329 1377
 1329 1330
 1329 1376
 1330 1379
 1330 1331
 1331 1380
 1332 1381
 1332 1333
 1332 1382
 1333 1334
 1333 1383
 1334 1383
 1334 1384
 1335 1336
 1336 1337
 1336 1385
 1336 1384
 1337 1435
 1337 1387
 1337 1338
 1338 1389
 1338 1339
 1338 1387
 1339 1340
 1339 1389
 1340 1389
 1340 1390
 1341 1392
 1341 1390
 1341 1342
 1342 1393
 1342 1343
 1342 1392
 1343 1344
 1344 1393
 1344 1394
 1345 1394
 1346 1347
 1346 1394
 1347 1396
 1347 1395
 1348 1396
 1349 1446
 1349 1398
 1350 1400
 1350 1399
 1350 1351
 1350 1398
 1351 1352
 1351 1400
 1352 1402
 1352 1353
 1353 1450
 1353 1403
 1353 1354
 1354 1403
 1354 1355
 1355 1404
 1355 1403
 1356 1357
 1357 1405
 1357 1358
 1357 1404
 1358 1406
 1358 1407
 1359 1408
 1360 1409
 1361 1409
 1363 1459
 1363 1412
 1363 1411
 1363 1364
 1364 1413
 1365 1366
 1365 1413
 1366 1414
 1366 1416
 1367 1416
 1368 1418
 1368 1417
 1368 1416
 1369 1419
 1369 1370
 1370 1371
 1371 1419
 1372 1420
 1372 1421
 1373 1422
 1374 1375
 1374 1424
 1374 1422
 1375 1424
 1375 1425
 1376 1426
 1376 1425
 1377 1426
 1377 1427
 1377 1378
 1378 1379
 1379 1427
 1380 1429
 1380 1428
 1381 1382
 1382 1429
 1382 1430
 1383 1431
 1383 1384
 1383 1430
 1384 1433
 1384 1432
 1384 1431
 1384 1385
 1385 1480
 1385 1434
 1385 1433
 1386 1434
 1386 1435
 1387 1436
 1387 1435
 1388 1437
 1388 1389
 1388 1436
 1389 1390
 1389 1438
 1390 1438
 1391 1392
 1392 1441
 1392 1439
 1392 1393
 1393 1488
 1393 1442
 1393 1441
 1393 1394
 1394 1444
 1394 1395
 1394 1442
 1395 1445
 1395 1396
 1396 1397
 1396 1446
 1398 1446
 1399 1495
 1399 1447
 1399 1400
 1400 1449
 1400 1448
 1402 1450
 1402 1449
 1403 1452
 1403 1404
 1403 1450
 1404 1453
 1404 1405
 1406 1500
 1406 1407
 1406 1453
 1407 1455
 1407 1454
 1407 1408
 1408 1456
 1408 1409
 1408 1455
 1409 1457
 1409 1456
 1411 1459
 1412 1507
 1412 1506
 1412 1413
 1413 1414
 1413 1460
 1413 1507
 1414 1460
 1414 1461
 1414 1415
 1416 1462
 1416 1461
 1416 1417
 1417 1511
 1417 1463
 1417 1462
 1418 1419
 1419 1465
 1419 1420
 1419 1463
 1420 1465
 1420 1421
 1420 1466
 1421 1466
 1421 1467
 1421 1422
 1422 1516
 1422 1468
 1423 1468
 1424 1469
 1424 1425
 1424 1468
 1425 1470
 1425 1426
 1425 1469
 1426 1427
 1426 1471
 1426 1470
 1427 1428
 1427 1472
 1428 1475
 1428 1473
 1428 1474
 1428 1429
 1429 1522
 1429 1476
 1429 1475
 1429 1430
 1430 1478
 1430 1431
 1430 1476
 1431 1478
 1432 1479
 1432 1478
 1433 1479
 1433 1480
 1434 1481
 1434 1480
 1435 1482
 1435 1436
 1435 1481
 1436 1437
 1436 1482
 1437 1483
 1437 1484
 1437 1438
 1438 1485
 1438 1439
 1438 1484
 1439 1487
 1439 1440
 1439 1485
 1440 1487
 1442 1489
 1442 1488
 1443 1444
 1444 1490
 1444 1445
 1444 1489
 1444 1491
 1445 1492
 1445 1491
 1445 1446
 1446 1447
 1446 1494
 1446 1493
 1446 1492
 1447 1495
 1447 1494
 1448 1449
 1448 1496
 1448 1495
 1449 1497
 1449 1450
 1449 1496
 1450 1451
 1451 1452
 1451 1497
 1452 1498
 1452 1499
 1452 1453
 1453 1500
 1453 1499
 1454 1501
 1454 1455
 1454 1500
 1455 1503
 1455 1502
 1455 1501
 1456 1504
 1456 1503
 1459 1506
 1459 1505
 1460 1461
 1460 1508
 1461 1462
 1461 1508
 1461 1509
 1462 1511
 1462 1509
 1463 1512
 1463 1464
 1463 1511
 1464 1559
 1465 1514
 1465 1513
 1465 1466
 1466 1561
 1466 1467
 1466 1515
 1467 1516
 1467 1562
 1468 1517
 1468 1516
 1469 1470
 1470 1471
 1470 1517
 1470 1564
 1471 1518
 1471 1519
 1472 1520
 1472 1519
 1473 1474
 1473 1521
 1473 1520
 1474 1521
 1475 1522
 1476 1523
 1476 1522
 1477 1524
 1477 1478
 1478 1526
 1478 1479
 1478 1524
 1479 1526
 1480 1526
 1480 1527
 1481 1482
 1482 1527
 1482 1483
 1483 1576
 1483 1529
 1483 1528
 1483 1484
 1484 1485
 1484 1531
 1484 1529
 1485 1531
 1486 1487
 1486 1532
 1486 1531
 1487 1534
 1487 1533
 1487 1488
 1487 1532
 1488 1534
 1488 1489
 1489 1535
 1489 1490
 1489 1536
 1489 1534
 1490 1536
 1490 1491
 1491 1538
 1491 1537
 1493 1540
 1493 1539
 1493 1494
 1494 1541
 1494 1540
 1495 1542
 1495 1496
 1496 1497
 1496 1543
 1497 1544
 1497 1498
 1497 1543
 1498 1545
 1498 1544
 1498 1499
 1499 1546
 1499 1500
 1499 1545
 1500 1501
 1500 1546
 1501 1548
 1501 1547
 1502 1549
 1502 1548
 1503 1550
 1503 1549
 1504 1550
 1506 1599
 1506 1552
 1507 1553
 1508 1555
 1508 1509
 1508 1554
 1509 1557
 1509 1555
 1509 1510
 1510 1511
 1510 1557
 1511 1558
 1511 1512
 1512 1605
 1512 1559
 1512 1558
 1513 1560
 1513 1559
 1514 1561
 1515 1562
 1515 1561
 1516 1517
 1516 1562
 1517 1564
 1517 1563
 1518 1519
 1518 1564
 1519 1520
 1519 1565
 1519 1566
 1520 1614
 1520 1521
 1520 1566
 1521 1569
 1521 1614
 1521 1522
 1522 1569
 1523 1570
 1523 1524
 1523 1569
 1524 1571
 1525 1572
 1525 1526
 1526 1527
 1526 1574
 1526 1572
 1527 1574
 1527 1575
 1527 1528
 1528 1576
 1528 1575
 1529 1530
 1529 1576
 1530 1577
 1530 1578
 1530 1531
 1531 1532
 1531 1579
 1531 1626
 1532 1580
 1532 1579
 1533 1534
 1534 1581
 1534 1535
 1534 1580
 1535 1583
 1535 1536
 1536 1583
 1536 1537
 1537 1585
 1537 1584
 1538 1539
 1538 1585
 1539 1585
 1540 1587
 1540 1541
 1540 1586
 1541 1588
 1541 1587
 1541 1542
 1542 1636
 1542 1589
 1542 1543
 1542 1588
 1543 1590
 1543 1589
 1544 1591
 1544 1545
 1545 1546
 1545 1592
 1546 1592
 1547 1594
 1547 1592
 1547 1548
 1548 1594
 1549 1596
 1549 1595
 1550 1597
 1550 1596
 1552 1599
 1553 1601
 1553 1554
 1553 1600
 1553 1599
 1554 1601
 1554 1555
 1555 1601
 1556 1603
 1556 1557
 1556 1602
 1557 1604
 1557 1603
 1557 1558
 1558 1605
 1558 1604
 1559 1652
 1559 1560
 1560 1606
 1560 1607
 1560 1561
 1561 1608
 1561 1607
 1562 1609
 1562 1563
 1563 1610
 1563 1564
 1564 1610
 1564 1565
 1565 1612
 1565 1566
 1565 1611
 1566 1613
 1566 1612
 1567 1613
 1567 1614
 1568 1569
 1568 1615
 1568 1614
 1569 1615
 1569 1570
 1570 1663
 1570 1617
 1570 1571
 1570 1616
 1571 1618
 1571 1617
 1571 1572
 1572 1573
 1572 1618
 1573 1620
 1573 1619
 1573 1574
 1574 1575
 1574 1620
 1575 1576
 1575 1621
 1576 1623
 1576 1622
 1576 1624
 1577 1625
 1577 1578
 1578 1626
 1579 1671
 1579 1580
 1579 1627
 1579 1626
 1580 1581
 1580 1627
 1580 1628
 1581 1629
 1581 1628
 1582 1630
 1582 1629
 1583 1584
 1584 1676
 1584 1632
 1584 1585
 1584 1630
 1585 1632
 1585 1586
 1586 1677
 1586 1633
 1586 1587
 1586 1632
 1587 1588
 1587 1633
 1588 1634
 1588 1636
 1589 1682
 1589 1637
 1589 1590
 1590 1591
 1590 1637
 1591 1638
 1591 1639
 1591 1592
 1592 1640
 1592 1639
 1593 1686
 1593 1641
 1593 1594
 1593 1640
 1594 1642
 1594 1641
 1594 1595
 1595 1643
 1595 1642
 1596 1644
 1596 1643
 1598 1646
 1599 1646
 1600 1647
 1600 1646
 1601 1647
 1601 1648
 1601 1602
 1602 1649
 1602 1603
 1603 1604
 1604 1605
 1604 1649
 1605 1652
 1605 1651
 1605 1650
 1606 1652
 1606 1607
 1607 1608
 1607 1654
 1607 1653
 1608 1655
 1608 1609
 1608 1654
 1609 1610
 1609 1656
 1609 1655
 1610 1657
 1610 1611
 1611 1658
 1611 1612
 1611 1657
 1612 1658
 1612 1659
 1613 1614
 1614 1659
 1614 1615
 1615 1616
 1615 1661
 1615 1660
 1616 1663
 1616 1711
 1617 1664
 1617 1663
 1619 1665
 1619 1620
 1619 1664
 1620 1714
 1620 1666
 1620 1665
 1621 1667
 1621 1666
 1622 1623
 1623 1668
 1623 1667
 1624 1668
 1624 1625
 1625 1669
 1625 1626
 1626 1719
 1626 1671
 1626 1670
 1627 1628
 1627 1671
 1628 1672
 1628 1629
 1629 1722
 1629 1630
 1629 1673
 1630 1675
 1630 1674
 1630 1631
 1631 1725
 1631 1675
 1632 1727
 1632 1676
 1633 1634
 1633 1679
 1633 1677
 1634 1680
 1634 1635
 1634 1679
 1635 1680
 1635 1636
 1635 1681
 1636 1682
 1637 1731
 1637 1683
 1637 1682
 1638 1733
 1638 1684
 1638 1639
 1639 1684
 1639 1640
 1640 1686
 1641 1737
 1641 1688
 1641 1687
 1641 1686
 1642 1688
 1642 1643
 1643 1690
 1643 1689
 1644 1690
 1645 1693
 1646 1693
 1646 1694
 1647 1695
 1647 1648
 1647 1694
 1648 1696
 1648 1697
 1648 1695
 1648 1649
 1649 1745
 1649 1746
 1649 1650
 1649 1698
 1649 1697
 1650 1651
 1650 1698
 1651 1699
 1651 1700
 1652 1653
 1653 1654
 1653 1700
 1654 1701
 1654 1655
 1655 1656
 1655 1704
 1655 1702
 1656 1704
 1657 1754
 1657 1705
 1657 1658
 1657 1704
 1658 1755
 1658 1659
 1658 1705
 1658 1706
 1659 1708
 1659 1707
 1659 1706
 1659 1660
 1660 1661
 1660 1709
 1660 1708
 1661 1709
 1662 1711
 1662 1709
 1663 1664
 1664 1712
 1664 1713
 1665 1714
 1666 1716
 1666 1667
 1666 1715
 1667 1717
 1667 1668
 1668 1669
 1669 1766
 1669 1717
 1669 1670
 1670 1767
 1670 1719
 1670 1718
 1671 1768
 1671 1720
 1671 1719
 1672 1721
 1672 1673
 1673 1721
 1674 1771
 1674 1675
 1674 1723
 1674 1722
 1675 1723
 1675 1725
 1676 1727
 1676 1726
 1676 1725
 1677 1727
 1678 1728
 1678 1679
 1678 1775
 1679 1680
 1679 1728
 1680 1730
 1680 1729
 1681 1731
 1683 1732
 1683 1733
 1683 1731
 1684 1735
 1684 1685
 1684 1733
 1685 1686
 1686 1736
 1686 1735
 1687 1737
 1688 1738
 1688 1737
 1689 1739
 1689 1738
 1691 1739
 1693 1742
 1693 1741
 1693 1694
 1694 1743
 1695 1744
 1696 1791
 1696 1745
 1696 1744
 1697 1745
 1698 1793
 1698 1699
 1698 1748
 1698 1746
 1699 1748
 1699 1749
 1699 1700
 1700 1701
 1701 1749
 1701 1702
 1702 1752
 1702 1703
 1702 1750
 1703 1753
 1703 1704
 1704 1754
 1705 1800
 1705 1754
 1706 1801
 1706 1756
 1706 1755
 1707 1708
 1708 1709
 1708 1757
 1708 1758
 1709 1760
 1709 1759
 1711 1761
 1711 1760
 1711 1712
 1712 1806
 1712 1762
 1712 1713
 1712 1761
 1713 1807
 1713 1762
 1713 1714
 1713 1763
 1715 1764
 1715 1716
 1715 1763
 1716 1765
 1716 1717
 1716 1764
 1718 1812
 1718 1811
 1718 1767
 1718 1766
 1719 1768
 1719 1767
 1720 1769
 1720 1768
 1721 1770
 1721 1722
 1722 1771
 1722 1770
 1723 1772
 1723 1771
 1725 1819
 1725 1773
 1725 1772
 1726 1727
 1727 1773
 1727 1774
 1727 1775
 1728 1822
 1728 1776
 1728 1775
 1729 1730
 1730 1731
 1730 1778
 1730 1777
 1730 1776
 1731 1780
 1731 1732
 1731 1778
 1732 1780
 1732 1781
 1733 1781
 1734 1782
 1734 1735
 1735 1783
 1735 1736
 1735 1782
 1736 1783
 1736 1784
 1736 1737
 1737 1784
 1738 1785
 1738 1784
 1739 1786
 1739 1785
 1739 1740
 1740 1786
 1741 1789
 1742 1789
 1743 1790
 1743 1744
 1743 1791
 1745 1792
 1745 1791
 1747 1793
 1747 1792
 1748 1749
 1749 1750
 1749 1795
 1749 1794
 1750 1796
 1750 1795
 1750 1751
 1751 1752
 1751 1797
 1751 1796
 1752 1798
 1752 1797
 1752 1753
 1753 1799
 1753 1798
 1755 1849
 1755 1801
 1755 1800
 1756 1850
 1756 1802
 1756 1757
 1756 1801
 1757 1758
 1758 1802
 1758 1803
 1759 1760
 1760 1804
 1760 1761
 1760 1803
 1761 1806
 1761 1804
 1762 1855
 1762 1807
 1763 1856
 1763 1808
 1763 1764
 1763 1807
 1764 1810
 1764 1765
 1764 1808
 1765 1766
 1766 1810
 1766 1811
 1767 1768
 1767 1812
 1768 1863
 1768 1815
 1768 1769
 1768 1813
 1769 1770
 1770 1816
 1770 1815
 1770 1771
 1771 1772
 1771 1818
 1772 1818
 1772 1819
 1773 1820
 1773 1774
 1773 1819
 1774 1820
 1774 1775
 1775 1822
 1776 1824
 1776 1777
 1776 1823
 1776 1822
 1777 1824
 1778 1872
 1778 1779
 1779 1826
 1779 1825
 1779 1780
 1780 1826
 1781 1782
 1781 1826
 1782 1829
 1782 1783
 1782 1827
 1783 1784
 1783 1829
 1784 1832
 1784 1831
 1784 1830
 1785 1880
 1785 1833
 1786 1881
 1786 1834
 1788 1836
 1789 1836
 1789 1837
 1789 1790
 1790 1791
 1790 1838
 1790 1837
 1791 1839
 1791 1886
 1791 1792
 1791 1838
 1792 1840
 1792 1839
 1792 1793
 1793 1842
 1793 1794
 1793 1841
 1793 1840
 1794 1795
 1795 1844
 1795 1796
 1795 1842
 1796 1797
 1797 1846
 1797 1844
 1797 1798
 1798 1847
 1798 1846
 1799 1800
 1800 1848
 1800 1847
 1800 1849
 1801 1850
 1801 1900
 1802 1803
 1802 1851
 1802 1850
 1803 1851
 1803 1852
 1803 1804
 1804 1854
 1804 1805
 1804 1852
 1805 1854
 1806 1905
 1807 1855
 1808 1857
 1808 1908
 1808 1856
 1809 1858
 1809 1810
 1810 1811
 1810 1859
 1810 1858
 1811 1859
 1811 1812
 1812 1861
 1812 1860
 1813 1814
 1814 1863
 1815 1816
 1815 1864
 1815 1863
 1816 1864
 1816 1865
 1817 1866
 1817 1818
 1818 1916
 1818 1819
 1818 1866
 1819 1867
 1819 1868
 1820 1868
 1821 1869
 1821 1822
 1822 1870
 1822 1869
 1823 1920
 1823 1871
 1823 1824
 1824 1872
 1824 1871
 1825 1826
 1825 1873
 1826 1873
 1826 1827
 1827 1828
 1827 1875
 1827 1876
 1827 1874
 1828 1925
 1828 1876
 1828 1877
 1829 1878
 1829 1830
 1829 1877
 1830 1879
 1830 1878
 1831 1832
 1832 1928
 1832 1880
 1832 1879
 1833 1929
 1833 1881
 1833 1880
 1834 1881
 1835 1884
 1836 1884
 1837 1885
 1837 1884
 1838 1886
 1838 1885
 1839 1840
 1839 1888
 1839 1886
 1840 1841
 1840 1889
 1841 1936
 1841 1890
 1841 1842
 1842 1891
 1842 1843
 1842 1890
 1843 1893
 1843 1891
 1843 1844
 1844 1845
 1844 1894
 1844 1893
 1845 1894
 1845 1895
 1846 1895
 1846 1847
 1846 1896
 1847 1897
 1847 1896
 1847 1848
 1848 1899
 1848 1898
 1848 1897
 1849 1900
 1850 1901
 1850 1900
 1851 1852
 1851 1901
 1852 1902
 1852 1853
 1853 1904
 1853 1854
 1853 1903
 1854 1905
 1854 1904
 1855 1907
 1855 1856
 1855 1905
 1856 1908
 1856 1907
 1857 1954
 1857 1909
 1857 1908
 1858 1859
 1859 1909
 1859 1860
 1860 1861
 1861 1912
 1861 1911
 1861 1862
 1862 1958
 1862 1912
 1863 1913
 1863 1864
 1864 1865
 1864 1915
 1864 1913
 1865 1915
 1865 1866
 1866 1962
 1867 1868
 1868 1869
 1868 1918
 1868 1917
 1869 1919
 1869 1918
 1870 1966
 1870 1920
 1870 1919
 1871 1968
 1871 1922
 1871 1872
 1871 1920
 1872 1922
 1872 1873
 1873 1922
 1874 1924
 1874 1923
 1875 1924
 1876 1925
 1876 1924
 1877 1878
 1877 1925
 1878 1927
 1878 1926
 1879 1975
 1879 1928
 1880 1928
 1881 1930
 1881 1929
 1884 1932
 1884 1931
 1885 1933
 1885 1932
 1886 1934
 1886 1887
 1887 1888
 1887 1934
 1888 1935
 1888 1936
 1890 1938
 1890 1936
 1890 1891
 1891 1985
 1891 1939
 1891 1938
 1893 1939
 1893 1940
 1893 1894
 1894 1942
 1894 1895
 1894 1940
 1896 1897
 1896 1943
 1896 1942
 1897 1944
 1897 1943
 1898 1944
 1899 1945
 1899 1944
 1900 1992
 1900 1946
 1900 1945
 1900 1901
 1901 1947
 1901 1946
 1902 1903
 1902 1947
 1903 1948
 1903 1947
 1903 1904
 1904 1905
 1904 1950
 1904 1948
 1905 1951
 1905 1950
 1906 1952
 1906 1951
 1907 1908
 1907 1953
 1907 1952
 1908 1954
 1909 1955
 1909 1910
 1909 1954
 1910 1956
 1910 1911
 1911 1912
 1911 1956
 1911 1957
 1912 1957
 1913 1914
 1913 1959
 1913 1958
 1914 1915
 1914 1959
 1914 1960
 1915 1961
 1915 1962
 1916 1917
 1916 1963
 1916 1962
 1917 1963
 1918 1965
 1918 2010
 1918 1964
 1918 1919
 1919 1965
 1920 1921
 1920 1966
 1921 2013
 1921 1968
 1922 1923
 1922 1968
 1923 1970
 1923 1969
 1923 1924
 1924 1925
 1924 1970
 1925 1972
 1925 1926
 1926 2018
 1926 1974
 1926 1927
 1926 1973
 1927 2019
 1927 1975
 1928 1976
 1928 1975
 1929 2022
 1929 1977
 1929 1976
 1931 1979
 1932 1979
 1932 1933
 1933 1980
 1933 1934
 1934 1981
 1934 1935
 1934 1980
 1935 1982
 1935 1981
 1935 1936
 1936 1937
 1936 1984
 1936 1983
 1936 1982
 1938 1984
 1938 1985
 1939 1986
 1939 1940
 1939 1985
 1940 1941
 1940 1986
 1941 1987
 1941 1988
 1941 1942
 1942 1989
 1942 1943
 1942 1988
 1943 1944
 1943 1989
 1944 1990
 1944 1991
 1945 2036
 1945 1991
 1946 1947
 1946 1993
 1947 1995
 1947 1948
 1947 1993
 1948 1949
 1948 1996
 1950 1997
 1950 1951
 1950 1996
 1951 1998
 1951 1952
 1952 1953
 1952 1999
 1953 1954
 1954 2001
 1954 1955
 1954 1999
 1955 2049
 1955 2002
 1955 1956
 1955 2001
 1956 2002
 1956 1957
 1957 2004
 1957 1958
 1958 2005
 1958 1959
 1959 2006
 1959 1960
 1959 2005
 1960 2007
 1960 2006
 1961 2008
 1961 1962
 1962 2009
 1962 1963
 1963 2009
 1964 2010
 1964 2009
 1965 2012
 1965 1966
 1965 2010
 1966 1967
 1967 2013
 1967 2012
 1968 2062
 1968 2014
 1968 2013
 1969 2015
 1969 1970
 1970 2064
 1970 1971
 1970 2016
 1971 1972
 1972 2065
 1972 2017
 1972 2016
 1973 2018
 1973 2017
 1974 2019
 1974 2018
 1975 2020
 1975 2019
 1975 1976
 1976 2021
 1977 2022
 1979 2073
 1979 2024
 1980 2026
 1980 1981
 1980 2025
 1981 2027
 1981 2026
 1982 2027
 1982 2028
 1982 1983
 1983 2077
 1983 2029
 1983 1984
 1984 2078
 1984 2030
 1984 2029
 1984 1985
 1985 2030
 1986 1987
 1986 2032
 1986 2031
 1987 1988
 1987 2032
 1988 1989
 1988 2032
 1989 2033
 1989 2034
 1990 2035
 1990 2034
 1990 1991
 1991 2036
 1992 1993
 1992 2036
 1993 2038
 1993 2037
 1994 2038
 1994 1995
 1994 2040
 1995 2040
 1995 2041
 1995 1996
 1996 2042
 1996 2043
 1996 2041
 1996 1997
 1997 2044
 1997 1998
 1997 2043
 1998 1999
 1998 2044
 1999 2047
 1999 2046
 1999 2045
 1999 2000
 2000 2047
 2001 2048
 2002 2050
 2002 2049
 2003 2050
 2003 2004
 2004 2005
 2004 2052
 2005 2006
 2005 2053
 2006 2007
 2006 2054
 2007 2055
 2007 2054
 2007 2008
 2008 2055
 2008 2009
 2009 2010
 2009 2058
 2009 2056
 2010 2059
 2010 2058
 2011 2012
 2012 2061
 2012 2013
 2012 2059
 2013 2061
 2014 2063
 2014 2015
 2014 2062
 2015 2064
 2015 2063
 2016 2065
 2016 2064
 2017 2066
 2017 2065
 2018 2019
 2018 2067
 2019 2114
 2019 2068
 2019 2067
 2020 2068
 2021 2069
 2021 2068
 2022 2070
 2022 2069
 2023 2070
 2024 2073
 2025 2074
 2025 2073
 2026 2076
 2026 2075
 2026 2027
 2027 2076
 2029 2078
 2029 2125
 2030 2080
 2030 2031
 2030 2078
 2031 2081
 2031 2080
 2031 2032
 2032 2082
 2032 2033
 2033 2083
 2033 2034
 2033 2082
 2034 2132
 2034 2035
 2034 2084
 2035 2036
 2036 2085
 2036 2084
 2037 2085
 2037 2086
 2037 2038
 2038 2136
 2038 2086
 2038 2087
 2040 2137
 2040 2138
 2040 2041
 2040 2087
 2040 2088
 2041 2088
 2041 2089
 2042 2089
 2043 2090
 2043 2044
 2043 2089
 2044 2090
 2044 2045
 2045 2092
 2045 2093
 2045 2046
 2045 2091
 2046 2093
 2047 2094
 2047 2093
 2048 2095
 2048 2049
 2049 2095
 2049 2050
 2050 2096
 2050 2095
 2051 2097
 2051 2052
 2052 2053
 2052 2097
 2053 2099
 2053 2098
 2054 2100
 2054 2055
 2055 2102
 2055 2101
 2055 2100
 2056 2103
 2056 2057
 2058 2103
 2058 2059
 2059 2105
 2059 2104
 2059 2060
 2060 2107
 2060 2106
 2060 2061
 2060 2105
 2061 2108
 2061 2107
 2062 2109
 2062 2108
 2062 2063
 2063 2064
 2063 2110
 2064 2112
 2064 2110
 2064 2065
 2065 2112
 2066 2112
 2066 2113
 2066 2067
 2067 2114
 2068 2115
 2068 2114
 2069 2117
 2069 2116
 2070 2118
 2070 2117
 2072 2120
 2073 2120
 2073 2121
 2074 2075
 2074 2122
 2074 2121
 2075 2122
 2075 2123
 2075 2076
 2076 2124
 2076 2123
 2076 2077
 2077 2125
 2077 2124
 2078 2079
 2078 2125
 2079 2080
 2079 2126
 2080 2081
 2080 2127
 2081 2128
 2081 2129
 2081 2082
 2082 2130
 2082 2083
 2082 2131
 2083 2132
 2083 2131
 2084 2085
 2084 2133
 2084 2132
 2085 2086
 2085 2133
 2085 2135
 2086 2136
 2087 2137
 2087 2136
 2088 2089
 2088 2139
 2089 2090
 2089 2189
 2089 2140
 2090 2091
 2090 2140
 2090 2141
 2092 2142
 2092 2093
 2092 2141
 2093 2144
 2093 2142
 2093 2094
 2094 2095
 2094 2145
 2094 2144
 2095 2147
 2095 2145
 2095 2096
 2096 2196
 2096 2148
 2096 2097
 2096 2147
 2097 2149
 2097 2098
 2097 2148
 2098 2099
 2098 2150
 2098 2149
 2099 2100
 2100 2200
 2100 2151
 2100 2150
 2100 2101
 2101 2152
 2101 2151
 2102 2152
 2102 2153
 2102 2103
 2103 2154
 2103 2104
 2103 2153
 2104 2155
 2104 2105
 2104 2154
 2105 2156
 2105 2155
 2105 2106
 2106 2158
 2107 2158
 2107 2108
 2108 2438
 2108 2109
 2108 2160
 2108 2158
 2109 2160
 2109 2110
 2110 2162
 2110 2161
 2111 2164
 2111 2112
 2111 2162
 2111 2163
 2112 2165
 2112 2113
 2113 2166
 2113 2165
 2113 2114
 2114 2115
 2114 2166
 2115 2168
 2115 2167
 2115 2116
 2116 2117
 2116 2168
 2117 2170
 2117 2169
 2120 2219
 2120 2172
 2120 2171
 2121 2220
 2121 2172
 2121 2173
 2122 2123
 2122 2173
 2123 2174
 2123 2124
 2123 2173
 2124 2125
 2124 2175
 2125 2126
 2125 2177
 2126 2178
 2126 2127
 2127 2179
 2127 2128
 2128 2180
 2129 2181
 2130 2131
 2130 2181
 2131 2181
 2131 2132
 2132 2133
 2132 2182
 2133 2184
 2133 2134
 2134 2184
 2134 2135
 2135 2186
 2135 2136
 2136 2187
 2136 2137
 2136 2186
 2137 2187
 2138 2187
 2138 2188
 2139 2189
 2139 2188
 2140 2190
 2140 2189
 2141 2191
 2141 2142
 2141 2192
 2142 2192
 2143 2144
 2143 2192
 2144 2194
 2144 2145
 2145 2146
 2146 2147
 2146 2194
 2147 2196
 2148 2196
 2149 2199
 2149 2150
 2149 2198
 2150 2200
 2151 2202
 2151 2152
 2151 2200
 2152 2203
 2152 2153
 2153 2203
 2153 2154
 2154 2204
 2154 2203
 2155 2204
 2155 2156
 2156 2205
 2156 2204
 2157 2206
 2157 2205
 2157 2158
 2158 2438
 2159 2207
 2159 2160
 2160 2161
 2160 2207
 2161 2162
 2162 2209
 2162 2163
 2162 2208
 2163 2209
 2163 2164
 2164 2165
 2165 2212
 2165 2211
 2165 2166
 2166 2213
 2166 2167
 2167 2214
 2167 2213
 2168 2215
 2168 2214
 2169 2216
 2170 2216
 2171 2219
 2172 2220
 2173 2221
 2173 2174
 2173 2220
 2174 2175
 2174 2221
 2175 2176
 2176 2177
 2176 2222
 2177 2178
 2177 2224
 2178 2179
 2178 2224
 2179 2180
 2179 2227
 2179 2226
 2180 2181
 2181 2182
 2181 2228
 2182 2230
 2182 2228
 2182 2183
 2183 2231
 2183 2184
 2184 2276
 2184 2185
 2184 2231
 2185 2233
 2186 2187
 2186 2233
 2186 2234
 2187 2188
 2187 2234
 2187 2236
 2188 2189
 2188 2236
 2189 2237
 2190 2239
 2190 2238
 2190 2191
 2191 2192
 2191 2240
 2192 2240
 2193 2194
 2193 2240
 2194 2242
 2194 2195
 2195 2243
 2195 2196
 2195 2242
 2196 2243
 2196 2197
 2196 2244
 2197 2198
 2198 2199
 2198 2246
 2199 2247
 2199 2200
 2200 2201
 2201 2202
 2201 2248
 2201 2247
 2202 2249
 2202 2203
 2203 2250
 2203 2204
 2204 2252
 2204 2205
 2204 2250
 2205 2252
 2206 2297
 2206 2254
 2206 2253
 2207 2438
 2207 2208
 2207 2254
 2208 2256
 2208 2299
 2208 2255
 2209 2210
 2209 2257
 2209 2256
 2210 2211
 2210 2259
 2211 2260
 2211 2212
 2212 2260
 2212 2213
 2213 2261
 2213 2214
 2214 2215
 2215 2216
 2215 2263
 2215 2262
 2216 2264
 2216 2263
 2219 2266
 2219 2265
 2220 2310
 2220 2267
 2220 2266
 2221 2268
 2221 2222
 2222 2313
 2222 2269
 2222 2223
 2222 2268
 2223 2270
 2223 2224
 2224 2315
 2224 2225
 2224 2270
 2225 2226
 2226 2227
 2226 2272
 2227 2228
 2227 2272
 2228 2229
 2228 2274
 2229 2321
 2229 2230
 2229 2274
 2229 2275
 2230 2231
 2231 2276
 2231 2275
 2232 2277
 2232 2276
 2233 2277
 2233 2234
 2234 2279
 2234 2235
 2234 2277
 2235 2236
 2236 2280
 2236 2237
 2237 2281
 2237 2238
 2238 2281
 2239 2329
 2239 2283
 2239 2240
 2240 2283
 2240 2241
 2241 2331
 2241 2242
 2241 2284
 2242 2286
 2242 2285
 2243 2244
 2243 2287
 2244 2245
 2245 2246
 2245 2287
 2246 2247
 2246 2289
 2247 2289
 2247 2291
 2248 2249
 2248 2291
 2249 2293
 2249 2250
 2250 2294
 2250 2251
 2251 2295
 2251 2252
 2252 2295
 2253 2295
 2254 2255
 2254 2297
 2254 2438
 2255 2298
 2256 2257
 2257 2301
 2257 2258
 2258 2259
 2258 2301
 2259 2303
 2259 2260
 2260 2305
 2260 2304
 2260 2261
 2261 2262
 2261 2305
 2262 2263
 2263 2307
 2263 2306
 2264 2307
 2266 2354
 2266 2310
 2266 2309
 2267 2268
 2267 2310
 2268 2358
 2268 2311
 2269 2270
 2269 2314
 2269 2362
 2270 2315
 2270 2314
 2271 2317
 2271 2315
 2272 2317
 2272 2273
 2273 2318
 2273 2274
 2273 2317
 2274 2318
 2274 2319
 2275 2321
 2276 2322
 2277 2278
 2277 2323
 2278 2324
 2278 2279
 2279 2326
 2279 2280
 2280 2327
 2280 2281
 2281 2328
 2281 2282
 2282 2329
 2283 2330
 2283 2329
 2283 2284
 2284 2331
 2285 2393
 2285 2331
 2286 2287
 2286 2332
 2287 2335
 2287 2288
 2287 2333
 2288 2289
 2289 2290
 2289 2337
 2289 2335
 2290 2291
 2291 2337
 2291 2292
 2292 2293
 2292 2339
 2293 2340
 2293 2294
 2294 2295
 2295 2342
 2295 2341
 2295 2296
 2295 2340
 2296 2343
 2296 2297
 2297 2298
 2298 2299
 2298 2344
 2298 2343
 2299 2345
 2299 2300
 2300 2301
 2301 2346
 2301 2345
 2302 2348
 2302 2346
 2302 2303
 2303 2304
 2304 2349
 2304 2348
 2304 2305
 2305 2349
 2305 2306
 2306 2351
 2306 2307
 2307 2352
 2307 2351
 2310 2356
 2310 2311
 2310 2354
 2311 2358
 2311 2356
 2312 2360
 2312 2313
 2312 2358
 2313 2362
 2313 2360
 2314 2364
 2314 2362
 2315 2316
 2315 2364
 2316 2367
 2316 2365
 2316 2317
 2317 2369
 2317 2367
 2318 2319
 2318 2369
 2319 2320
 2319 2370
 2320 2373
 2320 2371
 2320 2321
 2321 2375
 2321 2322
 2321 2373
 2322 2376
 2322 2323
 2323 2378
 2323 2324
 2323 2376
 2324 2380
 2324 2378
 2324 2325
 2325 2382
 2325 2326
 2325 2380
 2326 2384
 2326 2327
 2326 2382
 2327 2386
 2327 2384
 2327 2328
 2328 2388
 2328 2329
 2328 2386
 2329 2389
 2330 2391
 2330 2331
 2330 2389
 2331 2393
 2331 2391
 2332 2395
 2332 2333
 2332 2393
 2333 2396
 2333 2334
 2334 2398
 2334 2335
 2334 2396
 2335 2400
 2335 2398
 2335 2336
 2336 2402
 2336 2337
 2336 2400
 2337 2404
 2337 2402
 2337 2338
 2338 2406
 2338 2339
 2338 2404
 2339 2408
 2339 2340
 2339 2406
 2340 2410
 2340 2341
 2340 2408
 2341 2412
 2341 2410
 2342 2414
 2342 2343
 2342 2412
 2343 2416
 2343 2414
 2344 2418
 2344 2345
 2344 2416
 2345 2420
 2345 2418
 2345 2346
 2346 2421
 2346 2420
 2347 2423
 2347 2348
 2347 2421
 2348 2425
 2348 2423
 2349 2427
 2349 2350
 2349 2425
 2350 2429
 2350 2351
 2350 2427
 2351 2431
 2351 2429
 2351 2352
 2435 2436
 2439 2440
 2440 2441
