    2  126
    2   82
    3   82
    4   83
    4   82
    6   84
    6   83
    8   84
    9   86
    9   85
   11  130
   11   87
   11   86
   13   87
   14   88
   14   89
   16  132
   16   90
   16   89
   18   91
   18   90
   19   92
   21   93
   21   92
   22   93
   23   94
   23   93
   25   94
   25   95
   27   96
   27   95
   28   96
   29   97
   29   96
   31   98
   31   97
   33  141
   33   99
   33   98
   34  100
   34   99
   36  101
   36  100
   38  102
   38  101
   39  102
   40  102
   40  103
   42  147
   42  104
   42  103
   44  105
   44  104
   46  106
   46  105
   48  106
   48  107
   50  151
   50  108
   50  107
   52  108
   53  110
   53  109
   55  111
   55  110
   57  154
   57  111
   57  112
   59  112
   59  113
   61  113
   61  114
   62  114
   62  115
   64  115
   64  116
   66  117
   66  116
   67  117
   68  118
   68  117
   70  119
   70  118
   71  120
   73  121
   73  120
   75  122
   75  121
   77  123
   77  122
   79  166
   79  123
   81  126
   82  127
   82  126
   83  128
   83   84
   84   85
   85 2414
   85  129
   85   86
   87   88
   87  130
   88  175
   88   89
   88  131
   90   91
   90  132
   91  134
   91   92
   91  133
   93  136
   93   94
   93  135
   94  137
   94   95
   96  182
   96  138
   96  139
   96   97
   97   98
   98  141
   98  140
   99  142
   99  141
  100  101
  101  102
  101  143
  102  145
  102  144
  103  147
  103  145
  104  148
  104  105
  105  106
  106  148
  106  107
  107  151
  107  149
  108  196
  108  109
  108  151
  109  110
  109  196
  110  198
  110  197
  110  152
  110  153
  110  111
  112  113
  112  154
  113  156
  113  155
  114  115
  115  116
  115  156
  115  158
  116  117
  117  160
  117  159
  118  119
  119  162
  119  120
  119  161
  120 2413
  120  121
  121 2413
  121  122
  122  163
  122  123
  123  166
  123  165
  123  164
  124  166
  125  169
  126  170
  126  169
  126  127
  127  128
  127  170
  128 2414
  129  130
  129 2414
  130  131
  130  173
  131  174
  131  173
  132  133
  132 2422
  132  175
  133 2422
  133  134
  133  176
  134  135
  135  179
  135  178
  135  136
  136 2417
  136  137
  137  138
  137 2417
  137  180
  138  180
  139  183
  139  182
  140  141
  140  183
  141  142
  141  184
  141  185
  142  187
  142  143
  143  144
  143  188
  144  190
  144  145
  144  189
  145  190
  146  192
  146  147
  147  148
  147  192
  148  238
  148  149
  148  193
  149  150
  150  194
  151  240
  151  196
  151  195
  153  154
  154  200
  154  155
  154  199
  155  245
  155  156
  155  200
  155  201
  156  157
  157  248
  157  202
  157  158
  157  247
  158  159
  158  202
  159  205
  159  160
  159  204
  160  206
  160  161
  161  162
  161  206
  163  208
  163  209
  163  164
  163 2413
  165  210
  165  166
  165  209
  166  212
  166  211
  169  213
  169  215
  169  214
  169  170
  170  216
  170  260
  170  215
  170  171
  171 2414
  172 2414
  172  173
  172  217
  173  218
  173  174
  174  219
  174  175
  174  218
  176  222
  176  221
  176 2422
  177  178
  177  222
  178  224
  178  179
  179 2417
  179  225
  179  224
  180  226
  180 2417
  181  182
  182  275
  182  228
  182  227
  182  183
  183  184
  184  229
  184  185
  184  228
  185  230
  185  229
  187  188
  187  230
  188  231
  188  189
  189  232
  189  231
  189  190
  190  191
  190  233
  192  235
  192  234
  192  193
  193  237
  193  235
  194  195
  194  239
  194  238
  195  288
  195  239
  195  240
  196  242
  197  198
  197  242
  198  242
  198  243
  198  199
  200  244
  200  245
  201  246
  201  247
  201  245
  202  297
  202  248
  202  249
  203  204
  204  250
  204  205
  204  249
  205  206
  206  301
  206  252
  206  207
  206  251
  207 2413
  208  254
  208  209
  208  253
  209  255
  209  210
  209  254
  210  256
  210  255
  210  211
  211  306
  211  257
  211  256
  213  259
  214  259
  215  260
  215  259
  216  262
  216  260
  217  263
  217  262
  217 2414
  218  264
  218  219
  218  263
  219  265
  219  220
  220 2422
  221  267
  221  268
  221 2422
  221  266
  222  223
  223  269
  223  224
  224  225
  224  269
  225  271
  225  270
  226  227
  227  273
  228  229
  228  275
  229  278
  229  279
  229  277
  230  280
  231  281
  231  232
  231  280
  232  233
  232  282
  232  281
  233  282
  233  234
  235  284
  235  236
  235  283
  236  285
  236  284
  236  237
  237  286
  237  238
  237  285
  239  288
  239  287
  240  289
  240  241
  240  288
  241  290
  241  242
  242  243
  243  337
  243  292
  243  244
  243  291
  244  294
  244  245
  245  294
  246  295
  248  297
  248  296
  249  250
  250  251
  250  300
  250  299
  251  301
  252  348
  252  302
  253  350
  253  304
  253  254
  253  303
  253 2413
  254  255
  254  304
  255  256
  256  305
  257  306
  259  308
  259  309
  260  310
  260  261
  261  311
  261  310
  261  262
  262  263
  263  264
  263  313
  264  314
  264  315
  265  316
  265  315
  265  266
  266 2422
  267  318
  267  268
  267  317
  268  319
  269  270
  269  319
  270  321
  270  320
  270  271
  271 2417
  271  321
  272  273
  272  322
  272 2417
  273  274
  274  275
  274  323
  275  324
  275  276
  276  325
  276  277
  276  324
  277  278
  277  325
  278  326
  278  325
  279  280
  280  327
  281  328
  281  282
  282  329
  282  283
  282  328
  284  332
  284  331
  284  285
  285  332
  286  333
  286  287
  288  381
  288  289
  289  334
  289  381
  290  336
  290  291
  290  334
  292  385
  292  293
  292  337
  293  338
  293  339
  293  294
  294  340
  294  295
  295  296
  296  297
  296  341
  297  343
  297  342
  297  298
  298  299
  299  345
  299  344
  299  300
  300  346
  301  347
  301  348
  301  346
  302  303
  303  349
  304  351
  304  350
  305  352
  305  351
  306  353
  306  352
  309  355
  309  354
  309  310
  310  356
  310  355
  310  311
  311  357
  311  356
  311  312
  312  358
  312  313
  312  357
  313  359
  313  358
  313  314
  314  360
  314  315
  314  359
  315  362
  315  316
  316  317
  317  363
  317  318
  318  365
  318  319
  318  364
  319  320
  320  367
  320  321
  320  366
  321  411
  321  368
  322  323
  322  368
  323  369
  323  324
  324 2427
  324  370
  324  325
  325  415
  325  372
  325  371
  326  373
  327  328
  327  373
  328  329
  328  374
  329  375
  329  377
  329  330
  330  331
  331  378
  331  332
  332  333
  332  380
  332  379
  333  381
  334  383
  334  335
  334  382
  335  336
  335  383
  336  337
  337  384
  338  429
  338  339
  338  386
  338  385
  339  386
  339  340
  340  387
  340  341
  341  388
  342  343
  342  388
  343  434
  343  390
  343  389
  344  435
  344  391
  344  345
  344  390
  345  392
  345  346
  345  391
  346  347
  347  437
  347  393
  347  392
  348  349
  349  350
  349  394
  350  440
  350  395
  350  394
  350  351
  351  396
  351  395
  352  442
  352  397
  352  396
  353  397
  355  445
  355  400
  355  399
  356  401
  356  400
  356  357
  357  447
  358  402
  358  403
  358  359
  359  404
  359  360
  360  405
  360  404
  360  361
  361  450
  361  406
  361  405
  361  362
  362  407
  362  363
  362  406
  363  408
  363  364
  364  365
  364  409
  364  408
  365  409
  365  366
  366  410
  366  367
  366  409
  367  455
  367  410
  367  411
  368  369
  369  370
  369  412
  369  413
  371  414
  371  415
  371 2427
  372  461
  372  416
  372  415
  373  417
  373  416
  374  418
  374  417
  375  464
  375  419
  375  376
  375  418
  376  377
  376  420
  377  378
  378  421
  378  379
  378  420
  379  422
  379  421
  379  380
  380  381
  380  424
  380  422
  381  382
  382  471
  382  425
  382  424
  383  427
  383  384
  383  426
  384  427
  384  385
  385  429
  385  427
  386  431
  386  430
  386  387
  386  429
  387  432
  387  388
  387  431
  388  432
  388  389
  389  434
  389  433
  390  480
  390  435
  390  434
  391  392
  391  435
  392  436
  393  439
  393  394
  393  438
  393  437
  394  440
  394  439
  395  441
  395  440
  396  441
  397  487
  397  443
  399  445
  400  401
  400  445
  401  493
  402  448
  402  403
  402  447
  403  495
  403  449
  403  448
  404  405
  405  496
  405  450
  405  449
  406  451
  406  450
  407  452
  407  451
  407  408
  408  453
  408  409
  409  453
  409  410
  410  502
  410  454
  411  456
  411  455
  412  413
  412  456
  413  458
  413  457
  413 2427
  414  460
  414  459
  414  415
  414  458
  415  461
  415  460
  416  509
  416  417
  416  461
  417  463
  417  418
  417  462
  418  463
  418  464
  419  465
  419  420
  419  464
  419  466
  420  467
  420  421
  420  466
  421  468
  421  467
  422  469
  422  423
  423  518
  423  470
  423  424
  423  469
  424  471
  424  470
  425  472
  425  426
  425  471
  426  474
  426  472
  426  473
  426  427
  427  428
  427  475
  428  476
  428  475
  428  429
  430  477
  430  431
  430  476
  432  528
  432  433
  432  477
  433  529
  433  434
  433  479
  433  478
  434  480
  435  481
  435  480
  436  482
  436  437
  437  482
  437  438
  438  439
  438  483
  438  482
  439  440
  439  484
  440  486
  440  485
  441 2415
  441  486
  442  487
  442 2415
  443  487
  444  445
  444  490
  445  446
  445  491
  446  492
  447  493
  447  448
  448  546
  448  494
  448  495
  449  496
  449  495
  450  451
  450  496
  451  499
  451  452
  451  497
  452  500
  452  499
  452  453
  453  500
  453  454
  454  552
  454  502
  454  501
  455  504
  455  502
  455  456
  456  505
  456  457
  457  506
  457  505
  457  458
  458  507
  458  506
  458  459
  458 2427
  459  508
  459  507
  460  461
  461  509
  461  508
  462  511
  462  463
  462  510
  462  509
  463  562
  463  513
  463  511
  463  464
  464  513
  465  563
  465  466
  465  514
  465  513
  466  516
  466  514
  466  467
  467  516
  468  517
  468  516
  469  518
  470  519
  470  471
  471  472
  471  519
  472  571
  472  521
  472  520
  473  522
  473  521
  473  474
  474  524
  474  523
  474  475
  475  526
  475  476
  475  524
  476  477
  477  527
  477  528
  478  529
  478  528
  479  531
  479  480
  479  529
  480  481
  481  532
  481  482
  481  531
  481  533
  482  533
  482  534
  482  483
  483  535
  483  534
  484  535
  484  485
  485  486
  485  536
  486 2415
  487  539
  487  538
  487 2415
  488  539
  490  541
  490  542
  492  493
  492  543
  492  542
  493  544
  494  547
  494  495
  495  547
  495  496
  496  497
  496  547
  497  549
  497  498
  497  597
  498  598
  498  549
  498  550
  499  551
  499  500
  500  551
  501  551
  502  503
  502  552
  503  554
  503  504
  503  553
  504  555
  504  554
  504  505
  505  556
  505  555
  507  508
  507  557
  507  556
  508  557
  508  558
  508  509
  509  560
  509  510
  509  558
  510  511
  511  561
  511  512
  511  560
  512  562
  513  562
  514  564
  514  563
  514  565
  515  516
  516  517
  516  567
  517  567
  517  518
  517  568
  517  569
  518  519
  519  570
  519  569
  520  617
  520  571
  520  570
  521  572
  521  571
  522  523
  523  573
  523  572
  523  524
  524  525
  524  573
  525  621
  525  575
  525  526
  526  527
  527  528
  527  575
  528  624
  528  578
  528  576
  528  529
  529  578
  530  579
  530  578
  530  531
  531  580
  531  532
  531  579
  532  628
  532  533
  532  581
  533  534
  534  535
  534  581
  535  583
  535  582
  536  584
  537 2415
  537  585
  538  634
  538  587
  538 2415
  539  588
  541  590
  541  542
  542  590
  543  592
  543  639
  543  544
  543  591
  544  592
  544  545
  545  593
  545  592
  545  546
  546  593
  547  548
  547  595
  547  594
  548  596
  548  595
  549  598
  550  599
  550  551
  550  598
  551  552
  551  600
  552  600
  552  601
  553  602
  553  554
  554  555
  554  603
  555  604
  555  556
  556  604
  556  557
  557  605
  557  604
  558  605
  558  559
  559  560
  559  606
  560  608
  560  561
  560  607
  561  609
  561  562
  561  610
  561  608
  562  610
  563  659
  563  564
  564  612
  564  611
  565  612
  565  566
  566  614
  566  613
  566  567
  566  612
  567  568
  567  615
  568  569
  569  570
  570  664
  570  616
  571  619
  571  572
  571  617
  572  573
  573  620
  573  619
  574  620
  574  621
  575  622
  575  576
  575  621
  576  623
  576  622
  576  577
  577  624
  577  623
  578  579
  578  624
  579  627
  579  626
  579  580
  580  628
  581  629
  581  582
  581  628
  582  630
  582  583
  582  629
  583  631
  583  630
  583  584
  584  632
  584  631
  585  633
  585  586
  585  632
  586  682
  586  634
  586  633
  586 2416
  587  635
  587  588
  587  634
  588  635
  589  638
  590  638
  590  591
  591  639
  591  638
  592  640
  592  641
  593  594
  593  641
  594  689
  594  595
  594  641
  594  642
  595  643
  595  596
  596  597
  596  643
  597  645
  597  598
  598  599
  598  645
  598  647
  599  648
  599  600
  600  649
  600  601
  601  650
  601  649
  601  602
  602  651
  602  697
  602  603
  602  650
  603  652
  603  604
  603  651
  604  652
  604  605
  605  606
  605  654
  605  700
  606  702
  606  654
  606  655
  606  607
  607  656
  607  655
  607  608
  608  704
  608  657
  608  609
  609  610
  609  657
  610  705
  610  658
  611  660
  611  659
  611  612
  612  613
  612  661
  613  662
  613  661
  614  615
  615  710
  615  664
  615  662
  615  616
  616  664
  617  665
  617  664
  618  619
  618  665
  619  620
  619  666
  619  668
  620  621
  620  668
  621  669
  621  670
  622  671
  622  670
  622  623
  623  673
  623  624
  623  671
  624  719
  624  674
  624  625
  626  675
  626  627
  627  723
  627  677
  627  676
  627  628
  628  678
  628  629
  629  630
  630  631
  630  678
  631  681
  631  680
  631  679
  632  681
  632  633
  633  681
  634  683
  634  682
  635  683
  636  683
  637  686
  638  686
  638  639
  639  687
  640  688
  640  687
  641  689
  641  688
  642  689
  643  690
  643  691
  643  644
  644  645
  645  692
  645  691
  646  647
  647  648
  647  693
  647  694
  648  649
  648  694
  648  696
  649  696
  650  697
  650  696
  651  698
  651  746
  651  652
  651  697
  652  653
  652  698
  653  699
  653  749
  653  700
  654  702
  654  700
  655  703
  655  702
  656  704
  657  704
  658  753
  658  704
  659  754
  659  706
  659  660
  659  705
  660  707
  660  706
  661  708
  661  662
  662  709
  662  663
  662  708
  663  710
  663  709
  664  712
  664  710
  664  665
  665  712
  666  667
  666  713
  666  712
  667  668
  667  713
  667  714
  667  715
  668  762
  668  716
  668  715
  670  717
  670  716
  670  671
  671  718
  671  717
  672  718
  672  673
  673  718
  674  720
  674  675
  674  719
  675  721
  675  720
  675  676
  676  722
  676  723
  676  721
  677  678
  677  724
  677  723
  678  725
  678  724
  678  679
  679  727
  679  726
  679  680
  679  725
  680  773
  680  728
  680  727
  681  729
  681  728
  682  730
  682  729
  683  731
  683  730
  684  731
  686  733
  687  736
  687  735
  688  782
  688  736
  689  737
  689  690
  690  691
  690  739
  690  737
  691  740
  691  739
  691  692
  692  693
  692  740
  693  741
  693  694
  693  740
  694  695
  694  741
  695  743
  695  696
  696  743
  696  697
  697  745
  697  744
  698  699
  698  746
  699  748
  699  749
  699  747
  700  749
  701  798
  701  750
  701  749
  701  702
  702  751
  702  703
  703  800
  703  704
  703  752
  703  751
  704  801
  704  753
  705  754
  705  753
  706  803
  706  707
  706  754
  707  804
  707  756
  707  755
  707  708
  708  757
  708  709
  709  710
  710  758
  710  757
  711  809
  711  759
  711  712
  711  758
  712  760
  712  713
  712  759
  713  810
  713  761
  713  760
  715  812
  715  762
  715  761
  716  763
  716  717
  716  813
  717  718
  717  763
  717  765
  718  719
  719  766
  719  765
  719  720
  720  767
  720  766
  721  767
  722  769
  722  723
  722  768
  723  769
  723  724
  724  725
  724  771
  725  823
  725  772
  725  771
  726  772
  727  824
  727  773
  727  772
  728  774
  728  773
  729  826
  729  775
  730  775
  731  777
  731  776
  733  734
  733  779
  734  779
  734  735
  734  780
  735  781
  735  780
  736  833
  736  781
  737  784
  737  738
  737  782
  738  739
  738  785
  738  784
  739  740
  740  741
  740  786
  741  789
  741  787
  741  742
  742  743
  743  790
  743  791
  743  789
  744  745
  745  844
  745  793
  745  792
  746  793
  747  795
  747  793
  747  794
  747  748
  748  796
  748  749
  749  798
  749  796
  751  799
  751  800
  751  798
  752  850
  752  801
  752  800
  753  802
  753  754
  754  802
  755  803
  756  757
  756  804
  757  807
  757  758
  757  806
  758  807
  758  809
  759  810
  759  760
  761  812
  761  810
  762  813
  762  812
  763  814
  763  813
  764  863
  764  765
  764  814
  765  817
  765  815
  765  766
  766  767
  766  817
  767  768
  767  818
  768  819
  768  769
  769  868
  769  821
  769  820
  770  822
  770  771
  771  822
  773  872
  773  825
  773  824
  774  873
  774  826
  774  825
  775  828
  775  827
  775  776
  775  826
  776  875
  776  829
  776  828
  778  831
  779  831
  780  832
  780  831
  781  879
  781  832
  781  833
  782  880
  782  834
  782  833
  782  783
  783  784
  783  834
  784  834
  784  785
  785  837
  785  836
  785  786
  785  835
  786  838
  786  787
  787  788
  788  839
  788  789
  788  840
  788  838
  789  840
  789  841
  789  790
  790  842
  790  841
  791  842
  791  792
  792  844
  792  842
  793  844
  794  891
  794  795
  794  845
  794  844
  795  845
  795  846
  795  796
  797  894
  797  847
  797  798
  797  846
  798  847
  798  848
  798  799
  800  897
  800  849
  801  851
  801  802
  801  850
  802  900
  802  852
  802  851
  803  853
  803  804
  803  852
  804  853
  804  854
  804  805
  805  855
  805  806
  805  854
  806  855
  806  807
  807  856
  807  855
  808  857
  808  856
  808  809
  809  858
  809  810
  810  859
  810  811
  810  860
  810  858
  811  860
  811  861
  811  812
  812  813
  813  862
  813  861
  815  864
  815  816
  815  863
  817  865
  817  818
  817  864
  818  865
  818  866
  819  866
  819  820
  820  868
  820  867
  820  866
  821  918
  821  869
  821  822
  821  868
  822  870
  822  869
  823  870
  823  824
  824  921
  824  872
  824  871
  824  870
  825  872
  826  827
  826  873
  827  874
  827  828
  829  875
  831  877
  831  878
  832  879
  832  878
  833  880
  834  931
  834  881
  834  835
  835  836
  835  882
  836  837
  836  883
  837  884
  837  838
  838  839
  838  884
  839  840
  839  886
  839  884
  840  887
  840  886
  842  888
  842  843
  843  890
  843  844
  843  888
  844  891
  845  893
  845  846
  845  891
  846  893
  846  894
  847  848
  847  895
  847  894
  848  896
  848  895
  848  849
  849  897
  849  896
  850  898
  850  851
  850  897
  851  899
  851  898
  852  902
  852  853
  852  900
  853  903
  853  902
  854  904
  854  855
  855  905
  855  856
  856  906
  856  857
  857  907
  857  906
  857  858
  858  859
  858  908
  859  909
  859  908
  860  910
  860  861
  861  911
  861  862
  861  910
  862  911
  862  863
  863  912
  863  864
  863  911
  864  958
  864  913
  864  912
  864  865
  865  866
  865  913
  866  867
  866  914
  866  915
  867  916
  867  917
  868  918
  869  966
  869  870
  869  918
  870  921
  870  966
  871  922
  871  921
  872  922
  873  923
  873  922
  874  924
  875  925
  875  924
  876  925
  877  878
  877  928
  878  879
  879  930
  879  929
  880  979
  880  930
  881  932
  881  931
  881  882
  882  883
  882  933
  883  982
  883  933
  883  934
  883  884
  884  885
  884  934
  885  984
  885  936
  885  935
  886  937
  886  887
  887  937
  887  888
  888  986
  888  889
  888  938
  888  937
  889  988
  889  890
  890  939
  891  989
  891  939
  892  941
  892  940
  893  942
  893  894
  894  942
  895  993
  895  896
  895  942
  896  943
  896  944
  897  898
  898  944
  898  945
  899  996
  899  946
  899  945
  901  997
  901  947
  901  946
  902  947
  902  903
  902  948
  903  904
  903  949
  904  950
  904  905
  905  906
  905  950
  906  907
  906  950
  907  953
  907  908
  907  952
  908  953
  909  954
  909  910
  909  953
  910  911
  910  954
  911  912
  911  955
  912  956
  912  957
  913  914
  913  960
  913  958
  914  961
  914 1010
  914  960
  914  915
  915  916
  915  961
  916  962
  916  963
  917  918
  917  964
  919  964
  920  967
  920  966
  921  922
  922  969
  922  968
  922  967
  923 1017
  923  970
  923  924
  924  971
  924  970
  925  973
  925  972
  927  975
  929  976
  930  977
  930  978
  931  932
  931  980
  931  981
  931  979
  932  981
  933 1028
  933  981
  933  982
  934 1029
  934  983
  934  935
  935  983
  936  985
  936  937
  936  984
  937  985
  938  988
  938  987
  938  986
  939  989
  939  988
  940  990
  940  941
  940  989
  941  991
  941  942
  941  990
  942  993
  942  991
  943  994
  943  944
  944  994
  944  995
  944  945
  945  996
  945 1041
  946  997
  946  996
  947  948
  947  997
  948  998
  948  999
  948  949
  949 1000
  949  950
  949 1001
  949  999
  950  951
  951 1002
  951 1001
  951  952
  952  953
  952 1004
  952 1002
  953 1005
  953  954
  955 1006
  955 1005
  955  956
  956 1007
  956  957
  956 1006
  957 1053
  957 1008
  957 1007
  958  959
  959 1009
  959 1008
  961 1056
  961 1011
  961 1010
  962  963
  963 1012
  963  964
  963 1011
  964 1013
  964 1012
  964  965
  965  966
  965 1013
  966 1015
  966 1014
  966  967
  967  968
  967 1015
  968  969
  968 1015
  969 1017
  969 1016
  970 1063
  970 1018
  971 1018
  971  972
  972 1020
  972 1019
  972 1018
  974  975
  974 1022
  975 1022
  975 1023
  975  976
  976 1024
  976  977
  976 1023
  977 1024
  978  979
  978 1025
  978 1024
  979 1025
  980  981
  980 1025
  981 1026
  981 1027
  982 1028
  983 1075
  983 1074
  983  984
  983 1029
  984 1030
  984 1031
  984  985
  985 1032
  985  986
  985 1076
  986 1033
  986 1032
  986  987
  987 1034
  987 1079
  987 1033
  988 1035
  988  989
  988 1034
  989  990
  990 1082
  990  991
  990 1035
  991 1036
  991 1038
  992 1038
  992  993
  993 1039
  993  994
  993 1038
  994  995
  994 1040
  995 1040
  996  997
  996 1041
  997 1042
  997 1043
  998 1044
  998  999
  999 1045
  999 1000
 1000 1047
 1000 1001
 1000 1045
 1001 1002
 1002 1048
 1002 1049
 1002 1047
 1003 1004
 1004 1005
 1004 1049
 1004 1051
 1005 1051
 1005 1006
 1006 1007
 1006 1051
 1007 1052
 1008 1009
 1008 1055
 1008 1053
 1009 1055
 1009 1010
 1010 1055
 1011 1106
 1011 1057
 1011 1012
 1011 1056
 1012 1013
 1012 1057
 1013 1014
 1013 1058
 1014 1061
 1014 1015
 1014 1059
 1015 1016
 1015 1062
 1016 1062
 1017 1063
 1017 1062
 1018 2419
 1018 1064
 1018 1019
 1019 1065
 1020 1065
 1022 1068
 1022 1067
 1023 1069
 1023 1068
 1024 1070
 1024 1069
 1025 1026
 1025 1071
 1025 1070
 1026 1072
 1026 1027
 1026 1071
 1027 1123
 1027 1072
 1027 1073
 1028 1029
 1029 1074
 1029 1073
 1031 1075
 1032 1033
 1032 1076
 1033 1079
 1033 1077
 1034 1035
 1034 1079
 1035 1080
 1035 1081
 1035 1082
 1036 1083
 1036 1037
 1036 1082
 1037 1084
 1037 1038
 1037 1083
 1038 1039
 1038 1084
 1039 1040
 1039 1085
 1039 1135
 1039 1086
 1040 1086
 1040 1087
 1041 1089
 1041 1087
 1041 1042
 1042 1043
 1043 1091
 1043 1090
 1043 1044
 1043 1089
 1044 1142
 1044 1092
 1044 1045
 1044 1091
 1046 1093
 1046 1092
 1046 1047
 1047 1094
 1047 1093
 1047 1048
 1048 1094
 1049 1096
 1049 1095
 1049 1050
 1050 1097
 1050 1051
 1050 1096
 1051 1100
 1051 1098
 1051 1052
 1052 1053
 1052 1100
 1053 1101
 1053 1054
 1054 1104
 1054 1103
 1054 1055
 1054 1102
 1055 1105
 1055 1056
 1056 1106
 1056 1105
 1057 1107
 1057 1154
 1058 1108
 1058 1107
 1058 1059
 1059 1155
 1059 1060
 1060 1110
 1060 1061
 1060 1109
 1061 1062
 1061 1110
 1061 1111
 1062 1112
 1062 1111
 1062 1063
 1063 2419
 1063 1113
 1064 1114
 1064 1065
 1064 2419
 1065 1116
 1065 1115
 1067 1118
 1068 1165
 1068 1118
 1068 1119
 1069 1165
 1069 1120
 1070 1121
 1070 1120
 1071 1121
 1071 1072
 1072 1123
 1072 1121
 1073 1169
 1073 1074
 1073 1123
 1074 1126
 1074 1125
 1074 1075
 1075 1076
 1076 1128
 1076 1127
 1076 1126
 1076 1077
 1077 1078
 1077 1129
 1078 1129
 1078 1130
 1078 1079
 1079 1130
 1080 1131
 1082 1131
 1082 1132
 1082 1083
 1083 1178
 1083 1133
 1083 1132
 1084 1085
 1084 1134
 1085 1135
 1085 1134
 1086 1087
 1086 1137
 1086 1135
 1087 1137
 1088 1139
 1088 1138
 1088 1089
 1088 1137
 1089 1184
 1089 1139
 1089 1140
 1089 1090
 1090 1140
 1091 1186
 1091 1185
 1091 1142
 1091 1141
 1092 1143
 1092 1093
 1092 1142
 1093 1189
 1093 1143
 1093 1144
 1094 1145
 1094 1095
 1095 1096
 1095 1146
 1095 1145
 1096 1146
 1097 1146
 1097 1193
 1097 1147
 1099 1194
 1099 1147
 1099 1148
 1099 1100
 1100 1149
 1100 1148
 1102 1196
 1102 1150
 1102 1103
 1102 1149
 1103 1151
 1103 1150
 1104 1105
 1105 1106
 1105 1151
 1106 1153
 1106 1152
 1106 1154
 1107 1154
 1107 1201
 1107 1155
 1109 1156
 1109 1110
 1109 1155
 1110 1157
 1110 1111
 1111 1157
 1111 1112
 1112 1160
 1112 1159
 1112 1158
 1113 1161
 1113 2419
 1114 1162
 1115 1163
 1118 1211
 1118 1164
 1119 1211
 1120 1212
 1120 1166
 1121 1168
 1121 1167
 1121 1166
 1121 1122
 1123 1215
 1123 1168
 1124 1170
 1124 1169
 1125 1217
 1125 1126
 1125 1171
 1126 1127
 1127 1172
 1127 1171
 1128 1220
 1128 1173
 1128 1172
 1128 1129
 1129 1130
 1129 1173
 1130 1175
 1130 1174
 1130 1131
 1131 1176
 1131 1177
 1131 1175
 1131 1132
 1132 1177
 1133 1179
 1133 1134
 1133 1178
 1134 1135
 1134 1180
 1135 1180
 1135 1136
 1136 1137
 1136 1180
 1137 1182
 1137 1181
 1138 1182
 1138 1183
 1139 1184
 1140 1232
 1140 1185
 1140 1184
 1141 1185
 1142 1188
 1142 1143
 1142 1186
 1143 1236
 1143 1188
 1144 1190
 1144 1145
 1144 1189
 1145 1192
 1145 1146
 1145 1190
 1146 1193
 1146 1192
 1147 1194
 1147 1193
 1148 1195
 1148 1149
 1148 1194
 1149 1196
 1149 1195
 1150 1151
 1150 1198
 1150 1196
 1151 1152
 1152 1153
 1152 1199
 1152 1200
 1152 1198
 1153 1154
 1154 1248
 1154 1200
 1154 1201
 1155 1156
 1155 1202
 1155 1201
 1156 1157
 1157 1204
 1157 1203
 1158 1205
 1158 1204
 1158 1159
 1159 1160
 1159 1205
 1160 1206
 1160 1161
 1161 2421
 1161 1207
 1161 1206
 1162 2421
 1162 1208
 1162 1163
 1162 1207
 1163 1208
 1164 1211
 1165 1212
 1165 1211
 1166 1213
 1167 1213
 1167 1214
 1167 1168
 1168 1215
 1168 1262
 1168 1214
 1169 1264
 1169 1170
 1169 1216
 1169 1215
 1170 1216
 1170 1217
 1171 1218
 1171 1172
 1171 1217
 1172 1218
 1172 1220
 1173 1221
 1173 1220
 1174 1175
 1174 1222
 1175 1224
 1175 1222
 1175 1176
 1176 1177
 1176 1225
 1176 1224
 1177 1273
 1177 1226
 1177 1178
 1178 1179
 1179 1228
 1179 1180
 1179 1226
 1180 1228
 1181 1228
 1181 1229
 1181 1182
 1182 1183
 1182 1231
 1182 1229
 1183 1231
 1183 1184
 1184 1232
 1184 1231
 1185 1233
 1185 1232
 1186 1187
 1187 1234
 1188 1236
 1188 1234
 1189 1237
 1189 1236
 1190 1238
 1190 1191
 1191 1192
 1192 1239
 1192 1193
 1193 1194
 1193 1239
 1194 1242
 1194 1195
 1194 1240
 1195 1242
 1196 1197
 1196 1242
 1197 1198
 1197 1244
 1197 1245
 1197 1243
 1198 1246
 1198 1199
 1198 1245
 1199 1246
 1199 1200
 1200 1247
 1200 1248
 1201 1202
 1201 1248
 1202 1250
 1202 1249
 1202 1251
 1202 1203
 1203 1204
 1203 1252
 1203 1251
 1204 1205
 1204 1253
 1205 1253
 1205 1254
 1206 1207
 1206 1254
 1207 1255
 1207 1208
 1207 2421
 1208 1209
 1209 1256
 1210 1259
 1211 1259
 1212 1260
 1212 1259
 1213 1261
 1213 1214
 1214 1262
 1215 1264
 1215 1262
 1216 1217
 1216 1265
 1216 1264
 1217 1265
 1217 1218
 1218 1267
 1218 1266
 1219 1267
 1220 1268
 1220 1221
 1221 1222
 1221 1268
 1222 1316
 1222 1269
 1222 1270
 1223 1270
 1223 1224
 1224 1271
 1224 1225
 1224 1270
 1225 1272
 1225 1271
 1226 1274
 1226 1227
 1226 1273
 1227 1228
 1227 1275
 1228 1275
 1228 1277
 1228 1229
 1229 1278
 1229 1277
 1230 1231
 1231 1324
 1231 1232
 1231 1280
 1232 1280
 1232 1281
 1233 1282
 1233 1234
 1234 1235
 1235 1283
 1235 1282
 1236 1284
 1236 1237
 1236 1283
 1237 1284
 1237 1238
 1238 1239
 1238 1284
 1239 1240
 1239 1285
 1240 1286
 1240 1241
 1241 1289
 1241 1242
 1241 1288
 1241 1287
 1242 1289
 1243 1244
 1244 1291
 1244 1290
 1245 1338
 1245 1291
 1245 1292
 1245 1246
 1246 1247
 1247 1248
 1247 1292
 1247 1293
 1247 1294
 1248 1294
 1248 1295
 1249 1341
 1249 1250
 1249 1295
 1249 1296
 1250 1296
 1250 1297
 1251 1252
 1252 1344
 1252 1298
 1252 1253
 1252 1297
 1253 1299
 1253 1298
 1254 1301
 1254 1300
 1255 1302
 1255 1301
 1256 1304
 1256 1303
 1256 1302
 1258 1306
 1259 1306
 1259 1260
 1259 1307
 1260 1308
 1260 1261
 1261 1309
 1261 1308
 1262 1357
 1262 1310
 1262 1309
 1262 1263
 1264 1311
 1264 1265
 1264 1310
 1265 1359
 1265 1312
 1265 1311
 1266 1313
 1266 1267
 1267 1268
 1268 1314
 1268 1269
 1268 1315
 1268 1313
 1269 1316
 1269 1315
 1270 1316
 1271 1318
 1271 1316
 1271 1272
 1272 1319
 1272 1318
 1273 1320
 1273 1274
 1274 1275
 1274 1320
 1275 1321
 1275 1320
 1276 1370
 1276 1322
 1276 1277
 1276 1321
 1277 1322
 1277 1323
 1278 1279
 1278 1323
 1279 1324
 1279 1323
 1280 1281
 1280 1324
 1281 1327
 1281 1282
 1281 1326
 1281 1325
 1282 1327
 1282 1328
 1282 1283
 1283 1284
 1284 1328
 1284 1330
 1284 1285
 1285 1286
 1285 1331
 1285 1330
 1286 1332
 1287 1333
 1287 1288
 1288 1289
 1289 1334
 1289 1335
 1289 1290
 1289 1333
 1290 1335
 1290 1336
 1290 1291
 1291 1337
 1291 1336
 1292 1339
 1292 1293
 1292 1387
 1292 1338
 1293 1388
 1293 1339
 1293 1340
 1294 1340
 1295 1341
 1296 1343
 1296 1297
 1296 1341
 1297 1344
 1297 1343
 1298 1299
 1298 1346
 1298 1344
 1299 1347
 1299 1300
 1299 1346
 1300 1347
 1300 1348
 1301 1348
 1301 1302
 1302 1303
 1303 1304
 1303 1349
 1304 1350
 1306 1353
 1306 1352
 1307 1354
 1308 1355
 1308 1354
 1309 1357
 1309 1356
 1310 1405
 1310 1311
 1310 1358
 1310 1357
 1311 1358
 1312 1313
 1312 1360
 1312 1361
 1312 1359
 1313 1361
 1313 1314
 1314 1410
 1314 1315
 1314 1363
 1315 1411
 1315 1364
 1315 1316
 1316 1365
 1316 1364
 1318 1414
 1318 1366
 1318 1319
 1318 1365
 1319 1368
 1319 1367
 1319 1320
 1319 1366
 1320 1369
 1320 1321
 1321 1370
 1322 1371
 1322 1323
 1322 1372
 1323 1324
 1323 1373
 1324 1373
 1324 1374
 1325 1326
 1326 1327
 1326 1375
 1326 1374
 1327 1424
 1327 1377
 1327 1328
 1328 1379
 1328 1329
 1328 1377
 1329 1330
 1329 1379
 1330 1379
 1330 1380
 1331 1382
 1331 1380
 1331 1332
 1332 1383
 1332 1333
 1332 1382
 1333 1334
 1334 1383
 1334 1384
 1335 1384
 1336 1337
 1336 1384
 1337 1386
 1337 1385
 1338 1386
 1339 1435
 1339 1388
 1340 1390
 1340 1389
 1340 1341
 1340 1388
 1341 1342
 1341 1390
 1342 1392
 1342 1343
 1343 1439
 1343 1393
 1343 1344
 1344 1393
 1344 1345
 1345 1394
 1345 1393
 1346 1347
 1347 1396
 1347 1395
 1347 1394
 1348 1396
 1348 1397
 1349 1398
 1351 1399
 1353 1402
 1353 1448
 1353 1401
 1353 1354
 1354 1402
 1355 1356
 1355 1403
 1355 1402
 1356 1403
 1356 1405
 1356 1404
 1357 1405
 1358 1407
 1358 1406
 1358 1405
 1359 1408
 1359 1360
 1360 1361
 1361 1408
 1362 1409
 1362 1410
 1363 1411
 1364 1365
 1364 1413
 1364 1411
 1365 1413
 1365 1414
 1366 1415
 1366 1414
 1367 1415
 1367 1416
 1367 1368
 1368 1369
 1369 1416
 1370 1418
 1370 1417
 1371 1372
 1372 1418
 1372 1419
 1373 1420
 1373 1374
 1373 1419
 1374 1422
 1374 1421
 1374 1420
 1374 1375
 1375 1469
 1375 1423
 1375 1422
 1376 1423
 1376 1424
 1377 1425
 1377 1424
 1378 1426
 1378 1379
 1378 1425
 1379 1380
 1379 1427
 1380 1427
 1381 1382
 1382 1430
 1382 1428
 1382 1383
 1383 1477
 1383 1431
 1383 1430
 1383 1384
 1384 1433
 1384 1385
 1384 1431
 1385 1434
 1385 1386
 1386 1387
 1386 1435
 1388 1435
 1389 1484
 1389 1436
 1389 1390
 1390 1438
 1390 1437
 1392 1439
 1392 1438
 1393 1441
 1393 1394
 1393 1439
 1394 1442
 1394 1395
 1395 1442
 1396 1489
 1396 1443
 1397 1444
 1397 1398
 1398 1445
 1398 1399
 1398 1444
 1399 1446
 1399 1445
 1399 1400
 1401 1448
 1402 1496
 1402 1449
 1402 1495
 1403 1449
 1403 1450
 1404 1450
 1405 1451
 1405 1450
 1405 1406
 1406 1500
 1406 1452
 1406 1451
 1407 1408
 1408 1454
 1408 1409
 1408 1452
 1409 1454
 1409 1410
 1409 1455
 1410 1455
 1410 1456
 1410 1411
 1411 1505
 1411 1457
 1412 1457
 1413 1458
 1413 1414
 1413 1457
 1414 1459
 1414 1415
 1414 1458
 1415 1416
 1415 1460
 1415 1459
 1416 1417
 1416 1461
 1417 1464
 1417 1462
 1417 1463
 1417 1418
 1418 1511
 1418 1465
 1418 1464
 1418 1419
 1419 1467
 1419 1420
 1419 1465
 1420 1467
 1421 1468
 1421 1467
 1422 1468
 1422 1469
 1423 1470
 1423 1469
 1424 1471
 1424 1425
 1424 1470
 1425 1426
 1425 1471
 1426 1472
 1426 1473
 1426 1427
 1427 1474
 1427 1428
 1427 1473
 1428 1476
 1428 1429
 1428 1474
 1429 1476
 1431 1478
 1431 1477
 1432 1433
 1433 1479
 1433 1434
 1433 1478
 1433 1480
 1434 1481
 1434 1480
 1434 1435
 1435 1436
 1435 1483
 1435 1482
 1435 1481
 1436 1484
 1436 1483
 1437 1438
 1437 1485
 1437 1484
 1438 1486
 1438 1439
 1438 1485
 1439 1440
 1440 1441
 1440 1486
 1441 1487
 1441 1488
 1441 1442
 1442 1489
 1442 1488
 1443 1490
 1443 1444
 1443 1489
 1444 1492
 1444 1491
 1444 1490
 1445 1493
 1445 1492
 1448 1495
 1448 1494
 1449 1450
 1449 1497
 1450 1451
 1450 1498
 1451 1500
 1451 1498
 1452 1501
 1452 1453
 1452 1500
 1453 1548
 1454 1503
 1454 1502
 1454 1455
 1455 1550
 1455 1456
 1455 1504
 1456 1505
 1456 1551
 1457 1506
 1457 1505
 1458 1459
 1459 1460
 1459 1506
 1459 1553
 1460 1507
 1460 1508
 1461 1509
 1461 1508
 1462 1463
 1462 1510
 1462 1509
 1463 1510
 1464 1511
 1465 1512
 1465 1511
 1466 1513
 1466 1467
 1467 1515
 1467 1468
 1467 1513
 1468 1515
 1469 1515
 1469 1516
 1470 1471
 1471 1516
 1471 1472
 1472 1565
 1472 1518
 1472 1517
 1472 1473
 1473 1474
 1473 1520
 1473 1518
 1474 1520
 1475 1476
 1475 1521
 1475 1520
 1476 1523
 1476 1522
 1476 1477
 1476 1521
 1477 1523
 1477 1478
 1478 1524
 1478 1479
 1478 1525
 1478 1523
 1479 1525
 1479 1480
 1480 1527
 1480 1526
 1482 1529
 1482 1528
 1482 1483
 1483 1530
 1483 1529
 1484 1531
 1484 1485
 1485 1486
 1485 1532
 1486 1533
 1486 1487
 1486 1532
 1487 1534
 1487 1533
 1487 1488
 1488 1535
 1488 1489
 1488 1534
 1489 1536
 1489 1535
 1490 1491
 1490 1536
 1491 1537
 1491 1492
 1492 1539
 1492 1538
 1493 1539
 1495 1588
 1495 1541
 1496 1542
 1497 1544
 1497 1543
 1498 1545
 1498 1546
 1498 1544
 1498 1499
 1499 1500
 1499 1546
 1500 1547
 1500 1501
 1501 1594
 1501 1548
 1501 1547
 1502 1549
 1502 1548
 1503 1550
 1504 1551
 1504 1550
 1505 1506
 1505 1551
 1506 1553
 1506 1552
 1507 1508
 1507 1553
 1508 1509
 1508 1554
 1508 1555
 1509 1603
 1509 1510
 1509 1555
 1510 1558
 1510 1603
 1510 1511
 1511 1558
 1512 1559
 1512 1513
 1512 1558
 1513 1560
 1514 1561
 1514 1515
 1515 1516
 1515 1563
 1515 1561
 1516 1563
 1516 1564
 1516 1517
 1517 1565
 1517 1564
 1518 1519
 1518 1565
 1519 1566
 1519 1567
 1519 1520
 1520 1521
 1520 1568
 1520 1615
 1521 1569
 1521 1568
 1522 1523
 1523 1570
 1523 1524
 1523 1569
 1524 1572
 1524 1525
 1525 1572
 1525 1526
 1526 1574
 1526 1573
 1527 1528
 1527 1574
 1528 1574
 1529 1576
 1529 1530
 1529 1575
 1530 1577
 1530 1576
 1530 1531
 1531 1625
 1531 1578
 1531 1532
 1531 1577
 1532 1579
 1532 1578
 1533 1580
 1533 1534
 1534 1535
 1534 1581
 1535 1581
 1536 1583
 1536 1582
 1536 1581
 1537 1583
 1538 1585
 1539 1586
 1541 1588
 1542 1590
 1542 1543
 1542 1589
 1542 1588
 1543 1590
 1544 1591
 1544 1590
 1545 1592
 1545 1546
 1545 1591
 1546 1593
 1546 1592
 1546 1547
 1547 1594
 1547 1593
 1548 1641
 1548 1549
 1549 1595
 1549 1596
 1549 1550
 1550 1597
 1550 1596
 1551 1598
 1551 1552
 1552 1599
 1552 1553
 1553 1599
 1553 1554
 1554 1601
 1554 1555
 1554 1600
 1555 1602
 1555 1601
 1556 1602
 1556 1603
 1557 1558
 1557 1604
 1557 1603
 1558 1604
 1558 1559
 1559 1652
 1559 1606
 1559 1560
 1559 1605
 1560 1607
 1560 1606
 1560 1561
 1561 1562
 1561 1607
 1562 1609
 1562 1608
 1562 1563
 1563 1564
 1563 1609
 1564 1565
 1564 1610
 1565 1612
 1565 1611
 1565 1613
 1566 1614
 1566 1567
 1567 1615
 1568 1660
 1568 1569
 1568 1616
 1568 1615
 1569 1570
 1569 1616
 1569 1617
 1570 1618
 1570 1617
 1571 1619
 1571 1618
 1572 1573
 1573 1665
 1573 1621
 1573 1574
 1573 1619
 1574 1621
 1574 1575
 1575 1666
 1575 1622
 1575 1576
 1575 1621
 1576 1577
 1576 1622
 1577 1623
 1577 1625
 1578 1671
 1578 1626
 1578 1579
 1579 1580
 1579 1626
 1580 1627
 1580 1628
 1580 1581
 1581 1629
 1581 1628
 1582 1675
 1582 1630
 1582 1629
 1583 1631
 1583 1630
 1583 1584
 1584 1632
 1584 1585
 1584 1631
 1585 1633
 1585 1586
 1585 1632
 1587 1635
 1588 1635
 1589 1636
 1589 1635
 1590 1636
 1590 1637
 1591 1638
 1591 1592
 1591 1637
 1592 1593
 1593 1594
 1593 1638
 1594 1641
 1594 1640
 1594 1639
 1595 1641
 1595 1596
 1596 1597
 1596 1643
 1596 1642
 1597 1644
 1597 1598
 1597 1643
 1598 1599
 1598 1645
 1598 1644
 1599 1646
 1599 1600
 1600 1647
 1600 1601
 1600 1646
 1601 1647
 1601 1648
 1602 1603
 1603 1648
 1603 1604
 1604 1605
 1604 1650
 1604 1649
 1605 1652
 1605 1699
 1606 1653
 1606 1652
 1608 1654
 1608 1609
 1608 1653
 1609 1702
 1609 1655
 1609 1654
 1610 1656
 1610 1655
 1611 1612
 1612 1657
 1612 1656
 1613 1657
 1613 1614
 1614 1658
 1614 1615
 1615 1707
 1615 1660
 1615 1659
 1616 1617
 1616 1660
 1617 1661
 1617 1618
 1618 1710
 1618 1619
 1618 1662
 1619 1664
 1619 1663
 1619 1620
 1620 1713
 1620 1664
 1621 1715
 1621 1665
 1622 1623
 1622 1668
 1622 1666
 1623 1669
 1623 1624
 1623 1668
 1624 1669
 1624 1625
 1624 1670
 1625 1671
 1626 1719
 1626 1672
 1626 1671
 1627 1721
 1627 1673
 1627 1628
 1628 1673
 1628 1629
 1629 1675
 1630 1725
 1630 1724
 1630 1676
 1631 1676
 1631 1632
 1632 1678
 1632 1677
 1633 1678
 1634 1681
 1635 1681
 1635 1682
 1636 1683
 1636 1682
 1637 1684
 1637 1685
 1637 1683
 1637 1638
 1638 1733
 1638 1734
 1638 1639
 1638 1686
 1638 1685
 1639 1640
 1639 1686
 1640 1687
 1640 1688
 1641 1642
 1642 1643
 1642 1688
 1643 1689
 1643 1644
 1644 1645
 1644 1692
 1644 1690
 1645 1692
 1646 1742
 1646 1693
 1646 1647
 1646 1692
 1647 1743
 1647 1648
 1647 1693
 1647 1694
 1648 1696
 1648 1695
 1648 1694
 1648 1649
 1649 1650
 1649 1697
 1649 1696
 1650 1697
 1651 1699
 1651 1697
 1652 1653
 1653 1700
 1653 1701
 1654 1702
 1655 1704
 1655 1656
 1655 1703
 1656 1705
 1656 1657
 1657 1658
 1658 1754
 1658 1705
 1658 1659
 1659 1755
 1659 1707
 1659 1706
 1660 1756
 1660 1708
 1660 1707
 1661 1709
 1661 1662
 1662 1709
 1663 1759
 1663 1664
 1663 1711
 1663 1710
 1664 1711
 1664 1713
 1665 1715
 1665 1714
 1665 1713
 1666 1715
 1667 1716
 1667 1668
 1667 1763
 1668 1669
 1668 1716
 1669 1718
 1669 1717
 1670 1719
 1672 1720
 1672 1721
 1672 1719
 1673 1723
 1673 1674
 1673 1721
 1674 1675
 1675 1724
 1675 1723
 1676 1726
 1677 1727
 1677 1726
 1679 1727
 1681 1730
 1681 1729
 1681 1682
 1682 1731
 1683 1732
 1684 1779
 1684 1733
 1684 1732
 1685 1733
 1686 1781
 1686 1687
 1686 1736
 1686 1734
 1687 1736
 1687 1737
 1687 1688
 1688 1689
 1689 1737
 1689 1690
 1690 1740
 1690 1691
 1690 1738
 1691 1741
 1691 1692
 1692 1742
 1693 1788
 1693 1742
 1694 1789
 1694 1744
 1694 1743
 1695 1696
 1696 1697
 1696 1745
 1696 1746
 1697 1748
 1697 1747
 1699 1749
 1699 1748
 1699 1700
 1700 1794
 1700 1750
 1700 1701
 1700 1749
 1701 1795
 1701 1750
 1701 1702
 1701 1751
 1703 1752
 1703 1704
 1703 1751
 1704 1753
 1704 1705
 1704 1752
 1706 1800
 1706 1799
 1706 1755
 1706 1754
 1707 1756
 1707 1755
 1708 1757
 1708 1756
 1709 1758
 1709 1710
 1710 1759
 1710 1758
 1711 1760
 1711 1759
 1713 1807
 1713 1761
 1713 1760
 1714 1715
 1715 1761
 1715 1762
 1715 1763
 1716 1810
 1716 1764
 1716 1763
 1717 1718
 1718 1719
 1718 1766
 1718 1765
 1718 1764
 1719 1768
 1719 1720
 1719 1766
 1720 1768
 1720 1769
 1721 1769
 1722 1770
 1722 1723
 1723 1771
 1723 1724
 1723 1770
 1724 1771
 1724 1725
 1725 1726
 1725 1772
 1726 1727
 1726 1772
 1727 1774
 1727 1773
 1727 1728
 1728 1774
 1729 1777
 1731 1778
 1731 1732
 1731 1779
 1732 1779
 1733 1780
 1733 1734
 1734 1780
 1735 1781
 1735 1780
 1736 1737
 1737 1738
 1737 1783
 1737 1782
 1738 1784
 1738 1783
 1738 1739
 1739 1740
 1739 1785
 1739 1784
 1740 1786
 1740 1785
 1740 1741
 1741 1787
 1741 1786
 1743 1837
 1743 1789
 1743 1788
 1744 1838
 1744 1790
 1744 1745
 1744 1789
 1745 1746
 1746 1790
 1746 1791
 1747 1748
 1748 1792
 1748 1749
 1748 1791
 1749 1794
 1749 1792
 1750 1843
 1750 1795
 1751 1844
 1751 1796
 1751 1752
 1751 1795
 1752 1798
 1752 1753
 1752 1796
 1753 1754
 1754 1798
 1754 1799
 1755 1756
 1755 1800
 1756 1851
 1756 1803
 1756 1757
 1756 1801
 1757 1758
 1758 1804
 1758 1803
 1758 1759
 1759 1760
 1759 1806
 1760 1806
 1760 1807
 1761 1808
 1761 1762
 1761 1807
 1762 1808
 1762 1763
 1763 1810
 1764 1812
 1764 1765
 1764 1811
 1764 1810
 1765 1812
 1766 1860
 1766 1767
 1767 1814
 1767 1813
 1767 1768
 1768 1814
 1769 1770
 1769 1814
 1770 1817
 1770 1771
 1770 1815
 1771 1818
 1771 1817
 1772 1820
 1772 1819
 1773 1868
 1773 1821
 1774 1869
 1774 1822
 1776 1777
 1776 1824
 1777 1824
 1777 1825
 1777 1778
 1778 1826
 1778 1825
 1779 1827
 1779 1874
 1779 1826
 1780 1828
 1780 1827
 1780 1781
 1781 1830
 1781 1782
 1781 1829
 1781 1828
 1782 1783
 1783 1832
 1783 1784
 1783 1830
 1784 1785
 1785 1834
 1785 1832
 1785 1786
 1786 1835
 1786 1834
 1787 1788
 1788 1836
 1788 1835
 1788 1837
 1789 1838
 1789 1888
 1790 1791
 1790 1839
 1790 1838
 1791 1839
 1791 1840
 1791 1792
 1792 1842
 1792 1793
 1792 1840
 1793 1842
 1794 1893
 1795 1843
 1796 1845
 1796 1896
 1796 1844
 1797 1846
 1797 1798
 1798 1799
 1798 1847
 1798 1846
 1799 1847
 1799 1800
 1800 1849
 1800 1848
 1801 1802
 1802 1851
 1803 1804
 1803 1852
 1803 1851
 1804 1852
 1804 1853
 1805 1854
 1805 1806
 1806 1904
 1806 1807
 1806 1854
 1807 1855
 1807 1856
 1808 1856
 1809 1857
 1809 1810
 1810 1858
 1810 1857
 1811 1908
 1811 1859
 1811 1812
 1812 1860
 1812 1859
 1813 1814
 1813 1861
 1814 1861
 1814 1815
 1815 1816
 1815 1863
 1815 1864
 1815 1862
 1816 1913
 1816 1864
 1816 1865
 1817 1866
 1817 1818
 1817 1865
 1818 1867
 1818 1866
 1818 1819
 1819 1867
 1820 1916
 1820 1868
 1820 1867
 1821 1917
 1821 1869
 1821 1868
 1822 1869
 1823 1872
 1824 1872
 1825 1873
 1825 1872
 1826 1874
 1826 1873
 1827 1828
 1827 1875
 1827 1876
 1828 1829
 1828 1877
 1829 1924
 1829 1878
 1829 1830
 1830 1879
 1830 1831
 1830 1878
 1831 1881
 1831 1879
 1831 1832
 1832 1833
 1832 1882
 1832 1881
 1833 1882
 1833 1883
 1834 1883
 1834 1835
 1834 1884
 1835 1885
 1835 1884
 1835 1836
 1836 1887
 1836 1886
 1836 1885
 1837 1888
 1838 1889
 1838 1888
 1839 1840
 1839 1889
 1840 1890
 1840 1841
 1841 1892
 1841 1842
 1841 1891
 1842 1893
 1842 1892
 1843 1895
 1843 1844
 1843 1893
 1844 1896
 1844 1895
 1845 1942
 1845 1897
 1845 1896
 1846 1847
 1847 1897
 1847 1848
 1848 1849
 1849 1900
 1849 1899
 1849 1850
 1850 1946
 1850 1900
 1851 1901
 1851 1852
 1852 1853
 1852 1903
 1852 1901
 1853 1903
 1853 1854
 1854 1950
 1855 1856
 1856 1857
 1856 1906
 1856 1905
 1857 1907
 1857 1906
 1858 1954
 1858 1908
 1858 1907
 1859 1956
 1859 1910
 1859 1860
 1859 1908
 1860 1910
 1860 1861
 1861 1910
 1862 1912
 1862 1911
 1863 1912
 1864 1913
 1864 1912
 1865 1866
 1865 1913
 1866 1915
 1866 1914
 1867 1963
 1867 1915
 1868 1916
 1869 1918
 1869 1917
 1872 1920
 1872 1919
 1873 1921
 1873 1920
 1874 1922
 1874 1875
 1875 1876
 1875 1923
 1876 1923
 1876 1924
 1878 1926
 1878 1924
 1878 1879
 1879 1973
 1879 1927
 1879 1926
 1881 1927
 1881 1928
 1881 1882
 1882 1930
 1882 1883
 1882 1928
 1884 1885
 1884 1931
 1884 1930
 1885 1932
 1885 1931
 1886 1932
 1887 1933
 1887 1932
 1888 1980
 1888 1934
 1888 1933
 1888 1889
 1889 1935
 1889 1934
 1890 1891
 1890 1935
 1891 1936
 1891 1935
 1891 1892
 1892 1893
 1892 1938
 1892 1936
 1893 1939
 1893 1938
 1894 1940
 1894 1939
 1895 1896
 1895 1941
 1895 1940
 1896 1942
 1897 1943
 1897 1898
 1897 1942
 1898 1944
 1898 1899
 1899 1900
 1899 1944
 1899 1945
 1900 1945
 1901 1902
 1901 1947
 1901 1946
 1902 1903
 1902 1947
 1902 1948
 1903 1949
 1903 1950
 1904 1905
 1904 1951
 1904 1950
 1905 1951
 1906 1953
 1906 1998
 1906 1952
 1906 1907
 1907 1953
 1908 1909
 1908 1954
 1909 2001
 1909 1956
 1910 1911
 1910 1956
 1911 1958
 1911 1957
 1911 1912
 1912 1960
 1912 1913
 1912 1958
 1913 1960
 1913 1914
 1914 2006
 1914 1962
 1914 1915
 1914 1961
 1915 2007
 1915 1962
 1916 1964
 1916 1963
 1917 2010
 1917 1965
 1917 1964
 1919 1920
 1919 1967
 1920 1921
 1921 1968
 1921 1922
 1922 1969
 1922 1968
 1923 1970
 1923 1969
 1923 1924
 1924 1925
 1924 1972
 1924 1971
 1924 1970
 1926 1972
 1926 1973
 1927 1974
 1927 1928
 1927 1973
 1928 1929
 1928 1974
 1929 1975
 1929 1976
 1929 1930
 1930 1977
 1930 1931
 1930 1976
 1931 1932
 1931 1977
 1932 1978
 1932 1979
 1933 2023
 1933 1979
 1934 1935
 1934 1981
 1935 1983
 1935 1936
 1935 1981
 1936 1937
 1936 1984
 1938 1985
 1938 1939
 1938 1984
 1939 1986
 1939 1940
 1940 1941
 1940 1986
 1941 1942
 1942 1989
 1942 1988
 1942 1943
 1943 2035
 1943 1990
 1943 1944
 1943 1989
 1944 1990
 1944 1945
 1945 1992
 1945 1946
 1946 1993
 1946 1947
 1947 1994
 1947 1948
 1947 1993
 1948 1995
 1948 1994
 1949 1996
 1949 1950
 1950 1997
 1950 1951
 1951 1997
 1952 1998
 1952 1997
 1953 2000
 1953 1954
 1953 1998
 1954 1955
 1955 2001
 1955 2000
 1956 2048
 1956 2002
 1956 2001
 1957 2003
 1957 1958
 1958 2050
 1958 1959
 1958 2004
 1959 2004
 1959 1960
 1960 2005
 1960 2004
 1961 2006
 1961 2005
 1962 2006
 1963 2008
 1963 2007
 1963 1964
 1964 2009
 1965 2010
 1967 2059
 1967 2012
 1968 2014
 1968 2013
 1969 2062
 1969 2014
 1970 2015
 1970 2062
 1970 1971
 1971 2016
 1971 1972
 1971 2015
 1972 2017
 1972 2016
 1972 1973
 1973 2018
 1973 1974
 1973 2017
 1974 1975
 1974 2018
 1975 1976
 1975 2019
 1976 2020
 1976 1977
 1976 2019
 1977 2020
 1977 2021
 1978 2022
 1978 2021
 1978 1979
 1979 2023
 1980 1981
 1980 2023
 1981 2025
 1981 2024
 1982 2025
 1982 1983
 1982 2027
 1983 2027
 1983 2028
 1983 1984
 1984 2029
 1984 2030
 1984 2028
 1984 1985
 1985 2031
 1985 1986
 1985 2030
 1986 2032
 1986 1987
 1986 2031
 1987 2033
 1987 2423
 1987 1988
 1988 2034
 1989 2035
 1989 2034
 1990 2036
 1990 2035
 1991 2036
 1991 1992
 1992 1993
 1992 2038
 1993 1994
 1993 2039
 1994 1995
 1994 2040
 1995 2041
 1995 2040
 1995 1996
 1996 2042
 1996 2041
 1996 1997
 1997 1998
 1997 2044
 1997 2042
 1998 2045
 1998 2044
 1999 2045
 1999 2000
 2000 2047
 2000 2001
 2000 2045
 2001 2047
 2002 2049
 2002 2003
 2002 2048
 2003 2050
 2003 2049
 2004 2051
 2004 2050
 2005 2052
 2005 2006
 2006 2053
 2006 2052
 2007 2100
 2007 2054
 2008 2054
 2009 2055
 2010 2056
 2010 2055
 2011 2056
 2012 2059
 2013 2060
 2013 2059
 2014 2062
 2014 2061
 2015 2062
 2016 2064
 2016 2063
 2017 2066
 2017 2018
 2017 2064
 2018 2066
 2019 2068
 2019 2020
 2019 2425
 2020 2069
 2020 2021
 2021 2022
 2021 2070
 2021 2069
 2022 2023
 2023 2024
 2023 2070
 2024 2072
 2024 2025
 2025 2026
 2025 2072
 2025 2073
 2026 2027
 2026 2073
 2027 2123
 2027 2028
 2027 2073
 2027 2074
 2028 2074
 2028 2029
 2029 2030
 2030 2031
 2030 2075
 2031 2077
 2031 2032
 2032 2078
 2032 2077
 2033 2034
 2033 2080
 2034 2081
 2034 2035
 2035 2036
 2036 2082
 2036 2081
 2037 2082
 2037 2038
 2038 2084
 2038 2039
 2039 2085
 2039 2086
 2040 2086
 2040 2041
 2041 2042
 2041 2087
 2041 2086
 2042 2089
 2042 2043
 2043 2089
 2044 2089
 2044 2090
 2044 2045
 2045 2090
 2045 2046
 2046 2093
 2046 2047
 2046 2091
 2047 2093
 2047 2048
 2048 2095
 2048 2049
 2049 2050
 2049 2096
 2050 2097
 2050 2096
 2051 2052
 2051 2424
 2052 2099
 2052 2053
 2053 2100
 2053 2099
 2054 2101
 2054 2055
 2054 2100
 2055 2103
 2055 2102
 2056 2104
 2056 2103
 2058 2106
 2059 2106
 2059 2107
 2060 2061
 2060 2108
 2060 2107
 2061 2108
 2061 2109
 2061 2062
 2062 2109
 2062 2063
 2063 2111
 2064 2112
 2064 2065
 2065 2066
 2065 2112
 2066 2114
 2066 2113
 2066 2425
 2067 2114
 2067 2115
 2067 2068
 2068 2116
 2068 2069
 2068 2115
 2069 2116
 2070 2071
 2070 2117
 2071 2120
 2071 2072
 2071 2118
 2072 2121
 2073 2121
 2074 2075
 2074 2124
 2075 2076
 2075 2124
 2075 2171
 2076 2077
 2076 2125
 2076 2126
 2077 2078
 2078 2127
 2078 2423
 2079 2129
 2079 2127
 2079 2080
 2080 2081
 2080 2130
 2081 2132
 2081 2130
 2081 2082
 2082 2178
 2082 2133
 2082 2132
 2083 2134
 2083 2133
 2084 2085
 2084 2135
 2084 2134
 2085 2086
 2086 2136
 2086 2135
 2086 2087
 2087 2088
 2087 2136
 2088 2138
 2089 2139
 2089 2090
 2089 2138
 2090 2140
 2090 2139
 2091 2141
 2091 2140
 2091 2092
 2092 2143
 2092 2093
 2093 2094
 2094 2095
 2094 2144
 2094 2189
 2094 2143
 2095 2144
 2095 2096
 2096 2097
 2096 2145
 2097 2191
 2097 2424
 2097 2146
 2098 2424
 2098 2148
 2099 2149
 2099 2148
 2099 2100
 2100 2150
 2100 2149
 2101 2151
 2101 2150
 2101 2102
 2102 2103
 2102 2151
 2103 2153
 2103 2152
 2106 2200
 2106 2155
 2106 2154
 2107 2201
 2107 2155
 2107 2156
 2108 2109
 2108 2156
 2109 2202
 2109 2157
 2109 2156
 2110 2111
 2110 2157
 2111 2159
 2111 2112
 2112 2159
 2112 2113
 2113 2161
 2113 2114
 2114 2161
 2115 2163
 2116 2117
 2116 2163
 2117 2164
 2117 2118
 2118 2166
 2118 2119
 2119 2166
 2119 2120
 2120 2168
 2120 2121
 2121 2122
 2121 2168
 2122 2123
 2123 2170
 2123 2124
 2124 2170
 2125 2219
 2125 2171
 2126 2173
 2126 2127
 2126 2174
 2127 2174
 2127 2423
 2128 2129
 2128 2174
 2129 2176
 2130 2176
 2130 2131
 2131 2132
 2131 2176
 2132 2178
 2133 2178
 2134 2181
 2134 2135
 2134 2180
 2135 2181
 2135 2182
 2136 2184
 2136 2137
 2136 2182
 2137 2185
 2138 2185
 2138 2139
 2139 2186
 2139 2140
 2140 2186
 2141 2187
 2141 2186
 2142 2188
 2142 2187
 2142 2143
 2143 2418
 2144 2145
 2144 2189
 2145 2146
 2146 2191
 2146 2190
 2147 2148
 2147 2191
 2148 2193
 2148 2149
 2149 2241
 2149 2193
 2149 2150
 2150 2195
 2150 2194
 2151 2196
 2151 2195
 2152 2197
 2153 2197
 2154 2200
 2155 2201
 2156 2202
 2156 2201
 2157 2203
 2157 2202
 2158 2159
 2158 2203
 2159 2160
 2159 2205
 2160 2161
 2160 2205
 2161 2162
 2161 2208
 2161 2207
 2162 2163
 2163 2164
 2163 2209
 2164 2211
 2164 2209
 2164 2165
 2165 2212
 2165 2166
 2166 2256
 2166 2167
 2166 2212
 2167 2214
 2168 2169
 2168 2214
 2168 2215
 2169 2170
 2169 2215
 2169 2217
 2170 2218
 2170 2171
 2171 2218
 2172 2220
 2172 2219
 2173 2174
 2173 2221
 2173 2220
 2174 2221
 2175 2176
 2175 2221
 2176 2223
 2176 2177
 2177 2224
 2177 2178
 2177 2223
 2178 2224
 2178 2179
 2178 2225
 2179 2180
 2180 2181
 2180 2227
 2181 2227
 2182 2183
 2182 2426
 2183 2184
 2183 2229
 2183 2228
 2184 2230
 2184 2185
 2185 2231
 2185 2186
 2186 2233
 2186 2187
 2186 2231
 2187 2233
 2188 2277
 2188 2234
 2189 2236
 2189 2235
 2189 2418
 2190 2237
 2190 2279
 2190 2236
 2191 2192
 2191 2238
 2191 2237
 2192 2240
 2193 2241
 2193 2240
 2194 2242
 2194 2241
 2194 2195
 2195 2196
 2196 2197
 2196 2244
 2196 2243
 2197 2245
 2197 2244
 2200 2247
 2200 2246
 2201 2290
 2201 2248
 2201 2247
 2202 2249
 2202 2203
 2203 2293
 2203 2250
 2203 2204
 2203 2249
 2204 2251
 2204 2205
 2205 2295
 2205 2206
 2205 2251
 2206 2207
 2207 2297
 2207 2208
 2208 2297
 2208 2209
 2209 2254
 2209 2210
 2210 2301
 2210 2211
 2210 2255
 2210 2254
 2212 2302
 2212 2256
 2212 2255
 2213 2257
 2213 2256
 2214 2257
 2214 2215
 2215 2258
 2215 2216
 2215 2257
 2216 2217
 2217 2260
 2217 2218
 2218 2261
 2218 2219
 2219 2261
 2220 2309
 2220 2263
 2220 2221
 2221 2263
 2221 2222
 2222 2311
 2222 2223
 2222 2264
 2223 2266
 2223 2265
 2224 2225
 2224 2267
 2225 2267
 2226 2227
 2226 2267
 2227 2426
 2227 2269
 2228 2271
 2229 2230
 2229 2271
 2230 2273
 2230 2231
 2231 2273
 2231 2232
 2232 2275
 2232 2233
 2233 2275
 2234 2275
 2235 2236
 2235 2278
 2235 2277
 2235 2418
 2236 2278
 2237 2238
 2238 2281
 2238 2239
 2239 2240
 2239 2281
 2240 2283
 2240 2241
 2241 2285
 2241 2284
 2241 2242
 2242 2243
 2242 2285
 2243 2244
 2244 2287
 2244 2286
 2245 2287
 2247 2334
 2247 2290
 2247 2289
 2248 2249
 2248 2290
 2249 2338
 2249 2292
 2250 2251
 2250 2294
 2250 2342
 2251 2295
 2251 2294
 2252 2297
 2252 2295
 2253 2298
 2253 2254
 2253 2297
 2254 2298
 2254 2299
 2255 2301
 2256 2302
 2257 2258
 2257 2303
 2258 2304
 2258 2259
 2259 2306
 2259 2260
 2260 2307
 2260 2261
 2261 2308
 2261 2262
 2262 2309
 2263 2310
 2263 2309
 2263 2264
 2264 2311
 2265 2373
 2265 2311
 2266 2267
 2266 2312
 2267 2315
 2267 2268
 2267 2313
 2268 2269
 2269 2270
 2269 2317
 2269 2315
 2269 2426
 2270 2271
 2270 2426
 2271 2317
 2271 2272
 2272 2273
 2272 2319
 2273 2320
 2273 2274
 2274 2275
 2275 2322
 2275 2321
 2275 2276
 2275 2320
 2276 2323
 2277 2323
 2277 2278
 2278 2279
 2278 2324
 2278 2323
 2279 2325
 2279 2280
 2280 2281
 2281 2326
 2281 2325
 2282 2328
 2282 2326
 2282 2283
 2283 2284
 2284 2329
 2284 2328
 2284 2285
 2285 2329
 2285 2286
 2286 2331
 2286 2287
 2287 2332
 2287 2331
 2290 2336
 2290 2291
 2290 2334
 2291 2338
 2291 2336
 2292 2340
 2292 2293
 2292 2338
 2293 2342
 2293 2340
 2294 2344
 2294 2342
 2295 2296
 2295 2344
 2296 2347
 2296 2345
 2296 2297
 2297 2349
 2297 2347
 2298 2299
 2298 2349
 2299 2300
 2299 2350
 2300 2353
 2300 2351
 2300 2301
 2301 2355
 2301 2302
 2301 2353
 2302 2356
 2302 2303
 2303 2358
 2303 2304
 2303 2356
 2304 2360
 2304 2358
 2304 2305
 2305 2362
 2305 2306
 2305 2360
 2306 2364
 2306 2307
 2306 2362
 2307 2366
 2307 2364
 2307 2308
 2308 2368
 2308 2309
 2308 2366
 2309 2369
 2310 2371
 2310 2311
 2310 2369
 2311 2373
 2311 2371
 2312 2375
 2312 2313
 2312 2373
 2313 2376
 2313 2314
 2314 2378
 2314 2315
 2314 2376
 2315 2380
 2315 2378
 2315 2316
 2316 2382
 2316 2317
 2316 2380
 2317 2384
 2317 2382
 2317 2318
 2318 2386
 2318 2319
 2318 2384
 2319 2388
 2319 2320
 2319 2386
 2320 2390
 2320 2321
 2320 2388
 2321 2392
 2321 2390
 2322 2394
 2322 2323
 2322 2392
 2323 2396
 2323 2394
 2324 2398
 2324 2325
 2324 2396
 2325 2400
 2325 2398
 2325 2326
 2326 2401
 2326 2400
 2327 2403
 2327 2328
 2327 2401
 2328 2405
 2328 2403
 2329 2407
 2329 2330
 2329 2405
 2330 2409
 2330 2331
 2330 2407
 2331 2411
 2331 2409
 2331 2332
 2419 2420
 2420 2421
