    2  126
    2   82
    3   82
    4   83
    4   82
    6   84
    6   83
    8   84
    9   86
    9   85
   11  130
   11   87
   11   86
   13   87
   14   88
   14   89
   16  132
   16   90
   16   89
   18   91
   18   90
   19   92
   21   93
   21   92
   22   93
   23   94
   23   93
   25   94
   25   95
   27   96
   27   95
   28   96
   29   97
   29   96
   31   98
   31   97
   33  140
   33   99
   33   98
   34  100
   34   99
   36  101
   36  100
   38  102
   38  101
   39  102
   40  102
   40  103
   42  146
   42  104
   42  103
   44  105
   44  104
   46  106
   46  105
   48  106
   48  107
   50  150
   50  108
   50  107
   52  108
   53  110
   53  109
   55  111
   55  110
   57  153
   57  111
   57  112
   59  112
   59  113
   61  113
   61  114
   62  114
   62  115
   64  115
   64  116
   66  117
   66  116
   67  117
   68  118
   68  117
   70  119
   70  118
   71  120
   71  119
   73  121
   73  120
   75  122
   75  121
   77  123
   77  122
   79  165
   79  123
   81  126
   82  127
   82  126
   83  128
   83   84
   84   85
   85 2399
   85  129
   85   86
   87   88
   87  130
   88  174
   88   89
   88  131
   90   91
   90  132
   91  134
   91   92
   91  133
   93  136
   93   94
   93  135
   94  137
   94   95
   96  182
   96  181
   96   97
   96  138
   97   98
   98  140
   98  139
   99  141
   99  140
  100  101
  101  102
  101  142
  102  144
  102  143
  103  146
  103  144
  104  147
  104  105
  105  106
  106  147
  106  107
  107  150
  107  148
  108  195
  108  109
  108  150
  109  110
  109  195
  110  197
  110  196
  110  151
  110  152
  110  111
  111  153
  112  113
  112  153
  113  155
  113  154
  114  115
  115  116
  115  155
  115  157
  117  159
  117  158
  117  118
  118  119
  119  161
  119  160
  120 2398
  120  121
  121 2398
  121  122
  122  162
  122  123
  123  165
  123  164
  123  163
  124  165
  125  168
  126  169
  126  168
  126  127
  127  128
  127  169
  128 2399
  129  130
  129 2399
  130  131
  130  172
  131  173
  131  172
  132  133
  132 2407
  132  174
  133 2407
  133  134
  133  175
  134  135
  135  178
  135  177
  135  136
  136 2402
  136  137
  137  138
  137 2402
  137  179
  138  179
  139  140
  139  182
  140  141
  140  183
  140  184
  141  186
  141  142
  142  143
  142  187
  143  189
  143  144
  143  188
  144  189
  145  191
  145  146
  146  147
  146  191
  147  236
  147  237
  147  148
  147  192
  148  149
  149  193
  150  239
  150  195
  150  194
  152  197
  153  199
  153  154
  153  198
  154  244
  154  155
  154  199
  154  200
  155  156
  156  247
  156  201
  156  157
  156  246
  157  158
  157  201
  158  204
  158  159
  158  203
  159  205
  159  160
  160  161
  160  205
  162  207
  162  208
  162  163
  162 2398
  164  209
  164  165
  164  208
  165  211
  165  210
  168  212
  168  214
  168  213
  168  169
  169  215
  169  259
  169  214
  169  170
  170 2399
  171 2399
  171  172
  171  216
  172  217
  172  173
  173  218
  173  174
  173  217
  175  221
  175  220
  175 2407
  176  177
  176  221
  177  223
  177  178
  178 2402
  178  224
  178  223
  179  225
  179 2402
  180  181
  181  274
  181  227
  181  226
  181  182
  182  183
  183  228
  183  184
  183  227
  184  229
  184  228
  186  187
  186  229
  187  230
  187  188
  188  231
  188  230
  188  189
  189  190
  189  232
  189  231
  191  234
  191  233
  191  192
  192  236
  192  234
  193  194
  193  238
  193  237
  194  286
  194  238
  194  239
  195  241
  196  197
  196  241
  197  242
  197  198
  199  243
  199  244
  200  245
  200  246
  200  244
  201  295
  201  247
  201  248
  202  203
  203  249
  203  204
  203  248
  204  205
  205  299
  205  251
  205  206
  205  250
  206 2398
  207  253
  207  208
  207  252
  208  254
  208  209
  208  253
  209  255
  209  254
  209  210
  210  304
  210  256
  210  255
  212  258
  213  258
  214  259
  214  258
  215  261
  215  259
  216  262
  216  261
  216 2399
  217  263
  217  218
  217  262
  218  264
  218  219
  219 2407
  220  266
  220  267
  220 2407
  220  265
  221  222
  222  268
  222  223
  223  224
  223  268
  224  270
  224  269
  225  226
  226  272
  227  228
  227  274
  228  277
  228  276
  228  275
  229  278
  230  279
  230  231
  230  278
  231  280
  231  279
  232  280
  232  233
  234  282
  234  235
  234  281
  235  283
  235  282
  235  236
  236  284
  236  283
  238  286
  238  285
  239  287
  239  240
  239  286
  240  288
  240  241
  241  242
  242  334
  242  290
  242  243
  242  289
  243  292
  243  244
  244  292
  245  293
  247  295
  247  294
  248  249
  249  250
  249  298
  249  297
  250  299
  251  345
  251  300
  252  302
  252  253
  252  301
  252 2398
  253  254
  253  302
  254  255
  255  303
  256  304
  258  306
  258  307
  259  308
  259  260
  260  309
  260  308
  260  261
  261  262
  262  312
  262  263
  262  311
  263  313
  264  314
  264  313
  264  265
  265 2407
  266  316
  266  267
  266  315
  267  317
  268  318
  268  269
  268  317
  269  319
  269  318
  269  270
  270 2402
  270  319
  271  272
  271  320
  271 2402
  272  273
  273  274
  273  321
  274  322
  274  275
  275  323
  275  276
  275  322
  276  324
  276  323
  277  278
  278  325
  279  326
  279  280
  280  327
  280  281
  280  326
  282  330
  282  329
  282  283
  283  330
  284  331
  284  285
  286  378
  286  287
  287  379
  287  332
  287  378
  288  333
  288  289
  288  332
  290  382
  290  291
  290  334
  291  335
  291  336
  291  292
  292  337
  292  293
  293  294
  294  295
  294  338
  295  340
  295  339
  295  296
  296  297
  296  341
  297  298
  298  343
  298  342
  299  344
  299  345
  299  343
  300  301
  301  347
  301  346
  302  348
  302  347
  303  349
  303  348
  304  350
  304  349
  307  352
  307  351
  307  308
  308  353
  308  352
  308  309
  309  354
  309  353
  309  310
  310  355
  310  311
  310  354
  311  355
  311  312
  312  357
  312  313
  312  356
  313  359
  313  314
  314  315
  315  360
  315  316
  316  362
  316  317
  316  361
  318  364
  318  319
  318  363
  319  408
  319  365
  320  321
  320  366
  320  365
  321  366
  321  322
  322 2412
  322  367
  322  323
  323  369
  323  368
  324  370
  325  326
  325  370
  326  327
  326  371
  326  372
  327  374
  327  328
  328  329
  329  375
  329  330
  330  331
  330  377
  330  376
  331  378
  332  380
  332  333
  333  334
  334  381
  335  426
  335  336
  335  383
  335  382
  336  383
  336  337
  337  384
  337  338
  338  385
  339  386
  339  340
  339  385
  340  431
  340  387
  340  386
  341  342
  341  387
  342  343
  342  388
  343  389
  343  344
  344  390
  344  389
  345  346
  346  347
  346  391
  347  437
  347  392
  347  391
  347  348
  348  393
  348  392
  349  439
  349  394
  349  393
  350  394
  352  442
  352  397
  352  396
  352  353
  353  397
  353  354
  354  444
  355  399
  355  400
  355  356
  356  401
  356  357
  356  400
  357  402
  357  401
  357  358
  358  403
  358  359
  359  360
  360  404
  360  361
  361  362
  361  406
  361  405
  362  363
  363  364
  363  406
  364  452
  364  407
  364  408
  366  367
  366  409
  366  410
  368  411
  368  412
  368 2412
  369  458
  369  413
  369  412
  370  414
  370  413
  371  415
  371  414
  372  416
  372  373
  372  415
  373  374
  373  417
  374  375
  375  376
  375  417
  376  419
  376  418
  376  377
  377  378
  377  421
  378  379
  379  422
  379  421
  380  381
  380  423
  381  424
  381  382
  382  424
  383  428
  383  427
  383  384
  383  426
  384  429
  384  385
  386  431
  386  430
  387  432
  388  389
  388  433
  388  432
  389  433
  389  434
  390  436
  390  391
  390  434
  391  437
  391  436
  392  438
  392  437
  393  438
  394  484
  394  440
  396  442
  397  398
  397  442
  398  490
  398  444
  399  445
  399  400
  399  444
  400  492
  401  446
  401  402
  402  493
  402  447
  402  446
  403  448
  403  404
  403  447
  404  449
  404  448
  404  405
  405  450
  405  406
  406  450
  406  451
  406  407
  407  499
  407  452
  407  451
  408  453
  409  410
  409  453
  410 2413
  410  454
  411  457
  411  456
  411  412
  411  455
  412  458
  412  457
  413  414
  414  415
  414  459
  415  460
  415  461
  416  462
  416  417
  416  461
  416  463
  417  418
  418  465
  418  464
  418  419
  419  466
  419  420
  419  465
  420  467
  420  421
  421  468
  422  423
  422  468
  423  469
  423  424
  424  425
  424  472
  424  471
  425  473
  425  472
  425  426
  426  473
  427  474
  427  428
  427  473
  428  429
  429  430
  429  474
  430  525
  430  431
  430  475
  431  476
  431  477
  432  477
  433  479
  433  434
  433  478
  434  479
  434  435
  435  436
  435  480
  435  481
  435  479
  436  437
  436  481
  437  483
  437  438
  438 2400
  438  483
  439  484
  439 2400
  440  484
  441  442
  441  487
  442  443
  442  487
  444  445
  445  542
  445  491
  446  493
  446  492
  447  494
  447  448
  447  493
  448  496
  448  449
  448  494
  449  497
  449  496
  449  450
  450  497
  450  451
  451  548
  451  499
  451  498
  452  501
  452  499
  452  453
  453  454
  454 2413
  454  503
  454  502
  454  455
  455  504
  455  503
  455  456
  455 2412
  456  505
  456  504
  457  505
  458  506
  459  460
  459  506
  460  558
  460  509
  460  507
  460  461
  461  509
  462  559
  462  463
  462  510
  462  509
  463  512
  463  511
  463  510
  463  464
  464  465
  464  512
  465  513
  465  512
  465  466
  466  514
  467  515
  467  468
  467  514
  468  516
  468  469
  468  515
  469  567
  469  517
  469  470
  469  516
  470  518
  470  519
  470  517
  470  471
  471  520
  471  519
  471  472
  472  522
  472  473
  472  520
  473  474
  474  523
  474  524
  475  525
  475  524
  476  527
  476  526
  476  477
  476  525
  477  478
  477  527
  478  528
  478  479
  478  527
  478  529
  479  529
  479  530
  479  480
  480  481
  480  530
  481  531
  481  482
  482  483
  482  532
  483 2400
  484  535
  484  534
  484 2400
  485  535
  487  537
  487  538
  488  489
  489  490
  489  539
  489  538
  489  540
  491  543
  491  492
  492  543
  493  494
  493  544
  493  543
  494  545
  494  495
  494  593
  495  594
  495  545
  495  546
  496  547
  496  497
  497  547
  498  547
  499  500
  499  548
  500  550
  500  501
  500  549
  501  551
  501  550
  501  502
  502  503
  502  552
  502  551
  504  505
  504  553
  504  552
  505  553
  505  554
  505  506
  506  555
  506  556
  506  554
  507  557
  507  508
  507  556
  508  558
  509  558
  510  560
  510  559
  510  561
  511  512
  512  513
  512  563
  513  563
  513  514
  513  564
  513  565
  514  515
  515  566
  515  565
  516  613
  516  567
  516  566
  517  568
  517  567
  518  519
  519  569
  519  568
  519  520
  520  521
  520  569
  521  617
  521  571
  521  522
  522  523
  523  524
  523  571
  524  620
  524  574
  524  572
  524  573
  524  525
  525  574
  526  575
  526  574
  526  527
  527  576
  527  528
  527  575
  528  624
  528  529
  528  577
  529  530
  530  578
  530  577
  531  579
  532  580
  533 2400
  533  581
  534  630
  534  583
  534 2400
  535  584
  537  586
  537  538
  538  586
  539  588
  539  635
  539  540
  539  587
  540  588
  540  541
  541  589
  541  588
  541  542
  543  544
  543  591
  543  590
  544  592
  544  591
  545  594
  546  595
  546  547
  546  594
  547  548
  547  596
  548  596
  548  597
  549  598
  549  550
  550  551
  550  599
  551  600
  551  552
  552  553
  552  600
  553  601
  553  600
  554  601
  554  555
  555  556
  555  602
  556  604
  556  557
  556  603
  557  605
  557  558
  557  606
  557  604
  558  606
  559  655
  559  560
  560  608
  560  607
  561  608
  561  562
  562  610
  562  609
  562  563
  562  608
  563  564
  563  611
  564  565
  565  566
  566  660
  566  612
  567  615
  567  568
  567  613
  568  569
  569  616
  569  615
  570  616
  570  617
  571  618
  571  572
  571  617
  572  619
  572  618
  572  573
  573  620
  573  619
  574  575
  574  620
  575  623
  575  622
  575  576
  576  624
  577  625
  577  578
  577  624
  578  626
  578  579
  578  625
  579  627
  579  580
  580  628
  580  627
  581  629
  581  582
  581  628
  582  678
  582  630
  582  629
  582 2401
  583  631
  583  584
  583  630
  584  631
  585  634
  586  634
  586  587
  587  635
  587  634
  588  636
  588  637
  588  589
  589  590
  589  637
  590  685
  590  591
  590  637
  590  638
  591  639
  591  592
  592  593
  592  639
  593  641
  593  594
  594  595
  594  641
  594  643
  595  644
  595  596
  596  645
  596  597
  597  646
  597  645
  597  598
  598  647
  598  693
  598  599
  598  646
  599  648
  599  600
  599  647
  600  648
  600  601
  601  602
  601  650
  601  696
  602  698
  602  650
  602  651
  602  603
  603  652
  603  651
  603  604
  604  700
  604  653
  604  605
  605  606
  605  653
  606  701
  606  654
  607  656
  607  655
  607  608
  608  609
  608  657
  609  658
  609  657
  610  611
  611  706
  611  660
  611  658
  611  612
  612  660
  613  661
  613  660
  614  615
  614  661
  615  616
  615  662
  615  664
  616  617
  616  664
  617  665
  617  666
  618  667
  618  666
  618  619
  619  669
  619  620
  619  667
  620  715
  620  670
  620  621
  622  671
  622  623
  623  719
  623  673
  623  672
  623  624
  624  674
  624  625
  625  626
  626  675
  626  627
  626  674
  627  676
  627  628
  627  675
  628  677
  628  629
  629  677
  630  679
  630  678
  631  679
  632  679
  633  634
  633  682
  634  635
  635  683
  635  636
  636  684
  636  637
  637  685
  638  686
  638  685
  639  686
  639  687
  639  640
  640  641
  641  688
  641  687
  642  643
  643  644
  643  689
  643  690
  644  645
  644  690
  644  692
  645  692
  646  693
  646  692
  647  694
  647  742
  647  648
  647  693
  648  649
  648  694
  649  695
  649  745
  649  696
  650  698
  650  696
  651  699
  651  698
  652  700
  653  700
  654  749
  654  700
  655  750
  655  702
  655  656
  655  701
  656  703
  656  702
  657  704
  657  658
  658  705
  658  659
  658  704
  659  706
  659  705
  660  708
  660  706
  660  661
  661  708
  662  663
  662  709
  662  708
  663  664
  663  709
  663  710
  663  711
  664  758
  664  712
  664  711
  666  713
  666  712
  666  667
  667  714
  667  713
  668  714
  668  669
  669  714
  670  716
  670  671
  670  715
  671  717
  671  716
  671  672
  672  718
  672  719
  672  717
  673  674
  673  720
  673  719
  674  721
  674  720
  674  675
  675  723
  675  722
  675  721
  676  769
  676  724
  677  725
  677  724
  678  726
  678  725
  679  727
  679  726
  680  727
  682  729
  683  731
  684  732
  685  733
  685  686
  686  687
  686  734
  686  735
  687  736
  687  735
  687  688
  688  689
  688  736
  689  737
  689  690
  689  736
  690  691
  690  737
  691  739
  691  692
  692  739
  692  693
  693  741
  693  740
  694  695
  694  742
  695  744
  695  745
  695  743
  696  745
  697  794
  697  746
  697  745
  697  698
  698  747
  698  699
  699  796
  699  700
  699  748
  699  747
  700  797
  700  749
  701  750
  701  749
  702  799
  702  703
  702  750
  703  800
  703  752
  703  751
  703  704
  704  753
  704  705
  705  706
  706  754
  706  753
  707  805
  707  755
  707  708
  707  754
  708  756
  708  709
  708  755
  709  806
  709  757
  709  756
  711  808
  711  758
  711  757
  712  759
  712  713
  712  809
  713  714
  713  759
  713  761
  714  715
  715  762
  715  761
  715  716
  716  763
  716  762
  717  763
  718  765
  718  719
  718  764
  719  765
  719  720
  720  721
  720  767
  721  819
  721  768
  721  767
  722  768
  723  820
  723  769
  723  768
  724  770
  725  822
  725  771
  726  771
  727  773
  727  772
  729  730
  729  775
  730  775
  730  731
  730  776
  731  732
  731  777
  731  776
  732  828
  732  778
  732  777
  733  779
  733  778
  734  735
  734  781
  734  780
  735  736
  736  737
  736  782
  737  785
  737  783
  737  738
  738  739
  739  786
  739  787
  739  785
  740  741
  741  839
  741  789
  741  788
  742  789
  743  791
  743  789
  743  790
  743  744
  744  792
  744  745
  745  794
  745  792
  747  795
  747  796
  747  794
  748  845
  748  797
  748  796
  749  798
  749  750
  750  798
  751  799
  752  753
  752  800
  753  803
  753  754
  753  802
  754  803
  754  805
  755  806
  755  756
  757  808
  757  806
  758  809
  758  808
  759  810
  759  809
  760  858
  760  761
  760  810
  761  813
  761  811
  761  762
  762  763
  762  813
  763  764
  763  814
  764  815
  764  765
  765  863
  765  817
  765  816
  766  818
  766  767
  767  818
  769  867
  769  821
  769  770
  769  820
  770  868
  770  822
  770  821
  771  823
  771  772
  771  822
  772  870
  772  824
  772  823
  774  826
  775  826
  776  777
  776  827
  776  826
  777  827
  777  828
  778  875
  778  829
  778  828
  779  780
  779  829
  780  830
  780  829
  780  781
  781  832
  781  831
  781  782
  781  830
  782  833
  782  783
  783  784
  784  834
  784  785
  784  835
  784  833
  785  835
  785  836
  785  786
  786  837
  786  836
  787  837
  787  788
  788  839
  788  837
  789  839
  790  885
  790  791
  790  840
  790  839
  791  840
  791  841
  791  792
  793  888
  793  842
  793  794
  793  841
  794  842
  794  843
  794  795
  796  891
  796  844
  797  846
  797  798
  797  845
  798  894
  798  847
  798  846
  799  848
  799  800
  799  847
  800  848
  800  849
  800  801
  801  850
  801  802
  801  849
  802  850
  802  803
  803  851
  803  850
  804  852
  804  851
  804  805
  805  853
  805  806
  806  854
  806  807
  806  855
  806  853
  807  855
  807  856
  807  808
  808  809
  809  857
  809  856
  811  859
  811  812
  811  858
  813  860
  813  814
  813  859
  814  860
  814  861
  815  861
  815  816
  816  863
  816  862
  816  861
  817  912
  817  864
  817  818
  817  863
  818  865
  818  864
  819  865
  819  820
  820  915
  820  866
  820  865
  821  867
  822  823
  822  868
  823  869
  824  870
  826  872
  826  873
  827  874
  827  873
  828  875
  829  925
  829  830
  830  831
  830  876
  830  925
  831  832
  831  877
  832  878
  832  833
  833  834
  833  878
  834  835
  834  880
  834  878
  835  881
  835  880
  837  882
  837  838
  838  884
  838  839
  838  882
  839  885
  840  887
  840  841
  840  885
  841  887
  841  888
  842  843
  842  889
  842  888
  843  890
  843  889
  843  844
  844  891
  844  890
  845  892
  845  846
  845  891
  846  893
  846  892
  847  896
  847  848
  847  894
  848  897
  848  896
  849  898
  849  850
  850  899
  850  851
  851  900
  851  852
  852  901
  852  900
  852  853
  853  854
  853  902
  854  903
  854  902
  855  904
  855  856
  856  905
  856  857
  856  904
  857  905
  857  858
  858  906
  858  859
  858  905
  859  952
  859  907
  859  906
  859  860
  860  861
  860  907
  861  862
  861  908
  861  909
  862  910
  862  911
  863  912
  864  960
  864  865
  864  912
  865  915
  865  960
  866  916
  866  915
  867  916
  868  917
  868  916
  869  918
  870  919
  870  918
  871  919
  872  873
  872  922
  873  874
  874  924
  874  923
  875  973
  875  924
  876  877
  876  927
  876  925
  877  976
  877  927
  877  928
  877  878
  878  879
  878  928
  879  978
  879  930
  879  929
  880  931
  880  881
  881  931
  881  882
  882  980
  882  883
  882  932
  882  931
  883  982
  883  884
  884  933
  885  983
  885  933
  886  935
  886  934
  887  936
  887  888
  888  936
  889  987
  889  890
  889  936
  890  937
  890  938
  891  892
  892  938
  892  939
  893  990
  893  940
  893  939
  895  991
  895  941
  895  940
  896  941
  896  897
  896  942
  897  898
  897  943
  898  944
  898  899
  899  900
  899  944
  900  901
  900  944
  901  947
  901  902
  901  946
  902  947
  903  948
  903  904
  903  947
  904  905
  904  948
  905  906
  905  949
  906  950
  906  951
  907  908
  907  954
  907  952
  908  955
  908 1004
  908  954
  908  909
  909  910
  909  955
  910  956
  910  957
  911  912
  911  958
  913  958
  914  961
  914  960
  914  915
  915  961
  916  963
  917 1011
  917  964
  917  918
  918  965
  918  964
  919  967
  919  966
  921  969
  923  970
  924  971
  924  972
  925  974
  925  975
  925  973
  926  975
  927 1022
  927  975
  927  976
  928 1023
  928  977
  928  929
  929  977
  930  979
  930  931
  930  978
  931  979
  932  982
  932  981
  932  980
  933  983
  933  982
  934  984
  934  935
  934  983
  935  985
  935  936
  935  984
  936  987
  936  985
  937  988
  937  938
  938  988
  938  989
  938  939
  939  990
  939 1035
  940  991
  940  990
  941  942
  941  991
  942  992
  942  993
  942  943
  943  994
  943  944
  943  995
  943  993
  944  945
  945  996
  945  995
  945  946
  946  947
  946  998
  946  996
  947  999
  947  948
  949 1000
  949  999
  949  950
  950 1001
  950  951
  950 1000
  951 1047
  951 1002
  951 1001
  952  953
  953 1003
  953 1002
  955 1050
  955 1005
  955 1004
  956  957
  957 1006
  957  958
  957 1005
  958 1007
  958 1006
  958  959
  959  960
  959 1007
  960 1009
  960 1008
  960  961
  961 2415
  961  962
  961 1009
  962 1010
  962  963
  962 2415
  963 1011
  963 1010
  964 1057
  964 1012
  965 1012
  965  966
  966 1014
  966 1013
  966 1012
  968  969
  968 1016
  969 1016
  969 1017
  969  970
  970 1018
  970  971
  970 1017
  971 1018
  972  973
  972 1019
  972 1018
  973 1019
  974  975
  974 1020
  974 1019
  975 1020
  975 1021
  976 1022
  977 1069
  977 1068
  977  978
  977 1023
  978 1024
  978 1025
  978  979
  979 1026
  979  980
  979 1070
  980 1027
  980 1026
  980  981
  981 1028
  981 1073
  981 1027
  982 1029
  982  983
  982 1028
  983  984
  984 1076
  984  985
  984 1029
  985 1030
  985 1032
  986 1032
  986  987
  987 1033
  987  988
  987 1032
  988  989
  988 1034
  989 1034
  990  991
  990 1035
  991 1036
  991 1037
  992 1038
  992  993
  993 1039
  993  994
  994 1041
  994  995
  994 1039
  995  996
  996 1042
  996 1043
  996 1041
  997  998
  998  999
  998 1043
  998 1045
  999 1045
  999 1000
 1000 1001
 1000 1045
 1001 1046
 1002 1003
 1002 1049
 1002 1047
 1003 1049
 1003 1004
 1004 1049
 1005 1100
 1005 1051
 1005 1006
 1005 1050
 1006 1007
 1006 1051
 1007 1008
 1007 1052
 1008 1055
 1008 1009
 1008 1053
 1009 2414
 1009 1055
 1010 1011
 1010 2415
 1011 1057
 1011 1056
 1012 2404
 1012 1058
 1012 1013
 1012 1057
 1013 1059
 1014 1059
 1016 1062
 1016 1061
 1017 1063
 1017 1062
 1018 1064
 1018 1063
 1019 1065
 1019 1064
 1020 1066
 1020 1021
 1020 1065
 1021 1117
 1021 1066
 1021 1067
 1022 1023
 1023 1068
 1023 1067
 1025 1069
 1026 1027
 1026 1070
 1027 1073
 1027 1071
 1028 1029
 1028 1073
 1029 1074
 1029 1075
 1029 1076
 1030 1077
 1030 1031
 1030 1076
 1031 1078
 1031 1032
 1031 1077
 1032 1033
 1032 1078
 1033 1034
 1033 1079
 1033 1129
 1033 1080
 1034 1080
 1034 1081
 1035 1083
 1035 1081
 1035 1036
 1036 1037
 1037 1085
 1037 1084
 1037 1038
 1037 1083
 1038 1136
 1038 1086
 1038 1039
 1038 1085
 1040 1087
 1040 1086
 1040 1041
 1041 1088
 1041 1087
 1041 1042
 1042 1088
 1043 1090
 1043 1089
 1043 1044
 1044 1091
 1044 1045
 1044 1090
 1045 1094
 1045 1092
 1045 1046
 1046 1047
 1046 1094
 1047 1095
 1047 1048
 1048 1098
 1048 1097
 1048 1049
 1048 1096
 1049 1099
 1049 1050
 1050 1100
 1050 1099
 1051 1101
 1051 1148
 1052 1102
 1052 1101
 1052 1053
 1053 1149
 1053 1054
 1054 1104
 1054 1055
 1054 1103
 1055 1104
 1055 1105
 1056 1106
 1056 1057
 1057 2404
 1058 1109
 1058 1059
 1058 2404
 1059 1110
 1059 1109
 1061 1112
 1062 1159
 1062 1112
 1062 1113
 1063 1159
 1063 1114
 1064 1115
 1064 1114
 1065 1115
 1065 1066
 1066 1117
 1066 1116
 1067 1163
 1067 1068
 1067 1117
 1068 1120
 1068 1119
 1068 1069
 1069 1070
 1070 1122
 1070 1121
 1070 1120
 1070 1071
 1071 1072
 1071 1123
 1072 1123
 1072 1124
 1072 1073
 1073 1124
 1074 1125
 1076 1125
 1076 1126
 1076 1077
 1077 1172
 1077 1127
 1077 1126
 1078 1079
 1078 1128
 1079 1129
 1079 1128
 1080 1081
 1080 1131
 1080 1129
 1081 1131
 1082 1133
 1082 1132
 1082 1083
 1082 1131
 1083 1178
 1083 1133
 1083 1134
 1083 1084
 1084 1134
 1085 1180
 1085 1179
 1085 1136
 1085 1135
 1086 1137
 1086 1087
 1086 1136
 1087 1183
 1087 1137
 1087 1138
 1088 1139
 1088 1089
 1089 1090
 1089 1140
 1089 1139
 1090 1140
 1091 1140
 1091 1187
 1091 1141
 1093 1188
 1093 1141
 1093 1142
 1093 1094
 1094 1143
 1094 1142
 1096 1190
 1096 1144
 1096 1097
 1096 1143
 1097 1145
 1097 1144
 1098 1099
 1099 1100
 1099 1145
 1100 1147
 1100 1146
 1100 1148
 1101 1148
 1101 1195
 1101 1149
 1103 1150
 1103 1104
 1103 1149
 1104 1151
 1104 1105
 1105 1151
 1105 1152
 1106 2414
 1106 1154
 1106 1153
 1107 1155
 1107 2404
 1108 1156
 1108 2406
 1109 1157
 1112 1205
 1112 1158
 1113 1205
 1114 1206
 1114 1160
 1115 1162
 1115 1161
 1115 1160
 1116 1117
 1116 1162
 1117 1209
 1117 1162
 1118 1164
 1118 1163
 1119 1211
 1119 1120
 1119 1165
 1120 1121
 1121 1166
 1121 1165
 1122 1214
 1122 1167
 1122 1166
 1122 1123
 1123 1124
 1123 1167
 1124 1169
 1124 1168
 1124 1125
 1125 1170
 1125 1171
 1125 1169
 1125 1126
 1126 1171
 1127 1173
 1127 1128
 1127 1172
 1128 1129
 1128 1174
 1129 1174
 1129 1130
 1130 1131
 1130 1174
 1131 1176
 1131 1175
 1132 1176
 1132 1177
 1133 1178
 1134 1226
 1134 1179
 1134 1178
 1135 1179
 1136 1182
 1136 1137
 1136 1180
 1137 1230
 1137 1182
 1138 1184
 1138 1139
 1138 1183
 1139 1186
 1139 1140
 1139 1184
 1140 1187
 1140 1186
 1141 1188
 1141 1187
 1142 1189
 1142 1143
 1142 1188
 1143 1190
 1143 1189
 1144 1145
 1144 1192
 1144 1190
 1145 1146
 1146 1147
 1146 1193
 1146 1194
 1146 1192
 1147 1148
 1148 1242
 1148 1194
 1148 1195
 1149 1150
 1149 1196
 1149 1195
 1150 1151
 1151 1198
 1151 1197
 1152 1199
 1152 1198
 1152 1153
 1152 2414
 1153 1200
 1153 1199
 1154 1200
 1154 1155
 1155 2406
 1155 1201
 1155 1200
 1156 2406
 1156 1202
 1156 1157
 1156 1201
 1157 1202
 1158 1205
 1159 1206
 1159 1205
 1160 1161
 1160 1207
 1161 1208
 1161 1162
 1162 1209
 1162 1256
 1163 1258
 1163 1164
 1163 1210
 1163 1209
 1164 1210
 1164 1211
 1165 1212
 1165 1166
 1165 1211
 1166 1212
 1166 1214
 1167 1215
 1167 1214
 1168 1169
 1168 1216
 1169 1218
 1169 1216
 1169 1170
 1170 1171
 1170 1219
 1170 1218
 1171 1267
 1171 1220
 1171 1172
 1172 1173
 1173 1222
 1173 1174
 1173 1220
 1174 1222
 1175 1222
 1175 1223
 1175 1176
 1176 1177
 1176 1225
 1176 1223
 1177 1225
 1177 1178
 1178 1226
 1178 1225
 1179 1227
 1179 1226
 1180 1181
 1181 1228
 1182 1230
 1182 1228
 1183 1231
 1183 1230
 1184 1232
 1184 1185
 1185 1186
 1186 1233
 1186 1187
 1187 1188
 1187 1233
 1188 1236
 1188 1189
 1188 1234
 1189 1236
 1190 1191
 1190 1236
 1191 1192
 1191 1238
 1191 1239
 1191 1237
 1192 1240
 1192 1193
 1192 1239
 1193 1240
 1193 1194
 1194 1241
 1194 1242
 1195 1196
 1195 1242
 1196 1244
 1196 1243
 1196 1245
 1196 1197
 1197 1198
 1197 1246
 1197 1245
 1198 1247
 1199 1200
 1199 1247
 1200 1201
 1200 1248
 1201 1249
 1201 1202
 1201 2406
 1202 1203
 1203 1250
 1204 1253
 1205 1253
 1206 1254
 1206 1253
 1207 1255
 1208 1256
 1208 1255
 1209 1258
 1209 1256
 1210 1211
 1210 1259
 1210 1258
 1211 1259
 1211 1212
 1212 1261
 1212 1260
 1213 1261
 1214 1262
 1214 1215
 1215 1216
 1215 1262
 1216 1309
 1216 1263
 1216 1264
 1217 1264
 1217 1218
 1218 1265
 1218 1219
 1218 1264
 1219 1266
 1219 1265
 1220 1268
 1220 1221
 1220 1267
 1221 1222
 1221 1269
 1222 1269
 1222 1271
 1222 1223
 1223 1272
 1223 1271
 1224 1225
 1225 1317
 1225 1226
 1225 1274
 1226 1274
 1226 1275
 1227 1276
 1227 1228
 1228 1229
 1229 1277
 1229 1276
 1230 1278
 1230 1231
 1230 1277
 1231 1278
 1231 1232
 1232 1233
 1232 1278
 1233 1234
 1233 1279
 1234 1280
 1234 1235
 1235 1283
 1235 1236
 1235 1282
 1235 1281
 1236 1283
 1237 1238
 1238 1285
 1238 1284
 1239 1331
 1239 1285
 1239 1286
 1239 1240
 1240 1241
 1241 1242
 1241 1286
 1241 1287
 1241 1288
 1242 1288
 1242 1289
 1243 1334
 1243 1244
 1243 1289
 1243 1290
 1244 1290
 1244 1291
 1245 1246
 1246 1337
 1246 1292
 1246 1247
 1246 1291
 1247 1293
 1247 1292
 1248 1295
 1248 1294
 1249 1296
 1249 1295
 1250 1343
 1250 1297
 1250 1296
 1252 1299
 1252 1253
 1253 1254
 1253 1300
 1254 1301
 1254 1255
 1255 1302
 1255 1301
 1256 1350
 1256 1303
 1256 1302
 1256 1257
 1258 1304
 1258 1259
 1258 1303
 1259 1352
 1259 1305
 1259 1304
 1260 1306
 1260 1261
 1261 1262
 1262 1307
 1262 1263
 1262 1308
 1262 1306
 1263 1309
 1263 1308
 1264 1309
 1265 1311
 1265 1309
 1265 1266
 1266 1312
 1266 1311
 1267 1313
 1267 1268
 1268 1269
 1268 1313
 1269 1314
 1269 1313
 1270 1363
 1270 1315
 1270 1271
 1270 1314
 1271 1315
 1271 1316
 1272 1273
 1272 1316
 1273 1317
 1273 1316
 1274 1275
 1274 1317
 1275 1320
 1275 1276
 1275 1319
 1275 1318
 1276 1320
 1276 1321
 1276 1277
 1277 1278
 1278 1321
 1278 1323
 1278 1279
 1279 1280
 1279 1324
 1279 1323
 1280 1325
 1281 1326
 1281 1282
 1282 1283
 1283 1327
 1283 1328
 1283 1284
 1283 1326
 1284 1328
 1284 1329
 1284 1285
 1285 1330
 1285 1329
 1286 1332
 1286 1287
 1286 1380
 1286 1331
 1287 1381
 1287 1332
 1287 1333
 1288 1333
 1289 1334
 1290 1336
 1290 1291
 1290 1334
 1291 1337
 1291 1336
 1292 1339
 1292 1338
 1292 1337
 1293 1340
 1293 1294
 1293 1339
 1294 1340
 1294 1295
 1295 1341
 1295 1296
 1296 1343
 1297 1343
 1299 1346
 1299 1345
 1300 1347
 1301 1348
 1301 1347
 1302 1350
 1302 1349
 1303 1398
 1303 1304
 1303 1351
 1303 1350
 1304 1351
 1305 1306
 1305 1353
 1305 1354
 1305 1352
 1306 1354
 1306 1307
 1307 1403
 1307 1308
 1307 1356
 1308 1404
 1308 1357
 1308 1309
 1309 1358
 1309 1357
 1311 1407
 1311 1359
 1311 1312
 1311 1358
 1312 1361
 1312 1360
 1312 1313
 1312 1359
 1313 1362
 1313 1314
 1314 1363
 1315 1364
 1315 1316
 1315 1365
 1316 1317
 1316 1366
 1317 1366
 1317 1367
 1318 1319
 1319 1320
 1319 1368
 1319 1367
 1320 1417
 1320 1370
 1320 1321
 1321 1372
 1321 1322
 1321 1370
 1322 1323
 1322 1372
 1323 1372
 1323 1373
 1324 1375
 1324 1373
 1324 1325
 1325 1376
 1325 1326
 1325 1375
 1326 1327
 1327 1376
 1327 1377
 1328 1377
 1329 1330
 1329 1377
 1330 1379
 1330 1378
 1331 1379
 1332 1428
 1332 1381
 1333 1383
 1333 1382
 1333 1334
 1333 1381
 1334 1335
 1334 1383
 1335 1385
 1335 1336
 1336 1432
 1336 1386
 1336 1337
 1337 1386
 1337 1338
 1338 1387
 1338 1386
 1339 1387
 1340 1389
 1340 1388
 1341 1389
 1341 1390
 1342 1391
 1344 1392
 1346 1395
 1346 1441
 1346 1394
 1346 1347
 1347 1395
 1348 1349
 1348 1396
 1348 1395
 1349 1396
 1349 1398
 1349 1397
 1350 1398
 1351 1400
 1351 1399
 1351 1398
 1352 1401
 1352 1353
 1353 1354
 1354 1401
 1355 1402
 1355 1403
 1356 1404
 1357 1358
 1357 1406
 1357 1404
 1358 1406
 1358 1407
 1359 1408
 1359 1407
 1360 1408
 1360 1409
 1360 1361
 1361 1362
 1362 1409
 1363 1411
 1363 1410
 1364 1365
 1365 1411
 1365 1412
 1366 1413
 1366 1367
 1366 1412
 1367 1415
 1367 1414
 1367 1413
 1367 1368
 1368 1462
 1368 1416
 1368 1415
 1369 1416
 1369 1417
 1370 1418
 1370 1417
 1371 1419
 1371 1372
 1371 1418
 1372 1373
 1372 1420
 1373 1420
 1374 1375
 1375 1423
 1375 1421
 1375 1376
 1376 1470
 1376 1424
 1376 1423
 1376 1377
 1377 1426
 1377 1378
 1377 1424
 1378 1427
 1378 1379
 1379 1380
 1379 1428
 1381 1428
 1382 1477
 1382 1429
 1382 1383
 1383 1431
 1383 1430
 1385 1432
 1385 1431
 1386 1434
 1386 1387
 1386 1432
 1387 1435
 1387 1388
 1388 1435
 1389 1482
 1389 1436
 1390 1437
 1390 1391
 1391 1438
 1391 1392
 1391 1437
 1392 1439
 1392 1438
 1392 1393
 1394 1441
 1395 1489
 1395 1396
 1395 1442
 1395 1488
 1396 1443
 1396 1397
 1397 1398
 1398 1444
 1398 1399
 1399 1493
 1399 1445
 1399 1444
 1400 1401
 1401 1447
 1401 1402
 1401 1445
 1402 1447
 1402 1403
 1402 1448
 1403 1448
 1403 1449
 1403 1404
 1404 1498
 1404 1450
 1405 1450
 1406 1451
 1406 1407
 1406 1450
 1407 1452
 1407 1408
 1407 1451
 1408 1409
 1408 1453
 1408 1452
 1409 1410
 1409 1454
 1410 1457
 1410 1455
 1410 1456
 1410 1411
 1411 1504
 1411 1458
 1411 1457
 1411 1412
 1412 1460
 1412 1413
 1412 1458
 1413 1460
 1414 1461
 1414 1460
 1415 1461
 1415 1462
 1416 1463
 1416 1462
 1417 1464
 1417 1418
 1417 1463
 1418 1419
 1418 1464
 1419 1465
 1419 1466
 1419 1420
 1420 1467
 1420 1421
 1420 1466
 1421 1469
 1421 1422
 1421 1467
 1422 1469
 1424 1471
 1424 1470
 1425 1426
 1426 1472
 1426 1427
 1426 1471
 1426 1473
 1427 1474
 1427 1473
 1427 1428
 1428 1429
 1428 1476
 1428 1475
 1428 1474
 1429 1477
 1429 1476
 1430 1431
 1430 1478
 1430 1477
 1431 1479
 1431 1432
 1431 1478
 1432 1433
 1433 1434
 1433 1479
 1434 1480
 1434 1481
 1434 1435
 1435 1482
 1435 1481
 1436 1483
 1436 1437
 1436 1482
 1437 1485
 1437 1484
 1437 1483
 1438 1486
 1438 1485
 1441 1488
 1441 1487
 1442 1490
 1443 1490
 1443 1491
 1444 1493
 1444 1491
 1444 1492
 1445 1494
 1445 1446
 1445 1493
 1446 1541
 1447 1496
 1447 1495
 1447 1448
 1448 1543
 1448 1449
 1448 1497
 1449 1498
 1449 1544
 1450 1499
 1450 1498
 1451 1452
 1452 1453
 1452 1499
 1452 1546
 1453 1500
 1453 1501
 1454 1502
 1454 1501
 1455 1456
 1455 1503
 1455 1502
 1456 1503
 1457 1504
 1458 1505
 1458 1504
 1459 1506
 1459 1460
 1460 1508
 1460 1461
 1460 1506
 1461 1508
 1462 1508
 1462 1509
 1463 1464
 1464 1509
 1464 1465
 1465 1558
 1465 1511
 1465 1510
 1465 1466
 1466 1467
 1466 1513
 1466 1511
 1467 1513
 1468 1469
 1468 1514
 1468 1513
 1469 1516
 1469 1515
 1469 1470
 1469 1514
 1470 1516
 1470 1471
 1471 1517
 1471 1472
 1471 1518
 1471 1516
 1472 1518
 1472 1473
 1473 1520
 1473 1519
 1475 1522
 1475 1521
 1475 1476
 1476 1523
 1476 1522
 1477 1524
 1477 1478
 1478 1479
 1478 1525
 1479 1526
 1479 1480
 1479 1525
 1480 1527
 1480 1526
 1480 1481
 1481 2418
 1481 1528
 1481 1527
 1482 1529
 1482 1528
 1483 1484
 1483 1529
 1484 1530
 1484 1485
 1485 1532
 1485 1531
 1486 1532
 1488 1581
 1488 1534
 1489 1535
 1490 1537
 1490 1536
 1491 1538
 1491 1537
 1492 1493
 1492 1539
 1493 1540
 1493 1494
 1493 1539
 1494 1587
 1494 1541
 1494 1540
 1495 1542
 1495 1541
 1496 1543
 1497 1544
 1497 1543
 1498 1499
 1498 1544
 1499 1546
 1499 1545
 1500 1501
 1500 1546
 1501 1502
 1501 1547
 1501 1548
 1502 1596
 1502 1503
 1502 1548
 1503 1551
 1503 1596
 1503 1504
 1504 1551
 1505 1552
 1505 1506
 1505 1551
 1506 1553
 1507 1554
 1507 1508
 1508 1509
 1508 1556
 1508 1554
 1509 1556
 1509 1557
 1509 1510
 1510 1558
 1510 1557
 1511 1512
 1511 1558
 1512 1559
 1512 1560
 1512 1513
 1513 1514
 1513 1561
 1513 1608
 1514 1562
 1514 1561
 1515 1516
 1516 1563
 1516 1517
 1516 1562
 1517 1565
 1517 1518
 1518 1565
 1518 1519
 1519 1567
 1519 1566
 1520 1521
 1520 1567
 1521 1567
 1522 1569
 1522 1523
 1522 1568
 1523 1570
 1523 1569
 1523 1524
 1524 1618
 1524 1571
 1524 1525
 1524 1570
 1525 1572
 1525 1571
 1526 1573
 1526 1527
 1527 2416
 1527 1573
 1528 1574
 1528 2421
 1528 2418
 1529 1576
 1529 1575
 1530 1576
 1531 1578
 1532 1579
 1534 1581
 1535 1583
 1535 1536
 1535 1582
 1535 1581
 1536 1583
 1537 1584
 1537 1583
 1538 1539
 1538 1584
 1539 1586
 1539 1585
 1539 1540
 1540 1587
 1540 1586
 1541 1633
 1541 1542
 1542 1588
 1542 1589
 1542 1543
 1543 1590
 1543 1589
 1544 1591
 1544 1545
 1545 1592
 1545 1546
 1546 1592
 1546 1547
 1547 1594
 1547 1548
 1547 1593
 1548 1595
 1548 1594
 1549 1595
 1549 1596
 1550 1551
 1550 1597
 1550 1596
 1551 1597
 1551 1552
 1552 1644
 1552 1599
 1552 1553
 1552 1598
 1553 1600
 1553 1599
 1553 1554
 1554 1555
 1554 1600
 1555 1602
 1555 1601
 1555 1556
 1556 1557
 1556 1602
 1557 1558
 1557 1603
 1558 1605
 1558 1604
 1558 1606
 1559 1607
 1559 1560
 1560 1608
 1561 1652
 1561 1562
 1561 1609
 1561 1608
 1562 1563
 1562 1609
 1562 1610
 1563 1611
 1563 1610
 1564 1612
 1564 1611
 1565 1566
 1566 1657
 1566 1614
 1566 1567
 1566 1612
 1567 1614
 1567 1568
 1568 1658
 1568 1615
 1568 1569
 1568 1614
 1569 1570
 1569 1615
 1570 1616
 1570 1618
 1571 1663
 1571 1619
 1571 1572
 1572 1573
 1572 1619
 1573 1620
 1573 1621
 1574 1575
 1574 2420
 1574 2423
 1575 1667
 1575 1622
 1576 1623
 1576 1622
 1576 1577
 1577 1624
 1577 1578
 1577 1623
 1578 1625
 1578 1579
 1578 1624
 1580 1627
 1581 1627
 1582 1628
 1582 1627
 1583 1628
 1583 1629
 1584 1630
 1584 1585
 1584 1629
 1585 1630
 1585 1586
 1586 1587
 1586 1630
 1587 1633
 1587 1632
 1587 1631
 1588 1633
 1588 1589
 1589 1590
 1589 1635
 1589 1634
 1590 1636
 1590 1591
 1590 1635
 1591 1592
 1591 1637
 1591 1636
 1592 1638
 1592 1593
 1593 1639
 1593 1594
 1593 1638
 1594 1639
 1594 1640
 1595 1596
 1596 1640
 1596 1597
 1597 1598
 1597 1642
 1597 1641
 1598 1644
 1598 1691
 1599 1645
 1599 1644
 1601 1646
 1601 1602
 1601 1645
 1602 1694
 1602 1647
 1602 1646
 1603 1648
 1603 1647
 1604 1605
 1605 1649
 1605 1648
 1606 1649
 1606 1607
 1607 1650
 1607 1608
 1608 1699
 1608 1652
 1608 1651
 1609 1610
 1609 1652
 1610 1653
 1610 1611
 1611 1702
 1611 1612
 1611 1654
 1612 1656
 1612 1655
 1612 1613
 1613 1705
 1613 1656
 1614 1707
 1614 1657
 1615 1616
 1615 1660
 1615 1658
 1616 1661
 1616 1617
 1616 1660
 1617 1661
 1617 1618
 1617 1662
 1618 1663
 1619 1711
 1619 1664
 1619 1663
 1620 1713
 1620 1665
 1620 1621
 1621 1666
 1621 2416
 1621 1665
 1622 1717
 1622 1716
 1622 1668
 1623 1668
 1623 1624
 1624 1670
 1624 1669
 1625 1670
 1626 1673
 1627 1673
 1627 1674
 1628 1675
 1628 1674
 1629 1676
 1629 1675
 1630 1725
 1630 1726
 1630 1631
 1630 1678
 1630 1677
 1631 1632
 1631 1678
 1632 1679
 1632 1680
 1633 1634
 1634 1635
 1634 1680
 1635 1681
 1635 1636
 1636 1637
 1636 1684
 1636 1682
 1637 1684
 1638 1734
 1638 1685
 1638 1639
 1638 1684
 1639 1735
 1639 1640
 1639 1685
 1639 1686
 1640 1688
 1640 1687
 1640 1686
 1640 1641
 1641 1642
 1641 1689
 1641 1688
 1642 1689
 1643 1691
 1643 1689
 1644 1645
 1645 1692
 1645 1693
 1646 1694
 1647 1696
 1647 1648
 1647 1695
 1648 1697
 1648 1649
 1649 1650
 1650 1746
 1650 1697
 1650 1651
 1651 1747
 1651 1699
 1651 1698
 1652 1748
 1652 1700
 1652 1699
 1653 1701
 1653 1654
 1654 1701
 1655 1751
 1655 1656
 1655 1703
 1655 1702
 1656 1703
 1656 1705
 1657 1707
 1657 1706
 1657 1705
 1658 1707
 1659 1708
 1659 1660
 1659 1755
 1660 1661
 1660 1708
 1661 1710
 1661 1709
 1662 1711
 1664 1712
 1664 1713
 1664 1711
 1665 1715
 1665 1666
 1665 1713
 1666 2417
 1666 2419
 1666 1715
 1667 2419
 1667 2422
 1667 1716
 1667 1715
 1668 1718
 1668 1717
 1669 1719
 1669 1718
 1671 1719
 1672 1673
 1673 1721
 1673 1674
 1674 1723
 1675 1724
 1676 1677
 1676 1771
 1676 1725
 1676 1724
 1677 1725
 1678 1773
 1678 1679
 1678 1728
 1678 1726
 1679 1728
 1679 1729
 1679 1680
 1680 1681
 1681 1729
 1681 1682
 1682 1732
 1682 1683
 1682 1730
 1683 1733
 1683 1684
 1684 1734
 1685 1780
 1685 1734
 1686 1781
 1686 1736
 1686 1735
 1687 1688
 1688 1689
 1688 1737
 1688 1738
 1689 1740
 1689 1739
 1691 1741
 1691 1740
 1691 1692
 1692 1786
 1692 1742
 1692 1693
 1692 1741
 1693 1787
 1693 1742
 1693 1694
 1693 1743
 1695 1744
 1695 1696
 1695 1743
 1696 1745
 1696 1697
 1696 1744
 1698 1792
 1698 1791
 1698 1747
 1698 1746
 1699 1748
 1699 1747
 1700 1749
 1700 1748
 1701 1750
 1701 1702
 1702 1751
 1702 1750
 1703 1752
 1703 1751
 1705 1799
 1705 1753
 1705 1752
 1706 1707
 1707 1753
 1707 1754
 1707 1755
 1708 1802
 1708 1756
 1708 1755
 1709 1710
 1710 1711
 1710 1758
 1710 1757
 1710 1756
 1711 1760
 1711 1712
 1711 1758
 1712 1760
 1712 1761
 1713 1761
 1714 1762
 1714 1715
 1715 1763
 1715 1762
 1716 1763
 1716 1717
 1717 1718
 1718 1719
 1718 1764
 1719 1766
 1719 1765
 1719 1720
 1720 1766
 1721 1769
 1723 1770
 1723 1724
 1723 1771
 1724 1771
 1725 1772
 1725 1726
 1726 1772
 1727 1773
 1727 1772
 1728 1729
 1729 1730
 1729 1775
 1729 1774
 1730 1776
 1730 1775
 1730 1731
 1731 1732
 1731 1777
 1731 1776
 1732 1778
 1732 1777
 1732 1733
 1733 1779
 1733 1778
 1735 1829
 1735 1781
 1735 1780
 1736 1830
 1736 1782
 1736 1737
 1736 1781
 1737 1738
 1738 1782
 1738 1783
 1739 1740
 1740 1784
 1740 1741
 1740 1783
 1741 1786
 1741 1784
 1742 1835
 1742 1787
 1743 1836
 1743 1788
 1743 1744
 1743 1787
 1744 1790
 1744 1745
 1744 1788
 1745 1746
 1746 1790
 1746 1791
 1747 1748
 1747 1792
 1748 1843
 1748 1795
 1748 1749
 1748 1793
 1749 1750
 1750 1796
 1750 1795
 1750 1751
 1751 1752
 1751 1798
 1752 1798
 1752 1799
 1753 1800
 1753 1754
 1753 1799
 1754 1800
 1754 1755
 1755 1802
 1756 1804
 1756 1757
 1756 1803
 1756 1802
 1757 1804
 1758 1852
 1758 1759
 1759 1806
 1759 1805
 1759 1760
 1760 1806
 1761 1762
 1761 1806
 1762 1809
 1762 1808
 1762 1807
 1763 1810
 1763 1809
 1764 1812
 1765 1860
 1765 1813
 1766 1861
 1766 1814
 1768 1769
 1768 1816
 1769 1816
 1769 1817
 1769 1770
 1770 1818
 1770 1817
 1771 1819
 1771 1866
 1771 1818
 1772 1820
 1772 1819
 1772 1773
 1773 1822
 1773 1774
 1773 1821
 1773 1820
 1774 1775
 1775 1824
 1775 1776
 1775 1822
 1776 1777
 1777 1826
 1777 1824
 1777 1778
 1778 1827
 1778 1826
 1779 1780
 1780 1828
 1780 1827
 1780 1829
 1781 1830
 1781 1880
 1782 1783
 1782 1831
 1782 1830
 1783 1831
 1783 1832
 1783 1784
 1784 1834
 1784 1785
 1784 1832
 1785 1834
 1786 1885
 1787 1835
 1788 1837
 1788 1888
 1788 1836
 1789 1838
 1789 1790
 1790 1791
 1790 1839
 1790 1838
 1791 1839
 1791 1792
 1792 1841
 1792 1840
 1793 1794
 1794 1843
 1795 1796
 1795 1844
 1795 1843
 1796 1844
 1796 1845
 1797 1846
 1797 1798
 1798 1896
 1798 1799
 1798 1846
 1799 1847
 1799 1848
 1800 1848
 1801 1849
 1801 1802
 1802 1850
 1802 1849
 1803 1900
 1803 1851
 1803 1804
 1804 1852
 1804 1851
 1805 1806
 1805 1853
 1806 1853
 1806 1807
 1807 1808
 1807 1855
 1807 1856
 1807 1854
 1808 1905
 1808 1809
 1808 1856
 1808 1857
 1809 1810
 1809 1857
 1810 1859
 1810 1858
 1810 1811
 1811 1812
 1811 1859
 1812 1908
 1812 1860
 1812 1859
 1813 1909
 1813 1861
 1813 1860
 1814 1861
 1815 1864
 1816 1864
 1816 1817
 1817 1818
 1817 1865
 1818 1866
 1819 1867
 1819 1868
 1820 1821
 1820 1868
 1820 1869
 1821 1916
 1821 1870
 1821 1822
 1822 1871
 1822 1823
 1822 1870
 1823 1873
 1823 1871
 1823 1824
 1824 1825
 1824 1874
 1824 1873
 1825 1874
 1825 1875
 1826 1875
 1826 1827
 1826 1876
 1827 1877
 1827 1876
 1827 1828
 1828 1879
 1828 1878
 1828 1877
 1829 1880
 1830 1881
 1830 1880
 1831 1832
 1831 1881
 1832 1882
 1832 1833
 1833 1884
 1833 1834
 1833 1883
 1834 1885
 1834 1884
 1835 1887
 1835 1836
 1835 1885
 1836 1888
 1836 1887
 1837 1934
 1837 1889
 1837 1888
 1838 1839
 1839 1889
 1839 1840
 1840 1891
 1840 1841
 1841 1892
 1841 1891
 1841 1842
 1842 1938
 1842 1892
 1843 1893
 1843 1844
 1844 1845
 1844 1895
 1844 1893
 1845 1895
 1845 1846
 1846 1942
 1847 1848
 1848 1849
 1848 1898
 1848 1897
 1849 1899
 1849 1898
 1850 1946
 1850 1900
 1850 1899
 1851 1948
 1851 1902
 1851 1852
 1851 1900
 1852 1902
 1852 1853
 1853 1903
 1853 1902
 1854 1903
 1854 1855
 1855 1856
 1856 1905
 1857 1906
 1857 1905
 1858 1907
 1859 1954
 1859 1907
 1860 1908
 1861 1910
 1861 1909
 1864 1912
 1864 1911
 1865 1913
 1865 1912
 1866 1914
 1866 1867
 1867 1915
 1868 1915
 1868 1916
 1868 1869
 1869 1916
 1870 1918
 1870 1916
 1870 1871
 1871 1964
 1871 1919
 1871 1918
 1873 1919
 1873 1920
 1873 1874
 1874 1922
 1874 1875
 1874 1920
 1875 1922
 1876 1877
 1876 1923
 1876 1922
 1877 1924
 1877 1923
 1878 1924
 1879 1925
 1879 1880
 1879 1924
 1880 1926
 1880 1925
 1880 1881
 1881 1927
 1881 1926
 1882 1883
 1882 1927
 1883 1928
 1883 1927
 1883 1884
 1884 1885
 1884 1930
 1884 1928
 1885 1931
 1885 1930
 1886 1932
 1886 1931
 1886 1887
 1887 1888
 1887 1932
 1888 1934
 1889 1935
 1889 1890
 1889 1934
 1890 1936
 1890 1891
 1891 1892
 1891 1936
 1892 1937
 1893 1894
 1893 1939
 1893 1938
 1894 1895
 1894 1939
 1894 1940
 1895 1941
 1895 1942
 1896 1897
 1896 1943
 1896 1942
 1897 1944
 1897 1943
 1897 1898
 1898 1945
 1898 1944
 1898 1899
 1899 1945
 1900 1901
 1900 1946
 1901 1992
 1901 1948
 1902 1903
 1902 1948
 1903 1949
 1903 1904
 1904 1951
 1904 1905
 1904 1950
 1905 1952
 1905 1906
 1906 1997
 1906 1953
 1906 1907
 1906 1952
 1907 1998
 1907 1953
 1908 1955
 1908 1954
 1909 2001
 1909 1956
 1909 1955
 1911 1912
 1911 1958
 1912 1913
 1913 1959
 1913 1914
 1914 1960
 1914 1959
 1915 1961
 1915 1960
 1915 1916
 1916 1917
 1916 1963
 1916 1961
 1917 1918
 1918 1964
 1919 1965
 1919 1920
 1919 1964
 1920 1921
 1920 1965
 1921 1967
 1921 1922
 1922 1968
 1922 1923
 1923 1924
 1923 1968
 1924 1925
 1924 1969
 1925 1970
 1925 1971
 1926 1927
 1926 1972
 1927 1974
 1927 1928
 1927 1972
 1928 1929
 1928 1975
 1929 1975
 1930 1976
 1930 1931
 1930 1975
 1931 1932
 1931 1976
 1932 1933
 1932 1977
 1933 1934
 1934 1980
 1934 1979
 1934 1935
 1935 2023
 1935 1936
 1935 1980
 1936 1981
 1936 1937
 1937 1983
 1937 1938
 1938 1984
 1938 1939
 1939 1985
 1939 1940
 1940 1986
 1940 1985
 1941 1986
 1941 1987
 1941 1942
 1942 1988
 1942 1943
 1943 1988
 1944 1988
 1945 1990
 1945 1946
 1945 1989
 1946 1947
 1947 1992
 1948 1993
 1948 1949
 1948 1992
 1949 1994
 1949 1993
 1950 2038
 1950 1994
 1951 1996
 1951 1952
 1951 1995
 1952 1997
 1953 1997
 1954 1999
 1954 1998
 1954 1955
 1955 2000
 1956 2001
 1958 2047
 1958 2003
 1959 2005
 1959 2004
 1960 2050
 1960 1961
 1960 2005
 1961 2006
 1961 1962
 1962 2007
 1962 1963
 1962 2006
 1963 2052
 1963 2008
 1963 1964
 1964 1965
 1964 2008
 1965 1966
 1965 2009
 1966 1967
 1966 2010
 1967 2011
 1967 1968
 1968 2011
 1968 1969
 1969 2013
 1969 1970
 1970 2013
 1971 1972
 1971 2015
 1972 2016
 1972 1973
 1973 2016
 1973 1974
 1973 2017
 1974 2018
 1974 1975
 1975 2018
 1975 1976
 1976 1977
 1976 2019
 1977 1978
 1977 2020
 1978 2408
 1978 2021
 1978 1979
 1979 2022
 1979 1980
 1980 2023
 1981 1982
 1981 2023
 1982 2024
 1982 1983
 1983 1984
 1983 2026
 1984 1985
 1984 2027
 1985 1986
 1985 2028
 1986 2028
 1986 1987
 1987 2030
 1987 1988
 1988 2031
 1988 1989
 1988 2032
 1989 2032
 1989 1990
 1990 1991
 1991 2035
 1991 2033
 1992 2036
 1992 2035
 1993 2037
 1993 1994
 1994 2037
 1995 2039
 1995 2038
 1996 1997
 1996 2039
 1997 1998
 1997 2041
 1998 2087
 1998 2042
 1998 2041
 1999 2042
 2000 2043
 2001 2044
 2001 2043
 2002 2044
 2003 2047
 2004 2047
 2005 2050
 2005 2049
 2006 2050
 2007 2052
 2007 2051
 2008 2054
 2008 2009
 2008 2052
 2009 2054
 2010 2056
 2010 2011
 2010 2410
 2011 2057
 2011 2012
 2012 2013
 2012 2058
 2012 2057
 2013 2058
 2014 2015
 2014 2058
 2015 2060
 2015 2016
 2016 2108
 2016 2060
 2017 2110
 2017 2018
 2017 2062
 2017 2061
 2018 2062
 2018 2019
 2019 2020
 2019 2063
 2020 2065
 2020 2408
 2021 2022
 2021 2067
 2022 2068
 2022 2023
 2023 2068
 2024 2069
 2024 2068
 2025 2069
 2025 2026
 2026 2071
 2026 2027
 2027 2072
 2027 2073
 2027 2028
 2028 2073
 2029 2030
 2029 2074
 2029 2073
 2030 2076
 2030 2031
 2031 2032
 2032 2076
 2032 2077
 2033 2077
 2033 2034
 2034 2080
 2034 2078
 2035 2081
 2035 2080
 2035 2036
 2036 2082
 2036 2037
 2037 2038
 2037 2083
 2038 2084
 2038 2083
 2039 2040
 2039 2409
 2040 2086
 2041 2087
 2041 2086
 2042 2088
 2042 2043
 2043 2090
 2043 2089
 2044 2091
 2044 2090
 2046 2093
 2047 2093
 2047 2094
 2047 2048
 2048 2049
 2048 2095
 2048 2094
 2049 2095
 2049 2096
 2049 2050
 2050 2096
 2050 2051
 2051 2098
 2052 2099
 2052 2053
 2053 2054
 2053 2099
 2054 2101
 2054 2100
 2054 2410
 2055 2101
 2055 2102
 2056 2103
 2056 2057
 2056 2149
 2056 2102
 2057 2103
 2058 2105
 2058 2104
 2059 2107
 2059 2105
 2060 2108
 2060 2107
 2061 2108
 2062 2063
 2062 2111
 2063 2064
 2063 2111
 2063 2157
 2064 2065
 2064 2112
 2064 2113
 2065 2114
 2065 2408
 2066 2114
 2066 2116
 2066 2067
 2067 2117
 2067 2068
 2068 2118
 2068 2069
 2069 2164
 2069 2119
 2069 2118
 2070 2120
 2070 2119
 2071 2121
 2071 2120
 2072 2073
 2072 2121
 2073 2122
 2073 2121
 2073 2074
 2074 2075
 2074 2122
 2075 2124
 2076 2125
 2076 2077
 2076 2124
 2077 2126
 2077 2125
 2078 2127
 2078 2079
 2079 2129
 2080 2129
 2080 2081
 2081 2082
 2081 2130
 2081 2175
 2081 2129
 2082 2130
 2082 2083
 2083 2084
 2083 2132
 2084 2177
 2084 2409
 2084 2132
 2085 2409
 2085 2134
 2086 2135
 2086 2134
 2086 2087
 2087 2088
 2087 2136
 2087 2135
 2088 2137
 2088 2136
 2088 2089
 2089 2090
 2089 2137
 2090 2139
 2090 2138
 2093 2186
 2093 2141
 2093 2140
 2094 2187
 2094 2141
 2094 2142
 2095 2096
 2095 2142
 2096 2188
 2096 2143
 2096 2142
 2097 2098
 2097 2143
 2098 2145
 2099 2146
 2099 2145
 2099 2100
 2100 2147
 2100 2101
 2101 2147
 2102 2149
 2103 2104
 2103 2149
 2104 2150
 2104 2105
 2105 2152
 2105 2106
 2106 2152
 2106 2107
 2107 2154
 2107 2108
 2108 2109
 2108 2154
 2109 2110
 2110 2156
 2111 2157
 2111 2156
 2112 2205
 2112 2157
 2113 2159
 2113 2114
 2113 2160
 2114 2408
 2114 2160
 2115 2116
 2116 2162
 2116 2117
 2117 2162
 2117 2118
 2118 2164
 2119 2164
 2120 2167
 2120 2121
 2120 2166
 2121 2167
 2121 2168
 2122 2123
 2122 2169
 2122 2168
 2123 2171
 2124 2171
 2124 2125
 2125 2172
 2125 2126
 2126 2172
 2126 2127
 2127 2173
 2127 2172
 2128 2174
 2128 2173
 2129 2403
 2129 2174
 2130 2131
 2130 2175
 2131 2132
 2132 2177
 2132 2176
 2133 2134
 2133 2177
 2134 2179
 2134 2135
 2135 2226
 2135 2179
 2135 2136
 2136 2181
 2136 2137
 2137 2182
 2137 2181
 2138 2183
 2139 2183
 2140 2186
 2141 2187
 2142 2188
 2142 2187
 2143 2189
 2143 2188
 2144 2145
 2144 2189
 2145 2146
 2145 2191
 2146 2147
 2146 2191
 2147 2148
 2147 2194
 2147 2193
 2148 2149
 2149 2150
 2149 2195
 2150 2197
 2150 2195
 2150 2151
 2151 2198
 2151 2152
 2152 2241
 2152 2199
 2152 2198
 2153 2200
 2154 2155
 2154 2200
 2154 2201
 2155 2201
 2155 2203
 2156 2204
 2156 2157
 2156 2203
 2157 2204
 2158 2206
 2158 2205
 2159 2160
 2159 2207
 2159 2206
 2160 2207
 2160 2161
 2161 2162
 2161 2207
 2162 2209
 2162 2163
 2163 2210
 2163 2164
 2163 2209
 2164 2210
 2164 2165
 2165 2166
 2166 2212
 2167 2411
 2167 2212
 2168 2169
 2168 2411
 2169 2256
 2169 2170
 2169 2213
 2170 2215
 2170 2171
 2171 2216
 2171 2172
 2172 2218
 2172 2173
 2172 2216
 2173 2218
 2174 2262
 2174 2219
 2175 2221
 2175 2176
 2175 2220
 2176 2222
 2176 2264
 2176 2221
 2177 2178
 2177 2223
 2177 2222
 2178 2225
 2179 2226
 2179 2225
 2180 2227
 2180 2226
 2180 2181
 2181 2182
 2182 2183
 2182 2229
 2182 2228
 2183 2230
 2183 2229
 2186 2232
 2186 2231
 2187 2275
 2187 2233
 2187 2232
 2188 2234
 2188 2189
 2189 2278
 2189 2235
 2189 2190
 2189 2234
 2190 2236
 2190 2191
 2191 2280
 2191 2192
 2191 2236
 2192 2193
 2193 2282
 2193 2194
 2194 2282
 2194 2195
 2195 2239
 2195 2196
 2196 2286
 2196 2197
 2196 2240
 2196 2239
 2198 2287
 2198 2241
 2198 2240
 2199 2242
 2199 2241
 2200 2242
 2200 2201
 2201 2243
 2201 2244
 2201 2242
 2203 2245
 2203 2204
 2203 2244
 2204 2246
 2204 2205
 2205 2246
 2206 2294
 2206 2248
 2206 2207
 2207 2248
 2207 2208
 2208 2296
 2208 2209
 2208 2249
 2209 2251
 2209 2250
 2210 2252
 2210 2251
 2211 2252
 2211 2212
 2212 2411
 2212 2254
 2213 2256
 2214 2215
 2214 2256
 2215 2258
 2215 2216
 2216 2258
 2216 2217
 2217 2260
 2217 2218
 2218 2260
 2219 2260
 2220 2221
 2220 2263
 2220 2262
 2220 2403
 2221 2263
 2223 2266
 2223 2265
 2223 2224
 2224 2225
 2224 2266
 2225 2268
 2225 2226
 2226 2270
 2226 2269
 2226 2227
 2227 2228
 2227 2270
 2228 2229
 2229 2272
 2229 2271
 2230 2272
 2232 2319
 2232 2275
 2232 2274
 2233 2234
 2233 2275
 2234 2323
 2234 2277
 2235 2236
 2235 2279
 2235 2327
 2236 2280
 2236 2279
 2237 2282
 2237 2280
 2238 2283
 2238 2239
 2238 2282
 2239 2283
 2239 2284
 2240 2286
 2241 2287
 2242 2243
 2242 2288
 2243 2289
 2243 2244
 2244 2291
 2244 2245
 2245 2292
 2245 2246
 2246 2293
 2246 2247
 2247 2294
 2248 2295
 2248 2294
 2248 2249
 2249 2296
 2250 2358
 2250 2296
 2251 2252
 2251 2297
 2252 2300
 2252 2253
 2252 2298
 2253 2254
 2254 2255
 2254 2302
 2254 2300
 2254 2411
 2255 2256
 2255 2411
 2256 2302
 2256 2257
 2257 2258
 2257 2304
 2258 2305
 2258 2259
 2259 2260
 2260 2307
 2260 2306
 2260 2261
 2260 2305
 2261 2308
 2262 2308
 2262 2263
 2263 2264
 2263 2309
 2263 2308
 2264 2310
 2264 2265
 2265 2266
 2266 2311
 2266 2310
 2267 2313
 2267 2311
 2267 2268
 2268 2269
 2269 2314
 2269 2313
 2269 2270
 2270 2314
 2270 2271
 2271 2316
 2271 2272
 2272 2317
 2272 2316
 2275 2321
 2275 2276
 2275 2319
 2276 2323
 2276 2321
 2277 2325
 2277 2278
 2277 2323
 2278 2327
 2278 2325
 2279 2329
 2279 2327
 2280 2281
 2280 2329
 2281 2332
 2281 2330
 2281 2282
 2282 2334
 2282 2332
 2283 2284
 2283 2334
 2284 2285
 2284 2335
 2285 2338
 2285 2336
 2285 2286
 2286 2340
 2286 2287
 2286 2338
 2287 2341
 2287 2288
 2288 2343
 2288 2289
 2288 2341
 2289 2345
 2289 2343
 2289 2290
 2290 2347
 2290 2291
 2290 2345
 2291 2349
 2291 2292
 2291 2347
 2292 2351
 2292 2349
 2292 2293
 2293 2353
 2293 2294
 2293 2351
 2294 2354
 2295 2356
 2295 2296
 2295 2354
 2296 2358
 2296 2356
 2297 2360
 2297 2298
 2297 2358
 2298 2361
 2298 2299
 2299 2363
 2299 2300
 2299 2361
 2300 2365
 2300 2363
 2300 2301
 2301 2367
 2301 2302
 2301 2365
 2302 2369
 2302 2367
 2302 2303
 2303 2371
 2303 2304
 2303 2369
 2304 2373
 2304 2305
 2304 2371
 2305 2375
 2305 2306
 2305 2373
 2306 2377
 2306 2375
 2307 2379
 2307 2308
 2307 2377
 2308 2381
 2308 2379
 2309 2383
 2309 2310
 2309 2381
 2310 2385
 2310 2383
 2310 2311
 2311 2386
 2311 2385
 2312 2388
 2312 2313
 2312 2386
 2313 2390
 2313 2388
 2314 2392
 2314 2315
 2314 2390
 2315 2394
 2315 2316
 2315 2392
 2316 2396
 2316 2394
 2316 2317
 2404 2405
 2412 2413
 2414 2415
 2416 2421
 2416 2418
 2417 2419
 2417 2421
 2419 2420
 2420 2421
 2420 2422
 2422 2423
