    2  126
    2   82
    3   82
    4   83
    4   82
    6   84
    6   83
    8   84
    9   86
    9   85
   11  130
   11   87
   11   86
   13   87
   14   88
   14   89
   16  132
   16   90
   16   89
   18   91
   18   90
   19   92
   21   93
   21   92
   22   93
   23   94
   23   93
   25   94
   25   95
   27   96
   27   95
   28   96
   29   97
   29   96
   31   98
   31   97
   33  140
   33   99
   33   98
   34  100
   34   99
   36  101
   36  100
   38  102
   38  101
   39  102
   40  102
   40  103
   42  146
   42  104
   42  103
   44  105
   44  104
   46  106
   46  105
   48  106
   48  107
   50  150
   50  108
   50  107
   52  108
   53  110
   53  109
   55  111
   55  110
   57  153
   57  111
   57  112
   59  112
   59  113
   61  113
   61  114
   62  114
   62  115
   64  115
   64  116
   66  117
   66  116
   67  117
   68  118
   68  117
   70  119
   70  118
   71  120
   71  119
   73  121
   73  120
   75  122
   75  121
   77  123
   77  122
   79  165
   79  123
   81  126
   82  127
   82  126
   83  128
   83   84
   84   85
   85 2229
   85  129
   85   86
   87   88
   87  130
   88  174
   88   89
   88  173
   88  131
   90   91
   90  132
   91  134
   91   92
   91  133
   93  136
   93   94
   93  135
   94  137
   94   95
   96  182
   96  181
   96   97
   96  138
   97   98
   98  140
   98  139
   99  141
   99  140
  100  101
  101  102
  101  142
  102  144
  102  143
  103  146
  103  144
  104  147
  104  105
  105  106
  106  147
  106  107
  107  150
  107  148
  108  193
  108  109
  108  150
  109  110
  109  193
  110  195
  110  194
  110  151
  110  152
  110  111
  111  153
  112  113
  112  153
  113  155
  113  154
  114  115
  115  116
  115  155
  115  157
  117  159
  117  158
  117  118
  118  119
  119  161
  119  160
  120 2228
  120  121
  121 2228
  121  122
  122  162
  122  123
  123  165
  123  164
  123  163
  124  165
  125  168
  126  169
  126  168
  126  127
  127  128
  127  169
  128 2229
  129  130
  129 2229
  130  131
  130  172
  131  173
  131  172
  132  133
  132 2237
  132  174
  133 2237
  133  134
  133  175
  134  135
  135  178
  135  177
  135  136
  136 2232
  136  137
  136  178
  137  138
  137 2232
  137  179
  138  179
  139  224
  139  183
  139  140
  139  182
  140  141
  140  183
  141  185
  141  142
  142  186
  142  143
  143  188
  143  144
  143  187
  144  188
  145  190
  145  146
  146  230
  146  147
  146  190
  147  148
  147  232
  147  231
  147  230
  148  149
  149  191
  150  234
  150  193
  150  192
  152  195
  153  238
  153  154
  153  196
  154  239
  154  197
  154  155
  154  238
  155  197
  155  156
  156  198
  156  284
  156  157
  156  241
  157  158
  157  198
  158  201
  158  159
  158  200
  159  202
  159  160
  160  161
  160  202
  162  204
  162  205
  162  163
  162 2228
  164  206
  164  165
  164  205
  165  208
  165  207
  168  209
  168  211
  168  210
  168  169
  169  212
  169  253
  169  211
  169  170
  170 2229
  171 2229
  171  172
  171  213
  171  214
  172  214
  172  173
  173  215
  173  214
  175  218
  175  217
  175 2237
  176  177
  176  218
  177  220
  177  178
  178 2232
  178  262
  178  220
  179  221
  179 2232
  180  181
  181  267
  181  223
  181  222
  181  182
  182  224
  183  225
  183  224
  185  271
  185  186
  185  225
  186  226
  186  187
  187  227
  187  226
  187  188
  188  189
  188  228
  188  227
  189  228
  190  230
  190  229
  191  192
  191  233
  191  232
  192  277
  192  233
  192  234
  193  236
  193  234
  194  195
  194  236
  195  237
  195  196
  197  240
  197  239
  198  285
  198  242
  198  284
  199  200
  200  243
  200  201
  200  242
  201  243
  201  202
  202  288
  202  245
  202  203
  202  244
  203  290
  203 2228
  204  247
  204  205
  204  246
  205  248
  205  206
  205  247
  206  249
  206  248
  206  207
  207  293
  207  250
  207  249
  209  252
  210  252
  210  211
  211  253
  212  255
  212  253
  213  256
  213  255
  213 2229
  214  257
  214  256
  215  258
  215  216
  216 2273
  216 2237
  217  260
  217 2237
  217 2273
  218  219
  219  220
  219  261
  220  262
  220  261
  221  222
  222  265
  223  268
  223  224
  223  267
  224  270
  224  269
  224  268
  226  272
  226  227
  226  271
  227  273
  227  272
  228  273
  230  317
  230  316
  230  274
  230  231
  231  275
  231  317
  232  275
  233  277
  233  276
  234  278
  234  277
  235  236
  235  279
  236  237
  237  321
  237  280
  237  238
  237  279
  238  282
  238  239
  239  282
  240  283
  243  328
  243  244
  243  287
  244  329
  244  328
  244  288
  245  330
  245  289
  246  291
  246  247
  246  290
  246 2228
  247  248
  247  291
  248  249
  249  292
  250  293
  252  295
  253  297
  253  254
  254  298
  254  297
  254  255
  255  299
  255  298
  255  256
  256  340
  256  300
  256  257
  256  299
  257  300
  257  301
  258  302
  258  301
  258  259
  260 2273
  260  346
  260  304
  260  303
  261  305
  261  262
  261  304
  262  306
  262  305
  263  306
  263 2232
  264 2232
  264  265
  265  307
  265  266
  266  309
  266  267
  266  308
  267  309
  267  268
  268  269
  268  309
  269  270
  269  310
  270  271
  271  313
  271  312
  272  313
  272  273
  273  314
  273  274
  273  313
  274  314
  275  318
  275  317
  276  359
  277  359
  277  278
  278  360
  278  319
  278  359
  279  320
  279  319
  280  362
  280  281
  280  322
  280  321
  281  322
  281  282
  282  323
  282  283
  283  284
  283  324
  284  285
  285  326
  285  286
  285  325
  286  287
  286  327
  288  330
  288  329
  290  332
  290  331
  291  333
  291  332
  292  334
  293  335
  293  334
  295  296
  296  337
  296  336
  296  297
  297  338
  297  337
  297  298
  298  338
  298  299
  299  340
  300  378
  300  341
  300  340
  301  343
  301  302
  302  303
  303  346
  303  345
  303  344
  303 2273
  304  305
  305  348
  305  347
  306  385
  306  349
  307  308
  307  350
  307  349
  308  350
  309 2242
  309  352
  309  351
  309  310
  310  388
  310  353
  311  312
  312  389
  313 2250
  313  354
  313  391
  313  314
  314  355
  314  354
  314  356
  315  357
  315  316
  316  394
  316  357
  316  317
  317  318
  317  394
  319  361
  320  399
  320  361
  320  321
  321  399
  322  323
  322  363
  322  362
  323  364
  323  363
  323  324
  324  365
  324  364
  325  405
  325  326
  325  365
  326  366
  326  405
  327  406
  327  328
  327  366
  328  408
  328  329
  328  367
  329  368
  329  408
  330  331
  331  332
  331  369
  332  411
  332  370
  332  369
  332  333
  333  371
  333  334
  333  370
  334  413
  334  372
  334  371
  335  372
  337  416
  337  375
  337  374
  337  338
  338  375
  338  339
  339  418
  340  377
  340  378
  341  379
  341  342
  341  378
  342  420
  342  380
  342  343
  343  344
  344  382
  344  381
  345  346
  345  383
  345  382
  346  347
  347  384
  347  348
  347  383
  348  425
  348  385
  350  351
  350  387
  350  386
  352  428
  352  470
  352  388
  352 2242
  353  429
  353  389
  354  392
  354  432
  354  391
  355  393
  355  392
  357  435
  357  394
  357  393
  358  359
  359  396
  359  360
  360  438
  360  397
  360  396
  361  399
  362  401
  362  400
  362  363
  362  399
  363  402
  363  401
  364  365
  364  402
  366  405
  367  408
  367  407
  367  406
  368  410
  368  369
  369  411
  369  410
  370  412
  370  411
  371  412
  372  414
  374  416
  375  376
  375  416
  376  458
  376  418
  377  419
  377  378
  377  418
  378  459
  378  379
  379  460
  379  420
  379  459
  380  421
  380  381
  380  420
  382  423
  382  383
  382  422
  383  423
  383  384
  384  465
  384  425
  384  424
  385  426
  385  425
  386  387
  386  427
  386  426
  387 2243
  387  427
  388 2252
  388  429
  388  470
  389  390
  389  429
  390  391
  390 2250
  390  430
  391  431
  391  432
  392  433
  392  434
  393  435
  394  395
  394  436
  394  435
  395  396
  396  438
  396  437
  397  439
  397  398
  397  438
  399  441
  400  443
  400  442
  400  401
  401  444
  401  443
  402  444
  403  404
  404  405
  404  484
  405  446
  405  445
  406 2260
  406  446
  407 2260
  407  408
  407  448
  407  447
  408  448
  408  409
  409  410
  409  449
  409  450
  409  448
  410  411
  410  450
  411  452
  411  412
  412 2230
  412  452
  413  494
  413  493
  413  453
  413 2230
  413  414
  415  416
  415  455
  416  417
  416  455
  418  419
  419  501
  419  459
  420  461
  420  460
  421  422
  422  463
  423  464
  423  424
  424  507
  424  464
  424  465
  425  466
  425  467
  425  465
  427 2243
  427  469
  427  468
  427  428
  428 2242
  428  512
  428  470
  428  469
  429 2251
  429 2252
  430  431
  430  471
  431  517
  431  473
  431  472
  431  432
  432  518
  432  517
  432  433
  433  474
  433  518
  435  436
  435  476
  436  478
  436  476
  437  523
  437  479
  437  438
  437  478
  438  479
  439  525
  439  440
  440  441
  441  480
  441  442
  442  443
  442  481
  443  528
  443  482
  443  483
  444  484
  444  483
  445  487
  445  446
  445  486
  445  485
  447  534
  447  448
  447  488
  448  489
  448  534
  449  450
  449  489
  450  490
  450  451
  451  452
  451  491
  452 2230
  453  494
  455  496
  455  497
  456  457
  457  458
  457  498
  457  497
  457  499
  458  500
  459  502
  459  460
  460  503
  460  461
  461  504
  461  462
  461  548
  461  503
  462  463
  463  464
  463  505
  464  507
  464  506
  465  508
  465  507
  466  509
  466  508
  467  468
  468  511
  468  510
  469  512
  469  511
  470 2252
  470  513
  470  512
  471  515
  472  515
  473  516
  473  517
  474  475
  474  519
  474  520
  475  521
  475  476
  476  477
  476  522
  476  521
  477  523
  477  478
  479  565
  479  524
  479  523
  480  481
  480  526
  480  525
  481  482
  481  526
  481  527
  482  527
  482  568
  482  528
  483  529
  483  528
  484  485
  484 2266
  485  531
  485 2266
  486  532
  486  531
  486  487
  487 2260
  488  575
  488  534
  488  533
  489  535
  489  534
  491  537
  491  536
  492 2230
  492  579
  492  538
  493  580
  493  540
  493 2230
  494  541
  496  543
  496  497
  497  543
  498  584
  498  544
  498  499
  498  543
  499  544
  499  500
  500  586
  500  544
  501  545
  501  586
  502  545
  503  547
  503  548
  503  546
  504  549
  505  549
  505  506
  506  507
  506  551
  506  550
  507  551
  507  552
  508  553
  508  552
  509  510
  510  554
  511  555
  511  512
  512  556
  512  555
  513  557
  513  556
  514 2251
  514  558
  514  557
  514  515
  515  558
  515  516
  516  559
  517  560
  517  518
  518  603
  518  519
  518  561
  518  560
  519  562
  519  561
  521  563
  521  522
  521  562
  522  564
  522  563
  523  608
  523  565
  523  564
  524  525
  524  566
  526  567
  526  566
  527  567
  527  568
  528  569
  528  568
  529  570
  529  530
  530 2267
  530  571
  531 2266
  531  572
  531  532
  532  574
  532  572
  532  533
  533 2260
  534  576
  534  575
  535  577
  535  536
  536  578
  536  577
  536  537
  537  579
  537  578
  538  624
  538  539
  538  579
  539  624
  539  580
  539 2231
  540  581
  540  541
  540  580
  542  583
  543  583
  543  584
  544  586
  544  584
  545  546
  545  587
  545  586
  546  587
  546  588
  546  547
  547  589
  547  548
  548  590
  548  549
  548  589
  549  550
  550  592
  550  593
  550  551
  551  552
  551  593
  552  595
  552  594
  553  554
  554  597
  554  555
  554  596
  555  598
  555  597
  555  556
  556  599
  556  598
  558  601
  558  600
  558  559
  559  644
  559  602
  559  601
  560  603
  560  645
  560  602
  561  604
  561  603
  563  606
  563  564
  563  605
  565  609
  565 2256
  565  608
  566  609
  567  612
  567  611
  568  612
  568  613
  568  569
  569  614
  569  613
  569  570
  570  616
  570  571
  571 2266
  572  573
  572  617
  572  618
  573  618
  573  574
  573  619
  574  660
  574  575
  575  620
  575  660
  575  576
  576  577
  576  620
  577  578
  577  620
  578  623
  578  579
  578  621
  579  624
  580  581
  580  624
  581  625
  582  583
  582  628
  583  584
  584  585
  584  628
  585  630
  585  586
  586  630
  587  588
  587  631
  588  633
  589  633
  589  590
  590  591
  590  633
  591  592
  591  634
  592  593
  592  635
  592  636
  593  637
  593  594
  593  636
  594  638
  595  639
  596  682
  596  639
  597  598
  597  683
  598  685
  598  640
  598  641
  599  642
  599  641
  600  642
  601  644
  601  643
  602  688
  602  644
  603  689
  603  646
  603  645
  604  605
  605  647
  605  648
  605  606
  606  607
  606  648
  607  691
  607  649
  607  648
  608 2256
  608  650
  608  649
  609  610
  610  611
  610  652
  611  653
  611  694
  612  654
  613  655
  613  654
  613  614
  614  615
  614  656
  614  655
  615  656
  615  616
  616  657
  616  656
  617  658
  617  657
  618  659
  618  658
  618  619
  619  700
  619  699
  619  660
  619  659
  620  662
  620  661
  620  660
  621  702
  621  663
  622  664
  622  703
  623  665
  625  667
  625  666
  626  667
  628  669
  628  671
  630  710
  630  673
  630  672
  632  673
  633  676
  633  675
  633  634
  634  635
  634  676
  635  677
  635  636
  635  676
  636  678
  636  677
  637  679
  637  678
  638  680
  638  639
  639  682
  640  684
  640  685
  640  683
  641 2274
  641  685
  642  643
  643  686
  644  728
  644  687
  644  688
  645  689
  645  688
  646  731
  646  730
  646  647
  648  690
  648  691
  650  736
  650  651
  650  692
  650 2256
  651  652
  651  737
  651  736
  651 2256
  652  653
  653  693
  654  740
  654  655
  654  695
  654  694
  655  656
  655  695
  656  696
  658  698
  658  697
  659  699
  659  698
  660 2257
  660  700
  661  701
  661 2257
  662  749
  662  702
  663  750
  663  703
  663  702
  664  704
  664  665
  664  703
  665  751
  665  704
  665  666
  666  752
  666  705
  666  751
  666  667
  667  706
  667  705
  669  670
  669  708
  670  708
  670  671
  670  709
  671  757
  671  672
  671  709
  672  757
  672  710
  673  711
  673  674
  673  710
  674  712
  674  675
  674  711
  675  712
  675  713
  676  714
  676  713
  677  716
  677  714
  677  715
  677  678
  678  716
  679  718
  679  680
  680  719
  680  681
  680  718
  682  683
  682  720
  683  720
  683  721
  684  723
  684  685
  684  722
  685  723
  685  724
  686  727
  686  726
  686  725
  687  727
  688  729
  688  689
  689  729
  689  730
  690  691
  690  732
  690  731
  691  734
  691  692
  691  733
  692  736
  693  738
  693  739
  693  737
  694  739
  695  786
  695  742
  695  741
  696  743
  696  697
  698  744
  699  745
  699  746
  699  700
  700  747
  700 2257
  700  746
  701  748
  701 2257
  701  749
  702  749
  703  795
  703  704
  703  750
  704  751
  705  798
  705  753
  705  752
  707  755
  708  755
  709  757
  709  756
  709  755
  710  758
  710  711
  710  757
  711  759
  711  712
  712  760
  712  713
  712  759
  713  762
  713  714
  714  715
  715  763
  715  716
  716  808
  716  763
  716  764
  716  717
  717  765
  717  764
  717  718
  718  765
  719  767
  720  721
  720  767
  721  812
  721  722
  721  768
  722  768
  722  769
  722  723
  723  769
  724  815
  724 2274
  724  769
  725 2274
  726  772
  726  727
  726  771
  727  818
  727  773
  727  772
  728  773
  729  821
  729  775
  729  730
  729  774
  730  776
  730  775
  732  778
  732  733
  732  777
  733  778
  733  734
  734  735
  734  778
  735  780
  735  779
  735  736
  736  781
  736  780
  738  783
  738  784
  738  739
  739  740
  740  741
  740  784
  741  786
  741  785
  742  787
  743  744
  743  787
  744  788
  744  789
  744  745
  745  789
  745  746
  746  790
  746  789
  747  792
  747 2257
  747  791
  748 2257
  748  793
  748  792
  749  793
  750  840
  750  794
  750  793
  751  752
  751  796
  752  797
  753  798
  755  800
  755  801
  755  756
  756  757
  756  801
  757  803
  758  850
  759  760
  759  804
  759  850
  760  761
  760  805
  761  806
  762  763
  762  806
  763  807
  764  856
  764  809
  764  808
  765  809
  765  766
  766  811
  766  767
  768  814
  768  769
  768  813
  769  814
  770  771
  770  815
  770 2274
  771  816
  772  818
  772  817
  773  819
  773  774
  773  818
  774  819
  775  822
  775  823
  775  821
  776  777
  777  824
  778 2278
  778  826
  778  779
  778  825
  779  827
  779  780
  780  828
  780  827
  781  782
  781  829
  782  783
  783  784
  783  830
  784  785
  784  831
  785  832
  785  786
  786 2268
  786  833
  786  832
  787 2280
  787  834
  787  788
  787 2268
  788  789
  788  834
  789  835
  789  834
  789  790
  790  836
  790  791
  791  837
  792  839
  792  793
  792  838
  793  840
  794  841
  794  840
  795  841
  796  842
  798  844
  798  843
  799  844
  800  801
  800  847
  801  802
  803  895
  803  849
  805  852
  806  854
  806  853
  807  900
  807  855
  807  854
  807  808
  808  856
  808  855
  809  810
  809  857
  810  811
  811  858
  811  812
  812  858
  813  860
  813  859
  813  814
  814  815
  814  860
  815  861
  816  817
  817  862
  818  819
  818  863
  819  864
  819  820
  820  911
  820  865
  820  821
  820  864
  821  865
  821  822
  822  912
  822  866
  823  824
  823  867
  824  825
  825  868
  826  827
  826 2278
  827  869
  827  870
  828  872
  828  829
  829  830
  830  831
  830  872
  831  832
  831  873
  832  833
  832  874
  833  875
  833  877
  834  835
  834 2280
  835  880
  835  836
  836  880
  836  881
  837  838
  837  881
  838  839
  839  884
  839  882
  840  841
  840  884
  841  887
  841  886
  841  842
  841  885
  842  929
  842  888
  842  887
  842  843
  843  889
  843  844
  844  891
  844  890
  847  934
  847  892
  847  848
  848  849
  848  893
  849  936
  849  894
  849  895
  850  851
  851  897
  851  852
  852  940
  852  898
  852  897
  853  898
  854  900
  854  899
  855  901
  855  856
  856  901
  856  902
  857  904
  857  902
  858  905
  858  904
  859  906
  859  860
  859  905
  860  907
  860  906
  861  908
  862  909
  862  863
  862  908
  864  952
  864  910
  865  912
  865  911
  866  867
  867  913
  867  868
  868 2279
  868 2277
  868  914
  869 2278
  869  958
  869  916
  869  870
  869 2277
  870  916
  870  871
  871  917
  871  872
  872  918
  872  873
  873  874
  874  918
  874  875
  875  876
  875  919
  876  964
  876  877
  876  921
  876  920
  877 2269
  877  921
  877  878
  878 2280
  878 2269
  878  922
  878  921
  879  967
  879  880
  880  881
  881  882
  881  924
  882  926
  882  925
  883  884
  883  926
  884  927
  884  885
  885 2245
  885  886
  886  887
  886 2245
  887  929
  888  974
  888  930
  888  889
  888  929
  889  930
  889  890
  890  932
  890  931
  890  930
  892  934
  893  894
  893  936
  893  935
  893  934
  894  936
  895  937
  895  896
  895  936
  896  897
  897  938
  898  941
  898  940
  899  941
  900  942
  900  901
  901  987
  901  902
  902  943
  902  903
  903  945
  903  904
  903  944
  904  905
  904  946
  905  906
  906  992
  906  947
  906  946
  907  949
  908  909
  908  949
  909  910
  909  951
  909  950
  911  953
  911  912
  911  952
  912  953
  912  954
  912  913
  913  914
  914  955
  914  915
  915  958
  915 2277
  915  956
  916  959
  916  958
  916  960
  917  918
  917  960
  917  962
  918  919
  919  920
  919  962
  920  963
  920  964
  921  922
  921  965
  921  964
  922  966
  922 2280
  923  967
  923  966
  923 2280
  924 1013
  924  968
  924  967
  925  969
  925  968
  927  972
  927  970
  928  972
  928 2245
  929  974
  930 2234
  930  975
  930  931
  930  974
  931  976
  932  976
  934  979
  934  978
  935  980
  935  979
  936  981
  936  937
  936  980
  937  938
  937  982
  937  981
  938  983
  938  939
  939 1028
  939  983
  939  940
  939  984
  940  984
  940  941
  941  985
  941  984
  942  987
  942  986
  943  988
  943  944
  943  987
  944  990
  944  988
  945  946
  945  991
  945  990
  947  993
  947  948
  947  992
  948  949
  949  950
  949  994
  950  951
  950  995
  951  996
  951  952
  952  997
  953  954
  953  999
  954  955
  954  999
  955 1045
  955 1002
  955  956
  955 1001
  956 1002
  956  957
  957 1003
  957 1002
  957  958
  958 1004
  958 1003
  958  959
  959 1005
  959 1004
  960 1049
  960 1005
  960  961
  961 1006
  961  962
  961 1049
  962 1007
  962  963
  963 1052
  963 1009
  963  964
  963 1008
  964 1009
  965 1011
  965 1010
  965 1009
  966 1012
  966 1011
  967 1012
  968 1014
  969  970
  970 1058
  970  971
  970 1014
  971 1016
  971 1015
  971  972
  972 1017
  972 1016
  973 2245
  973 1018
  973  974
  974 2234
  975 1021
  975  976
  975 2234
  976 1022
  976 1021
  978 1024
  979 1068
  979 1024
  979 1025
  980 1068
  980 1026
  981  982
  981 1027
  981 1026
  982 1027
  982  983
  983 1028
  983 1027
  984 1072
  984 1029
  984  985
  985 1031
  985  986
  985 1030
  985 1029
  987 1032
  987 1031
  988 1034
  988  989
  988 1033
  989 1034
  989 1035
  989  990
  990  991
  990 1035
  991 1036
  991 1035
  992 1037
  992  993
  992 1036
  993 1038
  993  994
  994  995
  994 1039
  995 1040
  996  997
  996 1040
  997 1042
  997  998
  998 1043
  998  999
  998 1042
  999 1086
  999 1087
  999 1044
  999 1043
  999 1000
 1000 1088
 1000 1001
 1000 1044
 1001 1089
 1001 1045
 1001 1088
 1002 1003
 1002 1045
 1003 1046
 1003 1004
 1003 1047
 1004 1047
 1004 1005
 1005 1049
 1006 1007
 1006 1050
 1006 1049
 1007 1050
 1007 1051
 1007 1008
 1008 1052
 1008 1051
 1009 1097
 1009 1053
 1009 1052
 1010 1054
 1010 1053
 1011 1054
 1012 1055
 1013 1057
 1014 1057
 1014 1102
 1014 1058
 1015 1059
 1015 1016
 1015 1058
 1016 1017
 1016 1059
 1017 1060
 1017 2244
 1018 2244
 1018 1063
 1019 2234
 1020 2236
 1020 2234
 1021 1066
 1021 1065
 1024 1112
 1024 1067
 1025 1112
 1025 1068
 1026 1069
 1026 1027
 1026 1068
 1027 1071
 1027 1069
 1028 1116
 1028 1072
 1029 1030
 1029 1072
 1030 1118
 1030 1074
 1030 1031
 1031 1074
 1031 1032
 1032 1075
 1032 1033
 1033 1121
 1033 1076
 1033 1075
 1033 1034
 1034 1035
 1034 1076
 1035 1078
 1035 1036
 1036 1078
 1036 1037
 1037 1081
 1037 1080
 1038 1082
 1038 1039
 1038 1081
 1039 1040
 1039 1083
 1040 1041
 1041 1083
 1041 1042
 1042 1085
 1042 1084
 1043 1085
 1043 1086
 1044 1088
 1044 1087
 1045 1090
 1045 1089
 1046 1091
 1046 1090
 1047 1048
 1047 1091
 1048 1093
 1048 1049
 1048 1092
 1049 1094
 1049 1050
 1050 1094
 1051 1096
 1051 1052
 1052 1096
 1053 1099
 1053 1098
 1053 1097
 1054 1099
 1054 1055
 1055 1056
 1055 1101
 1056 1057
 1056 1101
 1057 1149
 1057 1102
 1058 1059
 1058 1102
 1059 1060
 1059 1103
 1061 1105
 1061 1062
 1061 2244
 1062 1107
 1062 1063
 1062 1106
 1063 1107
 1063 1064
 1064 2236
 1064 1108
 1064 1107
 1064 2235
 1065 2236
 1065 1109
 1065 1066
 1065 1108
 1066 1109
 1067 1112
 1068 1113
 1069 1070
 1069 1114
 1070 1115
 1070 1071
 1071 1116
 1071 1163
 1072 1165
 1072 1073
 1072 1117
 1073 1118
 1074 1119
 1074 1075
 1075 1119
 1075 1121
 1076 1077
 1076 1121
 1077 1123
 1078 1125
 1078 1123
 1078 1079
 1078 1124
 1079 1080
 1079 1126
 1079 1125
 1080 1174
 1080 1126
 1080 1127
 1080 1081
 1081 1127
 1081 1082
 1082 1129
 1082 1128
 1082 1083
 1082 1127
 1083 1084
 1084 1129
 1084 1130
 1084 1085
 1085 1131
 1085 1086
 1085 1130
 1086 1087
 1087 1133
 1088 1089
 1088 1133
 1089 1090
 1089 1134
 1090 1135
 1090 1136
 1091 1137
 1091 1092
 1092 1139
 1093 1140
 1093 1094
 1094 1141
 1094 1095
 1095 1143
 1095 1096
 1095 1141
 1096 1097
 1097 1144
 1097 1098
 1098 1099
 1098 1145
 1098 1146
 1099 1147
 1099 1100
 1100 1148
 1100 1101
 1101 1148
 1101 1149
 1102 1150
 1103 1152
 1104 1105
 1104 1153
 1105 1106
 1105 1153
 1105 1154
 1106 1107
 1106 1154
 1106 1155
 1107 1156
 1107 1108
 1108 1157
 1108 1109
 1108 2236
 1109 1110
 1110 1157
 1111 1160
 1113 1160
 1114 1162
 1115 1163
 1115 1162
 1116 1165
 1116 1164
 1117 1166
 1118 1167
 1118 1166
 1119 1168
 1119 1120
 1119 1167
 1120 1121
 1120 1168
 1121 1122
 1122 1170
 1123 2270
 1123 1170
 1124 1171
 1125 1172
 1125 1126
 1125 1171
 1126 1174
 1126 1172
 1127 1175
 1127 1128
 1127 1174
 1128 1129
 1128 1176
 1129 1176
 1129 1177
 1129 1178
 1129 1130
 1130 1131
 1130 1178
 1131 1132
 1131 1179
 1132 1133
 1132 1180
 1132 1181
 1133 1182
 1133 1134
 1134 1183
 1134 1135
 1135 1136
 1136 1183
 1136 1137
 1137 1138
 1137 1184
 1138 1139
 1139 1140
 1139 1185
 1140 1141
 1140 1187
 1141 1187
 1141 1142
 1142 1143
 1142 1189
 1142 1188
 1143 1144
 1144 1190
 1144 1145
 1145 1232
 1145 2276
 1145 1146
 1146 1191
 1146 1232
 1146 1147
 1147 1148
 1147 1191
 1148 1192
 1148 1193
 1149 1150
 1149 1194
 1150 1151
 1150 1195
 1151 1152
 1151 1196
 1152 1153
 1153 1197
 1153 1196
 1154 1198
 1154 1197
 1155 1200
 1157 1243
 1157 1242
 1157 1201
 1157 1200
 1159 1203
 1159 1160
 1160 1203
 1160 1161
 1160 1204
 1161 1205
 1161 1162
 1161 1204
 1163 1206
 1164 1207
 1165 1207
 1166 1209
 1166 2255
 1166 1167
 1166 1208
 1167 1209
 1167 1168
 1168 1169
 1169 1211
 1169 1212
 1170 2270
 1170 1212
 1171 2270
 1171 1172
 1171 1213
 1172 1213
 1172 1173
 1173 1215
 1173 1174
 1174 1215
 1175 1176
 1175 2281
 1176 1177
 1176 1216
 1177 1218
 1177 1178
 1177 1217
 1178 1218
 1178 1179
 1179 1180
 1180 1219
 1181 1182
 1181 1220
 1182 1223
 1182 1183
 1182 1221
 1183 1223
 1183 1184
 1184 1185
 1184 1224
 1185 2271
 1185 1225
 1185 1186
 1186 1226
 1186 1187
 1187 1227
 1187 1188
 1188 1227
 1189 1229
 1189 1230
 1190 2276
 1190 1230
 1190 1231
 1191 1278
 1191 1192
 1191 1233
 1191 1232
 1192 1279
 1192 1233
 1192 1234
 1193 1234
 1193 1194
 1194 1235
 1195 1282
 1195 1281
 1195 1236
 1195 1196
 1195 1235
 1196 1237
 1197 1239
 1197 1237
 1198 1240
 1198 1199
 1199 1241
 1199 1240
 1199 1200
 1200 1242
 1200 1241
 1201 1243
 1203 1246
 1203 1245
 1204 1247
 1204 1205
 1205 1248
 1205 1206
 1205 1247
 1206 1293
 1206 1295
 1206 1207
 1206 1294
 1206 1248
 1207 1295
 1207 1208
 1207 1249
 1208 1249
 1208 1250
 1208 2255
 1209 2255
 1209 1252
 1209 1210
 1210 1253
 1210 1211
 1211 1300
 1211 1254
 1212 1301
 1212 1254
 1213 1255
 1213 1214
 1213 2270
 1214 1257
 1214 1215
 1214 1256
 1215 2281
 1215 1258
 1216 1217
 1216 1259
 1216 2281
 1217 1261
 1218 1262
 1218 1219
 1218 1263
 1219 1220
 1219 1263
 1220 1264
 1220 1221
 1221 1222
 1222 1223
 1222 1267
 1222 1266
 1223 1268
 1223 1313
 1223 1267
 1224 1269
 1225 1226
 1225 1270
 1226 1272
 1226 1273
 1226 1227
 1227 1274
 1227 1228
 1228 1229
 1229 1275
 1229 1230
 1230 1231
 1231 2275
 1231 1276
 1232 2276
 1232 1277
 1232 1278
 1232 2275
 1233 1279
 1233 1278
 1234 1324
 1234 1280
 1234 1235
 1234 1279
 1235 1281
 1235 1280
 1236 1326
 1236 1283
 1236 1237
 1236 1282
 1237 1283
 1237 1238
 1238 1284
 1238 1239
 1238 1283
 1239 1284
 1239 1240
 1240 1286
 1241 1286
 1241 1287
 1243 1288
 1244 1289
 1246 1292
 1246 1334
 1246 1291
 1246 1247
 1247 1292
 1247 1248
 1248 1292
 1249 1250
 1249 1297
 1249 1295
 1250 1298
 1250 2255
 1251 2255
 1251 1252
 1253 1299
 1254 1301
 1255 2270
 1255 1302
 1255 1256
 1255 1301
 1256 1302
 1257 2261
 1257 1304
 1257 1258
 1258 1304
 1258 2281
 1258 1259
 1259 1260
 1260 1261
 1260 1305
 1261 1307
 1261 1262
 1262 1263
 1263 1307
 1263 1308
 1264 1265
 1264 1308
 1265 1311
 1265 1309
 1265 1266
 1266 1312
 1266 1311
 1267 1312
 1267 1313
 1268 1314
 1268 1313
 1268 1269
 1269 2272
 1269 1314
 1270 1271
 1270 1315
 1271 1272
 1272 1317
 1272 1273
 1273 1318
 1273 1317
 1273 1274
 1274 1319
 1274 1318
 1274 1275
 1275 1321
 1275 1320
 1276 1322
 1276 1321
 1276 1277
 1277 2275
 1277 1322
 1278 2282
 1279 1367
 1279 1324
 1279 1323
 1280 1281
 1280 1324
 1281 1282
 1282 1325
 1283 1328
 1283 1284
 1283 1326
 1284 1329
 1284 1285
 1284 1328
 1285 1286
 1285 1329
 1286 1372
 1286 1330
 1286 1329
 1287 1374
 1287 1330
 1287 1288
 1288 1331
 1288 1289
 1288 1374
 1289 1332
 1289 1331
 1289 1290
 1291 1334
 1292 1293
 1292 1334
 1292 1335
 1292 1378
 1293 1336
 1293 1294
 1294 1295
 1295 1337
 1295 1296
 1296 1383
 1296 1338
 1298 1299
 1298 1338
 1299 1340
 1299 1300
 1299 1341
 1300 1341
 1301 1387
 1301 1343
 1301 1302
 1301 1342
 1302 1343
 1302 1303
 1303 2261
 1303 1344
 1304 1346
 1304 1305
 1304 2261
 1305 1306
 1305 1347
 1306 1349
 1306 1348
 1306 1307
 1307 1394
 1307 1393
 1307 1350
 1307 1308
 1308 1309
 1308 1350
 1309 1351
 1310 1311
 1310 1351
 1311 1397
 1311 1352
 1312 1353
 1312 1313
 1313 1354
 1313 1314
 1314 1355
 1314 1354
 1315 1355
 1315 1356
 1315 2272
 1316 1317
 1316 1356
 1317 1359
 1317 1358
 1318 1359
 1319 1361
 1320 1321
 1320 1361
 1321 1362
 1321 1322
 1321 1363
 1322 1363
 1322 2282
 1323 2282
 1323 1366
 1324 1325
 1324 1367
 1325 1326
 1325 1368
 1326 1327
 1327 1328
 1327 1369
 1328 1370
 1328 1329
 1329 1372
 1330 1374
 1330 1372
 1331 1376
 1331 1375
 1331 1374
 1334 1378
 1334 1377
 1336 1380
 1337 1381
 1338 1384
 1338 1339
 1338 1383
 1339 1428
 1339 1385
 1339 1340
 1339 1384
 1341 1430
 1341 1342
 1341 1386
 1342 1431
 1342 1430
 1342 1387
 1343 1344
 1343 1387
 1344 1345
 1345 1388
 1345 1389
 1346 2261
 1346 1347
 1346 1390
 1347 1390
 1347 1348
 1348 1392
 1349 1393
 1350 1395
 1350 1394
 1351 1396
 1351 1395
 1351 2265
 1352 1398
 1353 1354
 1353 1398
 1354 1399
 1354 1355
 1355 2272
 1355 1444
 1355 1400
 1355 1399
 1356 1357
 1356 1401
 1356 1400
 1358 1448
 1358 1447
 1358 1359
 1358 1402
 1359 1360
 1359 1448
 1360 1403
 1360 1361
 1361 1404
 1362 1405
 1362 1406
 1362 1363
 1363 1407
 1363 1406
 1364 1365
 1364 1407
 1364 2282
 1365 1409
 1365 1366
 1366 1367
 1366 1410
 1367 1411
 1367 1410
 1368 1412
 1368 1411
 1369 1413
 1370 1414
 1371 2248
 1371 1372
 1371 1414
 1372 1373
 1372 1415
 1373 1374
 1373 1416
 1374 1417
 1374 1375
 1375 1376
 1375 1418
 1376 1419
 1378 1421
 1379 1422
 1379 1380
 1380 1424
 1380 1381
 1380 1423
 1381 1426
 1381 1382
 1382 1383
 1382 1426
 1384 1469
 1384 1427
 1385 1429
 1385 1386
 1385 1428
 1386 1429
 1387 1432
 1387 1431
 1388 1432
 1389 1434
 1389 1390
 1389 2261
 1390 1434
 1390 1435
 1391 1392
 1391 1435
 1392 1436
 1393 1437
 1394 1438
 1394 1395
 1394 1437
 1395 1439
 1395 1438
 1396 1440
 1396 1439
 1397 2265
 1397 1398
 1397 1442
 1397 2264
 1398 1443
 1399 1444
 1399 1443
 1400 1445
 1400 1444
 1401 2263
 1401 1446
 1401 1445
 1402 1447
 1402 1446
 1403 1493
 1404 1450
 1404 1449
 1404 1405
 1405 1451
 1405 1450
 1405 1406
 1406 1451
 1406 1407
 1407 1452
 1408 1452
 1408 1409
 1409 1454
 1409 1410
 1410 1455
 1410 1411
 1411 1456
 1411 1455
 1412 1457
 1412 1413
 1413 1458
 1413 1457
 1413 1414
 1414 2246
 1414 1458
 1415 1459
 1416 1460
 1417 1460
 1418 1461
 1419 1462
 1421 1422
 1422 1508
 1422 1464
 1422 1463
 1422 1423
 1422 1465
 1423 1465
 1423 1424
 1424 1466
 1424 1465
 1424 1425
 1425 1467
 1425 1426
 1425 1466
 1426 1468
 1426 1427
 1428 1514
 1428 1469
 1429 1470
 1429 1471
 1429 1430
 1430 1472
 1430 1431
 1430 1471
 1431 1473
 1431 1472
 1432 1474
 1432 1473
 1433 1474
 1433 1434
 1434 1476
 1434 1435
 1435 1478
 1435 1476
 1436 1437
 1436 1479
 1437 1480
 1437 1479
 1437 1438
 1438 1481
 1438 1439
 1438 1480
 1439 1482
 1439 1481
 1440 1483
 1440 1482
 1440 2264
 1441 1483
 1441 1442
 1442 1485
 1443 1486
 1443 1485
 1444 1487
 1444 1486
 1444 1445
 1444 1488
 1445 2263
 1445 1488
 1446 1489
 1446 2263
 1447 1530
 1447 1448
 1447 1491
 1448 2259
 1448 1491
 1449 1494
 1449 1493
 1450 1451
 1450 1494
 1451 1496
 1451 1452
 1451 1494
 1451 1495
 1452 1496
 1453 1536
 1453 1454
 1453 1496
 1454 1498
 1455 1498
 1455 1499
 1455 1456
 1456 1500
 1456 1540
 1456 1457
 1456 1499
 1457 1500
 1457 1501
 1458 1502
 1459 1544
 1459 2249
 1459 1503
 1459 1460
 1460 1504
 1460 1503
 1461 1506
 1461 1505
 1461 1462
 1461 1504
 1463 1508
 1464 1465
 1464 1509
 1465 1510
 1465 1466
 1466 1511
 1466 1467
 1467 1511
 1467 1468
 1468 1469
 1468 1512
 1468 1511
 1469 1512
 1470 1515
 1470 1514
 1470 1471
 1471 1472
 1471 1515
 1472 1517
 1472 1473
 1473 1518
 1473 1517
 1474 1519
 1475 1476
 1475 1519
 1476 1521
 1476 1477
 1477 1478
 1479 1565
 1479 1566
 1479 1480
 1479 1522
 1480 1566
 1481 1524
 1481 1482
 1482 1524
 1483 1525
 1483 1524
 1484 1526
 1484 1525
 1485 1527
 1485 1526
 1486 1527
 1486 1487
 1487 1572
 1487 1488
 1487 1527
 1488 2262
 1489 1529
 1489 2262
 1490 1530
 1490 1529
 1491 1492
 1491 1530
 1493 2259
 1493 1576
 1493 1532
 1494 1534
 1494 1495
 1494 1533
 1495 1535
 1495 1534
 1496 1536
 1496 1535
 1497 1538
 1497 1536
 1498 1539
 1498 1499
 1498 1538
 1499 1540
 1500 1581
 1500 1540
 1500 1541
 1501 1583
 1501 1542
 1501 1541
 1501 1502
 1502 2247
 1502 1543
 1502 1542
 1503 1587
 1503 1545
 1503 1504
 1503 1544
 1504 1545
 1504 1505
 1504 1546
 1505 1547
 1505 1546
 1506 1547
 1507 1550
 1508 1550
 1508 1551
 1509 1551
 1510 1553
 1510 1552
 1511 1594
 1511 1595
 1511 1554
 1511 1553
 1512 1554
 1512 1555
 1512 1513
 1513 1556
 1513 1555
 1513 1514
 1514 1515
 1514 1556
 1515 1516
 1515 1556
 1516 1557
 1516 1517
 1517 1559
 1517 1518
 1517 1560
 1518 1560
 1518 1519
 1519 1603
 1519 1561
 1520 1521
 1520 1561
 1520 1562
 1521 1563
 1521 1522
 1522 1564
 1523 1524
 1523 1566
 1524 1567
 1524 1525
 1525 1568
 1526 1570
 1527 1572
 1527 1571
 1528 1614
 1528 1573
 1528 2262
 1528 1572
 1529 1615
 1530 1616
 1530 1574
 1531 1532
 1531 1575
 1532 1576
 1532 1575
 1533 1620
 1533 1619
 1533 1534
 1533 1576
 1534 1620
 1535 1578
 1535 1577
 1536 1578
 1537 1579
 1537 1538
 1537 1578
 1538 2254
 1538 1539
 1539 1540
 1539 1580
 1540 1581
 1541 1582
 1541 1581
 1542 1584
 1542 1543
 1542 1583
 1543 2249
 1543 1544
 1543 2247
 1544 2249
 1544 1585
 1545 1546
 1545 1587
 1546 1629
 1546 1588
 1547 1588
 1548 1588
 1549 1550
 1550 1590
 1550 1551
 1551 1592
 1551 1552
 1551 1593
 1552 1553
 1552 1593
 1553 1593
 1554 1637
 1554 1597
 1554 1596
 1555 1597
 1555 1598
 1555 1556
 1556 1557
 1557 1598
 1557 1558
 1558 1601
 1558 1559
 1558 1599
 1559 1602
 1559 1560
 1560 1603
 1560 1602
 1561 1644
 1561 1603
 1562 1605
 1562 1604
 1563 1606
 1563 1564
 1563 1605
 1564 1565
 1564 1606
 1564 1607
 1565 1608
 1565 1607
 1565 1566
 1566 1609
 1566 1608
 1567 1650
 1567 1568
 1567 1609
 1568 1651
 1568 1569
 1568 1610
 1570 1612
 1570 1571
 1570 1611
 1571 1613
 1571 1572
 1571 1612
 1572 1613
 1573 1656
 1573 1655
 1573 1615
 1573 1614
 1575 1617
 1576 1619
 1576 1618
 1577 1621
 1577 1620
 1578 1662
 1578 1621
 1579 2254
 1579 1623
 1579 1622
 1580 1624
 1580 1581
 1581 1668
 1581 1667
 1581 1582
 1582 1625
 1582 1668
 1583 1625
 1584 1626
 1585 1627
 1586 1627
 1586 1587
 1587 1629
 1588 1630
 1588 1629
 1589 1630
 1590 1633
 1591 1592
 1592 1593
 1592 1635
 1593 1594
 1594 1636
 1595 1636
 1596 1637
 1596 1636
 1597 1638
 1597 1598
 1598 1599
 1598 1638
 1599 1639
 1599 1600
 1600 1601
 1600 1640
 1601 1642
 1601 1602
 1602 1643
 1602 1603
 1603 1643
 1604 1689
 1604 1644
 1605 1690
 1605 1646
 1606 1607
 1606 1646
 1606 1647
 1607 1608
 1608 1648
 1608 1609
 1609 1649
 1609 1648
 1610 1651
 1610 1650
 1611 1652
 1611 1612
 1611 1651
 1612 1654
 1612 1613
 1612 1653
 1613 1654
 1614 1654
 1615 1657
 1615 1616
 1615 1656
 1616 1702
 1616 1657
 1617 1658
 1617 1618
 1618 1703
 1618 1659
 1618 1658
 1618 1619
 1619 1620
 1619 1660
 1620 1660
 1621 1662
 1622 1662
 1623 1666
 1623 2254
 1623 1665
 1624 2254
 1624 1667
 1624 1710
 1625 1713
 1625 1714
 1625 1669
 1625 1626
 1625 1668
 1626 1670
 1626 1627
 1626 1669
 1627 1671
 1628 1672
 1630 1719
 1630 1674
 1630 1673
 1632 1633
 1632 1676
 1633 1676
 1633 1677
 1633 1634
 1635 1724
 1635 1678
 1636 1680
 1636 1679
 1637 1682
 1637 1638
 1637 1681
 1637 1680
 1638 1682
 1639 1684
 1639 1640
 1639 1682
 1640 1641
 1641 1686
 1641 1684
 1641 1642
 1642 1687
 1642 1643
 1643 1687
 1644 1688
 1644 1687
 1645 1690
 1645 1689
 1646 1647
 1646 1690
 1647 1692
 1648 1739
 1648 1738
 1648 1693
 1648 1649
 1648 1692
 1649 1693
 1650 1740
 1651 1694
 1652 1696
 1652 1695
 1653 1697
 1653 1654
 1653 1696
 1654 1698
 1654 1697
 1655 1698
 1655 1656
 1656 1700
 1656 1699
 1657 1700
 1658 1703
 1658 1702
 1659 1750
 1659 1660
 1659 1703
 1660 1751
 1660 1704
 1660 1705
 1661 1705
 1661 1662
 1662 1663
 1663 1707
 1663 1664
 1663 1706
 1664 1707
 1665 1755
 1665 1709
 1665 1666
 1665 1708
 1666 1710
 1667 1668
 1667 1711
 1668 1711
 1668 1712
 1669 1760
 1669 1715
 1669 1714
 1670 1716
 1670 1671
 1671 1717
 1671 1716
 1671 1672
 1672 1763
 1672 1718
 1672 1717
 1673 1764
 1673 1719
 1673 1718
 1674 1719
 1675 1722
 1676 1722
 1676 1677
 1677 1678
 1677 1723
 1677 1722
 1678 1724
 1678 1723
 1679 1724
 1680 1726
 1680 1770
 1681 1770
 1681 1682
 1681 1727
 1682 1728
 1682 1727
 1683 1773
 1683 1684
 1684 1685
 1684 1729
 1686 1731
 1687 1733
 1687 1732
 1687 1688
 1688 1734
 1688 1733
 1689 1734
 1690 1736
 1691 1736
 1692 1738
 1692 1737
 1693 1740
 1693 1739
 1694 1741
 1694 1695
 1695 1742
 1696 1786
 1696 1744
 1697 1698
 1697 1744
 1698 1744
 1698 1745
 1699 1700
 1699 1745
 1700 1747
 1700 1746
 1701 1748
 1701 1747
 1702 1748
 1702 1703
 1703 1749
 1703 1750
 1704 1751
 1704 1750
 1705 1752
 1705 1751
 1706 1707
 1706 1752
 1707 1754
 1707 1753
 1708 1755
 1708 1754
 1709 1756
 1710 1757
 1710 1711
 1711 1712
 1711 1757
 1712 1758
 1712 1713
 1713 1714
 1714 1760
 1715 1761
 1715 1716
 1715 1760
 1716 1762
 1716 1761
 1717 1803
 1717 1762
 1718 1764
 1718 1763
 1719 1765
 1719 1764
 1722 1806
 1722 1766
 1722 1767
 1724 1768
 1724 1725
 1725 1769
 1725 1726
 1725 1768
 1726 1770
 1726 1769
 1727 1728
 1727 1772
 1727 1770
 1728 1812
 1728 1773
 1728 1772
 1729 1730
 1729 1773
 1730 1776
 1730 1731
 1730 1774
 1731 1776
 1731 1732
 1732 1733
 1732 1777
 1732 1776
 1733 1777
 1733 1734
 1734 1818
 1734 1778
 1735 1779
 1736 1780
 1736 1737
 1736 1779
 1737 1738
 1737 1780
 1738 1781
 1738 1739
 1739 1740
 1739 1782
 1739 1781
 1740 1783
 1740 1782
 1740 1741
 1741 1784
 1741 1783
 1742 1743
 1742 1784
 1743 1786
 1744 1787
 1744 1745
 1745 1746
 1745 1787
 1746 1747
 1747 1788
 1748 1790
 1749 1831
 1749 1830
 1749 1750
 1749 1791
 1749 1790
 1750 1791
 1751 1793
 1751 1752
 1752 2253
 1752 1793
 1753 2253
 1753 1754
 1754 1794
 1755 1795
 1756 1837
 1756 1797
 1756 1796
 1757 1798
 1757 1758
 1757 1797
 1758 1798
 1758 1759
 1759 1800
 1759 1799
 1760 1801
 1760 1800
 1760 1761
 1761 1802
 1761 1762
 1761 1801
 1762 1842
 1762 1802
 1763 1845
 1763 1844
 1763 1803
 1764 1804
 1764 1845
 1766 1806
 1767 1807
 1767 1768
 1767 1806
 1768 1808
 1768 1807
 1769 1809
 1769 1770
 1769 1808
 1770 1771
 1770 1811
 1770 1809
 1771 1772
 1772 1811
 1773 1813
 1773 1812
 1774 1775
 1774 1813
 1775 1815
 1776 1856
 1776 1816
 1776 1777
 1776 1815
 1777 1816
 1778 1818
 1778 1816
 1779 1780
 1779 1819
 1780 1821
 1780 1781
 1780 1819
 1781 1822
 1782 1823
 1782 1783
 1783 1824
 1783 1823
 1784 1785
 1784 1824
 1785 1786
 1786 1866
 1786 1865
 1786 1787
 1787 1867
 1787 1866
 1787 1826
 1788 1789
 1788 1826
 1788 1828
 1789 1829
 1790 1830
 1790 1829
 1791 1792
 1791 1831
 1792 1833
 1793 2253
 1793 1833
 1794 1795
 1794 1835
 1795 1796
 1797 1877
 1797 1798
 1797 1837
 1798 1878
 1798 1838
 1798 1877
 1799 1879
 1800 1880
 1800 1840
 1800 1801
 1801 1840
 1802 1841
 1803 1843
 1803 1842
 1804 1845
 1806 1888
 1806 1847
 1807 1849
 1807 1808
 1807 1848
 1808 1809
 1808 1849
 1809 1850
 1809 1810
 1810 1851
 1810 1811
 1810 1850
 1811 1893
 1811 1852
 1811 1812
 1812 1813
 1812 1852
 1813 2240
 1813 1853
 1814 1815
 1814 2240
 1815 1855
 1815 1856
 1816 1857
 1816 1856
 1817 1818
 1817 1857
 1818 1859
 1819 1860
 1819 1820
 1819 1859
 1820 1860
 1820 1821
 1820 1861
 1821 1862
 1821 1822
 1822 1862
 1822 1823
 1823 1864
 1823 1824
 1824 2238
 1824 1864
 1825 2238
 1825 1865
 1826 1868
 1826 1867
 1827 1868
 1827 1828
 1828 1870
 1829 1870
 1830 1871
 1830 1831
 1831 1911
 1831 1871
 1831 1872
 1832 1872
 1832 1833
 1833 1914
 1833 1834
 1833 2253
 1834 1915
 1834 1914
 1834 1874
 1834 2253
 1835 1874
 1835 2253
 1836 1837
 1836 1874
 1836 1876
 1837 1877
 1837 1876
 1838 1879
 1838 1878
 1839 1880
 1839 1879
 1840 1841
 1840 1880
 1841 1842
 1841 1882
 1842 1925
 1842 1883
 1842 1882
 1843 1883
 1844 1884
 1845 1885
 1846 1885
 1847 1888
 1848 1888
 1849 1891
 1849 1890
 1850 1891
 1851 1893
 1851 1892
 1852 1937
 1852 1894
 1852 1893
 1853 1894
 1854 1896
 1854 2240
 1855 1897
 1855 1856
 1855 1896
 1856 1857
 1856 1898
 1856 1897
 1857 1898
 1858 1898
 1859 1899
 1859 1900
 1859 1860
 1860 1945
 1860 1900
 1861 1947
 1861 1902
 1861 1901
 1862 1902
 1862 1903
 1862 1863
 1863 1864
 1863 1903
 1864 2238
 1864 1949
 1865 1866
 1865 1906
 1866 1907
 1866 1867
 1867 1907
 1868 1908
 1869 1908
 1869 1870
 1870 1910
 1870 1871
 1871 1956
 1871 1911
 1871 1910
 1872 1912
 1872 1873
 1872 1911
 1873 1914
 1874 1916
 1874 1915
 1875 1918
 1875 1916
 1876 1919
 1876 1918
 1876 1877
 1877 1920
 1877 1878
 1878 1921
 1878 1920
 1879 1922
 1880 1881
 1880 2239
 1881 1924
 1882 1925
 1882 1924
 1883 1884
 1884 1928
 1884 1927
 1884 1926
 1884 1885
 1885 1929
 1885 1928
 1887 1931
 1888 1931
 1888 1932
 1888 1889
 1889 1890
 1889 1933
 1889 1932
 1890 1933
 1890 1934
 1890 1891
 1891 1934
 1891 1892
 1892 1936
 1893 1937
 1894 1938
 1894 1937
 1894 2240
 1895 1938
 1895 1939
 1896 1983
 1896 1939
 1896 1897
 1897 1940
 1898 1942
 1898 1941
 1899 1944
 1899 1942
 1900 1945
 1900 1944
 1901 1945
 1902 1903
 1903 1904
 1903 1947
 1903 1990
 1904 1948
 1904 1949
 1905 1950
 1905 1952
 1905 1906
 1906 1907
 1906 1953
 1907 1953
 1907 1908
 1908 1954
 1908 1997
 1908 1953
 1909 1955
 1910 1956
 1910 1955
 1911 1957
 1911 1912
 1911 1956
 1912 1958
 1912 1957
 1913 1959
 1914 1959
 1914 1915
 1915 1960
 1915 1959
 1916 1961
 1916 1917
 1917 1963
 1918 1963
 1918 1919
 1919 1920
 1919 1964
 1919 2008
 1919 1963
 1920 1964
 1920 1921
 1921 1922
 1921 1966
 1921 1965
 1922 2010
 1922 1967
 1922 1966
 1923 2239
 1923 1968
 1924 1969
 1924 1968
 1924 1925
 1925 1926
 1925 1970
 1925 1969
 1926 1971
 1926 1970
 1926 1927
 1927 1928
 1927 1971
 1928 1973
 1928 1972
 1931 2018
 1931 1975
 1931 1974
 1932 2019
 1932 1975
 1932 1976
 1933 1934
 1933 1976
 1934 2020
 1934 1977
 1934 1976
 1935 1936
 1935 1977
 1936 1979
 1937 1980
 1937 1981
 1937 1979
 1937 1938
 1938 1981
 1939 1983
 1940 1984
 1940 1941
 1940 1983
 1941 1984
 1941 1942
 1942 1986
 1942 1985
 1943 1986
 1943 1944
 1944 1988
 1944 1945
 1945 1946
 1945 1988
 1947 2036
 1947 2035
 1947 1989
 1947 1990
 1948 2037
 1948 1990
 1949 1992
 1949 1993
 1949 1950
 1949 2238
 1950 2238
 1950 1993
 1951 2258
 1951 1952
 1952 1995
 1953 1996
 1953 1995
 1953 1997
 1954 1998
 1954 1997
 1955 2000
 1955 1956
 1955 1999
 1956 2241
 1956 2000
 1957 1958
 1957 2002
 1957 2001
 1958 2004
 1959 2004
 1959 2005
 1959 1960
 1960 2005
 1960 1961
 1961 2006
 1961 2005
 1962 2007
 1962 2006
 1963 2233
 1963 2007
 1964 1965
 1964 2008
 1965 1966
 1966 2010
 1966 2009
 1967 1968
 1967 2010
 1968 2012
 1968 1969
 1969 2057
 1969 2012
 1969 1970
 1970 1971
 1971 2014
 1971 2013
 1972 2015
 1973 2015
 1974 2018
 1975 2019
 1976 2020
 1976 2019
 1977 2021
 1977 2020
 1978 1979
 1978 2021
 1979 1980
 1979 2023
 1980 1981
 1980 2023
 1981 2024
 1981 2026
 1981 2025
 1982 1983
 1983 1984
 1983 2027
 1984 2029
 1984 2027
 1984 1985
 1985 2030
 1985 1986
 1986 2072
 1986 2031
 1986 2030
 1987 2032
 1988 1989
 1988 2032
 1988 2033
 1989 2033
 1989 2035
 1990 2036
 1991 2038
 1991 2037
 1992 1993
 1992 2038
 1993 2080
 1993 2079
 1993 2038
 1993 2258
 1994 2258
 1995 2040
 1995 2039
 1995 1996
 1996 2041
 1996 1997
 1996 2040
 1997 2041
 1997 2042
 1999 2043
 1999 2042
 2000 2241
 2000 2043
 2001 2002
 2001 2241
 2002 2087
 2002 2003
 2002 2044
 2003 2046
 2004 2047
 2004 2046
 2004 2005
 2005 2049
 2005 2006
 2005 2047
 2006 2049
 2007 2051
 2007 2050
 2008 2052
 2008 2009
 2008 2051
 2009 2053
 2009 2094
 2009 2052
 2010 2011
 2010 2054
 2010 2053
 2011 2056
 2012 2057
 2012 2056
 2013 2058
 2013 2057
 2013 2014
 2014 2015
 2014 2060
 2014 2059
 2015 2061
 2015 2060
 2018 2063
 2018 2062
 2019 2105
 2019 2064
 2019 2063
 2020 2065
 2020 2021
 2021 2107
 2021 2066
 2021 2022
 2021 2065
 2022 2067
 2023 2110
 2023 2068
 2023 2024
 2023 2067
 2024 2025
 2025 2112
 2025 2026
 2026 2112
 2026 2027
 2027 2070
 2027 2028
 2028 2116
 2028 2029
 2028 2071
 2028 2070
 2030 2117
 2030 2072
 2030 2071
 2032 2073
 2032 2033
 2033 2074
 2033 2075
 2033 2073
 2035 2076
 2035 2075
 2036 2077
 2036 2037
 2036 2076
 2037 2077
 2038 2124
 2038 2079
 2039 2126
 2039 2040
 2040 2127
 2040 2082
 2041 2083
 2041 2082
 2042 2083
 2042 2043
 2043 2241
 2043 2085
 2044 2087
 2045 2046
 2045 2087
 2046 2089
 2046 2047
 2047 2089
 2047 2048
 2048 2091
 2048 2049
 2049 2091
 2050 2091
 2051 2138
 2051 2093
 2051 2052
 2051 2233
 2052 2093
 2053 2054
 2054 2096
 2054 2095
 2055 2056
 2055 2096
 2056 2098
 2056 2057
 2057 2100
 2057 2099
 2057 2058
 2058 2059
 2058 2100
 2059 2060
 2060 2102
 2060 2101
 2061 2102
 2063 2149
 2063 2105
 2063 2104
 2064 2065
 2064 2105
 2065 2153
 2065 2107
 2066 2067
 2066 2109
 2066 2157
 2067 2110
 2067 2109
 2068 2112
 2068 2110
 2069 2113
 2069 2112
 2070 2113
 2070 2114
 2070 2115
 2071 2116
 2072 2118
 2072 2117
 2073 2074
 2073 2119
 2073 2118
 2074 2119
 2074 2075
 2075 2121
 2075 2076
 2076 2122
 2076 2077
 2077 2123
 2077 2078
 2078 2124
 2079 2125
 2079 2124
 2079 2080
 2080 2126
 2080 2258
 2081 2188
 2081 2126
 2082 2083
 2082 2127
 2083 2129
 2083 2084
 2083 2128
 2085 2086
 2085 2131
 2085 2132
 2085 2130
 2085 2241
 2086 2087
 2086 2241
 2087 2132
 2087 2088
 2088 2134
 2089 2135
 2089 2090
 2089 2134
 2090 2091
 2091 2137
 2091 2136
 2091 2092
 2091 2135
 2092 2138
 2093 2094
 2093 2139
 2093 2138
 2094 2140
 2094 2095
 2095 2096
 2096 2141
 2096 2140
 2097 2143
 2097 2141
 2097 2098
 2098 2099
 2099 2144
 2099 2143
 2099 2100
 2100 2144
 2100 2101
 2101 2146
 2101 2102
 2102 2147
 2102 2146
 2105 2151
 2105 2106
 2105 2149
 2106 2153
 2106 2151
 2107 2155
 2107 2108
 2107 2153
 2108 2157
 2108 2155
 2109 2159
 2109 2157
 2110 2111
 2110 2159
 2111 2162
 2111 2160
 2111 2112
 2112 2164
 2112 2162
 2113 2114
 2113 2164
 2114 2115
 2114 2165
 2115 2168
 2115 2166
 2115 2116
 2116 2170
 2116 2117
 2116 2168
 2117 2171
 2117 2118
 2118 2173
 2118 2119
 2118 2171
 2119 2175
 2119 2173
 2119 2120
 2120 2177
 2120 2121
 2120 2175
 2121 2179
 2121 2122
 2121 2177
 2122 2181
 2122 2179
 2122 2123
 2123 2183
 2123 2124
 2123 2181
 2124 2184
 2125 2186
 2125 2126
 2125 2184
 2126 2258
 2126 2188
 2126 2186
 2127 2190
 2127 2128
 2127 2188
 2128 2191
 2128 2129
 2129 2193
 2129 2130
 2129 2191
 2130 2195
 2130 2193
 2130 2131
 2131 2197
 2131 2132
 2131 2195
 2132 2199
 2132 2197
 2132 2133
 2133 2201
 2133 2134
 2133 2199
 2134 2203
 2134 2135
 2134 2201
 2135 2205
 2135 2136
 2135 2203
 2136 2207
 2136 2205
 2137 2209
 2137 2138
 2137 2207
 2138 2211
 2138 2209
 2139 2213
 2139 2140
 2139 2211
 2140 2215
 2140 2213
 2140 2141
 2141 2216
 2141 2215
 2142 2218
 2142 2143
 2142 2216
 2143 2220
 2143 2218
 2144 2222
 2144 2145
 2144 2220
 2145 2224
 2145 2146
 2145 2222
 2146 2226
 2146 2224
 2146 2147
 2237 2273
 2242 2243
 2247 2248
 2247 2249
 2248 2249
 2262 2263
 2268 2269
 2271 2272
 2275 2276
 2277 2278
 2278 2279
