    2  126
    2   82
    3   82
    4   83
    4   82
    6   84
    6   83
    8   84
    9   86
    9   85
   11  130
   11   87
   11   86
   13   87
   14   88
   14   89
   16  132
   16   90
   16   89
   18   91
   18   90
   19   92
   21   93
   21   92
   22   93
   23   94
   23   93
   25   94
   25   95
   27   96
   27   95
   28   96
   29   97
   29   96
   31   98
   31   97
   33  141
   33   99
   33   98
   34  100
   36  101
   36  100
   38  102
   38  101
   39  102
   40  102
   40  103
   42  147
   42  104
   42  103
   44  105
   44  104
   46  106
   46  105
   48  106
   48  107
   50  151
   50  108
   50  107
   52  108
   53  110
   53  109
   55  111
   55  110
   57  154
   57  111
   57  112
   59  112
   59  113
   61  113
   61  114
   62  114
   62  115
   64  115
   64  116
   66  117
   66  116
   67  117
   68  118
   68  117
   70  119
   70  118
   71  120
   73  121
   73  120
   75  122
   75  121
   77  123
   77  122
   79  166
   79  123
   81  126
   82  127
   82  126
   83  128
   83   84
   84   85
   85 2425
   85  129
   85   86
   87   88
   87  130
   88  175
   88   89
   88  131
   90   91
   90  132
   91  134
   91   92
   91  133
   93  136
   93   94
   93  135
   94  137
   94   95
   96  182
   96  138
   96  139
   96   97
   97   98
   98  141
   98  140
   99  142
   99  100
   99  141
  100  101
  101  102
  101  143
  102  145
  102  144
  103  147
  104  148
  104  105
  105  106
  106  148
  106  107
  107  151
  107  149
  108  196
  108  109
  108  151
  109  110
  109  196
  110  198
  110  197
  110  152
  110  153
  110  111
  112  113
  112  154
  113  156
  113  155
  114  115
  115  116
  115  156
  115  158
  116  117
  117  160
  117  159
  118  119
  119  162
  119  120
  119  161
  120 2424
  120  121
  121 2424
  121  122
  122  163
  122  123
  123  166
  123  165
  123  164
  124  166
  125  169
  126  170
  126  169
  126  127
  127  128
  128 2425
  128  170
  129  130
  129 2425
  130  131
  130  173
  131  174
  131  173
  132  133
  132 2433
  132  175
  133 2433
  133  134
  133  176
  134  135
  135  179
  135  178
  135  136
  136 2428
  136  137
  137  138
  137 2428
  137  180
  138  180
  139  183
  139  182
  140  141
  140  183
  141  186
  141  184
  141  185
  142  187
  142  143
  143  144
  143  188
  144  190
  144  145
  144  189
  145  190
  145  146
  146  192
  146  147
  147  148
  147  192
  148  239
  148  149
  148  193
  149  150
  150  194
  151  241
  151  196
  151  195
  153  154
  154  155
  154  199
  155  156
  155  200
  155  201
  156  157
  157  202
  157  158
  157  248
  158  159
  158  202
  159  205
  159  160
  159  204
  160  206
  160  161
  161  162
  161  206
  163  208
  163  209
  163  164
  163 2424
  165  210
  165  166
  165  209
  166  212
  166  211
  169  213
  169  215
  169  214
  169  170
  170  216
  170  217
  170  215
  170  171
  171 2425
  172 2425
  172  173
  172  218
  172  219
  173  219
  173  174
  174  220
  174  175
  176  223
  176  222
  176 2433
  177  178
  177  223
  178  225
  178  179
  179 2428
  179  226
  179  225
  180  227
  180 2428
  181  182
  182  276
  182  229
  182  228
  182  183
  183  184
  184  230
  184  185
  184  229
  185  231
  185  230
  187  188
  187  231
  188  232
  188  189
  189  233
  189  232
  189  190
  190  191
  190  234
  192  236
  192  235
  192  193
  193  238
  193  236
  194  195
  194  240
  194  239
  195  289
  195  240
  195  241
  196  243
  197  198
  197  243
  198  243
  198  244
  198  199
  199  200
  200  245
  200  246
  201  247
  201  248
  201  246
  202  298
  202  249
  202  250
  203  204
  204  251
  204  205
  204  250
  205  206
  206  302
  206  253
  206  207
  206  252
  207 2424
  208  255
  208  209
  208  254
  209  256
  209  210
  209  255
  210  257
  210  256
  210  211
  211  307
  211  258
  211  257
  213  260
  214  260
  215  261
  215  260
  216  261
  216  217
  217  263
  217  261
  218  264
  218  263
  218 2425
  219  265
  219  220
  219  264
  220  266
  220  221
  221 2433
  222  223
  222  269
  222  267
  223  224
  224  270
  224  225
  225  226
  225  270
  226  272
  226  271
  227  228
  228  274
  229  230
  229  276
  230  279
  230  280
  230  278
  231  281
  232  282
  232  233
  232  281
  233  234
  233  283
  233  282
  234  283
  234  235
  236  285
  236  237
  236  284
  237  286
  237  285
  237  238
  238  287
  238  239
  240  289
  240  288
  241  290
  241  242
  242  291
  242  243
  243  244
  244  338
  244  293
  244  245
  244  292
  245  295
  245  246
  246  247
  246  295
  247  296
  248  249
  249  298
  249  297
  250  251
  251  252
  251  301
  251  300
  252  302
  253  349
  253  303
  254  305
  254  255
  254  304
  254 2424
  255  256
  255  305
  256  257
  257  306
  258  307
  260  309
  260  310
  261  311
  261  262
  262  312
  262  311
  262  263
  263  312
  263  264
  264  265
  264  314
  265  315
  265  316
  266  317
  266  316
  266  267
  267  268
  267 2433
  268  319
  268  269
  268  318
  269  320
  270  321
  270  271
  270  320
  271  322
  271  321
  271  272
  272  273
  272  322
  273  274
  273  323
  273 2428
  274  275
  275  276
  275  324
  276  325
  276  277
  277  326
  277  278
  277  325
  278  279
  279  327
  279  326
  280  281
  281  328
  282  329
  282  283
  283  330
  283  284
  283  329
  285  333
  285  332
  285  286
  286  287
  287  334
  287  288
  287  333
  288  289
  289  383
  289  290
  290  335
  290  383
  291  337
  291  292
  291  335
  293  387
  293  294
  293  339
  293  338
  294  339
  294  340
  294  295
  295  341
  295  296
  296  297
  297  298
  297  342
  298  343
  298  299
  299  300
  299  344
  300  346
  300  345
  300  301
  301  347
  301  346
  302  349
  302  347
  303  304
  304  351
  304  350
  305  352
  305  351
  306  353
  306  352
  307  354
  307  353
  310  356
  310  355
  310  311
  311  357
  311  356
  312  358
  312  357
  312  313
  313  359
  313  314
  313  358
  314  360
  314  359
  314  315
  315  361
  315  316
  315  360
  316  363
  316  362
  316  361
  316  317
  317  318
  317  364
  317  363
  318  365
  318  364
  318  319
  319  366
  319  320
  319  365
  320  367
  320  321
  321  322
  322  414
  322  368
  322  369
  323  324
  323  369
  324  370
  324  325
  325  371
  325  326
  326  373
  326  374
  326  372
  326  327
  327  419
  327  375
  327  374
  328  329
  328  375
  329  421
  329  330
  329  377
  329  376
  330  377
  330  378
  330  379
  330  331
  331  380
  331  332
  331  379
  332  380
  332  381
  332  333
  333  334
  333  382
  333  381
  334  383
  334  382
  335  428
  335  429
  335  385
  335  336
  335  384
  336  337
  337  338
  337  385
  338  386
  338  387
  339  432
  339  388
  339  387
  340  388
  340  341
  341  389
  341  388
  341  342
  342  390
  343  391
  343  344
  343  390
  344  437
  344  392
  345  438
  345  393
  345  346
  345  392
  346  394
  346  393
  347  348
  348  440
  348  395
  348  349
  348  394
  349  350
  350  351
  350  396
  351  443
  351  397
  351  396
  351  352
  352  398
  352  397
  353  445
  353  399
  353  398
  354  399
  356  448
  356  402
  356  401
  357  403
  357  402
  357  358
  358  450
  359  405
  359  404
  359  360
  360  407
  360  361
  360  405
  361  408
  361  407
  362  453
  362  409
  362  408
  362  363
  363  410
  363  409
  364  411
  365  366
  365  412
  365  411
  366  412
  366  367
  367  413
  367  368
  367  412
  368  458
  368  413
  368  414
  369  415
  369  459
  369  370
  369  414
  370  371
  370  415
  370  416
  371  461
  371  372
  371  417
  372  418
  372  373
  372  417
  373  374
  374  464
  375  420
  375  419
  376  421
  376  420
  377  467
  377  422
  377  421
  378  379
  378  423
  380  424
  380  381
  380  423
  381  424
  381  382
  382  383
  382  427
  382  425
  383  384
  384  474
  384  427
  385  430
  385  386
  385  429
  386  430
  386  387
  387  432
  387  430
  388  434
  388  389
  388  432
  389  435
  389  390
  389  434
  390  436
  390  435
  390  391
  391  437
  391  436
  392  483
  392  438
  392  437
  393  394
  393  438
  394  439
  395  442
  395  396
  395  441
  395  440
  396  443
  396  442
  397  444
  397  443
  398  444
  399  490
  399  446
  401  448
  402  403
  402  449
  403  496
  404  451
  404  405
  404  450
  405  451
  406  498
  406  452
  406  451
  407  408
  408  499
  408  453
  408  452
  409  454
  409  453
  410  455
  410  454
  410  411
  411  456
  411  412
  412  456
  412  413
  413  505
  413  457
  414  459
  415  416
  416  461
  416  460
  417  463
  417  418
  417  461
  418  464
  418  463
  419  512
  419  420
  419  464
  420  466
  420  421
  420  465
  421  467
  422  468
  422  423
  422  467
  422  469
  423  470
  423  424
  423  469
  424  471
  424  470
  425  472
  425  426
  426  521
  426  473
  426  427
  426  472
  427  474
  427  473
  428  475
  428  429
  428  474
  429  477
  429  475
  429  430
  430  431
  430  478
  431  479
  431  478
  431  432
  433  480
  433  434
  433  479
  435  531
  435  436
  435  480
  436  532
  436  437
  436  481
  437  483
  438  484
  438  483
  439  485
  439  440
  440  485
  440  441
  441  442
  441  486
  441  485
  442  443
  442  488
  443  489
  443  488
  444 2426
  444  489
  445  490
  445 2426
  446  490
  447  448
  447  493
  448  449
  448  494
  449  495
  450  496
  450  451
  451  549
  451  497
  451  498
  452  499
  452  498
  453  454
  453  499
  454  502
  454  455
  454  500
  455  503
  455  502
  455  456
  456  503
  456  457
  457  555
  457  505
  457  504
  458  507
  458  505
  458  459
  459  508
  459  460
  460  509
  460  508
  460  461
  461  510
  461  462
  462  511
  462  510
  463  464
  464  512
  464  511
  465  514
  465  466
  465  513
  465  512
  466  565
  466  516
  466  514
  466  467
  467  516
  468  566
  468  469
  468  517
  468  516
  469  519
  469  517
  469  470
  470  519
  471  520
  471  519
  472  521
  473  522
  473  474
  474  475
  474  522
  475  574
  475  524
  475  523
  476  525
  476  524
  476  477
  477  527
  477  526
  477  478
  478  529
  478  479
  478  527
  479  480
  480  530
  480  531
  481  532
  481  531
  482  534
  482  483
  482  532
  483  484
  484  535
  484  485
  484  534
  484  536
  485  536
  485  537
  485  486
  486  538
  486  537
  487  539
  487  488
  488  489
  488  539
  489  540
  490  542
  490  541
  490 2426
  491  542
  493  544
  493  545
  495  496
  495  546
  495  545
  496  547
  497  550
  497  549
  498  550
  498  499
  499  500
  499  550
  500  552
  500  501
  500  600
  501  601
  501  552
  501  553
  502  554
  502  503
  503  554
  504  554
  505  506
  505  555
  506  557
  506  507
  506  556
  507  558
  507  557
  507  508
  508  559
  508  558
  510  511
  510  560
  510  559
  511  560
  511  561
  511  512
  512  563
  512  513
  512  561
  513  514
  514  564
  514  515
  514  563
  515  565
  516  565
  517  567
  517  566
  517  568
  518  519
  519  520
  519  570
  520  570
  520  521
  520  571
  520  572
  521  522
  522  573
  522  572
  523  620
  523  574
  523  573
  524  575
  524  574
  525  526
  526  576
  526  575
  526  527
  527  528
  527  576
  528  624
  528  578
  528  529
  529  530
  530  531
  530  578
  531  627
  531  581
  531  579
  531  532
  532  581
  533  582
  533  581
  533  534
  534  583
  534  535
  534  582
  535  631
  535  536
  535  584
  536  537
  537  538
  537  584
  538  539
  538  585
  539  587
  539  586
  540 2426
  540  588
  541  637
  541  590
  542  591
  544  593
  544  545
  545  593
  546  595
  546  642
  546  547
  546  594
  547  595
  547  548
  548  596
  548  595
  548  549
  549  597
  549  550
  549  596
  550  551
  550  597
  551  599
  551  598
  552  601
  553  602
  553  554
  553  601
  554  555
  554  603
  555  603
  555  604
  556  605
  556  557
  557  558
  557  606
  558  607
  558  559
  559  607
  559  560
  560  608
  560  607
  561  608
  561  562
  562  563
  562  609
  563  611
  563  564
  563  610
  564  612
  564  565
  564  613
  564  611
  565  613
  566  662
  566  567
  567  615
  567  614
  568  615
  568  569
  569  617
  569  616
  569  570
  569  615
  570  571
  570  618
  571  572
  572  573
  573  667
  573  619
  574  622
  574  575
  574  620
  575  576
  576  623
  576  622
  577  623
  577  624
  578  625
  578  579
  578  624
  579  626
  579  625
  579  580
  580  627
  580  626
  581  582
  581  627
  582  630
  582  629
  582  583
  583  631
  584  632
  584  585
  584  631
  585  633
  585  586
  585  632
  586  634
  586  633
  586  587
  587  635
  587  634
  588  636
  588  589
  588  635
  589  685
  589  637
  589 2427
  590  638
  590  591
  590  637
  591  638
  592  641
  593  641
  593  594
  594  642
  594  641
  595  643
  595  644
  595  596
  597  692
  597  598
  597  644
  597  645
  598  646
  598  599
  599  600
  599  646
  600  648
  600  601
  601  602
  601  648
  601  650
  602  651
  602  603
  603  652
  603  604
  604  653
  604  652
  604  605
  605  654
  605  700
  605  606
  605  653
  606  655
  606  607
  606  654
  607  655
  607  608
  608  609
  608  657
  608  703
  609  705
  609  657
  609  658
  609  610
  610  659
  610  658
  610  611
  611  707
  611  660
  611  612
  612  613
  612  660
  613  708
  613  661
  614  663
  614  662
  614  615
  615  616
  615  664
  616  665
  616  664
  617  618
  618  713
  618  667
  618  665
  618  619
  619  667
  620  668
  620  667
  621  622
  621  668
  622  623
  622  669
  622  671
  623  624
  623  671
  624  672
  624  673
  625  674
  625  673
  625  626
  626  676
  626  627
  626  674
  627  722
  627  677
  627  628
  629  678
  629  630
  630  726
  630  680
  630  679
  630  631
  631  681
  631  632
  632  633
  633  634
  633  681
  634  683
  634  635
  634  682
  635  684
  635  636
  636  685
  636  684
  637  686
  637  685
  638  686
  639  686
  640  689
  641  689
  641  642
  642  690
  643  691
  643  690
  643  644
  644  692
  644  691
  645  692
  646  693
  646  694
  646  647
  647  648
  648  695
  648  694
  649  650
  650  651
  650  696
  650  697
  651  652
  651  697
  651  699
  652  699
  653  700
  653  699
  654  701
  654  749
  654  655
  654  700
  655  656
  655  701
  656  702
  656  752
  656  703
  657  705
  657  703
  658  706
  658  705
  659  707
  660  707
  661  756
  661  707
  662  757
  662  709
  662  663
  662  708
  663  710
  663  709
  664  711
  664  665
  665  712
  665  666
  665  711
  666  713
  666  712
  667  715
  667  713
  667  668
  668  715
  669  670
  669  716
  669  715
  670  671
  670  716
  670  717
  670  718
  671  765
  671  719
  671  718
  673  720
  673  719
  673  674
  674  721
  674  720
  675  721
  675  676
  676  721
  677  723
  677  678
  677  722
  678  724
  678  723
  678  679
  679  725
  679  726
  679  724
  680  681
  680  727
  680  726
  681  728
  681  727
  681  682
  682  730
  682  729
  682  683
  682  728
  683  776
  683  731
  683  730
  684  732
  684  731
  685  733
  685  732
  686  734
  686  733
  687  734
  689  736
  689  737
  690  739
  690  738
  691  785
  691  740
  691  692
  691  739
  692  693
  693  694
  693  742
  693  740
  694  743
  694  742
  694  695
  695  696
  695  743
  696  744
  696  697
  696  743
  697  698
  697  744
  698  746
  698  699
  699  746
  699  700
  700  748
  700  747
  701  702
  701  749
  702  751
  702  752
  702  750
  703  752
  704  801
  704  753
  704  752
  704  705
  705  754
  705  706
  706  803
  706  707
  706  755
  706  754
  707  804
  707  756
  708  757
  708  756
  709  806
  709  710
  709  757
  710  807
  710  759
  710  758
  710  711
  711  760
  711  712
  712  713
  713  761
  713  760
  714  812
  714  762
  714  715
  714  761
  715  763
  715  716
  715  762
  716  813
  716  764
  716  763
  718  815
  718  765
  718  764
  719  766
  719  720
  719  816
  720  721
  720  766
  720  768
  721  722
  722  769
  722  768
  722  723
  723  770
  723  769
  724  770
  725  772
  725  726
  725  771
  726  772
  726  727
  727  728
  727  774
  728  826
  728  775
  728  774
  729  775
  730  827
  730  776
  730  775
  731  777
  731  776
  732  829
  732  778
  733  778
  734  780
  734  779
  736  782
  737  782
  737  738
  737  783
  738  784
  738  783
  739  836
  739  785
  739  784
  740  787
  740  741
  740  785
  741  742
  741  788
  741  787
  742  743
  743  744
  743  789
  744  792
  744  790
  744  745
  745  746
  746  793
  746  794
  746  792
  747  748
  748  847
  748  796
  748  795
  749  796
  750  798
  750  796
  750  797
  750  751
  751  799
  751  752
  752  801
  752  799
  754  802
  754  803
  754  801
  755  853
  755  804
  755  803
  756  805
  756  757
  757  805
  758  806
  759  760
  759  807
  760  810
  760  761
  760  809
  761  810
  761  812
  762  813
  762  763
  764  815
  764  813
  765  816
  765  815
  766  817
  766  816
  767  866
  767  768
  767  817
  768  820
  768  818
  768  769
  769  770
  769  820
  770  771
  770  821
  771  822
  771  772
  772  871
  772  824
  772  823
  773  825
  773  774
  774  825
  776  875
  776  828
  776  777
  776  827
  777  876
  777  829
  777  828
  778  831
  778  830
  778  779
  779  878
  779  832
  779  831
  781  834
  782  834
  783  835
  783  834
  784  882
  784  835
  784  836
  785  883
  785  837
  785  836
  786  787
  786  837
  787  837
  787  788
  788  840
  788  839
  788  789
  788  838
  789  841
  789  790
  790  791
  791  842
  791  792
  791  843
  791  841
  792  843
  792  844
  792  793
  793  845
  793  844
  794  845
  794  795
  795  847
  795  845
  796  847
  797  894
  797  798
  797  848
  797  847
  798  848
  798  849
  798  799
  800  897
  800  850
  800  801
  800  849
  801  850
  801  851
  801  802
  803  900
  803  852
  804  854
  804  805
  804  853
  805  903
  805  855
  805  854
  806  856
  806  807
  806  855
  807  856
  807  857
  807  808
  808  858
  808  809
  808  857
  809  858
  809  810
  810  859
  810  858
  811  860
  811  859
  811  812
  812  861
  812  813
  813  862
  813  814
  813  863
  813  861
  814  863
  814  864
  814  815
  815  816
  816  865
  816  864
  818  867
  818  819
  818  866
  820  868
  820  821
  820  867
  821  868
  821  869
  822  869
  822  823
  823  871
  823  870
  823  869
  824  921
  824  872
  824  825
  824  871
  825  873
  825  872
  826  873
  826  827
  827  924
  827  875
  827  874
  827  873
  828  875
  829  877
  829  830
  829  876
  830  877
  830  831
  832  878
  834  880
  834  881
  835  882
  835  881
  836  883
  837  934
  837  884
  837  883
  838  839
  838  885
  839  840
  839  886
  840  887
  840  841
  841  842
  841  887
  842  843
  842  889
  842  887
  843  890
  843  889
  845  891
  845  846
  846  893
  846  847
  846  891
  847  894
  848  896
  848  849
  848  894
  849  896
  849  897
  850  851
  850  898
  850  897
  851  899
  851  898
  851  852
  852  900
  852  899
  853  901
  853  854
  853  900
  854  902
  854  901
  855  905
  855  856
  855  903
  856  906
  856  905
  857  907
  857  858
  858  908
  858  859
  859  909
  859  860
  860  910
  860  909
  860  861
  861  862
  861  911
  862  912
  862  911
  863  913
  863  864
  864  914
  864  865
  864  913
  865  914
  865  866
  866  915
  866  867
  866  914
  867  961
  867  916
  867  915
  867  868
  868  869
  868  916
  869  870
  869  917
  869  918
  870  919
  870  920
  871  921
  872  969
  872  873
  872  921
  873  924
  873  969
  874  925
  874  924
  875  925
  876  926
  876  925
  877  927
  877  926
  878  928
  878  927
  879  928
  880  931
  881  931
  881  882
  882  932
  883  982
  883  934
  883  933
  884  935
  884  934
  884  885
  885  886
  885  936
  886  985
  886  936
  886  937
  886  887
  887  888
  887  937
  888  987
  888  939
  888  938
  889  940
  889  890
  890  940
  890  891
  891  989
  891  892
  891  941
  891  940
  892  991
  892  893
  893  942
  894  992
  894  942
  895  944
  895  943
  896  945
  896  897
  897  945
  898  996
  898  899
  898  945
  899  946
  899  947
  900  901
  901  947
  901  948
  902  999
  902  949
  902  948
  904 1000
  904  950
  904  949
  905  950
  905  906
  905  951
  906  907
  906  952
  907  953
  907  908
  908  909
  908  953
  909  910
  909  953
  910  956
  910  911
  910  955
  911  956
  912  957
  912  913
  912  956
  913  914
  913  957
  914  915
  914  958
  915  959
  915  960
  916  917
  916  963
  916  961
  917  964
  917 1013
  917  963
  917  918
  918  919
  918  964
  919  965
  919  966
  920  921
  920  967
  922  967
  923  970
  923  969
  924  925
  925  972
  925  971
  925  970
  926 1020
  926  973
  926  972
  927  974
  927  973
  928  976
  928  975
  930  978
  931  978
  932  980
  932  933
  932  979
  933  980
  933  982
  933  981
  934  935
  934  983
  934  984
  934  982
  935  984
  936 1031
  936  984
  936  985
  937 1032
  937  986
  937  938
  938  986
  939  988
  939  940
  939  987
  940  988
  941  991
  941  990
  941  989
  942  992
  942  991
  943  993
  943  944
  943  992
  944  994
  944  945
  944  993
  945  996
  945  994
  946  997
  946  947
  947  997
  947  998
  947  948
  948  999
  948 1044
  949 1000
  949  999
  950  951
  950 1000
  951 1001
  951 1002
  951  952
  952 1003
  952  953
  952 1004
  952 1002
  953  954
  954 1005
  954 1004
  954  955
  955  956
  955 1007
  955 1005
  956 1008
  956  957
  958 1009
  958 1008
  958  959
  959 1010
  959  960
  959 1009
  960 1056
  960 1011
  960 1010
  961  962
  962 1012
  962 1011
  964 1059
  964 1014
  964 1013
  965  966
  966 1015
  966  967
  966 1014
  967 1016
  967 1015
  967  968
  968  969
  968 1016
  969 1018
  969 1017
  969  970
  970  971
  970 1018
  971  972
  971 1018
  972 1019
  973 1066
  973 1021
  974 1021
  974  975
  975 1023
  975 1022
  975 1021
  977 1025
  978 1025
  978 1026
  978  979
  979 1027
  979 1026
  980 1027
  980  981
  981  982
  981 1028
  982 1028
  983  984
  983 1028
  984 1029
  984 1030
  985 1031
  986 1078
  986 1077
  986  987
  986 1032
  987 1033
  987 1034
  987  988
  988 1035
  988  989
  988 1079
  989 1036
  989 1035
  989  990
  990 1037
  990 1082
  990 1036
  991 1038
  991  992
  991 1037
  992  993
  993 1085
  993  994
  993 1038
  994 1039
  994 1041
  995 1041
  995  996
  996 1042
  996  997
  996 1041
  997  998
  997 1043
  998 1043
  999 1000
  999 1044
 1000 1045
 1000 1046
 1001 1047
 1001 1002
 1002 1048
 1002 1003
 1003 1050
 1003 1004
 1003 1048
 1004 1005
 1005 1051
 1005 1052
 1005 1050
 1006 1007
 1007 1008
 1007 1052
 1007 1054
 1008 1054
 1008 1009
 1009 1010
 1009 1054
 1010 1055
 1011 1012
 1011 1058
 1011 1056
 1012 1058
 1012 1013
 1013 1058
 1014 1109
 1014 1060
 1014 1015
 1014 1059
 1015 1016
 1015 1060
 1016 1017
 1016 1061
 1017 1064
 1017 1018
 1017 1062
 1018 1019
 1018 1065
 1019 1065
 1019 1020
 1020 1066
 1020 1065
 1021 2430
 1021 1067
 1021 1022
 1022 1068
 1023 1068
 1025 1071
 1025 1070
 1026 1072
 1026 1071
 1027 1073
 1027 1028
 1027 1072
 1028 1029
 1028 1073
 1029 1075
 1029 1030
 1029 1074
 1030 1126
 1030 1075
 1030 1076
 1031 1032
 1032 1077
 1032 1076
 1034 1078
 1035 1036
 1035 1079
 1036 1082
 1036 1080
 1037 1038
 1037 1082
 1038 1083
 1038 1084
 1038 1085
 1039 1086
 1039 1040
 1039 1085
 1040 1087
 1040 1041
 1040 1086
 1041 1042
 1041 1087
 1042 1043
 1042 1088
 1042 1138
 1042 1089
 1043 1089
 1043 1090
 1044 1092
 1044 1090
 1044 1045
 1045 1046
 1046 1094
 1046 1093
 1046 1047
 1046 1092
 1047 1145
 1047 1095
 1047 1048
 1047 1094
 1049 1096
 1049 1095
 1049 1050
 1050 1097
 1050 1096
 1050 1051
 1051 1097
 1052 1099
 1052 1098
 1052 1053
 1053 1100
 1053 1054
 1053 1099
 1054 1103
 1054 1101
 1054 1055
 1055 1056
 1055 1103
 1056 1104
 1056 1057
 1057 1107
 1057 1106
 1057 1058
 1057 1105
 1058 1108
 1058 1059
 1059 1109
 1059 1108
 1060 1110
 1060 1157
 1061 1111
 1061 1110
 1061 1062
 1062 1158
 1062 1063
 1063 1113
 1063 1064
 1063 1112
 1064 1065
 1064 1113
 1064 1114
 1065 1115
 1065 1114
 1065 1066
 1066 2430
 1066 1116
 1067 1117
 1067 1068
 1067 2430
 1068 1119
 1068 1118
 1070 1121
 1071 1169
 1071 1121
 1071 1122
 1072 1169
 1072 1123
 1073 1074
 1073 1124
 1073 1123
 1074 1124
 1074 1075
 1075 1126
 1075 1124
 1076 1173
 1076 1077
 1076 1126
 1077 1129
 1077 1128
 1077 1078
 1078 1079
 1079 1131
 1079 1130
 1079 1129
 1079 1080
 1080 1081
 1080 1132
 1081 1132
 1081 1133
 1081 1082
 1082 1133
 1083 1134
 1085 1134
 1085 1135
 1085 1086
 1086 1182
 1086 1136
 1086 1135
 1087 1088
 1087 1137
 1088 1138
 1088 1137
 1089 1090
 1089 1140
 1089 1138
 1090 1140
 1091 1142
 1091 1141
 1091 1092
 1091 1140
 1092 1188
 1092 1142
 1092 1143
 1092 1093
 1093 1143
 1094 1190
 1094 1189
 1094 1145
 1094 1144
 1095 1146
 1095 1096
 1095 1145
 1096 1193
 1096 1146
 1096 1147
 1097 1148
 1097 1098
 1098 1099
 1098 1149
 1098 1148
 1099 1149
 1100 1149
 1100 1197
 1100 1150
 1102 1198
 1102 1150
 1102 1151
 1102 1103
 1103 1152
 1103 1151
 1105 1200
 1105 1153
 1105 1106
 1105 1152
 1106 1154
 1106 1153
 1107 1108
 1108 1109
 1108 1154
 1109 1156
 1109 1155
 1109 1157
 1110 1157
 1110 1205
 1110 1158
 1112 1159
 1112 1113
 1112 1158
 1113 1160
 1113 1114
 1114 1160
 1114 1115
 1115 1163
 1115 1162
 1115 1161
 1116 1164
 1116 2430
 1117 1166
 1118 1167
 1121 1215
 1121 1168
 1122 1215
 1123 1216
 1123 1170
 1124 1172
 1124 1171
 1124 1170
 1124 1125
 1126 1219
 1126 1172
 1127 1174
 1127 1173
 1128 1221
 1128 1129
 1128 1175
 1129 1130
 1130 1176
 1130 1175
 1131 1224
 1131 1177
 1131 1176
 1131 1132
 1132 1133
 1132 1177
 1133 1179
 1133 1178
 1133 1134
 1134 1180
 1134 1181
 1134 1179
 1134 1135
 1135 1181
 1136 1183
 1136 1137
 1136 1182
 1137 1138
 1137 1184
 1138 1184
 1138 1139
 1139 1140
 1139 1184
 1140 1186
 1140 1185
 1141 1186
 1141 1187
 1142 1188
 1143 1236
 1143 1189
 1143 1188
 1144 1189
 1145 1192
 1145 1146
 1145 1190
 1146 1240
 1146 1192
 1147 1194
 1147 1148
 1147 1193
 1148 1196
 1148 1149
 1148 1194
 1149 1197
 1149 1196
 1150 1198
 1150 1197
 1151 1199
 1151 1152
 1151 1198
 1152 1200
 1152 1199
 1153 1154
 1153 1202
 1153 1200
 1154 1155
 1155 1156
 1155 1203
 1155 1204
 1155 1202
 1156 1157
 1157 1252
 1157 1204
 1157 1205
 1158 1159
 1158 1206
 1158 1205
 1159 1160
 1160 1208
 1160 1207
 1161 1209
 1161 1208
 1161 1162
 1162 1210
 1162 1209
 1163 1210
 1163 1164
 1164 1211
 1164 1210
 1164 2432
 1165 1211
 1165 2432
 1165 1212
 1165 1166
 1166 1167
 1166 1212
 1167 1212
 1168 1215
 1169 1216
 1169 1215
 1170 1171
 1170 1217
 1171 1217
 1171 1172
 1172 1219
 1172 1266
 1172 1218
 1173 1268
 1173 1174
 1173 1220
 1173 1219
 1174 1220
 1174 1221
 1175 1222
 1175 1176
 1175 1221
 1176 1222
 1176 1224
 1177 1225
 1177 1224
 1178 1179
 1178 1226
 1179 1228
 1179 1226
 1179 1180
 1180 1181
 1180 1229
 1180 1228
 1181 1277
 1181 1230
 1181 1182
 1182 1183
 1183 1232
 1183 1184
 1183 1230
 1184 1232
 1185 1232
 1185 1233
 1185 1186
 1186 1187
 1186 1235
 1186 1233
 1187 1235
 1187 1188
 1188 1236
 1188 1235
 1189 1237
 1189 1236
 1190 1191
 1191 1238
 1192 1240
 1192 1238
 1193 1241
 1193 1240
 1194 1242
 1194 1195
 1195 1196
 1196 1243
 1196 1197
 1197 1198
 1197 1243
 1198 1246
 1198 1199
 1198 1244
 1199 1246
 1200 1201
 1200 1246
 1201 1202
 1201 1248
 1201 1249
 1201 1247
 1202 1250
 1202 1203
 1202 1249
 1203 1250
 1203 1204
 1204 1251
 1204 1252
 1205 1206
 1205 1252
 1206 1254
 1206 1253
 1206 1255
 1206 1207
 1207 1208
 1207 1256
 1207 1255
 1208 1209
 1208 1257
 1209 1210
 1209 1258
 1210 1259
 1210 1258
 1211 2432
 1211 1259
 1211 1212
 1212 1213
 1213 1260
 1214 1263
 1215 1263
 1216 1264
 1216 1263
 1217 1265
 1217 1218
 1218 1266
 1218 1265
 1219 1268
 1219 1266
 1220 1221
 1220 1269
 1220 1268
 1221 1269
 1221 1222
 1222 1271
 1222 1270
 1223 1271
 1224 1272
 1224 1225
 1225 1226
 1225 1272
 1226 1320
 1226 1273
 1226 1274
 1227 1274
 1227 1228
 1228 1275
 1228 1229
 1228 1274
 1229 1276
 1229 1275
 1230 1278
 1230 1231
 1230 1277
 1231 1232
 1231 1279
 1232 1279
 1232 1281
 1232 1233
 1233 1282
 1233 1281
 1234 1235
 1235 1328
 1235 1236
 1235 1284
 1236 1284
 1236 1285
 1237 1286
 1237 1238
 1238 1239
 1239 1287
 1239 1286
 1240 1288
 1240 1241
 1240 1287
 1241 1288
 1241 1242
 1242 1243
 1242 1288
 1243 1244
 1243 1289
 1244 1290
 1244 1245
 1245 1293
 1245 1246
 1245 1292
 1245 1291
 1246 1293
 1247 1248
 1248 1295
 1248 1294
 1249 1342
 1249 1295
 1249 1296
 1249 1250
 1250 1251
 1251 1252
 1251 1296
 1251 1297
 1251 1298
 1252 1298
 1252 1299
 1253 1345
 1253 1254
 1253 1299
 1253 1300
 1254 1300
 1254 1301
 1255 1256
 1256 1348
 1256 1302
 1256 1257
 1256 1301
 1257 1303
 1257 1302
 1257 1258
 1258 1305
 1258 1304
 1258 1303
 1259 1306
 1259 1305
 1260 1308
 1260 1307
 1262 1310
 1263 1310
 1263 1264
 1263 1311
 1264 1312
 1264 1265
 1265 1313
 1265 1312
 1265 1266
 1266 1361
 1266 1314
 1266 1313
 1268 1315
 1268 1269
 1268 1314
 1269 1363
 1269 1316
 1269 1315
 1270 1317
 1270 1271
 1271 1272
 1272 1318
 1272 1273
 1272 1319
 1272 1317
 1273 1320
 1273 1319
 1274 1320
 1275 1322
 1275 1320
 1275 1276
 1276 1323
 1276 1322
 1277 1324
 1277 1278
 1278 1279
 1278 1324
 1279 1325
 1279 1324
 1280 1374
 1280 1326
 1280 1281
 1280 1325
 1281 1326
 1281 1327
 1282 1283
 1282 1327
 1283 1328
 1283 1327
 1284 1285
 1284 1328
 1285 1331
 1285 1286
 1285 1330
 1285 1329
 1286 1331
 1286 1332
 1286 1287
 1287 1288
 1288 1332
 1288 1334
 1288 1289
 1289 1290
 1289 1335
 1289 1334
 1290 1336
 1291 1337
 1291 1292
 1292 1293
 1293 1338
 1293 1339
 1293 1294
 1293 1337
 1294 1339
 1294 1340
 1294 1295
 1295 1341
 1295 1340
 1296 1343
 1296 1297
 1296 1391
 1296 1342
 1297 1392
 1297 1343
 1297 1344
 1298 1344
 1299 1345
 1300 1347
 1300 1301
 1300 1345
 1301 1348
 1301 1347
 1302 1303
 1302 1350
 1302 1348
 1303 1351
 1303 1304
 1304 1351
 1304 1352
 1305 1352
 1305 1306
 1306 1307
 1306 1353
 1307 1308
 1307 1353
 1308 1354
 1310 1357
 1310 1356
 1311 1358
 1312 1359
 1312 1358
 1313 1361
 1313 1360
 1314 1410
 1314 1315
 1314 1362
 1314 1361
 1315 1362
 1316 1317
 1316 1364
 1316 1365
 1316 1363
 1317 1365
 1317 1318
 1318 1415
 1318 1319
 1318 1367
 1319 1416
 1319 1368
 1319 1320
 1320 1369
 1320 1368
 1322 1419
 1322 1370
 1322 1323
 1322 1369
 1323 1372
 1323 1371
 1323 1324
 1323 1370
 1324 1373
 1324 1325
 1325 1374
 1326 1375
 1326 1327
 1326 1376
 1327 1328
 1327 1377
 1328 1377
 1328 1378
 1329 1330
 1330 1331
 1330 1379
 1330 1378
 1331 1429
 1331 1381
 1331 1332
 1332 1383
 1332 1333
 1332 1381
 1333 1334
 1333 1383
 1334 1383
 1334 1384
 1335 1386
 1335 1384
 1335 1336
 1336 1387
 1336 1337
 1336 1386
 1337 1338
 1338 1387
 1338 1388
 1339 1388
 1340 1341
 1340 1388
 1341 1390
 1341 1389
 1342 1390
 1343 1440
 1343 1392
 1344 1394
 1344 1393
 1344 1345
 1344 1392
 1345 1346
 1345 1394
 1346 1396
 1346 1347
 1347 1444
 1347 1397
 1347 1348
 1348 1397
 1348 1349
 1349 1398
 1349 1397
 1350 1351
 1351 1400
 1351 1399
 1351 1398
 1352 1400
 1352 1401
 1353 1402
 1354 1403
 1355 1403
 1357 1453
 1357 1406
 1357 1405
 1357 1358
 1358 1407
 1359 1360
 1359 1408
 1359 1407
 1360 1409
 1360 1408
 1360 1410
 1361 1410
 1362 1412
 1362 1411
 1362 1410
 1363 1413
 1363 1364
 1364 1365
 1365 1413
 1366 1414
 1366 1415
 1367 1416
 1368 1369
 1368 1418
 1368 1416
 1369 1418
 1369 1419
 1370 1420
 1370 1419
 1371 1420
 1371 1421
 1371 1372
 1372 1373
 1373 1421
 1374 1423
 1374 1422
 1375 1376
 1376 1423
 1376 1424
 1377 1425
 1377 1378
 1377 1424
 1378 1427
 1378 1426
 1378 1425
 1378 1379
 1379 1474
 1379 1428
 1379 1427
 1380 1428
 1380 1429
 1381 1430
 1381 1429
 1382 1431
 1382 1383
 1382 1430
 1383 1384
 1383 1432
 1384 1432
 1385 1386
 1386 1435
 1386 1433
 1386 1387
 1387 1482
 1387 1436
 1387 1435
 1387 1388
 1388 1438
 1388 1389
 1388 1436
 1389 1439
 1389 1390
 1390 1391
 1390 1440
 1392 1440
 1393 1489
 1393 1441
 1393 1394
 1394 1443
 1394 1442
 1396 1444
 1396 1443
 1397 1446
 1397 1398
 1397 1444
 1398 1447
 1398 1399
 1400 1494
 1400 1448
 1400 1447
 1401 1449
 1401 1448
 1401 1402
 1402 1450
 1402 1403
 1402 1449
 1403 1451
 1403 1450
 1405 1453
 1406 1501
 1406 1500
 1406 1407
 1407 1454
 1407 1501
 1408 1454
 1408 1455
 1408 1409
 1409 1455
 1410 1456
 1410 1455
 1410 1411
 1411 1505
 1411 1457
 1411 1456
 1412 1413
 1413 1459
 1413 1414
 1413 1457
 1414 1459
 1414 1415
 1414 1460
 1415 1460
 1415 1461
 1415 1416
 1416 1510
 1416 1462
 1417 1462
 1418 1463
 1418 1419
 1418 1462
 1419 1464
 1419 1420
 1419 1463
 1420 1421
 1420 1465
 1420 1464
 1421 1422
 1421 1466
 1422 1469
 1422 1467
 1422 1468
 1422 1423
 1423 1516
 1423 1470
 1423 1469
 1423 1424
 1424 1472
 1424 1425
 1424 1470
 1425 1472
 1426 1473
 1426 1472
 1427 1473
 1427 1474
 1428 1475
 1428 1474
 1429 1476
 1429 1430
 1429 1475
 1430 1431
 1430 1476
 1431 1477
 1431 1478
 1431 1432
 1432 1479
 1432 1433
 1432 1478
 1433 1481
 1433 1434
 1433 1479
 1434 1481
 1436 1483
 1436 1482
 1437 1438
 1438 1484
 1438 1439
 1438 1483
 1438 1485
 1439 1486
 1439 1485
 1439 1440
 1440 1441
 1440 1488
 1440 1487
 1440 1486
 1441 1489
 1441 1488
 1442 1443
 1442 1490
 1442 1489
 1443 1491
 1443 1444
 1443 1490
 1444 1445
 1445 1446
 1445 1491
 1446 1492
 1446 1493
 1446 1447
 1447 1494
 1447 1493
 1448 1495
 1448 1494
 1449 1497
 1449 1496
 1449 1495
 1450 1498
 1450 1497
 1453 1500
 1453 1499
 1454 1455
 1454 1502
 1455 1456
 1455 1503
 1456 1505
 1456 1503
 1457 1506
 1457 1458
 1457 1505
 1458 1553
 1459 1508
 1459 1507
 1459 1460
 1460 1555
 1460 1461
 1460 1509
 1461 1510
 1461 1556
 1462 1511
 1462 1510
 1463 1464
 1464 1465
 1464 1511
 1464 1558
 1465 1512
 1465 1513
 1466 1514
 1466 1513
 1467 1468
 1467 1515
 1467 1514
 1468 1515
 1469 1516
 1470 1517
 1470 1516
 1471 1518
 1471 1472
 1472 1520
 1472 1473
 1472 1518
 1473 1520
 1474 1520
 1474 1521
 1475 1476
 1476 1521
 1476 1477
 1477 1570
 1477 1523
 1477 1522
 1477 1478
 1478 1479
 1478 1525
 1478 1523
 1479 1525
 1480 1481
 1480 1526
 1480 1525
 1481 1528
 1481 1527
 1481 1482
 1481 1526
 1482 1528
 1482 1483
 1483 1529
 1483 1484
 1483 1530
 1483 1528
 1484 1530
 1484 1485
 1485 1532
 1485 1531
 1487 1534
 1487 1533
 1487 1488
 1488 1535
 1488 1534
 1489 1536
 1489 1490
 1490 1491
 1490 1537
 1491 1538
 1491 1492
 1491 1537
 1492 1539
 1492 1538
 1492 1493
 1493 1540
 1493 1494
 1493 1539
 1494 1495
 1494 1540
 1495 1542
 1495 1541
 1496 1542
 1496 1497
 1497 1544
 1497 1543
 1498 1544
 1500 1593
 1500 1546
 1501 1547
 1502 1549
 1502 1548
 1503 1550
 1503 1551
 1503 1549
 1503 1504
 1504 1505
 1504 1551
 1505 1552
 1505 1506
 1506 1599
 1506 1553
 1506 1552
 1507 1554
 1507 1553
 1508 1555
 1509 1556
 1509 1555
 1510 1511
 1510 1556
 1511 1558
 1511 1557
 1512 1513
 1512 1558
 1513 1514
 1513 1559
 1513 1560
 1514 1608
 1514 1515
 1514 1560
 1515 1563
 1515 1608
 1515 1516
 1516 1563
 1517 1564
 1517 1518
 1517 1563
 1518 1565
 1519 1566
 1519 1520
 1520 1521
 1520 1568
 1520 1566
 1521 1568
 1521 1569
 1521 1522
 1522 1570
 1522 1569
 1523 1524
 1523 1570
 1524 1571
 1524 1572
 1524 1525
 1525 1526
 1525 1573
 1525 1620
 1526 1574
 1526 1573
 1527 1528
 1528 1575
 1528 1529
 1528 1574
 1529 1577
 1529 1530
 1530 1577
 1530 1531
 1531 1579
 1531 1578
 1532 1533
 1532 1579
 1533 1579
 1534 1581
 1534 1535
 1534 1580
 1535 1582
 1535 1581
 1535 1536
 1536 1630
 1536 1583
 1536 1537
 1536 1582
 1537 1584
 1537 1583
 1538 1585
 1538 1539
 1539 1540
 1539 1586
 1540 1586
 1541 1587
 1541 1586
 1541 1542
 1542 1588
 1543 1590
 1544 1591
 1544 1590
 1546 1593
 1547 1595
 1547 1548
 1547 1594
 1547 1593
 1548 1595
 1549 1596
 1549 1595
 1550 1597
 1550 1551
 1550 1596
 1551 1598
 1551 1597
 1551 1552
 1552 1599
 1552 1598
 1553 1646
 1553 1554
 1554 1600
 1554 1601
 1554 1555
 1555 1602
 1555 1601
 1556 1603
 1556 1557
 1557 1604
 1557 1558
 1558 1604
 1558 1559
 1559 1606
 1559 1560
 1559 1605
 1560 1607
 1560 1606
 1561 1607
 1561 1608
 1562 1563
 1562 1609
 1562 1608
 1563 1609
 1563 1564
 1564 1657
 1564 1611
 1564 1565
 1564 1610
 1565 1612
 1565 1611
 1565 1566
 1566 1567
 1566 1612
 1567 1614
 1567 1613
 1567 1568
 1568 1569
 1568 1614
 1569 1570
 1569 1615
 1570 1617
 1570 1616
 1570 1618
 1571 1619
 1571 1572
 1572 1620
 1573 1665
 1573 1574
 1573 1621
 1573 1620
 1574 1575
 1574 1621
 1574 1622
 1575 1623
 1575 1622
 1576 1624
 1576 1623
 1577 1578
 1578 1670
 1578 1626
 1578 1579
 1578 1624
 1579 1626
 1579 1580
 1580 1671
 1580 1627
 1580 1581
 1580 1626
 1581 1582
 1581 1627
 1582 1628
 1582 1630
 1583 1676
 1583 1631
 1583 1584
 1584 1585
 1584 1631
 1585 1632
 1585 1633
 1585 1586
 1586 1634
 1586 1633
 1587 1680
 1587 1635
 1587 1634
 1588 1636
 1588 1635
 1588 1589
 1589 1637
 1589 1590
 1589 1636
 1590 1638
 1590 1637
 1592 1640
 1593 1640
 1594 1641
 1594 1640
 1595 1641
 1595 1642
 1595 1596
 1596 1643
 1596 1597
 1596 1642
 1597 1598
 1598 1599
 1598 1643
 1599 1646
 1599 1645
 1599 1644
 1600 1646
 1600 1601
 1601 1602
 1601 1648
 1601 1647
 1602 1649
 1602 1603
 1602 1648
 1603 1604
 1603 1650
 1603 1649
 1604 1651
 1604 1605
 1605 1652
 1605 1606
 1605 1651
 1606 1652
 1606 1653
 1607 1608
 1608 1653
 1608 1609
 1609 1610
 1609 1655
 1609 1654
 1610 1657
 1610 1705
 1611 1658
 1611 1657
 1613 1659
 1613 1614
 1613 1658
 1614 1708
 1614 1660
 1614 1659
 1615 1661
 1615 1660
 1616 1617
 1617 1662
 1617 1661
 1618 1662
 1618 1619
 1619 1663
 1619 1620
 1620 1713
 1620 1665
 1620 1664
 1621 1622
 1621 1665
 1622 1666
 1622 1623
 1623 1716
 1623 1624
 1623 1667
 1624 1669
 1624 1668
 1624 1625
 1625 1719
 1625 1669
 1626 1721
 1626 1670
 1627 1628
 1627 1673
 1627 1671
 1628 1674
 1628 1629
 1628 1673
 1629 1674
 1629 1630
 1629 1675
 1630 1676
 1631 1725
 1631 1677
 1631 1676
 1632 1727
 1632 1678
 1632 1633
 1633 1678
 1633 1634
 1634 1680
 1635 1731
 1635 1682
 1635 1681
 1635 1680
 1636 1682
 1636 1637
 1637 1684
 1637 1683
 1638 1684
 1639 1687
 1640 1687
 1640 1688
 1641 1689
 1641 1688
 1642 1690
 1642 1691
 1642 1689
 1642 1643
 1643 1739
 1643 1740
 1643 1644
 1643 1692
 1643 1691
 1644 1645
 1644 1692
 1645 1693
 1645 1694
 1646 1647
 1647 1648
 1647 1694
 1648 1695
 1648 1649
 1649 1650
 1649 1698
 1649 1696
 1650 1698
 1651 1748
 1651 1699
 1651 1652
 1651 1698
 1652 1749
 1652 1653
 1652 1699
 1652 1700
 1653 1702
 1653 1701
 1653 1700
 1653 1654
 1654 1655
 1654 1703
 1654 1702
 1655 1703
 1656 1705
 1656 1703
 1657 1658
 1658 1706
 1658 1707
 1659 1708
 1660 1710
 1660 1661
 1660 1709
 1661 1711
 1661 1662
 1662 1663
 1663 1760
 1663 1711
 1663 1664
 1664 1761
 1664 1713
 1664 1712
 1665 1762
 1665 1714
 1665 1713
 1666 1715
 1666 1667
 1667 1715
 1668 1765
 1668 1669
 1668 1717
 1668 1716
 1669 1717
 1669 1719
 1670 1721
 1670 1720
 1670 1719
 1671 1721
 1672 1722
 1672 1673
 1672 1769
 1673 1674
 1673 1722
 1674 1724
 1674 1723
 1675 1725
 1677 1726
 1677 1727
 1677 1725
 1678 1729
 1678 1679
 1678 1727
 1679 1680
 1680 1730
 1680 1729
 1681 1731
 1681 1730
 1682 1732
 1682 1731
 1683 1733
 1683 1732
 1685 1733
 1687 1736
 1687 1735
 1687 1688
 1688 1737
 1689 1738
 1690 1785
 1690 1739
 1690 1738
 1691 1739
 1692 1787
 1692 1693
 1692 1742
 1692 1740
 1693 1742
 1693 1743
 1693 1694
 1694 1695
 1695 1743
 1695 1696
 1696 1746
 1696 1697
 1696 1744
 1697 1747
 1697 1698
 1698 1748
 1699 1794
 1699 1748
 1700 1795
 1700 1750
 1700 1749
 1701 1702
 1702 1703
 1702 1751
 1702 1752
 1703 1754
 1703 1753
 1705 1755
 1705 1754
 1705 1706
 1706 1800
 1706 1756
 1706 1707
 1706 1755
 1707 1801
 1707 1756
 1707 1708
 1707 1757
 1709 1758
 1709 1710
 1709 1757
 1710 1759
 1710 1711
 1710 1758
 1712 1806
 1712 1805
 1712 1761
 1712 1760
 1713 1762
 1713 1761
 1714 1763
 1714 1762
 1715 1764
 1715 1716
 1716 1765
 1716 1764
 1717 1766
 1717 1765
 1719 1813
 1719 1767
 1719 1766
 1720 1721
 1721 1767
 1721 1768
 1721 1769
 1722 1816
 1722 1770
 1722 1769
 1723 1724
 1724 1725
 1724 1772
 1724 1771
 1724 1770
 1725 1774
 1725 1726
 1725 1772
 1726 1774
 1726 1775
 1727 1775
 1728 1776
 1728 1729
 1729 1777
 1729 1730
 1729 1776
 1730 1777
 1730 1731
 1731 1778
 1732 1779
 1732 1778
 1733 1780
 1733 1779
 1733 1734
 1734 1780
 1735 1783
 1737 1784
 1737 1738
 1737 1785
 1738 1785
 1739 1786
 1739 1785
 1741 1787
 1741 1786
 1742 1743
 1743 1744
 1743 1789
 1743 1788
 1744 1790
 1744 1789
 1744 1745
 1745 1746
 1745 1791
 1745 1790
 1746 1792
 1746 1791
 1746 1747
 1747 1793
 1747 1792
 1749 1843
 1749 1795
 1749 1794
 1750 1844
 1750 1796
 1750 1751
 1750 1795
 1751 1752
 1752 1796
 1752 1797
 1753 1754
 1754 1798
 1754 1755
 1754 1797
 1755 1800
 1755 1798
 1756 1849
 1756 1801
 1757 1850
 1757 1802
 1757 1758
 1757 1801
 1758 1804
 1758 1759
 1758 1802
 1759 1760
 1760 1804
 1760 1805
 1761 1762
 1761 1806
 1762 1857
 1762 1809
 1762 1763
 1762 1807
 1763 1764
 1764 1810
 1764 1809
 1764 1765
 1765 1766
 1765 1812
 1766 1812
 1766 1813
 1767 1814
 1767 1768
 1767 1813
 1768 1814
 1768 1769
 1769 1816
 1770 1818
 1770 1771
 1770 1817
 1770 1816
 1771 1818
 1772 1866
 1772 1773
 1773 1820
 1773 1819
 1773 1774
 1774 1820
 1775 1776
 1775 1820
 1776 1823
 1776 1777
 1776 1821
 1777 1824
 1777 1823
 1778 1826
 1778 1825
 1779 1874
 1779 1827
 1780 1875
 1780 1828
 1782 1783
 1782 1830
 1783 1830
 1783 1831
 1783 1784
 1784 1832
 1784 1831
 1785 1833
 1785 1880
 1785 1786
 1785 1832
 1786 1834
 1786 1833
 1786 1787
 1787 1836
 1787 1788
 1787 1835
 1787 1834
 1788 1789
 1789 1838
 1789 1790
 1789 1836
 1790 1791
 1791 1840
 1791 1838
 1791 1792
 1792 1841
 1792 1840
 1793 1794
 1794 1842
 1794 1841
 1794 1843
 1795 1844
 1795 1894
 1796 1797
 1796 1845
 1796 1844
 1797 1845
 1797 1846
 1797 1798
 1798 1848
 1798 1799
 1798 1846
 1799 1848
 1800 1899
 1801 1849
 1802 1851
 1802 1902
 1802 1850
 1803 1852
 1803 1804
 1804 1805
 1804 1853
 1804 1852
 1805 1853
 1805 1806
 1806 1855
 1806 1854
 1807 1808
 1808 1857
 1809 1810
 1809 1858
 1809 1857
 1810 1858
 1810 1859
 1811 1860
 1811 1812
 1812 1910
 1812 1813
 1812 1860
 1813 1861
 1813 1862
 1814 1862
 1815 1863
 1815 1816
 1816 1864
 1816 1863
 1817 1914
 1817 1865
 1817 1818
 1818 1866
 1818 1865
 1819 1820
 1819 1867
 1820 1867
 1820 1821
 1821 1822
 1821 1869
 1821 1870
 1821 1868
 1822 1919
 1822 1870
 1822 1871
 1823 1872
 1823 1824
 1823 1871
 1824 1873
 1824 1872
 1824 1825
 1825 1873
 1826 1922
 1826 1874
 1826 1873
 1827 1923
 1827 1875
 1827 1874
 1828 1875
 1829 1878
 1830 1878
 1831 1879
 1831 1878
 1832 1880
 1832 1879
 1833 1834
 1833 1882
 1833 1880
 1834 1835
 1834 1883
 1835 1930
 1835 1884
 1835 1836
 1836 1885
 1836 1837
 1836 1884
 1837 1887
 1837 1885
 1837 1838
 1838 1839
 1838 1888
 1838 1887
 1839 1888
 1839 1889
 1840 1889
 1840 1841
 1840 1890
 1841 1891
 1841 1890
 1841 1842
 1842 1893
 1842 1892
 1842 1891
 1843 1894
 1844 1895
 1844 1894
 1845 1846
 1845 1895
 1846 1896
 1846 1847
 1847 1898
 1847 1848
 1847 1897
 1848 1899
 1848 1898
 1849 1901
 1849 1850
 1849 1899
 1850 1902
 1850 1901
 1851 1948
 1851 1903
 1851 1902
 1852 1853
 1853 1903
 1853 1854
 1854 1855
 1855 1906
 1855 1905
 1855 1856
 1856 1952
 1856 1906
 1857 1907
 1857 1858
 1858 1859
 1858 1909
 1858 1907
 1859 1909
 1859 1860
 1860 1956
 1861 1862
 1862 1863
 1862 1912
 1862 1911
 1863 1913
 1863 1912
 1864 1960
 1864 1914
 1864 1913
 1865 1962
 1865 1916
 1865 1866
 1865 1914
 1866 1916
 1866 1867
 1867 1916
 1868 1918
 1868 1917
 1869 1918
 1870 1919
 1870 1918
 1871 1872
 1871 1919
 1872 1921
 1872 1920
 1873 1969
 1873 1921
 1874 1922
 1875 1924
 1875 1923
 1878 1926
 1878 1925
 1879 1927
 1879 1926
 1880 1928
 1880 1881
 1881 1882
 1881 1929
 1882 1929
 1882 1930
 1884 1932
 1884 1930
 1884 1885
 1885 1979
 1885 1933
 1885 1932
 1887 1933
 1887 1934
 1887 1888
 1888 1936
 1888 1889
 1888 1934
 1890 1891
 1890 1937
 1890 1936
 1891 1938
 1891 1937
 1892 1938
 1893 1939
 1893 1938
 1894 1986
 1894 1940
 1894 1939
 1894 1895
 1895 1941
 1895 1940
 1896 1897
 1896 1941
 1897 1942
 1897 1941
 1897 1898
 1898 1899
 1898 1944
 1898 1942
 1899 1945
 1899 1944
 1900 1946
 1900 1945
 1901 1902
 1901 1947
 1901 1946
 1902 1948
 1903 1949
 1903 1904
 1903 1948
 1904 1950
 1904 1905
 1905 1906
 1905 1950
 1905 1951
 1906 1951
 1907 1908
 1907 1953
 1907 1952
 1908 1909
 1908 1953
 1908 1954
 1909 1955
 1909 1956
 1910 1911
 1910 1957
 1910 1956
 1911 1957
 1912 1959
 1912 2004
 1912 1958
 1912 1913
 1913 1959
 1914 1915
 1914 1960
 1915 2007
 1915 1962
 1916 1917
 1916 1962
 1917 1964
 1917 1963
 1917 1918
 1918 1919
 1918 1964
 1919 1966
 1919 1920
 1920 2012
 1920 1968
 1920 1921
 1920 1967
 1921 2013
 1922 1970
 1922 1969
 1923 2016
 1923 1971
 1923 1970
 1925 1926
 1925 1973
 1926 1927
 1927 1974
 1927 1928
 1928 1975
 1928 1974
 1929 1976
 1929 1975
 1929 1930
 1930 1931
 1930 1978
 1930 1977
 1930 1976
 1932 1978
 1932 1979
 1933 1980
 1933 1934
 1933 1979
 1934 1935
 1934 1980
 1935 1981
 1935 1982
 1935 1936
 1936 1983
 1936 1937
 1936 1982
 1937 1938
 1937 1983
 1938 1984
 1938 1985
 1939 2030
 1939 1985
 1940 1941
 1940 1987
 1941 1989
 1941 1942
 1941 1987
 1942 1943
 1942 1990
 1944 1991
 1944 1945
 1944 1990
 1945 1992
 1945 1946
 1946 1947
 1946 1993
 1947 1948
 1948 1995
 1948 1949
 1948 1993
 1949 2043
 1949 1996
 1949 1950
 1949 1995
 1950 1996
 1950 1951
 1951 1998
 1951 1952
 1952 1999
 1952 1953
 1953 2000
 1953 1954
 1953 1999
 1954 2001
 1954 2000
 1955 2002
 1955 1956
 1956 2003
 1956 1957
 1957 2003
 1958 2004
 1958 2003
 1959 2006
 1959 1960
 1959 2004
 1960 1961
 1961 2007
 1961 2006
 1962 2056
 1962 2008
 1962 2007
 1963 2009
 1963 1964
 1964 2058
 1964 1965
 1964 2010
 1965 2010
 1965 1966
 1966 2059
 1966 2011
 1966 2010
 1967 2012
 1967 2011
 1968 2013
 1968 2012
 1969 2014
 1969 2013
 1969 1970
 1970 2015
 1971 2016
 1973 2067
 1973 2018
 1974 2020
 1974 2019
 1975 2021
 1975 2020
 1976 2021
 1976 2022
 1976 1977
 1977 2071
 1977 2023
 1977 1978
 1978 2072
 1978 2024
 1978 2023
 1978 1979
 1979 2025
 1979 2024
 1980 2436
 1980 1981
 1980 2025
 1981 1982
 1981 2026
 1981 2436
 1982 1983
 1982 2026
 1983 2027
 1983 2028
 1984 2029
 1984 2028
 1984 1985
 1985 2030
 1986 1987
 1986 2030
 1987 2032
 1987 2031
 1988 2032
 1988 1989
 1988 2034
 1989 2034
 1989 2035
 1989 1990
 1990 2036
 1990 2037
 1990 2035
 1990 1991
 1991 2038
 1991 1992
 1991 2037
 1992 2434
 1992 2039
 1992 1993
 1992 2038
 1993 2041
 1993 2040
 1993 2434
 1993 1994
 1994 2042
 1994 2041
 1995 2042
 1996 2044
 1996 2043
 1997 2044
 1997 1998
 1998 1999
 1998 2046
 1999 2000
 1999 2047
 2000 2001
 2000 2048
 2001 2049
 2001 2048
 2001 2002
 2002 2049
 2002 2003
 2003 2004
 2003 2052
 2003 2050
 2004 2053
 2004 2052
 2005 2006
 2006 2055
 2006 2054
 2006 2007
 2006 2053
 2007 2055
 2008 2057
 2008 2009
 2008 2056
 2009 2058
 2009 2057
 2010 2059
 2010 2058
 2011 2060
 2011 2059
 2012 2013
 2012 2061
 2013 2108
 2013 2062
 2013 2061
 2014 2062
 2015 2063
 2015 2062
 2016 2064
 2016 2063
 2017 2064
 2018 2067
 2019 2068
 2019 2067
 2020 2070
 2020 2069
 2021 2070
 2021 2022
 2022 2071
 2022 2070
 2023 2072
 2023 2071
 2024 2074
 2024 2025
 2024 2072
 2025 2074
 2026 2076
 2026 2027
 2026 2436
 2027 2077
 2027 2028
 2027 2076
 2028 2029
 2028 2078
 2028 2077
 2029 2078
 2029 2030
 2030 2079
 2030 2078
 2031 2079
 2031 2080
 2031 2032
 2032 2130
 2032 2080
 2032 2081
 2034 2131
 2034 2132
 2034 2035
 2034 2081
 2034 2082
 2035 2082
 2035 2083
 2036 2083
 2037 2084
 2037 2038
 2037 2083
 2038 2084
 2038 2039
 2039 2086
 2039 2085
 2040 2041
 2040 2434
 2041 2042
 2041 2088
 2042 2089
 2042 2043
 2043 2089
 2043 2044
 2044 2090
 2044 2089
 2045 2090
 2045 2046
 2046 2092
 2046 2047
 2047 2093
 2047 2092
 2047 2094
 2048 2094
 2048 2049
 2049 2096
 2049 2095
 2049 2094
 2050 2096
 2050 2097
 2050 2051
 2052 2097
 2052 2053
 2053 2099
 2053 2098
 2053 2054
 2054 2101
 2054 2055
 2054 2099
 2055 2102
 2055 2101
 2056 2103
 2056 2102
 2056 2057
 2057 2058
 2057 2104
 2058 2105
 2058 2104
 2059 2060
 2059 2435
 2060 2107
 2060 2061
 2061 2108
 2061 2107
 2062 2109
 2063 2111
 2063 2110
 2064 2112
 2064 2111
 2066 2114
 2067 2114
 2067 2115
 2068 2069
 2068 2116
 2068 2115
 2069 2116
 2069 2117
 2069 2070
 2070 2117
 2070 2071
 2071 2119
 2072 2120
 2072 2073
 2073 2074
 2073 2120
 2074 2075
 2074 2121
 2074 2436
 2075 2122
 2075 2123
 2075 2076
 2076 2124
 2076 2077
 2076 2125
 2077 2125
 2078 2079
 2078 2126
 2079 2080
 2079 2127
 2079 2129
 2080 2130
 2081 2131
 2081 2130
 2082 2083
 2082 2133
 2083 2084
 2083 2133
 2083 2181
 2084 2085
 2084 2134
 2084 2135
 2085 2086
 2086 2136
 2086 2434
 2087 2138
 2087 2136
 2087 2088
 2088 2089
 2088 2139
 2089 2141
 2089 2139
 2089 2090
 2090 2142
 2090 2091
 2090 2141
 2091 2143
 2091 2092
 2091 2142
 2092 2093
 2092 2144
 2093 2094
 2094 2145
 2094 2144
 2094 2095
 2095 2096
 2095 2145
 2096 2147
 2096 2097
 2097 2148
 2097 2098
 2097 2147
 2098 2149
 2098 2099
 2098 2148
 2099 2150
 2099 2149
 2099 2100
 2100 2152
 2100 2101
 2101 2102
 2102 2103
 2102 2153
 2102 2199
 2102 2152
 2103 2153
 2103 2104
 2104 2105
 2104 2154
 2105 2201
 2105 2435
 2105 2155
 2106 2435
 2106 2157
 2106 2107
 2107 2158
 2107 2108
 2108 2109
 2108 2159
 2108 2158
 2109 2160
 2109 2159
 2109 2110
 2110 2111
 2110 2160
 2111 2162
 2111 2161
 2114 2211
 2114 2164
 2114 2163
 2115 2212
 2115 2164
 2115 2165
 2116 2117
 2116 2165
 2117 2166
 2117 2167
 2117 2165
 2118 2119
 2118 2167
 2119 2120
 2119 2169
 2120 2170
 2120 2121
 2121 2171
 2121 2122
 2122 2171
 2123 2173
 2123 2124
 2124 2125
 2125 2173
 2125 2126
 2126 2127
 2126 2174
 2127 2176
 2127 2128
 2128 2176
 2128 2129
 2129 2178
 2129 2130
 2130 2131
 2130 2178
 2131 2132
 2132 2180
 2132 2133
 2133 2180
 2134 2182
 2134 2181
 2135 2183
 2135 2136
 2135 2184
 2136 2184
 2136 2434
 2137 2138
 2137 2184
 2138 2186
 2139 2186
 2139 2140
 2140 2141
 2140 2186
 2141 2188
 2142 2188
 2143 2191
 2143 2144
 2143 2190
 2144 2191
 2145 2194
 2145 2146
 2145 2192
 2146 2195
 2147 2195
 2147 2148
 2148 2196
 2148 2149
 2149 2196
 2150 2197
 2150 2196
 2151 2198
 2151 2197
 2151 2152
 2152 2429
 2153 2154
 2153 2199
 2154 2155
 2155 2201
 2155 2200
 2156 2157
 2156 2201
 2157 2204
 2157 2203
 2157 2158
 2158 2204
 2158 2159
 2159 2206
 2159 2205
 2160 2207
 2160 2206
 2161 2208
 2162 2208
 2163 2211
 2164 2212
 2165 2213
 2165 2166
 2165 2212
 2166 2167
 2166 2213
 2167 2168
 2168 2169
 2168 2214
 2169 2170
 2169 2216
 2170 2171
 2170 2216
 2171 2172
 2171 2219
 2171 2218
 2172 2173
 2173 2174
 2173 2220
 2174 2222
 2174 2220
 2174 2175
 2175 2223
 2175 2176
 2176 2267
 2176 2177
 2176 2223
 2177 2225
 2178 2179
 2178 2225
 2178 2226
 2179 2180
 2179 2226
 2179 2228
 2180 2181
 2180 2228
 2181 2229
 2182 2231
 2182 2230
 2182 2183
 2183 2184
 2183 2232
 2184 2232
 2185 2186
 2185 2232
 2186 2234
 2186 2187
 2187 2235
 2187 2188
 2187 2234
 2188 2235
 2188 2189
 2188 2236
 2189 2190
 2190 2191
 2190 2238
 2191 2239
 2191 2192
 2192 2193
 2193 2194
 2193 2240
 2193 2239
 2194 2241
 2194 2195
 2195 2242
 2195 2196
 2196 2244
 2196 2197
 2196 2242
 2197 2244
 2198 2288
 2198 2245
 2199 2247
 2199 2246
 2199 2429
 2200 2248
 2200 2290
 2200 2247
 2201 2202
 2201 2249
 2201 2248
 2202 2251
 2203 2252
 2203 2204
 2203 2251
 2204 2252
 2204 2205
 2205 2253
 2205 2206
 2206 2207
 2207 2208
 2207 2255
 2207 2254
 2208 2256
 2208 2255
 2211 2258
 2211 2257
 2212 2301
 2212 2259
 2212 2258
 2213 2260
 2213 2214
 2214 2304
 2214 2261
 2214 2215
 2214 2260
 2215 2262
 2215 2216
 2216 2306
 2216 2217
 2216 2262
 2217 2218
 2218 2308
 2218 2219
 2219 2308
 2219 2220
 2220 2265
 2220 2221
 2221 2312
 2221 2222
 2221 2266
 2221 2265
 2222 2223
 2223 2267
 2223 2266
 2224 2268
 2224 2267
 2225 2268
 2225 2226
 2226 2270
 2226 2227
 2226 2268
 2227 2228
 2228 2271
 2228 2229
 2229 2272
 2229 2230
 2230 2272
 2231 2320
 2231 2274
 2231 2232
 2232 2274
 2232 2233
 2233 2322
 2233 2234
 2233 2275
 2234 2277
 2234 2276
 2235 2236
 2235 2278
 2236 2278
 2237 2238
 2237 2278
 2238 2239
 2238 2280
 2239 2280
 2239 2282
 2240 2241
 2240 2282
 2241 2284
 2241 2242
 2242 2284
 2242 2243
 2243 2286
 2243 2244
 2244 2286
 2245 2286
 2246 2247
 2246 2289
 2246 2288
 2246 2429
 2247 2289
 2248 2249
 2249 2292
 2249 2250
 2250 2251
 2250 2292
 2251 2294
 2251 2252
 2252 2296
 2252 2295
 2252 2253
 2253 2254
 2253 2296
 2254 2255
 2255 2298
 2255 2297
 2256 2298
 2258 2345
 2258 2301
 2258 2300
 2259 2260
 2259 2301
 2260 2349
 2260 2302
 2261 2262
 2261 2305
 2261 2353
 2262 2306
 2262 2305
 2263 2308
 2263 2306
 2264 2309
 2264 2265
 2264 2308
 2265 2309
 2265 2310
 2266 2312
 2267 2313
 2268 2269
 2268 2314
 2269 2315
 2269 2270
 2270 2317
 2270 2271
 2271 2318
 2271 2272
 2272 2319
 2272 2273
 2273 2320
 2274 2321
 2274 2320
 2274 2275
 2275 2322
 2276 2384
 2276 2322
 2277 2278
 2277 2323
 2278 2326
 2278 2279
 2278 2324
 2279 2280
 2280 2281
 2280 2328
 2280 2326
 2281 2282
 2282 2328
 2282 2283
 2283 2284
 2283 2330
 2284 2331
 2284 2285
 2285 2286
 2286 2333
 2286 2332
 2286 2287
 2286 2331
 2287 2334
 2288 2334
 2288 2289
 2289 2290
 2289 2335
 2289 2334
 2290 2336
 2290 2291
 2291 2292
 2292 2337
 2292 2336
 2293 2339
 2293 2337
 2293 2294
 2294 2295
 2295 2340
 2295 2339
 2295 2296
 2296 2340
 2296 2297
 2297 2342
 2297 2298
 2298 2343
 2298 2342
 2301 2347
 2301 2302
 2301 2345
 2302 2349
 2302 2347
 2303 2351
 2303 2304
 2303 2349
 2304 2353
 2304 2351
 2305 2355
 2305 2353
 2306 2307
 2306 2355
 2307 2358
 2307 2356
 2307 2308
 2308 2360
 2308 2358
 2309 2310
 2309 2360
 2310 2311
 2310 2361
 2311 2364
 2311 2362
 2311 2312
 2312 2366
 2312 2313
 2312 2364
 2313 2367
 2313 2314
 2314 2369
 2314 2315
 2314 2367
 2315 2371
 2315 2369
 2315 2316
 2316 2373
 2316 2317
 2316 2371
 2317 2375
 2317 2318
 2317 2373
 2318 2377
 2318 2375
 2318 2319
 2319 2379
 2319 2320
 2319 2377
 2320 2380
 2321 2382
 2321 2322
 2321 2380
 2322 2384
 2322 2382
 2323 2386
 2323 2324
 2323 2384
 2324 2387
 2324 2325
 2325 2389
 2325 2326
 2325 2387
 2326 2391
 2326 2389
 2326 2327
 2327 2393
 2327 2328
 2327 2391
 2328 2395
 2328 2393
 2328 2329
 2329 2397
 2329 2330
 2329 2395
 2330 2399
 2330 2331
 2330 2397
 2331 2401
 2331 2332
 2331 2399
 2332 2403
 2332 2401
 2333 2405
 2333 2334
 2333 2403
 2334 2407
 2334 2405
 2335 2409
 2335 2336
 2335 2407
 2336 2411
 2336 2409
 2336 2337
 2337 2412
 2337 2411
 2338 2414
 2338 2339
 2338 2412
 2339 2416
 2339 2414
 2340 2418
 2340 2341
 2340 2416
 2341 2420
 2341 2342
 2341 2418
 2342 2422
 2342 2420
 2342 2343
 2426 2427
 2430 2431
 2431 2432
