    2  126
    2   82
    3   82
    4   83
    4   82
    6   84
    6   83
    8   84
    9   86
    9   85
   11  130
   11   87
   11   86
   13   87
   14   88
   14   89
   16  132
   16   90
   16   89
   18   91
   18   90
   19   92
   21   93
   21   92
   22   93
   23   94
   23   93
   25   94
   25   95
   27   96
   27   95
   28   96
   29   97
   29   96
   31   98
   31   97
   33  140
   33   99
   33   98
   34  100
   34   99
   36  101
   36  100
   38  102
   38  101
   39  102
   40  102
   40  103
   42  146
   42  104
   42  103
   44  105
   44  104
   46  106
   46  105
   48  106
   48  107
   50  150
   50  108
   50  107
   52  108
   53  110
   53  109
   55  111
   55  110
   57  153
   57  111
   57  112
   59  112
   59  113
   61  113
   61  114
   62  114
   62  115
   64  115
   64  116
   66  117
   66  116
   67  117
   68  118
   68  117
   70  119
   70  118
   71  120
   71  119
   73  121
   73  120
   75  122
   75  121
   77  123
   77  122
   79  165
   79  123
   81  126
   82  127
   82  126
   83  128
   83   84
   84   85
   85 2201
   85  129
   85   86
   87   88
   87  130
   88  174
   88   89
   88  173
   88  131
   90   91
   90  132
   91  134
   91   92
   91  133
   93  136
   93   94
   93  135
   94  137
   94   95
   96  182
   96  181
   96   97
   96  138
   97   98
   98  140
   98  139
   99  141
   99  140
  100  101
  101  102
  101  142
  102  144
  102  143
  103  146
  103  144
  104  147
  104  105
  105  106
  106  147
  106  107
  107  150
  107  148
  108  193
  108  109
  108  150
  109  110
  109  193
  110  195
  110  194
  110  151
  110  152
  110  111
  111  153
  112  113
  112  153
  113  155
  113  154
  114  115
  115  116
  115  155
  115  157
  117  159
  117  158
  117  118
  118  119
  119  161
  119  160
  120 2200
  120  121
  121 2200
  121  122
  122  162
  122  123
  123  165
  123  164
  123  163
  124  165
  125  168
  126  169
  126  168
  126  127
  127  128
  127  169
  128 2201
  129  130
  129 2201
  130  131
  130  172
  131  173
  131  172
  132  133
  132 2209
  132  174
  133 2209
  133  134
  133  175
  134  135
  135  178
  135  177
  135  136
  136 2204
  136  137
  136  178
  137  138
  137 2204
  137  179
  138  179
  139  224
  139  183
  139  140
  139  182
  140  141
  140  183
  141  185
  141  142
  142  186
  142  143
  143  188
  143  144
  143  187
  144  188
  145  190
  145  146
  146  230
  146  147
  146  190
  147  148
  147  232
  147  231
  147  230
  148  149
  149  191
  150  234
  150  193
  150  192
  152  195
  153  238
  153  154
  153  196
  154  239
  154  197
  154  155
  154  238
  155  197
  155  156
  156  198
  156  284
  156  157
  156  241
  157  158
  157  198
  158  201
  158  159
  158  200
  159  202
  159  160
  160  161
  160  202
  162  204
  162  205
  162  163
  162 2200
  164  206
  164  165
  164  205
  165  208
  165  207
  168  209
  168  211
  168  210
  168  169
  169  212
  169  253
  169  211
  169  170
  170 2201
  171 2201
  171  172
  171  213
  171  214
  172  214
  172  173
  173  215
  173  214
  175  218
  175  217
  175 2209
  176  177
  176  218
  177  220
  177  178
  178 2204
  178  262
  178  220
  179  221
  179 2204
  180  181
  181  267
  181  223
  181  222
  181  182
  182  224
  183  225
  183  224
  185  271
  185  186
  185  225
  186  226
  186  187
  187  227
  187  226
  187  188
  188  189
  188  228
  188  227
  189  228
  190  230
  190  229
  191  192
  191  233
  191  232
  192  277
  192  233
  192  234
  193  236
  193  234
  194  195
  194  236
  195  237
  195  196
  197  240
  197  239
  198  285
  198  242
  198  284
  199  200
  200  243
  200  201
  200  242
  201  243
  201  202
  202  288
  202  245
  202  203
  202  244
  203  290
  203 2200
  204  247
  204  205
  204  246
  205  248
  205  206
  205  247
  206  249
  206  248
  206  207
  207  293
  207  250
  207  249
  209  252
  210  252
  210  211
  211  253
  212  255
  212  253
  213  256
  213  255
  213 2201
  214  257
  214  256
  215  258
  215  216
  216 2245
  216 2209
  217  260
  217 2209
  217 2245
  218  219
  219  220
  219  261
  220  262
  220  261
  221  222
  222  265
  223  268
  223  224
  223  267
  224  270
  224  269
  224  268
  226  272
  226  227
  226  271
  227  273
  227  272
  228  273
  230  317
  230  316
  230  274
  230  231
  231  275
  231  317
  232  275
  233  277
  233  276
  234  278
  234  277
  235  236
  235  279
  236  237
  237  321
  237  280
  237  238
  237  279
  238  282
  238  239
  239  282
  240  283
  243  328
  243  244
  243  287
  244  329
  244  328
  244  288
  245  330
  245  289
  246  291
  246  247
  246  290
  246 2200
  247  248
  247  291
  248  249
  249  292
  250  293
  252  295
  253  297
  253  254
  254  298
  254  297
  254  255
  255  299
  255  298
  255  256
  256  340
  256  300
  256  257
  256  299
  257  300
  257  301
  258  302
  258  301
  258  259
  260 2245
  260  346
  260  304
  260  303
  261  305
  261  262
  261  304
  262  306
  262  305
  263  306
  263 2204
  264 2204
  264  265
  265  307
  265  266
  266  309
  266  267
  266  308
  267  309
  267  268
  268  269
  268  309
  269  270
  269  310
  270  271
  271  313
  271  312
  272  313
  272  273
  273  314
  273  274
  273  313
  274  314
  275  318
  275  317
  276  359
  277  359
  277  278
  278  360
  278  319
  278  359
  279  320
  279  319
  280  362
  280  281
  280  322
  280  321
  281  322
  281  282
  282  323
  282  283
  283  284
  283  324
  284  285
  285  326
  285  286
  285  325
  286  287
  286  327
  288  330
  288  329
  290  332
  290  331
  291  333
  291  332
  292  334
  293  335
  293  334
  295  296
  296  337
  296  336
  296  297
  297  338
  297  337
  297  298
  298  338
  298  299
  299  340
  300  377
  300  341
  300  340
  301  343
  301  302
  302  303
  303  346
  303  345
  303  344
  303 2245
  304  347
  304  305
  305  348
  305  347
  306  384
  306  349
  307  308
  307  350
  307  349
  308  350
  309 2214
  309  352
  309  351
  309  310
  310  387
  310  353
  311  312
  312  388
  313 2222
  313  354
  313  390
  313  314
  314  355
  314  354
  314  356
  315  357
  315  316
  316  393
  316  357
  316  317
  317  318
  317  393
  319  361
  320  398
  320  361
  320  321
  321  398
  322  323
  322  363
  322  362
  323  364
  323  363
  323  324
  324  365
  324  364
  325  404
  325  326
  325  365
  326  366
  326  404
  327  405
  327  328
  327  366
  328  407
  328  329
  328  367
  329  368
  329  407
  330  331
  331  332
  331  369
  332  411
  332  410
  332  333
  332  369
  333  411
  333  334
  333  370
  334  412
  334  371
  334  370
  335  371
  337  415
  337  374
  337  373
  337  338
  338  374
  338  339
  339  417
  340  376
  340  377
  341  378
  341  342
  341  377
  342  419
  342  379
  342  343
  343  344
  344  381
  344  380
  345  346
  345  382
  345  381
  346  347
  347  383
  347  382
  348  423
  348  384
  350  351
  350  386
  350  385
  352  426
  352  467
  352  387
  352 2214
  353  427
  353  388
  354  391
  354  430
  354  390
  355  392
  355  391
  357  433
  357  393
  357  392
  358  359
  359  395
  359  360
  360  436
  360  396
  360  395
  361  398
  362  399
  362  400
  362  363
  362  398
  363  401
  363  400
  364  365
  364  401
  366  404
  367  406
  367  407
  367  405
  368  409
  368  369
  369  410
  369  409
  370  411
  371  413
  373  415
  374  375
  374  415
  375  456
  375  417
  376  418
  376  377
  376  417
  377  457
  377  378
  378  458
  378  419
  378  457
  379  420
  379  380
  379  419
  381  382
  381  421
  382  462
  382  421
  382  383
  383  463
  383  423
  383  422
  384  424
  384  423
  385  386
  385  425
  385  424
  386 2215
  386  425
  387 2224
  387  427
  387  467
  388  389
  388  427
  389  429
  389  390
  389 2222
  389  428
  390  429
  390  430
  391  431
  391  432
  392  433
  393  394
  393  434
  393  433
  394  395
  395  436
  395  435
  396  437
  396  397
  396  436
  398  439
  399  441
  399  440
  399  400
  400  442
  400  441
  401  442
  402  403
  403  404
  403  481
  404  444
  404  443
  405 2232
  405  444
  406 2232
  406  407
  406  446
  406  445
  407  446
  407  408
  408  409
  408  447
  408  448
  408  446
  409  410
  409  448
  410  450
  410  411
  411 2202
  411  450
  412  490
  412  489
  412  451
  412 2202
  412  413
  414  415
  414  453
  415  416
  415  453
  417  418
  418  497
  418  457
  419  459
  419  458
  420  421
  421  461
  422  503
  422  462
  422  463
  423  464
  423  465
  423  463
  425 2215
  425  466
  425  426
  426 2214
  426  508
  426  507
  426  467
  426  466
  427 2223
  427 2224
  428  468
  429  513
  429  470
  429  469
  429  430
  430  514
  430  513
  430  431
  431  471
  431  514
  433  434
  433  473
  434  475
  434  473
  435  519
  435  476
  435  436
  435  475
  436  476
  437  521
  437  438
  438  439
  439  477
  439  440
  440  441
  440  478
  441  524
  441  479
  441  480
  442  481
  442  480
  443  528
  443  483
  443  444
  443  482
  445  530
  445  446
  445  484
  446  485
  446  530
  447  448
  447  485
  448  486
  448  449
  449  450
  449  487
  450 2202
  451  490
  453  492
  453  493
  454  455
  455  456
  455  494
  455  493
  455  495
  456  496
  457  498
  457  458
  458  499
  458  459
  459  500
  459  460
  459  543
  459  499
  460  461
  461  462
  461  501
  462  503
  462  502
  463  504
  463  503
  464  505
  464  504
  465  466
  466  507
  466  506
  467 2224
  467  509
  467  508
  468  511
  469  511
  470  512
  470  513
  471  472
  471  515
  471  516
  472  517
  472  473
  473  474
  473  518
  473  517
  474  519
  474  475
  476  560
  476  520
  476  519
  477  478
  477  522
  477  521
  478  479
  478  522
  478  523
  479  523
  479  563
  479  524
  480  525
  480  524
  481  482
  481 2238
  482  527
  482 2238
  482  528
  483 2232
  484  570
  484  530
  484  529
  485  531
  485  530
  487  533
  487  532
  488 2202
  488  574
  488  534
  489  575
  489  536
  489 2202
  490  537
  492  539
  492  493
  493  539
  494  579
  494  540
  494  495
  494  539
  495  540
  495  496
  496  581
  496  540
  497  541
  497  581
  498  541
  499  584
  499  543
  499  542
  500  544
  501  544
  501  502
  502  503
  502  546
  502  545
  503  546
  503  547
  504  548
  504  547
  505  506
  506  549
  507  550
  507  508
  508  551
  508  550
  509  552
  509  551
  510 2223
  510  553
  510  552
  510  511
  511  553
  511  512
  512  554
  513  555
  513  514
  514  598
  514  515
  514  556
  514  555
  515  557
  515  556
  517  558
  517  518
  517  557
  518  559
  518  558
  519  603
  519  560
  519  559
  520  521
  520  561
  522  562
  522  561
  523  562
  523  563
  524  564
  524  563
  525  565
  525  526
  526 2239
  526  566
  527 2238
  527  567
  527  528
  528  569
  528  567
  528  529
  529 2232
  530  571
  530  570
  531  572
  531  532
  532  573
  532  572
  532  533
  533  574
  533  573
  534  619
  534  535
  534  574
  535  619
  535  575
  535 2203
  536  576
  536  537
  536  575
  538  578
  539  578
  539  579
  540  581
  540  579
  541  542
  541  582
  541  581
  542  584
  542  582
  542  583
  543  585
  543  544
  543  584
  544  545
  545  587
  545  588
  545  546
  546  547
  546  588
  547  590
  547  589
  548  549
  549  592
  549  550
  549  591
  550  593
  550  592
  550  551
  551  594
  551  593
  553  596
  553  595
  553  554
  554  639
  554  597
  554  596
  555  598
  555  640
  555  597
  556  599
  556  598
  558  601
  558  559
  558  600
  559  601
  560  604
  560 2228
  560  603
  561  604
  562  607
  562  563
  562  606
  563  608
  563  564
  564  609
  564  608
  564  565
  565  611
  565  566
  566 2238
  567  568
  567  612
  567  613
  568  613
  568  569
  568  614
  569  570
  570  615
  570  655
  570  571
  571  572
  571  615
  572  573
  572  615
  573  618
  573  574
  573  616
  574  619
  575  576
  575  619
  576  620
  577  578
  577  623
  578  579
  579  580
  579  623
  580  625
  580  581
  581  625
  582  583
  582  626
  583  628
  584  628
  584  585
  585  586
  585  628
  586  587
  586  629
  587  588
  587  630
  587  631
  588  632
  588  589
  588  631
  589  633
  590  634
  591  677
  591  634
  592  593
  592  678
  593  680
  593  635
  593  636
  594  637
  594  636
  595  637
  596  639
  596  638
  597  683
  597  639
  598  684
  598  641
  598  640
  599  600
  600  642
  600  643
  601  602
  601  643
  602  686
  602  644
  602  643
  603 2228
  603  645
  603  644
  604  605
  605  606
  605  647
  606  648
  606  689
  607  649
  608  650
  608  649
  608  609
  609  610
  609  651
  609  650
  610  651
  610  611
  611  652
  611  651
  612  653
  612  652
  613  654
  613  653
  613  614
  614  694
  614  655
  614  654
  615  657
  615  656
  615  655
  616  696
  616  658
  617  659
  617  697
  618  660
  620  662
  620  661
  621  662
  623  664
  623  666
  625  704
  625  668
  625  667
  627  668
  628  671
  628  670
  628  629
  629  630
  629  671
  630  672
  630  631
  630  671
  631  673
  631  672
  632  674
  632  673
  633  634
  634  677
  634  675
  635  679
  635  680
  635  678
  636 2246
  636  680
  637  638
  638  681
  639  721
  639  682
  639  683
  640  684
  640  683
  641  724
  641  723
  641  642
  643  685
  643  686
  645  729
  645  646
  645  687
  645 2228
  646  647
  646  730
  646  729
  646 2228
  647  648
  648  688
  649  732
  649  650
  649  690
  649  689
  650  651
  650  690
  651  652
  653  693
  653  692
  654  737
  654  694
  654  693
  655 2229
  655  656
  655  694
  656  695
  656 2229
  657  696
  657  740
  658  741
  658  697
  658  696
  659  698
  659  660
  659  697
  660  742
  660  698
  660  661
  661  743
  661  699
  661  742
  661  662
  662  700
  662  699
  664  665
  664  702
  665  702
  665  666
  665  703
  666  748
  666  667
  666  703
  667  748
  667  704
  668  705
  668  669
  668  704
  669  706
  669  751
  669  670
  669  705
  670  706
  671  707
  671  706
  672  707
  672  708
  672  709
  672  673
  673  709
  674  711
  674  675
  675  712
  675  676
  675  711
  676  713
  677  678
  677  713
  678  713
  678  714
  679  716
  679  680
  679  715
  680  716
  680  717
  681  720
  681  719
  681  718
  682  720
  683  722
  683  684
  684  722
  684  723
  685  686
  685  725
  685  724
  686  727
  686  687
  686  726
  687  729
  688  774
  688  731
  688  730
  689  732
  689  731
  690  777
  690  734
  690  733
  691  735
  691  692
  693  779
  693  737
  693  736
  694  738
  694 2229
  694  737
  695  739
  695 2229
  695  740
  696  740
  697  785
  697  698
  697  741
  698  742
  699  744
  699  788
  699  743
  701  746
  702  746
  703  748
  703  747
  703  746
  704  749
  704  705
  704  748
  705  751
  705  750
  706  753
  706  707
  706  751
  707  708
  708  754
  708  709
  709  798
  709  754
  709  755
  709  710
  710  756
  710  755
  710  711
  711  756
  712  758
  713  714
  714  802
  714  715
  714  759
  715  759
  715  760
  715  716
  716  760
  717  804
  717 2246
  717  760
  718 2246
  719  763
  719  720
  719  762
  720  807
  720  764
  720  763
  721  764
  722  810
  722  766
  722  723
  722  765
  723  767
  723  766
  725  769
  725  726
  725  768
  726  769
  726  727
  727  728
  727  769
  728  771
  728  770
  728  729
  729  772
  729  771
  731  774
  732  776
  732  733
  732  775
  733  777
  733  776
  734  778
  735  823
  735  736
  735  778
  736  823
  736  779
  737  780
  737  779
  738  782
  738 2229
  738  781
  739 2229
  739  783
  739  740
  740  783
  741  828
  741  784
  741  783
  742  743
  742  786
  743  787
  744  788
  746  790
  746  791
  746  747
  747  748
  747  791
  748  793
  749  838
  750  751
  750  794
  750  838
  751  752
  751  795
  752  796
  753  754
  753  796
  754  797
  755  844
  755  799
  755  798
  756  799
  756  757
  757  801
  757  758
  759  847
  759  760
  759  803
  760  803
  761  762
  761  804
  761 2246
  762  805
  763  807
  763  806
  764  808
  764  765
  764  807
  765  810
  765  808
  766  812
  766  811
  766  810
  767  768
  768  813
  769 2250
  769  770
  769  814
  769  815
  770  816
  770  771
  771  817
  771  816
  772  818
  772  773
  773  774
  774  775
  774  819
  775  820
  776  777
  776  821
  777 2240
  777  822
  777  821
  778 2251
  778  823
  778 2240
  779  824
  779  780
  779  823
  780  825
  780  826
  781  826
  782  871
  782  783
  782  827
  783  828
  784  829
  784  828
  785  829
  786  830
  788  832
  788  831
  789  832
  790  791
  790  835
  791  792
  793  881
  793  837
  795  840
  796  842
  796  841
  797  886
  797  843
  797  842
  797  798
  798  844
  798  843
  799  800
  799  845
  800  801
  801  846
  801  802
  802  846
  803  848
  803  804
  803  847
  804  849
  805  850
  805  806
  807  808
  807  851
  808  852
  808  809
  809  897
  809  853
  809  810
  809  852
  810  853
  811  898
  811  854
  812  813
  812  855
  813  814
  814  856
  815  857
  815  816
  815 2250
  816  857
  816  858
  817  860
  817  818
  818  819
  819  820
  819  860
  820  821
  820  861
  821  822
  821  862
  822  863
  822  864
  822  865
  823  824
  823 2251
  824  868
  824  825
  824  867
  825  868
  826  827
  826  868
  827  870
  828  829
  828  871
  829  874
  829  873
  829  830
  829  872
  830  915
  830  875
  830  874
  830  831
  831  832
  831  875
  832  877
  832  876
  835  920
  835  878
  835  836
  836  837
  836  879
  837  922
  837  880
  837  881
  838  839
  839  883
  839  840
  840  926
  840  884
  840  883
  841  884
  842  886
  842  885
  843  887
  843  844
  844  887
  844  888
  845  890
  845  888
  846  891
  846  890
  847  892
  847  848
  847  891
  848  893
  848  892
  849  894
  850  895
  850  851
  850  894
  852  897
  852  938
  852  896
  853  898
  853  897
  854  855
  855  899
  855  856
  856  900
  856 2250
  857 2250
  857  944
  857  902
  857 2249
  858  902
  858  859
  859  903
  859  860
  860  904
  860  861
  861  862
  862  904
  862  863
  863  864
  863  905
  864  949
  864  907
  864  906
  865 2241
  865  907
  865  866
  866 2251
  866 2241
  866  908
  866  907
  867  952
  867  909
  868  869
  868  910
  869  912
  869  911
  870  871
  870  912
  871  913
  871  872
  872 2217
  872  873
  873  874
  873 2217
  874  915
  875  916
  875  876
  875  915
  876  918
  876  917
  876  916
  878  920
  879  880
  879  922
  879  921
  879  920
  880  922
  881  923
  881  882
  881  922
  882  883
  883  924
  884  927
  884  926
  885  927
  886  928
  886  887
  887  971
  887  888
  887  929
  888  929
  888  889
  889  931
  889  973
  889  890
  889  930
  890  891
  890  932
  890  931
  891  892
  892  975
  892  933
  892  932
  893  935
  894  895
  894  935
  895  896
  895  937
  895  936
  897  939
  897  898
  898  939
  898  940
  898  899
  899  900
  900  941
  900  901
  901  944
  901 2249
  901  942
  902  945
  902  946
  903 1029
  903  904
  903  946
  903  947
  904  905
  905  906
  905  947
  906  948
  906  949
  907  950
  907  908
  907  949
  908  909
  908 2251
  909  951
  909 2251
  910  994
  910  953
  910  952
  911  954
  911  953
  913  957
  913  955
  914  957
  914 2217
  915  916
  915  959
  916 2206
  916  960
  916  917
  916  959
  917  961
  918  961
  920  964
  920  963
  921  965
  921  964
  922  966
  922  923
  922  965
  923 1008
  923  967
  923  924
  923  966
  924  967
  924  925
  925 1009
  925  926
  925  968
  925  967
  926  968
  926  927
  927  969
  927  968
  928  971
  928  970
  929  972
  929  930
  930 1014
  930  973
  930  972
  931  974
  933  976
  933  934
  933  975
  934  935
  935  936
  935  977
  936  937
  936  978
  937  979
  937  980
  937  938
  939  940
  939  982
  940  941
  940  982
  941  942
  941  983
  942  984
  942  943
  943  985
  943  984
  943  944
  944 2249
  944  986
  944  985
  944  945
  945  987
  945  986
  946 1029
  946  987
  947  948
  947  989
  947  988
  948 1032
  948 1031
  948  989
  948  990
  948  949
  949  990
  950  992
  950  991
  951  993
  951  992
  952  993
  953  995
  954  955
  955 1038
  955  956
  955  995
  956  997
  956  996
  956  957
  957  998
  957  997
  958 2217
  958  999
  958  959
  959 2206
  960 1002
  960  961
  960 2206
  961 1003
  961 1002
  963 1005
  964 1048
  964 1005
  964 1006
  965 1048
  965 1007
  966 1008
  966 1007
  967 1009
  967 1008
  968 1052
  968 1010
  968  969
  969 1012
  969  970
  969 1011
  969 1010
  971 1013
  971 1055
  971 1012
  972 1014
  972 1013
  973 1015
  973 1014
  973  974
  974 1016
  974 1015
  975 1017
  975  976
  975 1016
  976 1018
  976  977
  977  978
  977 1019
  978 1020
  979  980
  979 1020
  980 1022
  980  981
  981 1023
  981  982
  981 1022
  982 1066
  982 1067
  982 1024
  982 1023
  983 1069
  983 1068
  983 1025
  983 1024
  984 1026
  984  985
  984 1025
  985 1026
  985  986
  985 1027
  986 1027
  986  987
  987 1029
  988 1030
  988  989
  988 1029
  989 1030
  989 1031
  990 1077
  990 1033
  990  991
  990 1032
  991 1034
  991 1033
  992 1034
  993 1035
  994 1037
  995 1037
  995 1082
  995 1038
  996 1039
  996  997
  996 1038
  997  998
  997 1039
  998 1040
  998 2216
  999 2216
  999 1043
 1000 2206
 1001 2208
 1001 2206
 1002 1046
 1002 1045
 1005 1092
 1005 1047
 1006 1092
 1006 1048
 1007 1049
 1007 1008
 1007 1048
 1008 1051
 1008 1049
 1009 1052
 1009 1096
 1010 1011
 1010 1052
 1011 1098
 1011 1054
 1011 1012
 1012 1055
 1012 1054
 1013 1056
 1013 1014
 1013 1055
 1014 1015
 1014 1056
 1015 1058
 1015 1016
 1016 1058
 1016 1017
 1017 1061
 1017 1060
 1018 1062
 1018 1019
 1018 1061
 1019 1020
 1019 1063
 1020 1021
 1021 1063
 1021 1022
 1022 1065
 1022 1064
 1023 1065
 1023 1066
 1024 1112
 1024 1068
 1024 1067
 1025 1026
 1025 1070
 1025 1069
 1026 1071
 1026 1070
 1027 1028
 1027 1071
 1028 1073
 1028 1029
 1028 1072
 1029 1074
 1029 1030
 1030 1074
 1031 1076
 1031 1032
 1032 1077
 1033 1079
 1033 1078
 1033 1077
 1034 1079
 1034 1035
 1035 1036
 1035 1081
 1036 1037
 1037 1128
 1037 1081
 1037 1082
 1038 1039
 1038 1082
 1039 1040
 1039 1083
 1041 1085
 1041 1042
 1041 2216
 1042 1087
 1042 1043
 1042 1086
 1043 1087
 1043 1044
 1044 2208
 1044 1088
 1044 1087
 1044 2207
 1045 2208
 1045 1089
 1045 1046
 1045 1088
 1046 1089
 1047 1092
 1048 1093
 1049 1050
 1049 1094
 1050 1095
 1050 1051
 1051 1096
 1051 1142
 1052 1144
 1052 1053
 1052 1097
 1053 1098
 1054 1099
 1054 1055
 1055 1099
 1055 1100
 1056 1057
 1056 1101
 1057 1103
 1058 1103
 1058 1059
 1058 1104
 1059 1060
 1059 1106
 1059 1105
 1060 1153
 1060 1106
 1060 1107
 1060 1061
 1061 1107
 1061 1062
 1062 1154
 1062 1155
 1062 1108
 1062 1063
 1062 1107
 1063 1064
 1063 1108
 1064 1108
 1064 1109
 1064 1065
 1065 1110
 1065 1066
 1065 1109
 1066 1067
 1067 1112
 1068 1113
 1068 1069
 1069 1070
 1069 1114
 1070 1114
 1070 1115
 1071 1116
 1071 1072
 1072 1117
 1073 1119
 1073 1074
 1074 1120
 1074 1075
 1075 1122
 1075 1120
 1076 1122
 1076 1077
 1077 1123
 1077 1078
 1078 1079
 1078 1124
 1078 1125
 1079 1126
 1079 1080
 1080 1127
 1080 1081
 1081 1127
 1081 1128
 1082 1129
 1083 1131
 1084 1085
 1084 1132
 1085 1086
 1085 1132
 1085 1133
 1086 1087
 1086 1133
 1086 1134
 1087 1135
 1087 1088
 1088 1136
 1088 1089
 1088 2208
 1089 1090
 1090 1136
 1091 1139
 1093 1139
 1094 1141
 1095 1142
 1095 1141
 1096 1144
 1096 1143
 1097 1145
 1098 1146
 1098 1145
 1098 1099
 1099 1100
 1099 1146
 1100 1101
 1100 1147
 1101 1102
 1102 1149
 1103 2242
 1103 1149
 1104 1150
 1104 1105
 1105 1151
 1105 1106
 1105 1150
 1106 1153
 1106 1151
 1107 1154
 1107 1153
 1108 1157
 1108 1109
 1108 1155
 1109 1110
 1109 1157
 1110 1158
 1110 1159
 1111 1112
 1111 1159
 1111 1160
 1112 1161
 1112 1113
 1113 1162
 1113 1114
 1114 1115
 1115 1162
 1115 1116
 1116 1117
 1116 1163
 1117 1118
 1118 1119
 1118 1164
 1119 1120
 1119 1166
 1120 1167
 1120 1166
 1121 1122
 1121 1168
 1121 1167
 1122 1123
 1123 1169
 1123 1124
 1124 1211
 1124 2248
 1124 1125
 1125 1170
 1125 1211
 1125 1126
 1126 1127
 1126 1170
 1127 1171
 1127 1170
 1127 1172
 1128 1129
 1128 1173
 1129 1130
 1129 1174
 1130 1131
 1130 1175
 1131 1132
 1132 1176
 1132 1175
 1133 1177
 1133 1176
 1134 1179
 1136 1222
 1136 1221
 1136 1180
 1136 1179
 1138 1182
 1138 1139
 1139 1182
 1139 1140
 1139 1183
 1140 1184
 1140 1141
 1140 1183
 1142 1185
 1143 1186
 1144 1186
 1145 1188
 1145 2227
 1145 1146
 1145 1187
 1146 1188
 1146 1147
 1147 1148
 1148 1190
 1149 2242
 1149 1191
 1150 2242
 1150 1151
 1150 1192
 1151 1192
 1151 1152
 1152 1194
 1152 1153
 1153 2252
 1154 1155
 1154 2252
 1155 1156
 1155 1195
 1156 1197
 1156 1157
 1156 1196
 1157 1197
 1157 1158
 1158 1159
 1159 1198
 1160 1161
 1160 1199
 1161 1202
 1161 1162
 1161 1201
 1162 1202
 1162 1163
 1163 1164
 1163 1203
 1164 2243
 1164 1204
 1164 1165
 1165 1205
 1166 1206
 1166 1205
 1166 1167
 1167 1206
 1168 1208
 1168 1209
 1169 2248
 1169 1209
 1169 1210
 1170 1171
 1170 1212
 1170 1211
 1171 1258
 1171 1212
 1171 1213
 1172 1213
 1172 1173
 1173 1214
 1174 1261
 1174 1260
 1174 1215
 1174 1175
 1174 1214
 1175 1216
 1176 1218
 1176 1216
 1177 1219
 1177 1178
 1178 1220
 1178 1219
 1178 1179
 1179 1221
 1179 1220
 1180 1222
 1182 1225
 1182 1224
 1183 1226
 1183 1184
 1184 1227
 1184 1185
 1184 1226
 1185 1271
 1185 1273
 1185 1186
 1185 1272
 1185 1227
 1186 1273
 1186 1187
 1186 1228
 1187 1228
 1187 1229
 1187 2227
 1188 2227
 1188 1231
 1188 1189
 1189 1232
 1189 1190
 1190 1278
 1190 1191
 1190 1233
 1191 1279
 1191 1234
 1191 1233
 1192 1234
 1192 1235
 1192 2242
 1193 1236
 1193 1235
 1194 2252
 1194 1237
 1194 1236
 1195 1196
 1195 1238
 1195 2252
 1196 1240
 1197 1241
 1197 1198
 1197 1242
 1198 1199
 1198 1242
 1199 1243
 1199 1200
 1200 1201
 1201 1202
 1201 1246
 1201 1245
 1202 1247
 1202 1291
 1202 1246
 1203 1248
 1204 1205
 1204 1249
 1205 1251
 1205 1252
 1205 1206
 1206 1207
 1206 1252
 1207 1208
 1208 1254
 1208 1209
 1209 1210
 1210 1255
 1211 2248
 1211 1256
 1211 1257
 1211 2247
 1212 1258
 1212 1257
 1213 1302
 1213 1259
 1213 1214
 1213 1258
 1214 1260
 1214 1259
 1215 1304
 1215 1262
 1215 1216
 1215 1261
 1216 1262
 1216 1217
 1217 1263
 1217 1218
 1217 1262
 1218 1263
 1218 1219
 1219 1307
 1219 1264
 1219 1263
 1220 1264
 1220 1265
 1222 1266
 1223 1267
 1225 1270
 1225 1311
 1225 1269
 1225 1226
 1226 1270
 1226 1227
 1227 1270
 1228 1229
 1228 1275
 1228 1273
 1229 1276
 1229 2227
 1230 2227
 1230 1231
 1232 1277
 1233 1279
 1234 2242
 1234 1280
 1234 1235
 1235 1280
 1236 2233
 1236 1282
 1236 1237
 1237 1282
 1237 2252
 1237 1238
 1238 1239
 1239 1240
 1239 1283
 1240 1285
 1241 1242
 1241 1285
 1242 1285
 1242 1286
 1243 1244
 1243 1286
 1244 1289
 1244 1287
 1245 1327
 1245 1290
 1245 1246
 1245 1289
 1246 1291
 1247 1292
 1247 1291
 1247 1248
 1248 2244
 1248 1292
 1249 1250
 1251 1295
 1251 1252
 1251 1294
 1252 1296
 1252 1295
 1252 1253
 1253 1297
 1253 1296
 1253 1254
 1254 1299
 1254 1298
 1255 1300
 1255 1299
 1255 1256
 1255 2247
 1256 2247
 1256 1300
 1257 2253
 1258 1342
 1258 1341
 1258 1302
 1259 1260
 1259 1302
 1260 1261
 1261 1303
 1262 1306
 1262 1263
 1262 1304
 1263 1307
 1264 1348
 1264 1347
 1264 1307
 1265 1349
 1265 1348
 1265 1266
 1266 1349
 1266 1267
 1266 1308
 1267 1309
 1267 1308
 1267 1268
 1269 1311
 1270 1271
 1270 1311
 1270 1312
 1270 1353
 1271 1313
 1271 1272
 1272 1273
 1273 1314
 1273 1274
 1274 1358
 1274 1315
 1276 1277
 1276 1315
 1277 1317
 1277 1278
 1277 1318
 1278 1318
 1279 1362
 1279 1320
 1279 1280
 1279 1319
 1280 1321
 1280 1320
 1281 2233
 1281 1321
 1282 1365
 1282 1323
 1282 2233
 1283 1284
 1283 1323
 1284 1325
 1284 1324
 1285 1369
 1285 1368
 1285 1286
 1285 1325
 1286 1370
 1286 1326
 1286 1369
 1287 1326
 1288 1326
 1289 1372
 1289 2237
 1289 1327
 1290 1328
 1290 1291
 1291 1329
 1291 1292
 1292 1330
 1292 1329
 1293 1330
 1293 1331
 1293 1294
 1293 2244
 1294 1295
 1294 1331
 1295 1334
 1295 1333
 1296 1334
 1297 1336
 1298 1299
 1298 1336
 1299 1337
 1299 1300
 1299 1338
 1300 1338
 1300 2253
 1301 2253
 1301 1341
 1302 1303
 1302 1342
 1303 1304
 1303 1343
 1304 1305
 1305 1306
 1305 1344
 1306 1345
 1306 1307
 1307 1346
 1308 1351
 1308 1350
 1308 1349
 1311 1353
 1311 1352
 1313 1355
 1314 1356
 1315 1359
 1315 1316
 1315 1358
 1316 1403
 1316 1360
 1316 1317
 1316 1359
 1318 1405
 1318 1319
 1318 1361
 1319 1406
 1319 1405
 1319 1362
 1320 1321
 1320 1362
 1321 1322
 1322 1364
 1322 1363
 1323 1324
 1323 1365
 1324 1367
 1325 1368
 1326 1371
 1326 2237
 1326 1370
 1327 1373
 1328 1329
 1328 1373
 1329 1374
 1329 1330
 1330 2244
 1330 1419
 1330 1375
 1330 1374
 1331 1332
 1331 1376
 1331 1375
 1333 1423
 1333 1422
 1333 1334
 1333 1377
 1334 1335
 1334 1423
 1335 1378
 1335 1336
 1336 1379
 1337 1380
 1337 1381
 1337 1338
 1338 1382
 1338 1381
 1339 1340
 1339 1382
 1339 2253
 1340 1384
 1341 1342
 1341 1385
 1341 1384
 1342 1386
 1342 1385
 1343 1387
 1343 1386
 1344 1388
 1345 1389
 1346 2220
 1346 1347
 1346 1389
 1347 1348
 1347 1390
 1348 1349
 1348 1391
 1349 1392
 1349 1350
 1350 1351
 1350 1393
 1351 1394
 1353 1396
 1354 1397
 1354 1355
 1355 1399
 1355 1356
 1355 1398
 1356 1401
 1356 1357
 1357 1358
 1357 1401
 1359 1443
 1359 1402
 1360 1404
 1360 1361
 1360 1403
 1362 1407
 1362 1406
 1363 1407
 1364 1409
 1364 1365
 1364 2233
 1365 2233
 1365 1409
 1365 1410
 1366 1367
 1366 1410
 1367 1411
 1368 1412
 1369 1413
 1369 1370
 1369 1412
 1370 1414
 1370 1413
 1371 1415
 1372 2237
 1372 1373
 1372 1417
 1372 2236
 1373 1418
 1374 1419
 1374 1418
 1375 1420
 1375 1419
 1376 2235
 1376 1421
 1376 1420
 1377 1422
 1377 1421
 1378 1467
 1379 1425
 1379 1424
 1379 1380
 1380 1426
 1380 1425
 1380 1381
 1381 1426
 1381 1382
 1382 1427
 1383 1427
 1383 1384
 1384 1429
 1384 1385
 1385 1430
 1385 1386
 1386 1431
 1386 1430
 1387 1432
 1387 1388
 1388 1433
 1388 1432
 1388 1389
 1389 2218
 1389 1433
 1390 1434
 1391 1435
 1392 1435
 1393 1436
 1394 1437
 1396 1397
 1397 1482
 1397 1439
 1397 1438
 1397 1398
 1397 1440
 1398 1440
 1398 1399
 1399 1441
 1399 1440
 1399 1400
 1400 1485
 1400 1401
 1400 1441
 1401 1485
 1401 1442
 1401 1402
 1403 1488
 1403 1404
 1403 1443
 1404 1444
 1404 1445
 1404 1405
 1405 1446
 1405 1406
 1405 1445
 1406 1447
 1406 1446
 1407 1448
 1407 1447
 1408 1448
 1408 1409
 1409 1450
 1409 1410
 1410 1452
 1410 1450
 1411 1412
 1411 1453
 1412 1454
 1412 1453
 1412 1413
 1413 1455
 1413 1414
 1413 1454
 1414 1456
 1414 1455
 1414 1415
 1415 1457
 1415 2236
 1416 1457
 1416 1417
 1417 1459
 1418 1460
 1418 1459
 1419 1461
 1419 1460
 1419 1420
 1419 1462
 1420 2235
 1420 1462
 1421 1463
 1421 2235
 1422 1504
 1422 1423
 1422 1465
 1423 2231
 1423 1465
 1424 1468
 1424 1467
 1425 1426
 1425 1468
 1426 1470
 1426 1427
 1426 1468
 1426 1469
 1427 1470
 1428 1510
 1428 1429
 1428 1470
 1429 1472
 1430 1472
 1430 1473
 1430 1431
 1431 1474
 1431 1514
 1431 1432
 1431 1473
 1432 1474
 1432 1475
 1433 1476
 1434 1518
 1434 2221
 1434 1477
 1434 1435
 1435 1478
 1435 1477
 1436 1480
 1436 1479
 1436 1437
 1436 1478
 1438 1482
 1439 1440
 1439 1483
 1440 1484
 1440 1441
 1441 1485
 1442 1443
 1442 1486
 1442 1485
 1444 1489
 1444 1445
 1444 1488
 1445 1446
 1445 1489
 1446 1491
 1446 1447
 1447 1492
 1447 1491
 1448 1493
 1449 1450
 1449 1493
 1450 1495
 1450 1451
 1451 1452
 1453 1539
 1453 1540
 1453 1496
 1454 1497
 1454 1540
 1455 1498
 1455 1456
 1456 1457
 1456 1498
 1457 1499
 1457 1498
 1458 1500
 1458 1499
 1459 1501
 1459 1500
 1460 1501
 1460 1461
 1461 1546
 1461 1462
 1461 1501
 1462 2234
 1463 1503
 1463 2234
 1464 1504
 1464 1503
 1465 1466
 1465 1504
 1467 2231
 1467 1506
 1468 1508
 1468 1469
 1468 1507
 1469 1509
 1469 1508
 1470 1510
 1470 1509
 1471 1512
 1471 1510
 1472 1513
 1472 1473
 1472 1512
 1473 1514
 1474 1555
 1474 1514
 1474 1515
 1475 1557
 1475 1516
 1475 1515
 1475 1476
 1476 2219
 1476 1517
 1476 1516
 1477 1561
 1477 1519
 1477 1478
 1477 1518
 1478 1519
 1478 1479
 1478 1520
 1479 1521
 1479 1520
 1480 1521
 1481 1524
 1482 1524
 1482 1525
 1483 1525
 1484 1527
 1484 1526
 1485 1568
 1485 1569
 1485 1486
 1485 1528
 1485 1527
 1486 1528
 1486 1529
 1486 1487
 1487 1530
 1487 1529
 1487 1488
 1488 1489
 1488 1530
 1489 1490
 1489 1530
 1490 1531
 1490 1491
 1491 1533
 1491 1492
 1491 1534
 1492 1534
 1492 1493
 1493 1577
 1493 1535
 1494 1495
 1494 1535
 1494 1536
 1495 1537
 1495 1496
 1496 1538
 1497 1498
 1497 1540
 1498 1541
 1498 1499
 1499 1542
 1500 1544
 1501 1546
 1501 1545
 1502 1588
 1502 1547
 1502 2234
 1502 1546
 1503 1589
 1504 1590
 1504 1548
 1505 1506
 1505 1549
 1506 1550
 1506 1549
 1507 1594
 1507 1593
 1507 1508
 1507 1550
 1508 1594
 1509 1552
 1509 1551
 1510 1552
 1511 1553
 1511 1512
 1511 1552
 1512 2226
 1512 1513
 1513 1514
 1513 1554
 1514 1555
 1515 1556
 1515 1555
 1516 1558
 1516 1517
 1516 1557
 1517 2221
 1517 1518
 1517 2219
 1518 2221
 1518 1559
 1519 1520
 1519 1561
 1520 1602
 1520 1562
 1521 1562
 1522 1562
 1523 1524
 1524 1564
 1524 1525
 1525 1566
 1525 1526
 1525 1567
 1526 1527
 1526 1567
 1527 1567
 1528 1610
 1528 1571
 1528 1570
 1529 1571
 1529 1572
 1529 1530
 1530 1531
 1531 1572
 1531 1532
 1532 1575
 1532 1533
 1532 1573
 1533 1576
 1533 1534
 1534 1577
 1534 1576
 1535 1617
 1535 1577
 1536 1579
 1536 1578
 1537 1580
 1537 1538
 1537 1579
 1538 1539
 1538 1580
 1538 1581
 1539 1582
 1539 1581
 1539 1540
 1540 1583
 1540 1582
 1541 1623
 1541 1542
 1541 1583
 1542 1543
 1542 1584
 1544 1586
 1544 1545
 1544 1585
 1545 1587
 1545 1546
 1545 1586
 1546 1587
 1547 1628
 1547 1627
 1547 1589
 1547 1588
 1549 1591
 1549 1550
 1550 1593
 1550 1592
 1551 1595
 1551 1594
 1552 1634
 1552 1595
 1553 1637
 1553 2226
 1553 1596
 1554 1597
 1554 1555
 1555 1640
 1555 1639
 1555 1556
 1556 1598
 1556 1640
 1557 1598
 1558 1599
 1559 1600
 1560 1600
 1560 1561
 1561 1602
 1562 1603
 1562 1602
 1563 1603
 1564 1606
 1565 1566
 1566 1567
 1566 1608
 1567 1568
 1568 1609
 1569 1609
 1570 1610
 1570 1609
 1571 1611
 1571 1572
 1572 1573
 1572 1611
 1573 1612
 1573 1574
 1574 1575
 1574 1613
 1575 1615
 1576 1616
 1576 1577
 1576 1615
 1577 1616
 1578 1661
 1578 1617
 1579 1662
 1579 1619
 1580 1581
 1580 1619
 1580 1620
 1581 1582
 1582 1621
 1582 1583
 1583 1622
 1583 1621
 1584 1667
 1584 1585
 1584 1623
 1585 1624
 1585 1586
 1586 1587
 1586 1626
 1586 1625
 1587 1626
 1588 1626
 1589 1629
 1589 1590
 1589 1628
 1590 1674
 1590 1629
 1591 1630
 1591 1592
 1592 1675
 1592 1631
 1592 1630
 1592 1593
 1593 1594
 1593 1632
 1594 1632
 1595 1634
 1596 1634
 1597 2226
 1597 1639
 1597 1682
 1598 1685
 1598 1686
 1598 1641
 1598 1599
 1598 1640
 1599 1642
 1599 1600
 1599 1641
 1600 1643
 1601 1644
 1603 1691
 1603 1646
 1603 1645
 1605 1606
 1605 1648
 1606 1648
 1606 1649
 1606 1607
 1608 1650
 1609 1652
 1609 1651
 1610 1654
 1610 1611
 1610 1653
 1610 1652
 1611 1654
 1612 1656
 1612 1613
 1612 1654
 1613 1614
 1614 1658
 1614 1656
 1614 1615
 1615 1659
 1615 1616
 1616 1659
 1617 1660
 1617 1659
 1618 1662
 1618 1661
 1619 1620
 1619 1662
 1620 1664
 1621 1711
 1621 1710
 1621 1665
 1621 1622
 1621 1664
 1622 1665
 1623 1712
 1624 1668
 1624 1667
 1625 1669
 1625 1626
 1625 1668
 1626 1670
 1626 1669
 1627 1670
 1627 1628
 1628 1672
 1628 1671
 1629 1672
 1630 1675
 1630 1674
 1631 1722
 1631 1632
 1631 1675
 1632 1723
 1632 1676
 1632 1677
 1633 1677
 1633 1634
 1634 1635
 1635 1679
 1635 1636
 1635 1678
 1636 1679
 1637 1727
 1637 1681
 1637 1638
 1637 2226
 1637 1680
 1638 1682
 1639 1640
 1639 1683
 1640 1683
 1640 1684
 1641 1732
 1641 1687
 1641 1686
 1642 1688
 1642 1643
 1643 1689
 1643 1688
 1643 1644
 1644 1735
 1644 1690
 1644 1689
 1645 1736
 1645 1691
 1645 1690
 1646 1691
 1647 1694
 1648 1694
 1648 1649
 1649 1650
 1649 1695
 1649 1694
 1650 1696
 1650 1695
 1651 1696
 1652 1698
 1652 1742
 1653 1742
 1653 1654
 1653 1699
 1654 1700
 1654 1699
 1655 1745
 1655 1656
 1656 1657
 1656 1701
 1658 1703
 1659 1705
 1659 1704
 1659 1660
 1660 1706
 1660 1705
 1661 1706
 1662 1708
 1663 1708
 1664 1710
 1664 1709
 1665 1712
 1665 1711
 1666 1713
 1666 1667
 1667 1714
 1668 1758
 1668 1716
 1669 1670
 1669 1716
 1670 1716
 1670 1717
 1671 1672
 1671 1717
 1672 1719
 1672 1718
 1673 1720
 1673 1719
 1674 1720
 1674 1675
 1675 1721
 1675 1722
 1676 1723
 1676 1722
 1677 1724
 1677 1723
 1678 1679
 1678 1724
 1679 1726
 1679 1725
 1680 1727
 1680 1726
 1681 1728
 1682 1729
 1682 1683
 1683 1684
 1683 1729
 1684 1730
 1684 1685
 1685 1686
 1686 1732
 1687 1733
 1687 1688
 1687 1732
 1688 1734
 1688 1733
 1689 1775
 1689 1734
 1690 1736
 1690 1735
 1691 1737
 1691 1736
 1694 1778
 1694 1738
 1694 1739
 1695 1696
 1695 1739
 1696 1740
 1696 1697
 1697 1741
 1697 1698
 1697 1740
 1698 1742
 1698 1741
 1699 1700
 1699 1744
 1699 1742
 1700 1784
 1700 1745
 1700 1744
 1701 1702
 1701 1745
 1702 1748
 1702 1703
 1702 1746
 1703 1748
 1703 1704
 1704 1705
 1704 1749
 1704 1748
 1705 1749
 1705 1706
 1706 1790
 1706 1750
 1707 1751
 1708 1752
 1708 1709
 1708 1751
 1709 1710
 1709 1752
 1710 1753
 1710 1711
 1711 1712
 1711 1754
 1711 1753
 1712 1755
 1712 1754
 1712 1713
 1713 1756
 1713 1755
 1714 1715
 1714 1756
 1715 1758
 1716 1759
 1716 1717
 1717 1718
 1717 1759
 1718 1719
 1719 1760
 1720 1762
 1721 1803
 1721 1802
 1721 1722
 1721 1763
 1721 1762
 1722 1763
 1723 1765
 1723 1724
 1724 2225
 1725 2225
 1725 1726
 1726 1766
 1727 1767
 1728 1809
 1728 1769
 1728 1768
 1729 1770
 1729 1730
 1729 1769
 1730 1770
 1730 1731
 1731 1772
 1731 1771
 1732 1773
 1732 1772
 1732 1733
 1733 1774
 1733 1734
 1733 1773
 1734 1814
 1734 1774
 1735 1817
 1735 1816
 1735 1775
 1736 1776
 1736 1817
 1738 1778
 1739 1779
 1739 1740
 1740 1780
 1740 1779
 1741 1781
 1741 1742
 1741 1780
 1742 1743
 1742 1783
 1742 1781
 1743 1744
 1744 1783
 1745 1785
 1745 1784
 1746 1747
 1746 1785
 1747 1787
 1748 1828
 1748 1788
 1748 1749
 1748 1787
 1749 1788
 1750 1790
 1750 1788
 1751 1752
 1751 1791
 1752 1793
 1752 1753
 1752 1791
 1753 1794
 1754 1795
 1754 1755
 1755 1796
 1755 1795
 1756 1757
 1756 1796
 1757 1758
 1758 1838
 1758 1837
 1758 1759
 1759 1839
 1759 1838
 1759 1798
 1760 1761
 1760 1798
 1760 1800
 1761 1801
 1762 1802
 1762 1801
 1763 1764
 1763 1803
 1764 1805
 1764 1765
 1765 2225
 1765 1805
 1766 1767
 1766 1807
 1767 1768
 1769 1849
 1769 1770
 1769 1809
 1770 1850
 1770 1810
 1770 1849
 1771 1851
 1772 1852
 1772 1812
 1772 1773
 1773 1812
 1774 1813
 1775 1815
 1775 1814
 1776 1817
 1778 1860
 1778 1819
 1779 1821
 1779 1780
 1779 1820
 1780 1781
 1780 1821
 1781 1822
 1781 1782
 1782 1823
 1782 1783
 1782 1822
 1783 1865
 1783 1824
 1783 1784
 1784 1785
 1784 1824
 1785 2212
 1785 1825
 1786 1787
 1786 2212
 1787 1827
 1787 1828
 1788 1829
 1788 1828
 1789 1790
 1789 1829
 1790 1831
 1791 1832
 1791 1792
 1791 1831
 1792 1832
 1792 1793
 1792 1833
 1793 1834
 1793 1794
 1794 1834
 1794 1795
 1795 1836
 1795 1796
 1796 2210
 1796 1836
 1797 2210
 1797 1837
 1798 1840
 1798 1839
 1799 1840
 1799 1800
 1800 1842
 1801 1842
 1802 1843
 1802 1803
 1803 1883
 1803 1843
 1803 1844
 1804 1844
 1804 1805
 1805 1886
 1805 1806
 1805 2225
 1806 1887
 1806 1886
 1806 1846
 1806 2225
 1807 1846
 1807 2225
 1808 1809
 1808 1846
 1808 1848
 1809 1849
 1809 1848
 1810 1851
 1810 1850
 1811 1852
 1811 1851
 1812 1813
 1812 1852
 1813 1814
 1813 1854
 1814 1897
 1814 1855
 1814 1854
 1815 1855
 1816 1856
 1817 1857
 1818 1857
 1819 1860
 1820 1860
 1821 1863
 1821 1862
 1822 1863
 1823 1865
 1823 1864
 1824 1909
 1824 1866
 1824 1865
 1825 1866
 1826 1868
 1826 2212
 1827 1869
 1827 1828
 1827 1868
 1828 1913
 1828 1829
 1828 1869
 1829 1870
 1830 1870
 1831 1871
 1831 1872
 1831 1832
 1832 1917
 1832 1872
 1833 1919
 1833 1874
 1833 1873
 1834 1874
 1834 1875
 1834 1835
 1835 1836
 1835 1875
 1836 2210
 1836 1921
 1837 1838
 1837 1878
 1838 1879
 1838 1839
 1839 1879
 1840 1880
 1841 1880
 1841 1842
 1842 1882
 1842 1843
 1843 1928
 1843 1883
 1843 1882
 1844 1884
 1844 1845
 1844 1883
 1845 1886
 1846 1888
 1846 1887
 1847 1890
 1847 1888
 1848 1891
 1848 1890
 1848 1849
 1849 1892
 1849 1850
 1850 1893
 1850 1892
 1851 1894
 1852 1853
 1852 2211
 1853 1896
 1854 1897
 1854 1896
 1855 1856
 1856 1900
 1856 1899
 1856 1898
 1856 1857
 1857 1901
 1857 1900
 1859 1903
 1860 1903
 1860 1904
 1860 1861
 1861 1862
 1861 1905
 1861 1904
 1862 1905
 1862 1906
 1862 1863
 1863 1906
 1863 1864
 1864 1908
 1865 1909
 1866 1910
 1866 1909
 1866 2212
 1867 1910
 1867 1911
 1868 1955
 1868 1911
 1869 1913
 1869 1912
 1870 1914
 1870 1913
 1871 1916
 1871 1914
 1872 1917
 1872 1916
 1873 1917
 1874 1875
 1875 1876
 1875 1919
 1875 1962
 1876 1920
 1876 1921
 1877 1922
 1877 1924
 1877 1878
 1878 1879
 1878 1925
 1879 1925
 1879 1880
 1880 1926
 1880 1969
 1880 1925
 1881 1927
 1882 1928
 1882 1927
 1883 1929
 1883 1884
 1883 1928
 1884 1930
 1884 1929
 1885 1931
 1886 1931
 1886 1887
 1887 1932
 1887 1931
 1888 1933
 1888 1889
 1889 1935
 1890 1935
 1890 1891
 1891 1892
 1891 1936
 1891 1980
 1891 1935
 1892 1936
 1892 1893
 1893 1894
 1893 1938
 1893 1937
 1894 1982
 1894 1939
 1894 1938
 1895 2211
 1895 1940
 1896 1941
 1896 1940
 1896 1897
 1897 1898
 1897 1942
 1897 1941
 1898 1943
 1898 1942
 1898 1899
 1899 1900
 1899 1943
 1900 1945
 1900 1944
 1903 1990
 1903 1947
 1903 1946
 1904 1991
 1904 1947
 1904 1948
 1905 1906
 1905 1948
 1906 1992
 1906 1949
 1906 1948
 1907 1908
 1908 1951
 1909 1952
 1909 1953
 1909 1951
 1909 1910
 1910 1953
 1911 1955
 1912 1956
 1912 1913
 1912 1955
 1913 1956
 1913 1914
 1914 1958
 1914 1957
 1915 1958
 1915 1916
 1916 1960
 1916 1917
 1917 1918
 1917 1960
 1919 2008
 1919 2007
 1919 1961
 1919 1962
 1920 2009
 1920 1962
 1921 1964
 1921 1965
 1921 1922
 1921 2210
 1922 2210
 1922 1965
 1923 2230
 1923 1924
 1924 1967
 1925 1968
 1925 1967
 1925 1969
 1926 1970
 1926 1969
 1927 1972
 1927 1928
 1927 1971
 1928 2213
 1928 1972
 1929 1930
 1929 1974
 1929 1973
 1930 1976
 1931 1976
 1931 1977
 1931 1932
 1932 1977
 1932 1933
 1933 1978
 1933 1977
 1934 1979
 1934 1978
 1935 2205
 1935 1979
 1936 1937
 1936 1980
 1937 1938
 1938 1982
 1938 1981
 1939 1940
 1939 1982
 1940 1984
 1940 1941
 1941 2029
 1941 1984
 1941 1942
 1942 1943
 1943 1986
 1943 1985
 1944 1987
 1945 1987
 1946 1990
 1947 1991
 1948 1992
 1948 1991
 1949 1993
 1949 1992
 1949 1950
 1950 1951
 1950 1993
 1951 1952
 1951 1995
 1952 1953
 1952 1995
 1953 1996
 1953 1998
 1953 1997
 1954 1955
 1955 1956
 1955 1999
 1956 2001
 1956 1999
 1956 1957
 1957 2002
 1957 1958
 1958 2044
 1958 2003
 1958 2002
 1959 2004
 1960 1961
 1960 2004
 1960 2005
 1961 2005
 1961 2007
 1962 2008
 1963 2010
 1963 2009
 1964 1965
 1964 2010
 1965 2052
 1965 2051
 1965 2010
 1965 2230
 1966 2230
 1967 2012
 1967 2011
 1967 1968
 1968 2013
 1968 1969
 1968 2012
 1969 2013
 1969 2014
 1971 2015
 1971 2014
 1972 2213
 1972 2015
 1973 1974
 1973 2213
 1974 2059
 1974 1975
 1974 2016
 1975 2018
 1976 2019
 1976 2018
 1976 1977
 1977 2021
 1977 1978
 1977 2019
 1978 2021
 1979 2023
 1979 2022
 1980 2024
 1980 1981
 1980 2023
 1981 2025
 1981 2066
 1981 2024
 1982 1983
 1982 2026
 1982 2025
 1983 2028
 1984 2029
 1984 2028
 1985 2030
 1985 2029
 1985 1986
 1986 1987
 1986 2032
 1986 2031
 1987 2033
 1987 2032
 1990 2035
 1990 2034
 1991 2077
 1991 2036
 1991 2035
 1992 2037
 1992 1993
 1993 2079
 1993 2038
 1993 1994
 1993 2037
 1994 2039
 1995 2082
 1995 2040
 1995 1996
 1995 2039
 1996 1997
 1997 2084
 1997 1998
 1998 2084
 1998 1999
 1999 2042
 1999 2000
 2000 2088
 2000 2001
 2000 2043
 2000 2042
 2002 2089
 2002 2044
 2002 2043
 2004 2045
 2004 2005
 2005 2046
 2005 2047
 2005 2045
 2007 2048
 2007 2047
 2008 2049
 2008 2009
 2008 2048
 2009 2049
 2010 2096
 2010 2051
 2011 2098
 2011 2012
 2012 2099
 2012 2054
 2013 2055
 2013 2054
 2014 2055
 2014 2015
 2015 2213
 2015 2057
 2016 2059
 2017 2018
 2017 2059
 2018 2061
 2018 2019
 2019 2061
 2019 2020
 2020 2063
 2020 2021
 2021 2063
 2022 2063
 2023 2110
 2023 2065
 2023 2024
 2023 2205
 2024 2065
 2025 2026
 2026 2068
 2026 2067
 2027 2028
 2027 2068
 2028 2070
 2028 2029
 2029 2072
 2029 2071
 2029 2030
 2030 2031
 2030 2072
 2031 2032
 2032 2074
 2032 2073
 2033 2074
 2035 2121
 2035 2077
 2035 2076
 2036 2037
 2036 2077
 2037 2125
 2037 2079
 2038 2039
 2038 2081
 2038 2129
 2039 2082
 2039 2081
 2040 2084
 2040 2082
 2041 2085
 2041 2084
 2042 2085
 2042 2086
 2042 2087
 2043 2088
 2044 2090
 2044 2089
 2045 2046
 2045 2091
 2045 2090
 2046 2091
 2046 2047
 2047 2093
 2047 2048
 2048 2094
 2048 2049
 2049 2095
 2049 2050
 2050 2096
 2051 2097
 2051 2096
 2051 2052
 2052 2098
 2052 2230
 2053 2160
 2053 2098
 2054 2055
 2054 2099
 2055 2101
 2055 2056
 2055 2100
 2057 2058
 2057 2103
 2057 2104
 2057 2102
 2057 2213
 2058 2059
 2058 2213
 2059 2104
 2059 2060
 2060 2106
 2061 2107
 2061 2062
 2061 2106
 2062 2063
 2063 2109
 2063 2108
 2063 2064
 2063 2107
 2064 2110
 2065 2066
 2065 2111
 2065 2110
 2066 2112
 2066 2067
 2067 2068
 2068 2113
 2068 2112
 2069 2115
 2069 2113
 2069 2070
 2070 2071
 2071 2116
 2071 2115
 2071 2072
 2072 2116
 2072 2073
 2073 2118
 2073 2074
 2074 2119
 2074 2118
 2077 2123
 2077 2078
 2077 2121
 2078 2125
 2078 2123
 2079 2127
 2079 2080
 2079 2125
 2080 2129
 2080 2127
 2081 2131
 2081 2129
 2082 2083
 2082 2131
 2083 2134
 2083 2132
 2083 2084
 2084 2136
 2084 2134
 2085 2086
 2085 2136
 2086 2087
 2086 2137
 2087 2140
 2087 2138
 2087 2088
 2088 2142
 2088 2089
 2088 2140
 2089 2143
 2089 2090
 2090 2145
 2090 2091
 2090 2143
 2091 2147
 2091 2145
 2091 2092
 2092 2149
 2092 2093
 2092 2147
 2093 2151
 2093 2094
 2093 2149
 2094 2153
 2094 2151
 2094 2095
 2095 2155
 2095 2096
 2095 2153
 2096 2156
 2097 2158
 2097 2098
 2097 2156
 2098 2230
 2098 2160
 2098 2158
 2099 2162
 2099 2100
 2099 2160
 2100 2163
 2100 2101
 2101 2165
 2101 2102
 2101 2163
 2102 2167
 2102 2165
 2102 2103
 2103 2169
 2103 2104
 2103 2167
 2104 2171
 2104 2169
 2104 2105
 2105 2173
 2105 2106
 2105 2171
 2106 2175
 2106 2107
 2106 2173
 2107 2177
 2107 2108
 2107 2175
 2108 2179
 2108 2177
 2109 2181
 2109 2110
 2109 2179
 2110 2183
 2110 2181
 2111 2185
 2111 2112
 2111 2183
 2112 2187
 2112 2185
 2112 2113
 2113 2188
 2113 2187
 2114 2190
 2114 2115
 2114 2188
 2115 2192
 2115 2190
 2116 2194
 2116 2117
 2116 2192
 2117 2196
 2117 2118
 2117 2194
 2118 2198
 2118 2196
 2118 2119
 2209 2245
 2214 2215
 2219 2220
 2219 2221
 2220 2221
 2234 2235
 2240 2241
 2243 2244
 2247 2248
 2249 2250
