    2  126
    2   82
    3   82
    4   83
    4   82
    6   84
    6   83
    8   84
    9   86
    9   85
   11  130
   11   87
   11   86
   13   87
   14   88
   14   89
   16  132
   16   90
   16   89
   18   91
   18   90
   19   92
   21   93
   21   92
   22   93
   23   94
   23   93
   25   94
   25   95
   27   96
   27   95
   28   96
   29   97
   29   96
   31   98
   31   97
   33  140
   33   99
   33   98
   34  100
   34   99
   36  101
   36  100
   38  102
   38  101
   39  102
   40  102
   40  103
   42  146
   42  104
   42  103
   44  105
   44  104
   46  106
   46  105
   48  106
   48  107
   50  150
   50  108
   50  107
   52  108
   53  110
   53  109
   55  111
   55  110
   57  153
   57  111
   57  112
   59  112
   59  113
   61  113
   61  114
   62  114
   62  115
   64  115
   64  116
   66  117
   66  116
   67  117
   68  118
   68  117
   70  119
   70  118
   71  120
   71  119
   73  121
   73  120
   75  122
   75  121
   77  123
   77  122
   79  165
   79  123
   81  126
   82  127
   82  126
   83  128
   83   84
   84   85
   85 2213
   85  129
   85   86
   87   88
   87  130
   88  174
   88   89
   88  173
   88  131
   90   91
   90  132
   91  134
   91   92
   91  133
   93  136
   93   94
   93  135
   94  137
   94   95
   96  182
   96  181
   96   97
   96  138
   97   98
   98  140
   98  139
   99  141
   99  140
  100  101
  101  102
  101  142
  102  144
  102  143
  103  146
  103  144
  104  147
  104  105
  105  106
  106  147
  106  107
  107  150
  107  148
  108  193
  108  109
  108  150
  109  110
  109  193
  110  195
  110  194
  110  151
  110  152
  110  111
  111  153
  112  113
  112  153
  113  155
  113  154
  114  115
  115  116
  115  155
  115  157
  117  159
  117  158
  117  118
  118  119
  119  161
  119  160
  120 2212
  120  121
  121 2212
  121  122
  122  162
  122  123
  123  165
  123  164
  123  163
  124  165
  125  168
  126  169
  126  168
  126  127
  127  128
  127  169
  128 2213
  129  130
  129 2213
  130  131
  130  172
  131  173
  131  172
  132  133
  132 2221
  132  174
  133 2221
  133  134
  133  175
  134  135
  135  178
  135  177
  135  136
  136 2216
  136  137
  136  178
  137  138
  137 2216
  137  179
  138  179
  139  224
  139  183
  139  140
  139  182
  140  141
  140  183
  141  185
  141  142
  142  186
  142  143
  143  188
  143  144
  143  187
  144  188
  145  190
  145  146
  146  230
  146  147
  146  190
  147  148
  147  232
  147  231
  147  230
  148  149
  149  191
  150  234
  150  193
  150  192
  152  195
  153  238
  153  154
  153  196
  154  239
  154  197
  154  155
  154  238
  155  197
  155  156
  156  198
  156  284
  156  157
  156  241
  157  158
  157  198
  158  201
  158  159
  158  200
  159  202
  159  160
  160  161
  160  202
  162  204
  162  205
  162  163
  162 2212
  164  206
  164  165
  164  205
  165  208
  165  207
  168  209
  168  211
  168  210
  168  169
  169  212
  169  253
  169  211
  169  170
  170 2213
  171 2213
  171  172
  171  213
  171  214
  172  214
  172  173
  173  215
  173  214
  175  218
  175  217
  175 2221
  176  177
  176  218
  177  220
  177  178
  178 2216
  178  262
  178  220
  179  221
  179 2216
  180  181
  181  267
  181  223
  181  222
  181  182
  182  224
  183  225
  183  224
  185  271
  185  186
  185  225
  186  226
  186  187
  187  227
  187  226
  187  188
  188  189
  188  228
  188  227
  189  228
  190  230
  190  229
  191  192
  191  233
  191  232
  192  277
  192  233
  192  234
  193  236
  193  234
  194  195
  194  236
  195  237
  195  196
  197  240
  197  239
  198  285
  198  242
  198  284
  199  200
  200  243
  200  201
  200  242
  201  243
  201  202
  202  288
  202  245
  202  203
  202  244
  203  290
  203 2212
  204  247
  204  205
  204  246
  205  248
  205  206
  205  247
  206  249
  206  248
  206  207
  207  293
  207  250
  207  249
  209  252
  210  252
  210  211
  211  253
  212  255
  212  253
  213  256
  213  255
  213 2213
  214  257
  214  256
  215  258
  215  216
  216 2257
  216 2221
  217  260
  217 2221
  217 2257
  218  219
  219  220
  219  261
  220  262
  220  261
  221  222
  222  265
  223  268
  223  224
  223  267
  224  270
  224  269
  224  268
  226  272
  226  227
  226  271
  227  273
  227  272
  228  273
  230  317
  230  316
  230  274
  230  231
  231  275
  231  317
  232  275
  233  277
  233  276
  234  278
  234  277
  235  236
  235  279
  236  237
  237  321
  237  280
  237  238
  237  279
  238  282
  238  239
  239  282
  240  283
  243  328
  243  244
  243  287
  244  329
  244  328
  244  288
  245  330
  245  289
  246  291
  246  247
  246  290
  246 2212
  247  248
  247  291
  248  249
  249  292
  250  293
  252  295
  253  297
  253  254
  254  298
  254  297
  254  255
  255  299
  255  298
  255  256
  256  340
  256  300
  256  257
  256  299
  257  300
  257  301
  258  302
  258  301
  258  259
  260 2257
  260  346
  260  304
  260  303
  261  305
  261  262
  261  304
  262  306
  262  305
  263  306
  263 2216
  264 2216
  264  265
  265  307
  265  266
  266  309
  266  267
  266  308
  267  309
  267  268
  268  269
  268  309
  269  270
  269  310
  270  271
  271  313
  271  312
  272  313
  272  273
  273  314
  273  274
  273  313
  274  314
  275  318
  275  317
  276  359
  277  359
  277  278
  278  360
  278  319
  278  359
  279  320
  279  319
  280  362
  280  281
  280  322
  280  321
  281  322
  281  282
  282  323
  282  283
  283  284
  283  324
  284  285
  285  326
  285  286
  285  325
  286  287
  286  327
  288  330
  288  329
  290  332
  290  331
  291  333
  291  332
  292  334
  293  335
  293  334
  295  296
  296  337
  296  336
  296  297
  297  338
  297  337
  297  298
  298  338
  298  299
  299  340
  300  377
  300  341
  300  340
  301  343
  301  302
  302  303
  303  346
  303  345
  303  344
  303 2257
  304  347
  304  305
  305  348
  305  347
  306  384
  306  349
  307  308
  307  350
  307  349
  308  350
  309 2226
  309  352
  309  351
  309  310
  310  387
  310  353
  311  312
  312  388
  313 2234
  313  354
  313  390
  313  314
  314  355
  314  354
  314  356
  315  357
  315  316
  316  393
  316  357
  316  317
  317  318
  317  393
  319  361
  320  398
  320  361
  320  321
  321  398
  322  323
  322  363
  322  362
  323  364
  323  363
  323  324
  324  365
  324  364
  325  404
  325  326
  325  365
  326  366
  326  404
  327  405
  327  328
  327  366
  328  407
  328  329
  328  367
  329  368
  329  407
  330  331
  331  332
  331  369
  332  411
  332  410
  332  333
  332  369
  333  411
  333  334
  333  370
  334  412
  334  371
  334  370
  335  371
  337  415
  337  374
  337  373
  337  338
  338  374
  338  339
  339  417
  340  376
  340  377
  341  378
  341  342
  341  377
  342  419
  342  379
  342  343
  343  344
  344  381
  344  380
  345  346
  345  382
  345  381
  346  347
  347  383
  347  382
  348  424
  348  384
  350  351
  350  386
  350  385
  352  427
  352  468
  352  387
  352 2226
  353  428
  353  388
  354  391
  354  431
  354  390
  355  392
  355  391
  357  434
  357  393
  357  392
  358  359
  359  395
  359  360
  360  437
  360  396
  360  395
  361  398
  362  399
  362  400
  362  363
  362  398
  363  401
  363  400
  364  365
  364  401
  366  404
  367  406
  367  407
  367  405
  368  409
  368  369
  369  410
  369  409
  370  411
  371  413
  373  415
  374  375
  374  415
  375  457
  375  417
  376  418
  376  377
  376  417
  377  458
  377  378
  378  459
  378  419
  378  458
  379  420
  379  380
  379  419
  381  422
  381  382
  381  421
  382  422
  382  383
  383  464
  383  424
  383  423
  384  425
  384  424
  385  386
  385  426
  385  425
  386 2227
  386  426
  387 2236
  387  428
  387  468
  388  389
  388  428
  389  390
  389 2234
  389  429
  390  430
  390  431
  391  432
  391  433
  392  434
  393  394
  393  435
  393  434
  394  395
  395  437
  395  436
  396  438
  396  397
  396  437
  398  440
  399  442
  399  441
  399  400
  400  443
  400  442
  401  443
  402  403
  403  404
  403  482
  404  445
  404  444
  405 2244
  405  445
  406 2244
  406  407
  406  447
  406  446
  407  447
  407  408
  408  409
  408  448
  408  449
  408  447
  409  410
  409  449
  410  451
  410  411
  411 2214
  411  451
  412  492
  412  491
  412  452
  412 2214
  412  413
  414  415
  414  454
  415  416
  415  454
  417  418
  418  499
  418  458
  419  460
  419  459
  420  421
  421  462
  422  463
  422  423
  423  505
  423  463
  423  464
  424  465
  424  466
  424  464
  426 2227
  426  467
  426  427
  427 2226
  427  510
  427  509
  427  468
  427  467
  428 2235
  428 2236
  429  430
  429  469
  430  515
  430  471
  430  470
  430  431
  431  516
  431  515
  431  432
  432  472
  432  516
  434  435
  434  474
  435  476
  435  474
  436  521
  436  477
  436  437
  436  476
  437  477
  438  523
  438  439
  439  440
  440  478
  440  441
  441  442
  441  479
  442  526
  442  480
  442  481
  443  482
  443  481
  444  485
  444  445
  444  484
  444  483
  446  532
  446  447
  446  486
  447  487
  447  532
  448  449
  448  487
  449  488
  449  450
  450  451
  450  489
  451 2214
  452  492
  454  494
  454  495
  455  456
  456  457
  456  496
  456  495
  456  497
  457  498
  458  500
  458  459
  459  501
  459  460
  460  502
  460  461
  460  546
  460  501
  461  462
  462  463
  462  503
  463  505
  463  504
  464  506
  464  505
  465  507
  465  506
  466  467
  467  509
  467  508
  468 2236
  468  511
  468  510
  469  513
  470  513
  471  514
  471  515
  472  473
  472  517
  472  518
  473  519
  473  474
  474  475
  474  520
  474  519
  475  521
  475  476
  477  563
  477  522
  477  521
  478  479
  478  524
  478  523
  479  480
  479  524
  479  525
  480  525
  480  566
  480  526
  481  527
  481  526
  482  483
  482 2250
  483  529
  483 2250
  483  484
  484  530
  484  529
  485 2244
  486  573
  486  532
  486  531
  487  533
  487  532
  489  535
  489  534
  490 2214
  490  577
  490  536
  491  578
  491  538
  491 2214
  492  539
  494  541
  494  495
  495  541
  496  582
  496  542
  496  497
  496  541
  497  542
  497  498
  498  584
  498  542
  499  543
  499  584
  500  543
  501  545
  501  546
  501  544
  502  547
  503  547
  503  504
  504  505
  504  549
  504  548
  505  549
  505  550
  506  551
  506  550
  507  508
  508  552
  509  553
  509  510
  510  554
  510  553
  511  555
  511  554
  512 2235
  512  556
  512  555
  512  513
  513  556
  513  514
  514  557
  515  558
  515  516
  516  601
  516  517
  516  559
  516  558
  517  560
  517  559
  519  561
  519  520
  519  560
  520  562
  520  561
  521  606
  521  563
  521  562
  522  523
  522  564
  524  565
  524  564
  525  565
  525  566
  526  567
  526  566
  527  568
  527  528
  528 2251
  528  569
  529 2250
  529  570
  529  530
  530  572
  530  570
  530  531
  531 2244
  532  574
  532  573
  533  575
  533  534
  534  576
  534  575
  534  535
  535  577
  535  576
  536  622
  536  537
  536  577
  537  622
  537  578
  537 2215
  538  579
  538  539
  538  578
  540  581
  541  581
  541  582
  542  584
  542  582
  543  544
  543  585
  543  584
  544  585
  544  586
  544  545
  545  587
  545  546
  546  588
  546  547
  546  587
  547  548
  548  590
  548  591
  548  549
  549  550
  549  591
  550  593
  550  592
  551  552
  552  595
  552  553
  552  594
  553  596
  553  595
  553  554
  554  597
  554  596
  556  599
  556  598
  556  557
  557  642
  557  600
  557  599
  558  601
  558  643
  558  600
  559  602
  559  601
  561  604
  561  562
  561  603
  563  607
  563 2240
  563  606
  564  607
  565  610
  565  566
  565  609
  566  611
  566  567
  567  612
  567  611
  567  568
  568  614
  568  569
  569 2250
  570  571
  570  615
  570  616
  571  616
  571  572
  571  617
  572  658
  572  573
  573  618
  573  658
  573  574
  574  575
  574  618
  575  576
  575  618
  576  621
  576  577
  576  619
  577  622
  578  579
  578  622
  579  623
  580  581
  580  626
  581  582
  582  583
  582  626
  583  628
  583  584
  584  628
  585  586
  585  629
  586  631
  587  631
  587  588
  588  589
  588  631
  589  590
  589  632
  590  591
  590  633
  590  634
  591  635
  591  592
  591  634
  592  636
  593  637
  594  680
  594  637
  595  596
  595  681
  596  683
  596  638
  596  639
  597  640
  597  639
  598  640
  599  642
  599  641
  600  686
  600  642
  601  687
  601  644
  601  643
  602  603
  603  645
  603  646
  603  604
  604  605
  604  646
  605  689
  605  647
  605  646
  606 2240
  606  648
  606  647
  607  608
  608  609
  608  650
  609  651
  609  692
  610  652
  611  653
  611  652
  611  612
  612  613
  612  654
  612  653
  613  654
  613  614
  614  655
  614  654
  615  656
  615  655
  616  657
  616  656
  616  617
  617  697
  617  658
  617  657
  618  660
  618  659
  618  658
  619  699
  619  661
  620  662
  620  700
  621  663
  623  665
  623  664
  624  665
  626  667
  626  669
  628  707
  628  671
  628  670
  630  671
  631  674
  631  673
  631  632
  632  633
  632  674
  633  675
  633  634
  633  674
  634  676
  634  675
  635  677
  635  676
  636  678
  636  637
  637  680
  637  678
  638  682
  638  683
  638  681
  639 2258
  639  683
  640  641
  641  684
  642  725
  642  685
  642  686
  643  687
  643  686
  644  728
  644  727
  644  645
  646  688
  646  689
  648  733
  648  649
  648  690
  648 2240
  649  650
  649  734
  649  733
  649 2240
  650  651
  651  691
  652  736
  652  653
  652  693
  652  692
  653  654
  653  693
  654  694
  656  696
  656  695
  657  741
  657  697
  657  696
  658 2241
  658  697
  659  698
  659 2241
  660  699
  660  744
  661  745
  661  700
  661  699
  662  701
  662  663
  662  700
  663  746
  663  701
  663  664
  664  747
  664  702
  664  746
  664  665
  665  703
  665  702
  667  668
  667  705
  668  705
  668  669
  668  706
  669  752
  669  670
  669  706
  670  752
  670  707
  671  708
  671  672
  671  707
  672  709
  672  673
  672  708
  673  709
  673  710
  674  711
  674  710
  675  713
  675  711
  675  712
  675  676
  676  713
  677  715
  677  678
  678  716
  678  715
  679  717
  680  681
  680  717
  681  717
  681  718
  682  720
  682  683
  682  719
  683  720
  683  721
  684  724
  684  723
  684  722
  685  724
  686  726
  686  687
  687  726
  687  727
  688  689
  688  729
  688  728
  689  731
  689  690
  689  730
  690  733
  691  778
  691  735
  691  734
  692  735
  693  781
  693  738
  693  737
  694  739
  694  695
  696  783
  696  741
  696  740
  697  742
  697 2241
  697  741
  698  743
  698 2241
  698  744
  699  744
  700  789
  700  701
  700  745
  701  746
  702  748
  702  792
  702  747
  704  750
  705  750
  706  752
  706  751
  706  750
  707  753
  707  708
  707  752
  708  754
  708  709
  709  755
  709  710
  709  754
  710  757
  710  711
  711  712
  712  758
  712  713
  713  802
  713  758
  713  759
  713  714
  714  760
  714  759
  714  715
  715  760
  716  762
  717  718
  718  806
  718  719
  718  763
  719  763
  719  764
  719  720
  720  764
  721  808
  721 2258
  721  764
  722 2258
  723  767
  723  724
  723  766
  724  811
  724  768
  724  767
  725  768
  726  814
  726  770
  726  727
  726  769
  727  771
  727  770
  729  773
  729  730
  729  772
  730  773
  730  731
  731  732
  731  773
  732  775
  732  774
  732  733
  733  776
  733  775
  735  736
  735  778
  736  780
  736  737
  736  779
  737  781
  737  780
  738  782
  739  827
  739  740
  739  782
  740  827
  740  783
  741  784
  741  783
  742  786
  742 2241
  742  785
  743 2241
  743  787
  743  786
  744  787
  745  832
  745  788
  745  787
  746  747
  746  790
  747  791
  748  792
  750  794
  750  795
  750  751
  751  752
  751  795
  752  797
  753  842
  754  755
  754  798
  754  842
  755  756
  755  799
  756  800
  757  758
  757  800
  758  801
  759  848
  759  803
  759  802
  760  803
  760  761
  761  805
  761  762
  763  851
  763  764
  763  807
  764  807
  765  766
  765  808
  765 2258
  766  809
  767  811
  767  810
  768  812
  768  769
  768  811
  769  814
  769  812
  770  816
  770  815
  771  772
  772  817
  773  774
  773  818
  773  819
  774  820
  774  775
  775  821
  775  820
  776  822
  776  777
  777  778
  778  779
  778  823
  779  824
  780  781
  780  825
  781 2252
  781  826
  781  825
  782 2263
  782  827
  782 2252
  783  828
  783  784
  783  827
  784  829
  784  785
  785  830
  786  875
  786  787
  786  831
  787  832
  788  833
  788  832
  789  833
  790  834
  792  836
  792  835
  793  836
  794  795
  794  839
  795  796
  797  885
  797  841
  799  844
  800  846
  800  845
  801  890
  801  847
  801  846
  801  802
  802  848
  802  847
  803  804
  803  849
  804  805
  805  850
  805  806
  806  850
  807  852
  807  808
  807  851
  808  853
  809  810
  810  854
  811  812
  811  855
  812  856
  812  813
  813  901
  813  857
  813  814
  813  856
  814  857
  814  815
  815  902
  815  858
  816  817
  816  859
  817  818
  818 2262
  818  860
  819  861
  819  820
  819 2262
  820  861
  820  862
  821  864
  821  822
  822  823
  823  824
  823  864
  824  825
  824  865
  825  826
  825  866
  826  867
  826  869
  827  828
  827 2263
  828  872
  828  829
  828  871
  829  872
  830  831
  830  872
  831  874
  832  833
  832  875
  833  878
  833  877
  833  834
  833  876
  834  919
  834  879
  834  878
  834  835
  835  836
  835  879
  836  881
  836  880
  839  924
  839  882
  839  840
  840  841
  840  883
  841  926
  841  884
  841  885
  842  843
  843  887
  843  844
  844  930
  844  888
  844  887
  845  888
  846  890
  846  889
  847  891
  847  848
  848  891
  848  892
  849  894
  849  892
  850  895
  850  894
  851  896
  851  852
  851  895
  852  897
  852  896
  853  898
  854  899
  854  855
  854  898
  856  942
  856  900
  857  902
  857  901
  858  859
  859  903
  859  860
  860  904
  860 2262
  861 2262
  861  948
  861  906
  861 2261
  862  906
  862  863
  863  907
  863  864
  864  908
  864  865
  865  866
  866  908
  866  867
  867  868
  867  909
  868  954
  868  869
  868  911
  868  910
  869 2253
  869  911
  869  870
  870 2263
  870 2253
  870  912
  870  911
  871  957
  871  913
  872  873
  872  914
  873  916
  873  915
  874  875
  874  916
  875  917
  875  876
  876 2229
  876  877
  877  878
  877 2229
  878  919
  879  920
  879  880
  879  919
  880  922
  880  921
  880  920
  882  924
  883  884
  883  926
  883  925
  883  924
  884  926
  885  927
  885  886
  885  926
  886  887
  887  928
  888  931
  888  930
  889  931
  890  932
  890  891
  891  977
  891  892
  891  933
  892  933
  892  893
  893  935
  893  894
  893  934
  894  895
  894  936
  894  935
  895  896
  896  982
  896  937
  896  936
  897  939
  898  899
  898  939
  899  900
  899  941
  899  940
  901  943
  901  902
  901  942
  902  943
  902  944
  902  903
  903  904
  904  945
  904  905
  905  948
  905 2261
  905  946
  906  950
  907  908
  907  950
  907  952
  908  909
  909  910
  909  952
  910  953
  910  954
  911  912
  911  955
  911  954
  912  956
  912 2263
  913  956
  913 2263
  914 1001
  914  958
  914  957
  915  959
  915  958
  917  962
  917  960
  918  962
  918 2229
  919  920
  919  964
  920 2218
  920  965
  920  921
  920  964
  921  966
  922  966
  924  969
  924  968
  925  970
  925  969
  926  971
  926  927
  926  970
  927  928
  927  972
  927  971
  928  973
  928  929
  929 1016
  929  973
  929  930
  929  974
  930  974
  930  931
  931  975
  931  974
  932  977
  932  976
  933  978
  933  934
  934  980
  934  978
  935  981
  935  980
  937  983
  937  938
  937  982
  938  939
  939  940
  939  984
  940  941
  940  985
  941  986
  941  942
  942  987
  943  944
  943  989
  944  945
  944  989
  945  946
  945  990
  946  991
  946  947
  947  992
  947  991
  947  948
  948 2261
  948  993
  948  992
  948  949
  949  950
  949  994
  949  993
  950 1036
  950  994
  950  951
  951  995
  951  952
  951 1036
  952  996
  952  953
  953 1039
  953 1038
  953  954
  953  997
  953  996
  954  997
  955  999
  955  998
  956 1000
  956  999
  957 1000
  958 1002
  959  960
  960 1045
  960  961
  960 1002
  961 1004
  961 1003
  961  962
  962 1005
  962 1004
  963 2229
  963 1006
  963  964
  964 2218
  965 1009
  965  966
  965 2218
  966 1010
  966 1009
  968 1012
  969 1055
  969 1012
  969 1013
  970 1055
  970 1014
  971  972
  971 1015
  971 1014
  972 1015
  972  973
  973 1016
  973 1015
  974 1059
  974 1017
  974  975
  975 1019
  975  976
  975 1018
  975 1017
  977 1020
  977 1062
  977 1019
  978  979
  978 1021
  978 1020
  979 1021
  979 1022
  979  980
  980  981
  980 1022
  981 1023
  981 1022
  982 1024
  982  983
  982 1023
  983 1025
  983  984
  984  985
  984 1026
  985 1027
  986  987
  986 1027
  987 1029
  987  988
  988  989
  988 1029
  989 1073
  989 1074
  989 1031
  989 1030
  990 1076
  990 1075
  990 1032
  990 1031
  991 1033
  991  992
  991 1032
  992 1033
  992  993
  992 1034
  993 1034
  993  994
  994 1036
  995 1037
  995  996
  995 1036
  996 1037
  996 1038
  997 1084
  997 1040
  997  998
  997 1039
  998 1040
  998  999
  999 1041
 1000 1042
 1001 1044
 1002 1044
 1002 1089
 1002 1045
 1003 1046
 1003 1004
 1003 1045
 1004 1005
 1004 1046
 1005 1047
 1005 2228
 1006 2228
 1006 1050
 1007 2218
 1008 2220
 1008 2218
 1009 1053
 1009 1052
 1012 1099
 1012 1054
 1013 1099
 1013 1055
 1014 1056
 1014 1015
 1014 1055
 1015 1058
 1015 1056
 1016 1059
 1016 1103
 1017 1018
 1017 1059
 1018 1105
 1018 1061
 1018 1019
 1019 1062
 1019 1061
 1020 1063
 1020 1021
 1020 1062
 1021 1022
 1021 1063
 1022 1065
 1022 1023
 1023 1065
 1023 1024
 1024 1068
 1024 1067
 1025 1069
 1025 1026
 1025 1068
 1026 1027
 1026 1070
 1027 1028
 1028 1070
 1028 1029
 1029 1030
 1029 1072
 1029 1071
 1030 1072
 1030 1073
 1031 1120
 1031 1075
 1031 1074
 1032 1033
 1032 1077
 1032 1076
 1033 1078
 1033 1077
 1034 1035
 1034 1078
 1035 1080
 1035 1036
 1035 1079
 1036 1081
 1036 1037
 1037 1081
 1038 1083
 1038 1039
 1039 1084
 1040 1086
 1040 1085
 1040 1084
 1041 1086
 1041 1042
 1042 1043
 1042 1088
 1043 1044
 1044 1136
 1044 1088
 1044 1089
 1045 1046
 1045 1089
 1046 1047
 1046 1090
 1048 1092
 1048 1049
 1048 2228
 1049 1094
 1049 1050
 1049 1093
 1050 1094
 1050 1051
 1051 2220
 1051 1095
 1051 1094
 1051 2219
 1052 2220
 1052 1096
 1052 1053
 1052 1095
 1053 1096
 1054 1099
 1055 1100
 1056 1057
 1056 1101
 1057 1102
 1057 1058
 1058 1103
 1058 1150
 1059 1152
 1059 1060
 1059 1104
 1060 1105
 1061 1106
 1061 1062
 1062 1106
 1062 1107
 1063 1064
 1063 1108
 1064 1110
 1065 1112
 1065 1110
 1065 1066
 1065 1111
 1066 1067
 1066 1113
 1066 1112
 1067 1161
 1067 1113
 1067 1114
 1067 1068
 1068 1114
 1068 1069
 1069 1116
 1069 1115
 1069 1070
 1069 1114
 1070 1071
 1070 1116
 1071 1116
 1071 1117
 1071 1072
 1072 1118
 1072 1073
 1072 1117
 1073 1074
 1074 1120
 1075 1121
 1075 1076
 1076 1122
 1076 1121
 1077 1122
 1077 1123
 1078 1124
 1078 1079
 1079 1125
 1080 1127
 1080 1081
 1081 1128
 1081 1082
 1082 1130
 1082 1128
 1083 1130
 1083 1084
 1084 1131
 1084 1085
 1085 1086
 1085 1132
 1085 1133
 1086 1134
 1086 1087
 1087 1135
 1087 1088
 1088 1135
 1088 1136
 1089 1137
 1090 1139
 1091 1092
 1091 1140
 1092 1093
 1092 1140
 1092 1141
 1093 1094
 1093 1141
 1093 1142
 1094 1143
 1094 1095
 1095 1144
 1095 1096
 1095 2220
 1096 1097
 1097 1144
 1098 1147
 1100 1147
 1101 1149
 1102 1150
 1102 1149
 1103 1152
 1103 1151
 1104 1153
 1105 1154
 1105 1153
 1106 1155
 1106 1107
 1106 1154
 1107 1108
 1107 1155
 1108 1109
 1109 1157
 1110 2254
 1110 1157
 1111 1158
 1111 1112
 1112 1113
 1112 1158
 1113 1161
 1113 1159
 1114 1162
 1114 1115
 1114 1161
 1115 1162
 1115 1116
 1116 1163
 1116 1165
 1116 1117
 1117 1166
 1117 1165
 1118 1166
 1118 1167
 1119 1120
 1119 1167
 1119 1168
 1120 1169
 1120 1121
 1121 1122
 1121 1169
 1122 1123
 1123 1170
 1123 1124
 1124 1125
 1124 1171
 1125 1126
 1126 1127
 1126 1172
 1127 1128
 1127 1174
 1128 1175
 1128 1174
 1129 1130
 1129 1176
 1129 1175
 1130 1131
 1131 1177
 1131 1132
 1132 1219
 1132 2260
 1132 1133
 1133 1178
 1133 1219
 1133 1134
 1134 1135
 1134 1178
 1135 1179
 1135 1180
 1136 1137
 1136 1181
 1137 1138
 1137 1182
 1138 1139
 1138 1183
 1139 1140
 1140 1184
 1140 1183
 1141 1185
 1141 1184
 1142 1187
 1144 1230
 1144 1229
 1144 1188
 1144 1187
 1146 1190
 1146 1147
 1147 1190
 1147 1148
 1147 1191
 1148 1192
 1148 1149
 1148 1191
 1150 1193
 1151 1194
 1152 1194
 1153 1196
 1153 2239
 1153 1154
 1153 1195
 1154 1196
 1154 1155
 1155 1156
 1156 1198
 1156 1199
 1157 2254
 1157 1199
 1158 2254
 1158 1159
 1158 1200
 1159 1200
 1159 1160
 1160 1202
 1160 1161
 1161 2264
 1162 1163
 1162 2264
 1163 1164
 1163 1203
 1164 1205
 1164 1165
 1164 1204
 1165 1205
 1165 1166
 1166 1167
 1167 1206
 1168 1169
 1168 1207
 1169 1210
 1169 1170
 1169 1209
 1170 1210
 1170 1171
 1171 1172
 1171 1211
 1172 2255
 1172 1212
 1172 1173
 1173 1213
 1174 1214
 1174 1213
 1174 1175
 1175 1214
 1176 1216
 1176 1217
 1177 2260
 1177 1217
 1177 1218
 1178 1265
 1178 1179
 1178 1220
 1178 1219
 1179 1266
 1179 1220
 1179 1221
 1180 1221
 1180 1181
 1181 1222
 1182 1269
 1182 1268
 1182 1223
 1182 1183
 1182 1222
 1183 1224
 1184 1226
 1184 1224
 1185 1227
 1185 1186
 1186 1228
 1186 1227
 1186 1187
 1187 1229
 1187 1228
 1188 1230
 1190 1233
 1190 1232
 1191 1234
 1191 1192
 1192 1235
 1192 1193
 1192 1234
 1193 1280
 1193 1282
 1193 1194
 1193 1281
 1193 1235
 1194 1282
 1194 1195
 1194 1236
 1195 1236
 1195 1237
 1195 2239
 1196 2239
 1196 1239
 1196 1197
 1197 1240
 1197 1198
 1198 1287
 1198 1241
 1199 1288
 1199 1242
 1199 1241
 1200 1242
 1200 1243
 1200 2254
 1201 1244
 1201 1202
 1201 1243
 1202 2264
 1202 1244
 1203 1204
 1203 1246
 1203 2264
 1204 1248
 1205 1249
 1205 1206
 1205 1250
 1206 1207
 1206 1250
 1207 1251
 1207 1208
 1208 1209
 1209 1210
 1209 1254
 1209 1253
 1210 1255
 1210 1300
 1210 1254
 1211 1256
 1212 1213
 1212 1257
 1213 1259
 1213 1260
 1213 1214
 1214 1261
 1214 1215
 1215 1216
 1216 1262
 1216 1217
 1217 1218
 1218 1263
 1219 2260
 1219 1264
 1219 1265
 1219 2259
 1220 1266
 1220 1265
 1221 1311
 1221 1267
 1221 1222
 1221 1266
 1222 1268
 1222 1267
 1223 1313
 1223 1270
 1223 1224
 1223 1269
 1224 1270
 1224 1225
 1225 1271
 1225 1226
 1225 1270
 1226 1271
 1226 1227
 1227 1273
 1228 1273
 1228 1274
 1230 1275
 1231 1276
 1233 1279
 1233 1321
 1233 1278
 1233 1234
 1234 1279
 1234 1235
 1235 1279
 1236 1237
 1236 1284
 1236 1282
 1237 1285
 1237 2239
 1238 2239
 1238 1239
 1240 1286
 1241 1288
 1242 2254
 1242 1289
 1242 1243
 1243 1289
 1244 2245
 1244 1291
 1244 1245
 1245 1291
 1245 2264
 1245 1246
 1246 1247
 1247 1248
 1247 1292
 1248 1294
 1248 1249
 1249 1250
 1250 1294
 1250 1295
 1251 1252
 1251 1295
 1252 1298
 1252 1296
 1252 1253
 1253 1299
 1253 1298
 1254 1299
 1254 1300
 1255 1301
 1255 1300
 1255 1256
 1256 2256
 1256 1301
 1257 1258
 1258 1259
 1259 1304
 1259 1260
 1260 1305
 1260 1304
 1260 1261
 1261 1306
 1261 1305
 1261 1262
 1262 1308
 1262 1307
 1263 1309
 1263 1308
 1263 1264
 1263 2259
 1264 2259
 1264 1309
 1265 2265
 1266 1352
 1266 1351
 1266 1311
 1267 1268
 1267 1311
 1268 1269
 1269 1312
 1270 1315
 1270 1271
 1270 1313
 1271 1316
 1271 1272
 1271 1315
 1272 1273
 1272 1316
 1273 1357
 1273 1317
 1273 1316
 1274 1359
 1274 1317
 1274 1275
 1275 1318
 1275 1276
 1275 1359
 1276 1319
 1276 1318
 1276 1277
 1278 1321
 1279 1280
 1279 1321
 1279 1322
 1279 1363
 1280 1323
 1280 1281
 1281 1282
 1282 1324
 1282 1283
 1283 1368
 1283 1325
 1285 1286
 1285 1325
 1286 1327
 1286 1287
 1286 1328
 1287 1328
 1288 1372
 1288 1330
 1288 1289
 1288 1329
 1289 1330
 1289 1290
 1290 2245
 1290 1331
 1291 1375
 1291 1333
 1291 2245
 1292 1293
 1292 1333
 1293 1335
 1293 1334
 1293 1294
 1294 1379
 1294 1378
 1294 1295
 1295 1380
 1295 1336
 1295 1379
 1296 1336
 1297 1336
 1298 1382
 1298 2249
 1298 1337
 1299 1338
 1299 1300
 1300 1339
 1300 1301
 1301 1340
 1301 1339
 1302 1340
 1302 1341
 1302 1303
 1302 2256
 1303 1304
 1303 1341
 1304 1344
 1304 1343
 1305 1344
 1306 1346
 1307 1308
 1307 1346
 1308 1347
 1308 1309
 1308 1348
 1309 1348
 1309 2265
 1310 2265
 1310 1351
 1311 1312
 1311 1352
 1312 1313
 1312 1353
 1313 1314
 1314 1315
 1314 1354
 1315 1355
 1315 1316
 1316 1357
 1317 1359
 1317 1357
 1318 1361
 1318 1360
 1318 1359
 1321 1363
 1321 1362
 1323 1365
 1324 1366
 1325 1369
 1325 1326
 1325 1368
 1326 1413
 1326 1370
 1326 1327
 1326 1369
 1328 1415
 1328 1329
 1328 1371
 1329 1416
 1329 1415
 1329 1372
 1330 1331
 1330 1372
 1331 1332
 1332 1374
 1332 1373
 1333 1334
 1333 1375
 1334 1377
 1335 1378
 1336 1381
 1336 2249
 1336 1380
 1337 1383
 1338 1339
 1338 1383
 1339 1384
 1339 1340
 1340 2256
 1340 1429
 1340 1385
 1340 1384
 1341 1342
 1341 1386
 1341 1385
 1343 1433
 1343 1432
 1343 1344
 1343 1387
 1344 1345
 1344 1433
 1345 1388
 1345 1346
 1346 1389
 1347 1390
 1347 1391
 1347 1348
 1348 1392
 1348 1391
 1349 1350
 1349 1392
 1349 2265
 1350 1394
 1350 1351
 1351 1352
 1351 1395
 1352 1396
 1352 1395
 1353 1397
 1353 1396
 1354 1398
 1355 1399
 1356 2232
 1356 1357
 1356 1399
 1357 1358
 1357 1400
 1358 1359
 1358 1401
 1359 1402
 1359 1360
 1360 1361
 1360 1403
 1361 1404
 1363 1406
 1364 1407
 1364 1365
 1365 1409
 1365 1366
 1365 1408
 1366 1411
 1366 1367
 1367 1368
 1367 1411
 1369 1454
 1369 1412
 1370 1414
 1370 1371
 1370 1413
 1372 1417
 1372 1416
 1373 1417
 1374 1419
 1374 1375
 1374 2245
 1375 2245
 1375 1419
 1375 1420
 1376 1377
 1376 1420
 1377 1421
 1378 1422
 1379 1423
 1379 1380
 1379 1422
 1380 1424
 1380 1423
 1381 1425
 1382 2249
 1382 1383
 1382 1427
 1382 2248
 1383 1428
 1384 1429
 1384 1428
 1385 1430
 1385 1429
 1386 2247
 1386 1431
 1386 1430
 1387 1432
 1387 1431
 1388 1478
 1389 1435
 1389 1434
 1389 1390
 1390 1436
 1390 1435
 1390 1391
 1391 1436
 1391 1392
 1392 1437
 1393 1437
 1393 1394
 1394 1439
 1394 1395
 1395 1440
 1395 1396
 1396 1441
 1396 1440
 1397 1442
 1397 1398
 1398 1443
 1398 1442
 1398 1399
 1399 2230
 1399 1443
 1400 1444
 1401 1445
 1402 1445
 1403 1446
 1404 1447
 1406 1407
 1407 1493
 1407 1449
 1407 1448
 1407 1408
 1407 1450
 1408 1450
 1408 1409
 1409 1451
 1409 1450
 1409 1410
 1410 1452
 1410 1411
 1410 1451
 1411 1453
 1411 1412
 1413 1499
 1413 1414
 1413 1454
 1414 1455
 1414 1456
 1414 1415
 1415 1457
 1415 1416
 1415 1456
 1416 1458
 1416 1457
 1417 1459
 1417 1458
 1418 1459
 1418 1419
 1419 1461
 1419 1420
 1420 1463
 1420 1461
 1421 1422
 1421 1464
 1422 1465
 1422 1464
 1422 1423
 1423 1466
 1423 1424
 1423 1465
 1424 1467
 1424 1466
 1424 1425
 1425 1468
 1425 2248
 1426 1468
 1426 1427
 1427 1470
 1428 1471
 1428 1470
 1429 1472
 1429 1471
 1429 1430
 1429 1473
 1430 2247
 1430 1473
 1431 1474
 1431 2247
 1432 1515
 1432 1433
 1432 1476
 1433 2243
 1433 1476
 1434 1479
 1434 1478
 1435 1436
 1435 1479
 1436 1481
 1436 1437
 1436 1479
 1436 1480
 1437 1481
 1438 1521
 1438 1439
 1438 1481
 1439 1483
 1440 1483
 1440 1484
 1440 1441
 1441 1485
 1441 1525
 1441 1442
 1441 1484
 1442 1485
 1442 1486
 1443 1487
 1444 1529
 1444 2233
 1444 1488
 1444 1445
 1445 1489
 1445 1488
 1446 1491
 1446 1490
 1446 1447
 1446 1489
 1448 1493
 1449 1450
 1449 1494
 1450 1495
 1450 1451
 1451 1496
 1451 1452
 1452 1496
 1452 1453
 1453 1454
 1453 1497
 1453 1496
 1455 1500
 1455 1499
 1455 1456
 1456 1457
 1456 1500
 1457 1502
 1457 1458
 1458 1503
 1458 1502
 1459 1504
 1460 1461
 1460 1504
 1461 1506
 1461 1462
 1462 1463
 1464 1550
 1464 1551
 1464 1465
 1464 1507
 1465 1551
 1466 1509
 1466 1467
 1467 1468
 1467 1509
 1468 1510
 1468 1509
 1469 1511
 1469 1510
 1470 1512
 1470 1511
 1471 1512
 1471 1472
 1472 1557
 1472 1473
 1472 1512
 1473 2246
 1474 1514
 1474 2246
 1475 1515
 1475 1514
 1476 1477
 1476 1515
 1478 2243
 1478 1517
 1479 1519
 1479 1480
 1479 1518
 1480 1520
 1480 1519
 1481 1521
 1481 1520
 1482 1523
 1482 1521
 1483 1524
 1483 1484
 1483 1523
 1484 1525
 1485 1566
 1485 1525
 1485 1526
 1486 1568
 1486 1527
 1486 1526
 1486 1487
 1487 2231
 1487 1528
 1487 1527
 1488 1572
 1488 1530
 1488 1489
 1488 1529
 1489 1530
 1489 1490
 1489 1531
 1490 1532
 1490 1531
 1491 1532
 1492 1535
 1493 1535
 1493 1536
 1494 1536
 1495 1538
 1495 1537
 1496 1579
 1496 1580
 1496 1497
 1496 1539
 1496 1538
 1497 1539
 1497 1540
 1497 1498
 1498 1541
 1498 1540
 1498 1499
 1499 1500
 1499 1541
 1500 1501
 1500 1541
 1501 1542
 1501 1502
 1502 1544
 1502 1503
 1502 1545
 1503 1545
 1503 1504
 1504 1588
 1504 1546
 1505 1506
 1505 1546
 1505 1547
 1506 1548
 1506 1507
 1507 1549
 1508 1509
 1508 1551
 1509 1552
 1509 1510
 1510 1553
 1511 1555
 1512 1557
 1512 1556
 1513 1599
 1513 1558
 1513 2246
 1513 1557
 1514 1600
 1515 1601
 1515 1559
 1516 1517
 1516 1560
 1517 1561
 1517 1560
 1518 1605
 1518 1604
 1518 1519
 1518 1561
 1519 1605
 1520 1563
 1520 1562
 1521 1563
 1522 1564
 1522 1523
 1522 1563
 1523 2238
 1523 1524
 1524 1525
 1524 1565
 1525 1566
 1526 1567
 1526 1566
 1527 1569
 1527 1528
 1527 1568
 1528 2233
 1528 1529
 1528 2231
 1529 2233
 1529 1570
 1530 1531
 1530 1572
 1531 1613
 1531 1573
 1532 1573
 1533 1573
 1534 1535
 1535 1575
 1535 1536
 1536 1577
 1536 1537
 1536 1578
 1537 1538
 1537 1578
 1538 1578
 1539 1621
 1539 1582
 1539 1581
 1540 1582
 1540 1583
 1540 1541
 1541 1542
 1542 1583
 1542 1543
 1543 1586
 1543 1544
 1543 1584
 1544 1587
 1544 1545
 1545 1588
 1545 1587
 1546 1628
 1546 1588
 1547 1590
 1547 1589
 1548 1591
 1548 1549
 1548 1590
 1549 1550
 1549 1591
 1549 1592
 1550 1593
 1550 1592
 1550 1551
 1551 1594
 1551 1593
 1552 1634
 1552 1553
 1552 1594
 1553 1635
 1553 1554
 1553 1595
 1555 1597
 1555 1556
 1555 1596
 1556 1598
 1556 1557
 1556 1597
 1557 1598
 1558 1640
 1558 1639
 1558 1600
 1558 1599
 1560 1602
 1560 1561
 1561 1604
 1561 1603
 1562 1606
 1562 1605
 1563 1646
 1563 1606
 1564 1649
 1564 2238
 1564 1607
 1565 1608
 1565 1566
 1566 1652
 1566 1651
 1566 1567
 1567 1609
 1567 1652
 1568 1609
 1569 1610
 1570 1611
 1571 1611
 1571 1572
 1572 1613
 1573 1614
 1573 1613
 1574 1614
 1575 1617
 1576 1577
 1577 1578
 1577 1619
 1578 1579
 1579 1620
 1580 1620
 1581 1621
 1581 1620
 1582 1622
 1582 1583
 1583 1584
 1583 1622
 1584 1623
 1584 1585
 1585 1586
 1585 1624
 1586 1626
 1587 1627
 1587 1588
 1587 1626
 1588 1627
 1589 1673
 1589 1628
 1590 1674
 1590 1630
 1591 1592
 1591 1630
 1591 1631
 1592 1593
 1593 1632
 1593 1594
 1594 1633
 1594 1632
 1595 1635
 1595 1634
 1596 1636
 1596 1597
 1596 1635
 1597 1638
 1597 1598
 1597 1637
 1598 1638
 1599 1638
 1600 1641
 1600 1601
 1600 1640
 1601 1686
 1601 1641
 1602 1642
 1602 1603
 1603 1687
 1603 1643
 1603 1642
 1603 1604
 1604 1605
 1604 1644
 1605 1644
 1606 1646
 1607 1646
 1608 2238
 1608 1651
 1608 1694
 1609 1697
 1609 1698
 1609 1653
 1609 1610
 1609 1652
 1610 1654
 1610 1611
 1610 1653
 1611 1655
 1612 1656
 1614 1703
 1614 1658
 1614 1657
 1616 1617
 1616 1660
 1617 1660
 1617 1661
 1617 1618
 1619 1662
 1620 1664
 1620 1663
 1621 1666
 1621 1622
 1621 1665
 1621 1664
 1622 1666
 1623 1668
 1623 1624
 1623 1666
 1624 1625
 1625 1670
 1625 1668
 1625 1626
 1626 1671
 1626 1627
 1627 1671
 1628 1672
 1628 1671
 1629 1674
 1629 1673
 1630 1631
 1630 1674
 1631 1676
 1632 1723
 1632 1722
 1632 1677
 1632 1633
 1632 1676
 1633 1677
 1634 1724
 1635 1678
 1636 1680
 1636 1679
 1637 1681
 1637 1638
 1637 1680
 1638 1682
 1638 1681
 1639 1682
 1639 1640
 1640 1684
 1640 1683
 1641 1684
 1642 1687
 1642 1686
 1643 1734
 1643 1644
 1643 1687
 1644 1735
 1644 1688
 1644 1689
 1645 1689
 1645 1646
 1646 1647
 1647 1691
 1647 1648
 1647 1690
 1648 1691
 1649 1739
 1649 1693
 1649 1650
 1649 2238
 1649 1692
 1650 1694
 1651 1652
 1651 1695
 1652 1695
 1652 1696
 1653 1744
 1653 1699
 1653 1698
 1654 1700
 1654 1655
 1655 1701
 1655 1700
 1655 1656
 1656 1747
 1656 1702
 1656 1701
 1657 1748
 1657 1703
 1657 1702
 1658 1703
 1659 1706
 1660 1706
 1660 1661
 1661 1662
 1661 1707
 1661 1706
 1662 1708
 1662 1707
 1663 1708
 1664 1710
 1664 1754
 1665 1754
 1665 1666
 1665 1711
 1666 1712
 1666 1711
 1667 1757
 1667 1668
 1668 1669
 1668 1713
 1670 1715
 1671 1717
 1671 1716
 1671 1672
 1672 1718
 1672 1717
 1673 1718
 1674 1720
 1675 1720
 1676 1722
 1676 1721
 1677 1724
 1677 1723
 1678 1725
 1678 1679
 1679 1726
 1680 1770
 1680 1728
 1681 1682
 1681 1728
 1682 1728
 1682 1729
 1683 1684
 1683 1729
 1684 1731
 1684 1730
 1685 1732
 1685 1731
 1686 1732
 1686 1687
 1687 1733
 1687 1734
 1688 1735
 1688 1734
 1689 1736
 1689 1735
 1690 1691
 1690 1736
 1691 1738
 1691 1737
 1692 1739
 1692 1738
 1693 1740
 1694 1741
 1694 1695
 1695 1696
 1695 1741
 1696 1742
 1696 1697
 1697 1698
 1698 1744
 1699 1745
 1699 1700
 1699 1744
 1700 1746
 1700 1745
 1701 1787
 1701 1746
 1702 1748
 1702 1747
 1703 1749
 1703 1748
 1706 1790
 1706 1750
 1706 1751
 1707 1708
 1708 1752
 1708 1709
 1709 1753
 1709 1710
 1709 1752
 1710 1754
 1710 1753
 1711 1712
 1711 1756
 1711 1754
 1712 1796
 1712 1757
 1712 1756
 1713 1714
 1713 1757
 1714 1760
 1714 1715
 1714 1758
 1715 1760
 1715 1716
 1716 1717
 1716 1761
 1716 1760
 1717 1761
 1717 1718
 1718 1802
 1718 1762
 1719 1763
 1720 1764
 1720 1721
 1720 1763
 1721 1722
 1721 1764
 1722 1765
 1722 1723
 1723 1724
 1723 1766
 1723 1765
 1724 1767
 1724 1766
 1724 1725
 1725 1768
 1725 1767
 1726 1727
 1726 1768
 1727 1770
 1728 1771
 1728 1729
 1729 1730
 1729 1771
 1730 1731
 1731 1772
 1732 1774
 1733 1815
 1733 1814
 1733 1734
 1733 1775
 1733 1774
 1734 1775
 1735 1777
 1735 1736
 1736 2237
 1736 1777
 1737 2237
 1737 1738
 1738 1778
 1739 1779
 1740 1821
 1740 1781
 1740 1780
 1741 1782
 1741 1742
 1741 1781
 1742 1782
 1742 1743
 1743 1784
 1743 1783
 1744 1785
 1744 1784
 1744 1745
 1745 1786
 1745 1746
 1745 1785
 1746 1826
 1746 1786
 1747 1829
 1747 1828
 1747 1787
 1748 1788
 1748 1829
 1750 1790
 1751 1791
 1751 1752
 1751 1790
 1752 1792
 1752 1791
 1753 1793
 1753 1754
 1753 1792
 1754 1755
 1754 1795
 1754 1793
 1755 1756
 1756 1795
 1757 1797
 1757 1796
 1758 1759
 1758 1797
 1759 1799
 1760 1840
 1760 1800
 1760 1761
 1760 1799
 1761 1800
 1762 1802
 1762 1800
 1763 1764
 1763 1803
 1764 1805
 1764 1765
 1764 1803
 1765 1806
 1766 1807
 1766 1767
 1767 1808
 1767 1807
 1768 1769
 1768 1808
 1769 1770
 1770 1850
 1770 1849
 1770 1771
 1771 1851
 1771 1850
 1771 1810
 1772 1773
 1772 1810
 1772 1812
 1773 1813
 1774 1814
 1774 1813
 1775 1776
 1775 1815
 1776 1817
 1777 2237
 1777 1817
 1778 1779
 1778 1819
 1779 1780
 1781 1861
 1781 1782
 1781 1821
 1782 1862
 1782 1822
 1782 1861
 1783 1863
 1784 1864
 1784 1824
 1784 1785
 1785 1824
 1786 1825
 1787 1827
 1787 1826
 1788 1829
 1790 1872
 1790 1831
 1791 1833
 1791 1792
 1791 1832
 1792 1793
 1792 1833
 1793 1834
 1793 1794
 1794 1835
 1794 1795
 1794 1834
 1795 1877
 1795 1836
 1795 1796
 1796 1797
 1796 1836
 1797 2224
 1797 1837
 1798 1799
 1798 2224
 1799 1839
 1799 1840
 1800 1841
 1800 1840
 1801 1802
 1801 1841
 1802 1843
 1803 1844
 1803 1804
 1803 1843
 1804 1844
 1804 1805
 1804 1845
 1805 1846
 1805 1806
 1806 1846
 1806 1807
 1807 1848
 1807 1808
 1808 2222
 1808 1848
 1809 2222
 1809 1849
 1810 1852
 1810 1851
 1811 1852
 1811 1812
 1812 1854
 1813 1854
 1814 1855
 1814 1815
 1815 1895
 1815 1855
 1815 1856
 1816 1856
 1816 1817
 1817 1898
 1817 1818
 1817 2237
 1818 1899
 1818 1898
 1818 1858
 1818 2237
 1819 1858
 1819 2237
 1820 1821
 1820 1858
 1820 1860
 1821 1861
 1821 1860
 1822 1863
 1822 1862
 1823 1864
 1823 1863
 1824 1825
 1824 1864
 1825 1826
 1825 1866
 1826 1909
 1826 1867
 1826 1866
 1827 1867
 1828 1868
 1829 1869
 1830 1869
 1831 1872
 1832 1872
 1833 1875
 1833 1874
 1834 1875
 1835 1877
 1835 1876
 1836 1921
 1836 1878
 1836 1877
 1837 1878
 1838 1880
 1838 2224
 1839 1881
 1839 1840
 1839 1880
 1840 1841
 1840 1882
 1840 1881
 1841 1882
 1842 1882
 1843 1883
 1843 1884
 1843 1844
 1844 1929
 1844 1884
 1845 1931
 1845 1886
 1845 1885
 1846 1886
 1846 1887
 1846 1847
 1847 1848
 1847 1887
 1848 2222
 1848 1933
 1849 1850
 1849 1890
 1850 1891
 1850 1851
 1851 1891
 1852 1892
 1853 1892
 1853 1854
 1854 1894
 1854 1855
 1855 1940
 1855 1895
 1855 1894
 1856 1896
 1856 1857
 1856 1895
 1857 1898
 1858 1900
 1858 1899
 1859 1902
 1859 1900
 1860 1903
 1860 1902
 1860 1861
 1861 1904
 1861 1862
 1862 1905
 1862 1904
 1863 1906
 1864 1865
 1864 2223
 1865 1908
 1866 1909
 1866 1908
 1867 1868
 1868 1912
 1868 1911
 1868 1910
 1868 1869
 1869 1913
 1869 1912
 1871 1915
 1872 1915
 1872 1916
 1872 1873
 1873 1874
 1873 1917
 1873 1916
 1874 1917
 1874 1918
 1874 1875
 1875 1918
 1875 1876
 1876 1920
 1877 1921
 1878 1922
 1878 1921
 1878 2224
 1879 1922
 1879 1923
 1880 1967
 1880 1923
 1880 1881
 1881 1924
 1882 1926
 1882 1925
 1883 1928
 1883 1926
 1884 1929
 1884 1928
 1885 1929
 1886 1887
 1887 1888
 1887 1931
 1887 1974
 1888 1932
 1888 1933
 1889 1934
 1889 1936
 1889 1890
 1890 1891
 1890 1937
 1891 1937
 1891 1892
 1892 1938
 1892 1981
 1892 1937
 1893 1939
 1894 1940
 1894 1939
 1895 1941
 1895 1896
 1895 1940
 1896 1942
 1896 1941
 1897 1943
 1898 1943
 1898 1899
 1899 1944
 1899 1943
 1900 1945
 1900 1901
 1901 1947
 1902 1947
 1902 1903
 1903 1904
 1903 1948
 1903 1992
 1903 1947
 1904 1948
 1904 1905
 1905 1906
 1905 1950
 1905 1949
 1906 1994
 1906 1951
 1906 1950
 1907 2223
 1907 1952
 1908 1953
 1908 1952
 1908 1909
 1909 1910
 1909 1954
 1909 1953
 1910 1955
 1910 1954
 1910 1911
 1911 1912
 1911 1955
 1912 1957
 1912 1956
 1915 2002
 1915 1959
 1915 1958
 1916 2003
 1916 1959
 1916 1960
 1917 1918
 1917 1960
 1918 2004
 1918 1961
 1918 1960
 1919 1920
 1919 1961
 1920 1963
 1921 1964
 1921 1965
 1921 1963
 1921 1922
 1922 1965
 1923 1967
 1924 1968
 1924 1925
 1924 1967
 1925 1968
 1925 1926
 1926 1970
 1926 1969
 1927 1970
 1927 1928
 1928 1972
 1928 1929
 1929 1930
 1929 1972
 1931 2020
 1931 2019
 1931 1973
 1931 1974
 1932 2021
 1932 1974
 1933 1976
 1933 1977
 1933 1934
 1933 2222
 1934 2222
 1934 1977
 1935 2242
 1935 1936
 1936 1979
 1937 1980
 1937 1979
 1937 1981
 1938 1982
 1938 1981
 1939 1984
 1939 1940
 1939 1983
 1940 2225
 1940 1984
 1941 1942
 1941 1986
 1941 1985
 1942 1988
 1943 1988
 1943 1989
 1943 1944
 1944 1989
 1944 1945
 1945 1990
 1945 1989
 1946 1991
 1946 1990
 1947 2217
 1947 1991
 1948 1949
 1948 1992
 1949 1950
 1950 1994
 1950 1993
 1951 1952
 1951 1994
 1952 1996
 1952 1953
 1953 2041
 1953 1996
 1953 1954
 1954 1955
 1955 1998
 1955 1997
 1956 1999
 1957 1999
 1958 2002
 1959 2003
 1960 2004
 1960 2003
 1961 2005
 1961 2004
 1962 1963
 1962 2005
 1963 1964
 1963 2007
 1964 1965
 1964 2007
 1965 2008
 1965 2010
 1965 2009
 1966 1967
 1967 1968
 1967 2011
 1968 2013
 1968 2011
 1968 1969
 1969 2014
 1969 1970
 1970 2056
 1970 2015
 1970 2014
 1971 2016
 1972 1973
 1972 2016
 1972 2017
 1973 2017
 1973 2019
 1974 2020
 1975 2022
 1975 2021
 1976 1977
 1976 2022
 1977 2064
 1977 2063
 1977 2022
 1977 2242
 1978 2242
 1979 2024
 1979 2023
 1979 1980
 1980 2025
 1980 1981
 1980 2024
 1981 2025
 1981 2026
 1983 2027
 1983 2026
 1984 2225
 1984 2027
 1985 1986
 1985 2225
 1986 2071
 1986 1987
 1986 2028
 1987 2030
 1988 2031
 1988 2030
 1988 1989
 1989 2033
 1989 1990
 1989 2031
 1990 2033
 1991 2035
 1991 2034
 1992 2036
 1992 1993
 1992 2035
 1993 2037
 1993 2078
 1993 2036
 1994 1995
 1994 2038
 1994 2037
 1995 2040
 1996 2041
 1996 2040
 1997 2042
 1997 2041
 1997 1998
 1998 1999
 1998 2044
 1998 2043
 1999 2045
 1999 2044
 2002 2047
 2002 2046
 2003 2089
 2003 2048
 2003 2047
 2004 2049
 2004 2005
 2005 2091
 2005 2050
 2005 2006
 2005 2049
 2006 2051
 2007 2094
 2007 2052
 2007 2008
 2007 2051
 2008 2009
 2009 2096
 2009 2010
 2010 2096
 2010 2011
 2011 2054
 2011 2012
 2012 2100
 2012 2013
 2012 2055
 2012 2054
 2014 2101
 2014 2056
 2014 2055
 2016 2057
 2016 2017
 2017 2058
 2017 2059
 2017 2057
 2019 2060
 2019 2059
 2020 2061
 2020 2021
 2020 2060
 2021 2061
 2022 2108
 2022 2063
 2023 2110
 2023 2024
 2024 2111
 2024 2066
 2025 2067
 2025 2066
 2026 2067
 2026 2027
 2027 2225
 2027 2069
 2028 2071
 2029 2030
 2029 2071
 2030 2073
 2030 2031
 2031 2073
 2031 2032
 2032 2075
 2032 2033
 2033 2075
 2034 2075
 2035 2122
 2035 2077
 2035 2036
 2035 2217
 2036 2077
 2037 2038
 2038 2080
 2038 2079
 2039 2040
 2039 2080
 2040 2082
 2040 2041
 2041 2084
 2041 2083
 2041 2042
 2042 2043
 2042 2084
 2043 2044
 2044 2086
 2044 2085
 2045 2086
 2047 2133
 2047 2089
 2047 2088
 2048 2049
 2048 2089
 2049 2137
 2049 2091
 2050 2051
 2050 2093
 2050 2141
 2051 2094
 2051 2093
 2052 2096
 2052 2094
 2053 2097
 2053 2096
 2054 2097
 2054 2098
 2054 2099
 2055 2100
 2056 2102
 2056 2101
 2057 2058
 2057 2103
 2057 2102
 2058 2103
 2058 2059
 2059 2105
 2059 2060
 2060 2106
 2060 2061
 2061 2107
 2061 2062
 2062 2108
 2063 2109
 2063 2108
 2063 2064
 2064 2110
 2064 2242
 2065 2172
 2065 2110
 2066 2067
 2066 2111
 2067 2113
 2067 2068
 2067 2112
 2069 2070
 2069 2115
 2069 2116
 2069 2114
 2069 2225
 2070 2071
 2070 2225
 2071 2116
 2071 2072
 2072 2118
 2073 2119
 2073 2074
 2073 2118
 2074 2075
 2075 2121
 2075 2120
 2075 2076
 2075 2119
 2076 2122
 2077 2078
 2077 2123
 2077 2122
 2078 2124
 2078 2079
 2079 2080
 2080 2125
 2080 2124
 2081 2127
 2081 2125
 2081 2082
 2082 2083
 2083 2128
 2083 2127
 2083 2084
 2084 2128
 2084 2085
 2085 2130
 2085 2086
 2086 2131
 2086 2130
 2089 2135
 2089 2090
 2089 2133
 2090 2137
 2090 2135
 2091 2139
 2091 2092
 2091 2137
 2092 2141
 2092 2139
 2093 2143
 2093 2141
 2094 2095
 2094 2143
 2095 2146
 2095 2144
 2095 2096
 2096 2148
 2096 2146
 2097 2098
 2097 2148
 2098 2099
 2098 2149
 2099 2152
 2099 2150
 2099 2100
 2100 2154
 2100 2101
 2100 2152
 2101 2155
 2101 2102
 2102 2157
 2102 2103
 2102 2155
 2103 2159
 2103 2157
 2103 2104
 2104 2161
 2104 2105
 2104 2159
 2105 2163
 2105 2106
 2105 2161
 2106 2165
 2106 2163
 2106 2107
 2107 2167
 2107 2108
 2107 2165
 2108 2168
 2109 2170
 2109 2110
 2109 2168
 2110 2242
 2110 2172
 2110 2170
 2111 2174
 2111 2112
 2111 2172
 2112 2175
 2112 2113
 2113 2177
 2113 2114
 2113 2175
 2114 2179
 2114 2177
 2114 2115
 2115 2181
 2115 2116
 2115 2179
 2116 2183
 2116 2181
 2116 2117
 2117 2185
 2117 2118
 2117 2183
 2118 2187
 2118 2119
 2118 2185
 2119 2189
 2119 2120
 2119 2187
 2120 2191
 2120 2189
 2121 2193
 2121 2122
 2121 2191
 2122 2195
 2122 2193
 2123 2197
 2123 2124
 2123 2195
 2124 2199
 2124 2197
 2124 2125
 2125 2200
 2125 2199
 2126 2202
 2126 2127
 2126 2200
 2127 2204
 2127 2202
 2128 2206
 2128 2129
 2128 2204
 2129 2208
 2129 2130
 2129 2206
 2130 2210
 2130 2208
 2130 2131
 2221 2257
 2226 2227
 2231 2232
 2231 2233
 2232 2233
 2246 2247
 2252 2253
 2255 2256
 2259 2260
 2261 2262
