    2  126
    2   82
    3   82
    4   83
    4   82
    6   84
    6   83
    8   84
    9   86
    9   85
   11  130
   11   87
   11   86
   13   87
   14   88
   14   89
   16  132
   16   90
   16   89
   18   91
   18   90
   19   92
   21   93
   21   92
   22   93
   23   94
   23   93
   25   94
   25   95
   27   96
   27   95
   28   96
   29   97
   29   96
   31   98
   31   97
   33  140
   33   99
   33   98
   34  100
   34   99
   36  101
   36  100
   38  102
   38  101
   39  102
   40  102
   40  103
   42  146
   42  104
   42  103
   44  105
   44  104
   46  106
   46  105
   48  106
   48  107
   50  150
   50  108
   50  107
   52  108
   53  110
   53  109
   55  111
   55  110
   57  153
   57  111
   57  112
   59  112
   59  113
   61  113
   61  114
   62  114
   62  115
   64  115
   64  116
   66  117
   66  116
   67  117
   68  118
   68  117
   70  119
   70  118
   71  120
   71  119
   73  121
   73  120
   75  122
   75  121
   77  123
   77  122
   79  165
   79  123
   81  126
   82  127
   82  126
   83  128
   83   84
   84 2350
   84   85
   85 2350
   85  129
   85   86
   87   88
   87  130
   88  174
   88   89
   88  131
   90   91
   90  132
   91  134
   91   92
   91  133
   93  136
   93   94
   93  135
   94  137
   94   95
   96  182
   96  181
   96   97
   96  138
   97   98
   98  140
   98  139
   99  141
   99  140
  100  101
  101  102
  101  142
  102  144
  102  143
  103  146
  103  144
  104  147
  104  105
  105  106
  106  147
  106  107
  107  150
  107  148
  108  194
  108  109
  108  150
  109  110
  109  194
  110  196
  110  195
  110  151
  110  152
  110  111
  111  153
  112  113
  112  153
  113  155
  113  154
  114  115
  115  116
  115  155
  115  157
  117  159
  117  158
  117  118
  118  119
  119  161
  119  160
  120 2349
  120  121
  121 2349
  121  122
  122  162
  122  123
  123  165
  123  164
  123  163
  124  165
  125  168
  126  169
  126  168
  126  127
  127  128
  127  169
  129  130
  129 2350
  130  131
  130  172
  131  173
  131  172
  132  133
  132 2358
  132  174
  133 2358
  133  134
  133  175
  134  135
  135  178
  135  177
  135  136
  136 2353
  136  137
  137  138
  137 2353
  137  179
  138  179
  139  226
  139  183
  139  140
  139  182
  140  141
  140  183
  141  185
  141  142
  142  186
  142  143
  143  188
  143  144
  143  187
  144  188
  145  190
  145  146
  146  147
  146  190
  147  234
  147  235
  147  148
  147  191
  148  149
  149  192
  150  237
  150  194
  150  193
  152  196
  153  198
  153  154
  153  197
  154  242
  154  155
  154  198
  154  199
  155  156
  156  200
  156  290
  156  157
  156  244
  157  158
  157  200
  158  203
  158  159
  158  202
  159  204
  159  160
  160  161
  160  204
  162  206
  162  207
  162  163
  162 2349
  164  208
  164  165
  164  207
  165  210
  165  209
  168  211
  168  213
  168  212
  168  169
  169  214
  169  256
  169  213
  169  170
  170 2350
  171 2350
  171  172
  171  215
  171  216
  172  216
  172  173
  173  217
  173  174
  173  216
  175  220
  175  219
  175 2358
  176  177
  176  220
  177  222
  177  178
  178 2353
  178  267
  178  266
  178  222
  179  223
  179 2353
  180  181
  181  271
  181  225
  181  224
  181  182
  182  226
  183  227
  183  226
  185  186
  185  227
  186  228
  186  187
  187  229
  187  228
  187  188
  188  189
  188  230
  188  229
  189  230
  190  232
  190  231
  190  191
  191  234
  191  232
  192  193
  192  236
  192  235
  193  283
  193  236
  193  237
  194  239
  194  237
  195  196
  195  239
  196  240
  196  197
  198  241
  198  242
  199  243
  199  244
  199  242
  200  291
  200  245
  200  290
  201  202
  202  246
  202  203
  202  245
  203  246
  203  204
  204  295
  204  248
  204  205
  204  247
  205  297
  205 2349
  206  250
  206  207
  206  249
  207  251
  207  208
  207  250
  208  252
  208  251
  208  209
  209  300
  209  253
  209  252
  211  255
  212  255
  213  256
  213  255
  214  258
  214  256
  215  259
  215  258
  215 2350
  216  260
  216  259
  217  261
  217  218
  218 2358
  219  263
  219  264
  219 2358
  219  262
  220  221
  221  265
  221  222
  222  266
  222  265
  223  224
  224  269
  225  226
  225  271
  226  274
  226  273
  226  272
  227  275
  228  276
  228  229
  228  275
  229  277
  229  276
  230  277
  232  279
  232  233
  232  278
  233  280
  233  279
  233  234
  234  281
  234  280
  236  283
  236  282
  237  284
  237  283
  238  239
  238  285
  239  240
  240  330
  240  286
  240  241
  240  285
  241  288
  241  242
  242  288
  243  289
  246  247
  246  294
  246  293
  247  339
  247  338
  247  294
  247  295
  248  340
  248  296
  249  298
  249  250
  249  297
  249 2349
  250  251
  250  298
  251  252
  252  299
  253  300
  255  302
  255  303
  256  304
  256  257
  257  305
  257  304
  257  258
  258  305
  258  259
  259  308
  259  260
  259  307
  260  308
  260  309
  261  310
  261  309
  261  262
  262 2358
  263  312
  263  264
  263  311
  264  312
  264  313
  265  314
  265  266
  265  313
  266  315
  266  314
  267  315
  267 2353
  268 2353
  268  269
  269  316
  269  270
  270  318
  270  271
  270  317
  271  318
  271  272
  272  319
  272  273
  272  318
  273  274
  273  319
  274  275
  275  322
  275  321
  276  322
  276  277
  277  323
  277  278
  277  322
  279  326
  279  325
  279  280
  280  326
  281  327
  281  282
  281  326
  282  372
  283  372
  283  284
  284  373
  284  328
  284  372
  285  328
  286  376
  286  287
  286  330
  287  331
  287  332
  287  288
  288  333
  288  289
  289  290
  290  291
  290  334
  291  336
  291  335
  291  292
  292  293
  292  337
  294  338
  295  340
  295  339
  297  342
  297  341
  298  343
  298  342
  299  344
  299  343
  300  345
  300  344
  303  347
  303  346
  303  304
  304  348
  304  347
  304  305
  305  348
  305  306
  306  350
  306  307
  306  349
  307  351
  307  350
  307  308
  308  352
  308  351
  309  354
  309  310
  310  311
  311  356
  311  355
  311  312
  312  357
  312  356
  313  314
  314  359
  314  358
  315  401
  315  360
  316  317
  316  361
  316  360
  317  361
  318 2363
  318  363
  318  362
  318  319
  319  405
  319  364
  320  365
  321  365
  322 2373
  322  323
  322  366
  322  408
  323  367
  323  368
  323  324
  324  325
  324  369
  325  369
  325  370
  325  326
  326  371
  326  370
  328  329
  329  330
  329  374
  330  375
  331  419
  331  332
  331  377
  331  376
  332  377
  332  333
  333  378
  333  334
  334  379
  334  378
  335  380
  335  336
  335  379
  336  424
  336  381
  336  380
  337  338
  337  381
  338  339
  338  382
  339  427
  339  384
  339  383
  340  341
  341  342
  341  385
  342  430
  342  386
  342  385
  342  343
  343  387
  343  386
  344  432
  344  388
  344  387
  345  388
  347  435
  347  391
  347  390
  347  348
  348  391
  348  349
  349  437
  350  393
  350  394
  351  395
  351  352
  351  394
  352  395
  352  353
  353  439
  353  396
  353  354
  354  355
  355  398
  355  397
  356  357
  356  399
  356  398
  357  358
  358  400
  358  359
  358  399
  359  444
  359  401
  361  362
  361  402
  361  403
  363  404
  363  405
  363 2363
  364  449
  364  406
  365  407
  365  406
  366  452
  366  409
  366  408
  366  367
  367  410
  367  409
  369  411
  369  370
  369  410
  370  412
  370  411
  371  372
  372  414
  372  373
  373  415
  373  414
  374  417
  374  375
  374  416
  375  417
  375  376
  376  417
  377  421
  377  378
  377  419
  378  422
  378  421
  380  424
  380  423
  381  425
  382  383
  382  426
  382  425
  383  426
  383  427
  384  429
  384  385
  385  430
  385  429
  386  431
  386  430
  387  431
  388  475
  388  433
  390  435
  391  392
  391  435
  392  481
  392  437
  393  438
  393  394
  393  437
  394  482
  394  395
  395  483
  395  439
  395  482
  396  440
  396  397
  398  399
  398  441
  399  442
  399  400
  400  489
  400  444
  400  443
  401  445
  401  444
  402  403
  402  446
  402  445
  403 2364
  403  446
  404 2363
  404  448
  404  495
  404  447
  405 2375
  405  449
  406  407
  407  408
  407 2373
  407  450
  408  451
  408  452
  409  453
  409  452
  409  454
  411  456
  411  455
  411  412
  412  457
  412  413
  412  456
  413  414
  414  459
  414  458
  415  460
  415  416
  415  459
  417  418
  417  462
  418  464
  418  463
  418  419
  419  464
  419  420
  420  465
  420  421
  420  464
  421  465
  422  466
  422  423
  423  424
  424  467
  424  468
  425  468
  426  470
  426  427
  426  469
  427  470
  427  428
  428  429
  428  471
  428  472
  428  470
  429  430
  429  472
  430  474
  430  431
  431 2351
  431  474
  432  475
  432 2351
  433  475
  434  435
  434  478
  435  436
  435  478
  437  438
  438  529
  438  482
  439  484
  439  440
  439  483
  440  441
  441  486
  441  442
  442  487
  442  443
  443  535
  443  489
  443  488
  444  490
  444  491
  446 2364
  446  493
  446  492
  446  447
  447  495
  447  493
  447 2363
  448 2375
  448  495
  449 2374
  449  496
  450  451
  450  496
  451  497
  452  546
  452  545
  452  453
  453  499
  453  546
  454  455
  455  456
  455  501
  456  502
  456  501
  457  503
  458  459
  458  503
  459  505
  459  460
  459  504
  460  461
  461  506
  461  462
  462  507
  462  463
  463  464
  463  508
  464  511
  464  510
  465  512
  466  513
  466  512
  467  515
  467  468
  467  513
  468  469
  469  563
  469  516
  469  470
  469  515
  470  517
  470  563
  471  472
  471  517
  472  518
  472  473
  473  474
  473  519
  474 2351
  475  522
  475  476
  475 2351
  476  522
  478  524
  478  525
  479  480
  480  481
  480  526
  480  525
  480  527
  482  530
  482  483
  483  531
  483  484
  484  532
  484  485
  484  578
  484  531
  485  533
  485  486
  486  487
  487  534
  487  488
  488  535
  488  534
  489  536
  489  490
  490  537
  491  492
  492  538
  493  539
  493  494
  494  495
  494  540
  494  539
  495  541
  495 2375
  496  543
  497  498
  497  543
  498  544
  498  545
  499  500
  499  548
  500  501
  501  502
  501  550
  501  549
  502  551
  502  503
  503  504
  504  551
  504  505
  505  596
  505  553
  505  552
  506  554
  506  553
  507  508
  507  554
  508  509
  508  555
  509  556
  509  557
  509  510
  510  511
  511  558
  511  512
  511  557
  512  560
  512  513
  513  514
  514  561
  514  560
  514  515
  516  606
  516  563
  516  562
  517  564
  517  563
  518  565
  519  566
  520 2351
  520  567
  521  611
  521  569
  521 2351
  522  570
  524  572
  524  525
  525  572
  526  574
  526  616
  526  527
  526  573
  527  574
  527  528
  528  618
  528  574
  528  529
  529  618
  530  575
  531  577
  531  576
  532  579
  532  578
  533  534
  533  579
  534  535
  534  581
  534  580
  535  581
  535  582
  535  536
  536  583
  536  537
  537  538
  537  584
  538  539
  539  540
  539  585
  540  541
  540  586
  540  585
  541  587
  541  586
  542 2374
  542  587
  542  543
  543  588
  543  544
  544  590
  544  545
  544  589
  545  546
  546  591
  546  547
  546  590
  547  592
  547  548
  548  549
  549  550
  549  592
  550  595
  550  594
  551  595
  551  552
  552  596
  552  640
  553  554
  554  597
  554  555
  555  598
  555  556
  555  597
  556  598
  556  599
  557  600
  557  558
  557  599
  558  601
  558  600
  558  559
  559  602
  559  601
  560  561
  560  602
  561  605
  561  604
  561  603
  561  562
  562  606
  563  607
  563  606
  564  608
  564  565
  565  609
  565  566
  566  610
  566  609
  567  657
  567  568
  567  610
  568  657
  568  611
  568 2352
  569  612
  569  570
  569  611
  570  612
  571  615
  572  615
  572  573
  573  616
  573  615
  574  617
  574  618
  575  664
  575  576
  575  619
  575  618
  576  619
  576  620
  577  621
  577  578
  577  620
  578  622
  578  579
  578  621
  579  580
  579  622
  579  624
  579  623
  580  625
  580  581
  581  626
  581  582
  582  627
  582  626
  582  583
  583  628
  583  672
  583  584
  583  627
  584  629
  584  585
  584  628
  585  630
  585  629
  585  586
  586  631
  587  588
  588  632
  588  589
  589  634
  589  633
  590  635
  590  634
  591  636
  591  592
  591  635
  592  593
  593  638
  593  637
  593  594
  594  595
  594  638
  595  640
  596  641
  596  686
  596  640
  597  598
  597  643
  597  641
  598  599
  598  643
  599  644
  599  645
  599  600
  600  646
  600  645
  600  601
  601  648
  601  602
  601  646
  602  693
  602  649
  602  603
  604  650
  604  605
  605  697
  605  652
  605  651
  605  606
  606  653
  606  652
  607  608
  607  653
  608  654
  608  609
  608  653
  609  655
  609  610
  609  654
  610  657
  610  656
  611  612
  611  657
  612  658
  613  658
  614  615
  614  661
  615  616
  616  662
  616  617
  617  663
  617  618
  618  664
  619  665
  620  665
  620  666
  621  666
  621  622
  622  667
  622  623
  623  624
  623  667
  624  625
  624  668
  624  669
  625  626
  625  669
  625  671
  626  671
  627  672
  627  671
  628  673
  628  720
  628  629
  628  672
  629  630
  629  673
  630  674
  630  723
  630  675
  630  631
  631  676
  631  675
  632  677
  632  633
  632  676
  633  678
  634  727
  634  679
  634  678
  635  728
  635  680
  635  636
  635  679
  636  681
  636  637
  636  680
  637  682
  637  638
  638  683
  638  639
  638  682
  639  684
  639  683
  640  686
  640  684
  641  642
  642  643
  642  687
  642  689
  642  688
  643  736
  643  690
  643  689
  645  691
  645  690
  645  646
  646  692
  646  691
  647  692
  647  648
  648  692
  649  694
  649  650
  649  693
  650  695
  650  694
  650  651
  651  696
  651  697
  651  695
  652  698
  652  697
  653  699
  653  698
  654  701
  654  700
  655  747
  655  702
  656  703
  657  704
  657  703
  658  705
  658  704
  659  705
  661  707
  661  709
  663  710
  664  711
  665  712
  665  711
  666  714
  666  713
  667  668
  667  714
  668  715
  668  669
  668  714
  669  670
  669  715
  670  717
  670  671
  671  717
  671  672
  672  719
  672  718
  673  674
  673  720
  674  722
  674  723
  674  721
  675  770
  675  724
  675  676
  675  723
  676  725
  676  724
  676  677
  677  772
  677  678
  677  726
  677  725
  678  773
  678  727
  679  728
  679  727
  680  775
  680  681
  680  728
  681  776
  681  730
  681  729
  681  682
  682  731
  682  683
  683  684
  684  732
  684  731
  684  685
  685  781
  685  733
  685  686
  685  732
  686  734
  686  687
  686  733
  687  782
  687  735
  687  734
  687  688
  689  784
  689  736
  689  735
  690  737
  690  691
  690  785
  691  692
  691  737
  691  739
  692  693
  693  740
  693  739
  693  694
  694  741
  694  740
  695  741
  696  743
  696  697
  696  742
  697  743
  697  698
  698  745
  698  744
  699  795
  699  746
  699  700
  700  746
  701  796
  701  747
  701  746
  702  748
  702  703
  702  747
  703  797
  703  749
  703  748
  705  751
  705  750
  705  749
  707  708
  707  753
  708  753
  708  709
  708  754
  709  803
  709  710
  709  754
  710  803
  710  755
  711  756
  711  755
  712  757
  712  713
  712  756
  713  757
  713  758
  714  759
  714  715
  714  758
  715  761
  715  759
  715  716
  716  717
  717  762
  717  763
  717  761
  718  719
  719  814
  719  765
  719  764
  720  765
  721  767
  721  765
  721  766
  721  722
  722  768
  722  723
  723  770
  723  768
  725  771
  725  772
  725  770
  726  820
  726  773
  726  772
  727  774
  727  728
  728  774
  729  775
  730  731
  730  776
  731  779
  731  732
  731  778
  732  779
  732  781
  733  782
  733  734
  735  784
  735  782
  736  785
  736  784
  737  786
  737  785
  738  833
  738  739
  738  786
  739  789
  739  787
  739  740
  740  741
  740  789
  741  742
  741  790
  742  791
  742  743
  743  838
  743  793
  743  792
  744  794
  744  745
  745  795
  745  794
  746  795
  747  842
  747  748
  747  796
  748  797
  749  798
  749  750
  749  797
  750  845
  750  799
  750  798
  752  801
  753  801
  754  803
  754  802
  754  801
  755  850
  755  804
  755  756
  755  803
  756  805
  756  757
  757  807
  757  806
  758  808
  758  807
  758  759
  759  760
  760  809
  760  761
  760  810
  760  808
  761  810
  761  811
  761  762
  762  812
  762  811
  763  812
  763  764
  764  814
  764  812
  765  814
  766  860
  766  767
  766  815
  766  814
  767  815
  767  816
  767  768
  769  863
  769  817
  769  770
  769  816
  770  817
  770  818
  770  771
  772  866
  772  819
  773  821
  773  774
  773  820
  774  869
  774  822
  774  821
  775  823
  775  776
  775  822
  776  823
  776  824
  776  777
  777  825
  777  778
  777  824
  778  825
  778  779
  779  826
  779  825
  780  827
  780  826
  780  781
  781  828
  781  782
  782  829
  782  783
  782  830
  782  828
  783  830
  783  831
  783  784
  784  785
  785  832
  785  831
  787  834
  787  788
  787  833
  789  835
  789  790
  789  834
  790  835
  790  836
  791  836
  791  792
  792  838
  792  837
  792  836
  793  887
  793  839
  793  794
  793  838
  794  839
  794  795
  795  840
  796  890
  796  841
  797  798
  797  843
  798  844
  799  845
  801  847
  801  848
  801  802
  802  803
  802  848
  803  850
  804  900
  805  851
  805  900
  806  851
  806  852
  807  852
  807  853
  807  808
  808  809
  808  853
  809  810
  809  855
  809  853
  810  856
  810  855
  812  857
  812  813
  813  859
  813  814
  813  857
  814  860
  815  862
  815  816
  815  860
  816  862
  816  863
  817  818
  817  864
  817  863
  818  865
  818  864
  818  819
  819  866
  819  865
  820  867
  820  821
  820  866
  821  868
  821  867
  822  871
  822  823
  822  869
  823  872
  823  871
  824  873
  824  825
  825  874
  825  826
  826  875
  826  827
  827  876
  827  875
  827  828
  828  829
  828  877
  829  878
  829  877
  830  879
  830  831
  831  880
  831  832
  831  879
  832  880
  832  833
  833  881
  833  834
  833  880
  834  927
  834  882
  834  881
  834  835
  835  836
  835  882
  836  837
  836  883
  836  884
  837  885
  837  886
  838  887
  839  935
  839  888
  839  887
  840  890
  840  889
  840  935
  841  891
  841  890
  842  891
  843  892
  843  891
  845  894
  845  893
  846  894
  847  848
  847  897
  848  849
  849  898
  850  899
  851  901
  851  902
  852  950
  852  902
  853  904
  853  854
  853  903
  854  952
  854  905
  854  904
  855  906
  855  856
  856  906
  856  857
  857  954
  857  858
  857  907
  857  906
  858  956
  858  859
  859  908
  860  957
  860  908
  861  910
  861  909
  862  911
  862  863
  863  911
  864  961
  864  865
  864  911
  865  912
  865  913
  866  867
  867  913
  867  914
  868  964
  868  915
  868  914
  870  965
  870  916
  870  915
  871  916
  871  872
  871  917
  872  873
  872  918
  873  919
  873  874
  874  875
  874  919
  875  876
  875  919
  876  922
  876  877
  876  921
  877  922
  878  923
  878  879
  878  922
  879  880
  879  923
  880  881
  880  924
  881  925
  881  926
  882  883
  882  929
  882  927
  883  930
  883  978
  883  929
  883  884
  884  885
  884  930
  885  931
  885  932
  886  887
  886  933
  887  888
  888  934
  888  933
  889  935
  889  890
  890  936
  891  938
  891  937
  892  939
  892  893
  893  940
  893  894
  893  939
  894  942
  894  941
  897  989
  897  943
  898  899
  898  944
  899  945
  899  947
  899  946
  900  947
  901  949
  902  995
  902  949
  903  996
  903  951
  903  904
  903  950
  904  951
  905  953
  905  906
  905  952
  906  953
  907  956
  907  955
  907  954
  908  957
  908  956
  909  958
  909  910
  909  957
  910  959
  910  911
  910  958
  911  961
  911  959
  912  962
  912  913
  913  962
  913  963
  913  914
  914  964
  914 1008
  915  965
  915  964
  916  917
  916  965
  917  966
  917  967
  917  918
  918  968
  918  919
  918  969
  918  967
  919  920
  920  970
  920  969
  920  921
  921  922
  921  972
  921  970
  922  973
  922  923
  924  974
  924  973
  924  925
  925  975
  925  926
  925  974
  926 1020
  926  976
  926  975
  927  928
  928  977
  928  976
  930 1023
  930  979
  930  978
  931  932
  932  980
  932  933
  932  979
  933  981
  933  980
  933  934
  934  982
  934  981
  935  982
  935  936
  936 2366
  936  937
  936  983
  937  938
  937 2366
  938 1029
  938  984
  939 1030
  939  985
  939  984
  940  985
  940  941
  941  987
  941  986
  941  985
  943  989
  944  990
  944  991
  944  945
  944  989
  945  991
  946  947
  946  992
  946  991
  947  992
  947  948
  948  949
  948  993
  948  992
  949  993
  950  995
  951 1042
  951 1041
  951  952
  951  996
  952  997
  952  998
  952  953
  953  999
  953  954
  953 1043
  954 1000
  954  999
  954  955
  955 1001
  955 1046
  955 1000
  956 1002
  956  957
  956 1001
  957  958
  958 1049
  958  959
  958 1002
  959 1003
  959 1005
  960 1005
  960  961
  961 1006
  961  962
  961 1005
  962  963
  962 1007
  963 1007
  964  965
  964 1008
  965 1009
  965 1010
  966 1011
  966  967
  967 1012
  967  968
  968 1014
  968  969
  968 1012
  969  970
  970 1015
  970 1016
  970 1014
  971  972
  972  973
  972 1016
  972 1018
  973 1018
  973  974
  974  975
  974 1018
  975 1019
  976  977
  976 1022
  976 1020
  977 1022
  977  978
  978 1022
  979 1073
  979 1024
  979  980
  979 1023
  980  981
  980 1024
  981 1025
  981 1026
  982 1028
  982 1027
  983 1028
  983 2366
  984 1030
  984 1029
  985 2355
  985 1031
  985  986
  985 1030
  986 1032
  987 1032
  989 1035
  989 1034
  990 1036
  990 1035
  991 1037
  991 1036
  992 1038
  992 1037
  993 1039
  993  994
  993 1038
  994 1089
  994 1039
  994  995
  994 1040
  995 1040
  995  996
  996 1041
  996 1040
  998 1042
  999 1000
  999 1043
 1000 1046
 1000 1044
 1001 1002
 1001 1046
 1002 1047
 1002 1048
 1002 1049
 1003 1050
 1003 1004
 1003 1049
 1004 1051
 1004 1005
 1004 1050
 1005 1006
 1005 1051
 1006 1007
 1006 1052
 1006 1101
 1006 1053
 1007 1053
 1007 1054
 1008 1056
 1008 1054
 1008 1009
 1009 1010
 1010 1058
 1010 1057
 1010 1011
 1010 1056
 1011 1108
 1011 1059
 1011 1012
 1011 1058
 1013 1060
 1013 1059
 1013 1014
 1014 1061
 1014 1060
 1014 1015
 1015 1061
 1016 1063
 1016 1062
 1016 1017
 1017 1064
 1017 1018
 1017 1063
 1018 1067
 1018 1065
 1018 1019
 1019 1020
 1019 1067
 1020 1068
 1020 1021
 1021 1071
 1021 1070
 1021 1022
 1021 1069
 1022 1072
 1022 1023
 1023 1073
 1023 1072
 1024 1074
 1024 1120
 1025 1075
 1025 1074
 1025 1026
 1026 1121
 1026 1027
 1026 1076
 1027 1077
 1027 1076
 1028 1077
 1028 1078
 1029 1079
 1029 1030
 1030 2355
 1031 1082
 1031 1032
 1031 2355
 1032 1083
 1032 1082
 1034 1085
 1035 1131
 1035 1085
 1035 1086
 1036 1131
 1036 1087
 1037 1088
 1037 1087
 1038 1088
 1038 1039
 1039 1134
 1039 1089
 1040 1135
 1040 1041
 1041 1092
 1041 1042
 1041 1091
 1042 1043
 1043 1094
 1043 1093
 1043 1092
 1043 1044
 1044 1045
 1044 1095
 1045 1095
 1045 1096
 1045 1046
 1046 1096
 1047 1097
 1049 1097
 1049 1098
 1049 1050
 1050 1144
 1050 1099
 1050 1098
 1051 1052
 1051 1100
 1052 1101
 1052 1100
 1053 1054
 1053 1103
 1053 1101
 1054 1103
 1055 1105
 1055 1104
 1055 1056
 1055 1103
 1056 1150
 1056 1105
 1056 1106
 1056 1057
 1057 1106
 1058 1152
 1058 1151
 1058 1108
 1058 1107
 1059 1109
 1059 1060
 1059 1108
 1060 1155
 1060 1109
 1060 1110
 1061 1111
 1061 1062
 1062 1063
 1062 1112
 1062 1111
 1063 1112
 1064 1112
 1064 1159
 1064 1113
 1066 1160
 1066 1113
 1066 1114
 1066 1067
 1067 1115
 1067 1114
 1069 1162
 1069 1116
 1069 1070
 1069 1115
 1070 1117
 1070 1116
 1071 1072
 1072 1073
 1072 1117
 1073 1119
 1073 1118
 1073 1120
 1074 1120
 1074 1167
 1074 1121
 1076 1122
 1076 1121
 1077 1123
 1077 1122
 1078 1123
 1078 1124
 1079 2365
 1079 1126
 1080 1127
 1080 2355
 1081 1128
 1081 2357
 1081 2355
 1082 1129
 1085 1177
 1085 1130
 1086 1177
 1087 1178
 1087 1132
 1088 1134
 1088 1132
 1088 1133
 1089 1181
 1089 1135
 1090 1136
 1090 1135
 1091 1183
 1091 1092
 1091 1137
 1092 1093
 1093 1138
 1093 1137
 1094 1186
 1094 1139
 1094 1138
 1094 1095
 1095 1096
 1095 1139
 1096 1141
 1096 1140
 1096 1097
 1097 1142
 1097 1143
 1097 1141
 1097 1098
 1098 1143
 1099 1145
 1099 1100
 1099 1144
 1100 1101
 1100 1146
 1101 1146
 1101 1102
 1102 1103
 1102 1146
 1103 1148
 1103 1147
 1104 1148
 1104 1149
 1105 1150
 1106 1198
 1106 1151
 1106 1150
 1107 1151
 1108 1154
 1108 1109
 1108 1152
 1109 1202
 1109 1154
 1110 1156
 1110 1111
 1110 1155
 1111 1158
 1111 1112
 1111 1156
 1112 1159
 1112 1158
 1113 1160
 1113 1159
 1114 1161
 1114 1115
 1114 1160
 1115 1162
 1115 1161
 1116 1117
 1116 1164
 1116 1162
 1117 1118
 1118 1119
 1118 1165
 1118 1166
 1118 1164
 1119 1120
 1120 1214
 1120 1166
 1120 1167
 1121 1122
 1121 1168
 1121 1167
 1122 1169
 1123 1170
 1123 1169
 1124 1171
 1124 1170
 1124 1125
 1124 2365
 1125 1172
 1125 1126
 1125 1171
 1126 1172
 1126 1127
 1127 2357
 1127 1173
 1127 1172
 1128 2357
 1128 1174
 1128 1129
 1128 1173
 1129 1174
 1130 1177
 1131 1178
 1131 1177
 1132 1133
 1132 1179
 1133 1134
 1133 1180
 1134 1181
 1134 1228
 1135 1230
 1135 1136
 1135 1182
 1136 1182
 1136 1183
 1137 1184
 1137 1138
 1137 1183
 1138 1184
 1138 1186
 1139 1187
 1139 1186
 1140 1141
 1140 1188
 1141 1190
 1141 1188
 1141 1142
 1142 1143
 1142 1191
 1142 1190
 1143 1239
 1143 1192
 1143 1144
 1144 1145
 1145 1194
 1145 1146
 1145 1192
 1146 1194
 1147 1194
 1147 1195
 1147 1148
 1148 1149
 1148 1197
 1148 1195
 1149 1197
 1149 1150
 1150 1198
 1150 1197
 1151 1199
 1151 1198
 1152 1153
 1153 1200
 1154 1202
 1154 1200
 1155 1203
 1155 1202
 1156 1204
 1156 1157
 1157 1158
 1158 1205
 1158 1159
 1159 1160
 1159 1205
 1160 1208
 1160 1161
 1160 1206
 1161 1208
 1162 1163
 1162 1208
 1163 1164
 1163 1210
 1163 1211
 1163 1209
 1164 1212
 1164 1165
 1164 1211
 1165 1212
 1165 1166
 1166 1213
 1166 1214
 1167 1168
 1167 1214
 1168 1216
 1168 1215
 1168 1217
 1168 1169
 1169 1218
 1169 1217
 1170 1218
 1170 1219
 1171 1172
 1171 1219
 1172 1173
 1172 1220
 1173 1222
 1173 1174
 1173 2357
 1174 1175
 1175 1222
 1176 1225
 1178 1225
 1179 1227
 1180 1228
 1180 1227
 1181 1230
 1181 1229
 1182 1183
 1182 1231
 1183 1231
 1183 1184
 1184 1233
 1184 1232
 1185 1233
 1186 1234
 1186 1187
 1187 1188
 1187 1234
 1188 1281
 1188 1235
 1188 1236
 1189 1236
 1189 1190
 1190 1237
 1190 1191
 1190 1236
 1191 1238
 1191 1237
 1192 1240
 1192 1193
 1192 1239
 1193 1194
 1193 1241
 1194 1241
 1194 1243
 1194 1195
 1195 1244
 1195 1243
 1196 1197
 1197 1289
 1197 1198
 1197 1246
 1198 1246
 1198 1247
 1199 1248
 1199 1200
 1200 1201
 1201 1249
 1201 1248
 1202 1250
 1202 1203
 1202 1249
 1203 1250
 1203 1204
 1204 1205
 1204 1250
 1205 1206
 1205 1251
 1206 1252
 1206 1207
 1207 1255
 1207 1208
 1207 1254
 1207 1253
 1208 1255
 1209 1210
 1210 1257
 1210 1256
 1211 1303
 1211 1257
 1211 1258
 1211 1212
 1212 1213
 1213 1214
 1213 1258
 1213 1259
 1213 1260
 1214 1260
 1214 1261
 1215 1306
 1215 1216
 1215 1261
 1215 1262
 1216 1262
 1216 1263
 1217 1263
 1218 1309
 1218 1264
 1219 1265
 1219 1264
 1220 1267
 1220 1266
 1221 1268
 1221 1267
 1222 1315
 1222 1269
 1222 1268
 1224 1271
 1224 1225
 1225 1271
 1225 1226
 1225 1272
 1226 1273
 1226 1227
 1226 1272
 1227 1274
 1227 1273
 1228 1322
 1228 1274
 1229 1275
 1230 1276
 1230 1275
 1231 1324
 1231 1232
 1231 1277
 1231 1276
 1232 1278
 1232 1233
 1233 1234
 1234 1279
 1234 1235
 1234 1280
 1234 1278
 1235 1281
 1235 1280
 1236 1281
 1237 1283
 1237 1281
 1237 1238
 1238 1284
 1238 1283
 1239 1285
 1239 1240
 1240 1241
 1240 1285
 1241 1286
 1241 1285
 1242 1335
 1242 1287
 1242 1243
 1242 1286
 1243 1287
 1243 1288
 1244 1245
 1244 1288
 1245 1289
 1245 1288
 1246 1247
 1246 1289
 1247 1292
 1247 1248
 1247 1291
 1247 1290
 1248 1292
 1248 1293
 1248 1249
 1249 1250
 1250 1293
 1250 1295
 1250 1251
 1251 1252
 1251 1296
 1251 1295
 1252 1297
 1253 1298
 1253 1254
 1254 1255
 1255 1299
 1255 1300
 1255 1256
 1255 1298
 1256 1300
 1256 1301
 1256 1257
 1257 1302
 1257 1301
 1258 1304
 1258 1259
 1258 1352
 1258 1303
 1259 1353
 1259 1304
 1259 1305
 1260 1305
 1261 1306
 1262 1308
 1262 1263
 1262 1306
 1263 1309
 1263 1308
 1264 1311
 1264 1310
 1265 1312
 1265 1266
 1265 1311
 1266 1312
 1266 1267
 1267 1313
 1267 1268
 1268 1315
 1269 1315
 1271 1317
 1272 1319
 1273 1319
 1274 1321
 1275 1370
 1275 1323
 1275 1322
 1276 1323
 1276 1324
 1277 1278
 1277 1325
 1277 1326
 1277 1324
 1278 1326
 1278 1279
 1279 1375
 1279 1280
 1279 1328
 1280 1376
 1280 1329
 1280 1281
 1281 1330
 1281 1329
 1283 1379
 1283 1331
 1283 1284
 1283 1330
 1284 1333
 1284 1332
 1284 1285
 1284 1331
 1285 1334
 1285 1286
 1286 1335
 1287 1336
 1287 1288
 1287 1337
 1288 1289
 1288 1338
 1289 1338
 1289 1339
 1290 1291
 1291 1292
 1291 1340
 1291 1339
 1292 1389
 1292 1342
 1292 1293
 1293 1344
 1293 1294
 1293 1342
 1294 1295
 1294 1344
 1295 1344
 1295 1345
 1296 1347
 1296 1345
 1296 1297
 1297 1348
 1297 1298
 1297 1347
 1298 1299
 1299 1348
 1299 1349
 1300 1349
 1301 1302
 1301 1349
 1302 1351
 1302 1350
 1303 1351
 1304 1400
 1304 1353
 1305 1355
 1305 1354
 1305 1306
 1305 1353
 1306 1307
 1306 1355
 1307 1357
 1307 1308
 1308 1404
 1308 1358
 1308 1309
 1309 1358
 1309 1310
 1310 1311
 1310 1358
 1311 1359
 1312 1361
 1312 1360
 1313 1361
 1313 1362
 1315 1363
 1316 1364
 1317 1318
 1318 1367
 1318 1413
 1318 1366
 1318 1319
 1319 1367
 1319 1320
 1320 1321
 1320 1368
 1320 1367
 1321 1322
 1321 1368
 1321 1370
 1321 1369
 1322 1370
 1323 1372
 1323 1371
 1324 1373
 1324 1325
 1324 1372
 1325 1326
 1326 1373
 1327 1374
 1327 1375
 1328 1376
 1329 1330
 1329 1378
 1329 1376
 1330 1378
 1330 1379
 1331 1380
 1331 1379
 1332 1380
 1332 1381
 1332 1333
 1333 1334
 1334 1381
 1335 1383
 1335 1382
 1336 1337
 1337 1383
 1337 1384
 1338 1385
 1338 1339
 1338 1384
 1339 1387
 1339 1386
 1339 1385
 1339 1340
 1340 1434
 1340 1388
 1340 1387
 1341 1388
 1341 1389
 1342 1390
 1342 1389
 1343 1391
 1343 1344
 1343 1390
 1344 1345
 1344 1392
 1345 1392
 1346 1347
 1347 1395
 1347 1393
 1347 1348
 1348 1442
 1348 1396
 1348 1395
 1348 1349
 1349 1398
 1349 1350
 1349 1396
 1350 1399
 1350 1351
 1351 1352
 1351 1400
 1353 1400
 1354 1449
 1354 1401
 1354 1355
 1355 1403
 1355 1402
 1357 1404
 1357 1403
 1358 1405
 1358 1406
 1358 1404
 1359 1407
 1359 1406
 1359 1360
 1360 1407
 1361 1454
 1361 1408
 1362 1363
 1363 1410
 1363 1364
 1363 1409
 1364 1411
 1364 1410
 1364 1365
 1366 1413
 1367 1368
 1367 1413
 1367 1414
 1367 1460
 1368 1415
 1368 1369
 1369 1370
 1370 1416
 1370 1371
 1371 1465
 1372 1417
 1372 1373
 1373 1419
 1373 1418
 1373 1374
 1374 1419
 1374 1375
 1374 1420
 1375 1420
 1375 1421
 1375 1376
 1376 1470
 1376 1422
 1377 1422
 1378 1423
 1378 1379
 1378 1422
 1379 1424
 1379 1380
 1379 1423
 1380 1381
 1380 1425
 1380 1424
 1381 1382
 1381 1426
 1382 1429
 1382 1427
 1382 1428
 1382 1383
 1383 1476
 1383 1430
 1383 1429
 1383 1384
 1384 1432
 1384 1385
 1384 1430
 1385 1432
 1386 1433
 1386 1432
 1387 1433
 1387 1434
 1388 1435
 1388 1434
 1389 1436
 1389 1390
 1389 1435
 1390 1391
 1390 1436
 1391 1437
 1391 1438
 1391 1392
 1392 1439
 1392 1393
 1392 1438
 1393 1441
 1393 1394
 1393 1439
 1394 1441
 1396 1443
 1396 1442
 1397 1398
 1398 1444
 1398 1399
 1398 1443
 1398 1445
 1399 1446
 1399 1445
 1399 1400
 1400 1401
 1400 1448
 1400 1447
 1400 1446
 1401 1449
 1401 1448
 1402 1403
 1402 1450
 1402 1449
 1403 1451
 1403 1404
 1403 1450
 1404 1405
 1405 1451
 1405 1452
 1406 1452
 1406 1453
 1407 1454
 1407 1453
 1408 1455
 1408 1409
 1408 1454
 1409 1457
 1409 1456
 1409 1455
 1409 1410
 1410 1458
 1410 1457
 1413 1460
 1413 1459
 1414 1462
 1415 1462
 1416 1463
 1417 1466
 1417 1465
 1418 1513
 1418 1466
 1419 1468
 1419 1467
 1419 1420
 1420 1515
 1420 1421
 1420 1469
 1421 1470
 1421 1516
 1422 1471
 1422 1470
 1423 1424
 1424 1425
 1424 1471
 1424 1518
 1425 1472
 1425 1473
 1426 1474
 1426 1473
 1427 1428
 1427 1475
 1427 1474
 1428 1475
 1429 1476
 1430 1477
 1430 1476
 1431 1478
 1431 1432
 1432 1480
 1432 1433
 1432 1478
 1433 1480
 1434 1480
 1434 1481
 1435 1436
 1436 1481
 1436 1437
 1437 1530
 1437 1483
 1437 1482
 1437 1438
 1438 1439
 1438 1485
 1438 1483
 1439 1485
 1440 1441
 1440 1486
 1440 1485
 1441 1488
 1441 1487
 1441 1442
 1441 1486
 1442 1488
 1442 1443
 1443 1489
 1443 1444
 1443 1490
 1443 1488
 1444 1490
 1444 1445
 1445 1492
 1445 1491
 1447 1494
 1447 1493
 1447 1448
 1448 1495
 1448 1494
 1449 1496
 1449 1450
 1450 1451
 1450 1497
 1451 1498
 1451 1452
 1451 1497
 1452 1499
 1452 1498
 1453 2369
 1453 1500
 1453 1499
 1454 1501
 1454 1500
 1455 1456
 1455 1501
 1456 1502
 1456 1457
 1457 1458
 1457 1503
 1458 1504
 1460 1551
 1460 1506
 1461 1507
 1462 1463
 1462 1508
 1463 1510
 1463 1509
 1463 1464
 1464 1465
 1464 1511
 1465 1511
 1466 1557
 1466 1513
 1466 1512
 1467 1514
 1467 1513
 1468 1515
 1469 1516
 1469 1515
 1470 1471
 1470 1516
 1471 1518
 1471 1517
 1472 1473
 1472 1518
 1473 1474
 1473 1519
 1473 1520
 1474 1566
 1474 1475
 1474 1520
 1475 1523
 1475 1566
 1475 1476
 1476 1523
 1477 1524
 1477 1478
 1477 1523
 1478 1525
 1479 1526
 1479 1480
 1480 1481
 1480 1528
 1480 1526
 1481 1528
 1481 1529
 1481 1482
 1482 1530
 1482 1529
 1483 1484
 1483 1530
 1484 1531
 1484 1532
 1484 1485
 1485 1486
 1485 1533
 1485 1578
 1486 1534
 1486 1533
 1487 1488
 1488 1535
 1488 1489
 1488 1534
 1489 1537
 1489 1490
 1490 1537
 1490 1491
 1491 1539
 1491 1538
 1492 1493
 1492 1539
 1493 1539
 1494 1541
 1494 1495
 1494 1540
 1495 1542
 1495 1541
 1495 1496
 1496 1588
 1496 1543
 1496 1497
 1496 1542
 1497 1544
 1497 1543
 1498 1545
 1498 1544
 1499 2367
 1499 1545
 1500 1546
 1500 2372
 1500 2370
 1501 1547
 1501 1546
 1502 1547
 1503 1593
 1503 1548
 1504 1549
 1506 1551
 1507 1553
 1507 1508
 1507 1552
 1507 1551
 1508 1553
 1508 1509
 1509 1554
 1509 1553
 1510 1555
 1510 1511
 1510 1554
 1511 1556
 1511 1555
 1511 1512
 1512 1557
 1512 1556
 1513 1603
 1513 1514
 1513 1557
 1514 1558
 1514 1559
 1514 1515
 1515 1560
 1515 1559
 1516 1561
 1516 1517
 1517 1562
 1517 1518
 1518 1562
 1518 1519
 1519 1564
 1519 1520
 1519 1563
 1520 1565
 1520 1564
 1521 1565
 1521 1566
 1522 1523
 1522 1567
 1522 1566
 1523 1567
 1523 1524
 1524 1614
 1524 1569
 1524 1525
 1524 1568
 1525 1570
 1525 1569
 1525 1526
 1526 1527
 1526 1570
 1527 1572
 1527 1571
 1527 1528
 1528 1529
 1528 1572
 1529 1530
 1529 1573
 1530 1575
 1530 1574
 1530 1576
 1531 1577
 1531 1532
 1532 1578
 1533 1622
 1533 1534
 1533 1579
 1533 1578
 1534 1535
 1534 1579
 1534 1580
 1535 1581
 1535 1580
 1536 1582
 1536 1581
 1537 1538
 1538 1627
 1538 1584
 1538 1539
 1538 1582
 1539 1584
 1539 1540
 1540 1628
 1540 1585
 1540 1541
 1540 1584
 1541 1542
 1541 1585
 1542 1586
 1542 1588
 1543 1633
 1543 1589
 1543 1544
 1544 1545
 1544 1589
 1545 1591
 1545 1590
 1546 2371
 1546 1637
 1546 1592
 1547 1593
 1548 1595
 1548 1594
 1548 1549
 1548 1593
 1550 1597
 1551 1597
 1552 1553
 1552 1598
 1552 1597
 1553 1599
 1553 1554
 1554 1600
 1555 1600
 1555 1556
 1556 1601
 1557 1603
 1557 1602
 1557 1601
 1558 1603
 1558 1559
 1559 1560
 1559 1605
 1559 1604
 1560 1606
 1560 1561
 1560 1605
 1561 1562
 1561 1607
 1561 1606
 1562 1608
 1562 1563
 1563 1609
 1563 1564
 1563 1608
 1564 1609
 1564 1610
 1565 1566
 1565 1610
 1566 1610
 1566 1567
 1567 1568
 1567 1612
 1567 1611
 1568 1614
 1568 1660
 1569 1615
 1569 1614
 1571 1616
 1571 1572
 1571 1615
 1572 1663
 1572 1617
 1572 1616
 1573 1618
 1573 1617
 1574 1575
 1575 1619
 1575 1618
 1576 1619
 1576 1577
 1577 1620
 1577 1578
 1578 1668
 1578 1622
 1578 1621
 1579 1580
 1579 1622
 1580 1623
 1580 1581
 1581 1671
 1581 1582
 1581 1624
 1582 1626
 1582 1625
 1582 1583
 1583 1674
 1583 1626
 1584 1676
 1584 1627
 1585 1586
 1585 1630
 1585 1628
 1586 1631
 1586 1587
 1586 1630
 1587 1631
 1587 1588
 1587 1632
 1588 1633
 1589 1680
 1589 1634
 1589 1633
 1590 1682
 1590 1591
 1591 1636
 1591 2367
 1591 1635
 1592 1686
 1592 1685
 1592 1638
 1592 1593
 1592 1637
 1593 1638
 1593 1594
 1594 1640
 1594 1639
 1595 1640
 1596 1643
 1597 1643
 1597 1644
 1598 1644
 1599 1645
 1600 1694
 1600 1695
 1600 1647
 1600 1646
 1601 1647
 1601 1648
 1601 1602
 1602 1649
 1602 1648
 1603 1604
 1604 1605
 1604 1649
 1605 1650
 1605 1606
 1606 1607
 1606 1653
 1606 1651
 1607 1653
 1608 1703
 1608 1654
 1608 1609
 1608 1653
 1609 1610
 1609 1654
 1609 1655
 1610 1657
 1610 1656
 1610 1611
 1611 1612
 1611 1658
 1611 1657
 1612 1658
 1613 1660
 1613 1658
 1614 1661
 1614 1615
 1615 1661
 1615 1662
 1616 1663
 1616 1662
 1617 1665
 1617 1618
 1617 1664
 1618 1666
 1618 1619
 1618 1665
 1619 1620
 1620 1715
 1620 1667
 1620 1666
 1620 1621
 1621 1668
 1621 1667
 1622 1623
 1622 1669
 1622 1668
 1623 1670
 1623 1624
 1624 1670
 1625 1720
 1625 1626
 1625 1672
 1625 1671
 1626 1672
 1626 1674
 1627 1676
 1627 1675
 1627 1674
 1628 1676
 1629 1677
 1629 1630
 1629 1724
 1630 2378
 1630 1631
 1630 1677
 1631 1679
 1631 2378
 1632 1680
 1632 1679
 1634 1681
 1634 1682
 1634 1680
 1635 1683
 1635 1636
 1636 2371
 1636 2368
 1636 1637
 1637 2371
 1637 1684
 1638 1687
 1638 1686
 1639 1688
 1639 1687
 1641 1688
 1642 1643
 1643 1690
 1643 1644
 1644 1692
 1644 1645
 1644 1693
 1645 1646
 1645 1693
 1646 1693
 1646 1694
 1647 1741
 1647 1697
 1647 1696
 1648 1697
 1648 1698
 1648 1649
 1649 1650
 1650 1698
 1650 1651
 1651 1701
 1651 1652
 1651 1699
 1652 1702
 1652 1653
 1653 1703
 1654 1748
 1654 1703
 1655 1705
 1655 1656
 1655 1704
 1656 1706
 1656 1657
 1657 1658
 1657 1706
 1657 1707
 1658 1709
 1658 1708
 1660 1710
 1660 1709
 1660 1661
 1661 1754
 1661 1662
 1661 1710
 1662 1711
 1662 1663
 1662 1712
 1663 1664
 1664 1713
 1664 1665
 1665 1714
 1665 1666
 1666 1714
 1667 1759
 1667 1716
 1667 1715
 1668 1716
 1669 1718
 1670 1719
 1670 1671
 1670 1718
 1671 1720
 1671 1719
 1672 1721
 1672 1720
 1673 1721
 1674 1766
 1674 1722
 1674 1721
 1675 1676
 1676 1722
 1676 1723
 1676 1724
 1677 1725
 1677 1678
 1677 1724
 1678 2378
 1679 1726
 1679 1680
 1680 1681
 1680 1726
 1680 1728
 1681 1682
 1681 1728
 1682 1729
 1682 1683
 1683 1730
 1683 1729
 1684 1731
 1684 1730
 1685 1731
 1685 1686
 1686 1687
 1687 1688
 1687 1732
 1688 1734
 1688 1733
 1688 1689
 1689 1734
 1690 1737
 1691 1692
 1692 1693
 1692 1739
 1693 1694
 1694 1740
 1695 1696
 1695 1740
 1696 1741
 1697 1742
 1697 1698
 1698 1699
 1698 1743
 1698 1742
 1699 1744
 1699 1743
 1699 1700
 1700 1701
 1700 1745
 1700 1744
 1701 1746
 1701 1745
 1701 1702
 1702 1747
 1702 1746
 1703 1747
 1704 1794
 1704 1748
 1705 1795
 1705 1750
 1706 1707
 1706 1750
 1707 1750
 1707 1751
 1708 1709
 1709 1752
 1709 1710
 1709 1751
 1710 1754
 1710 1752
 1711 1755
 1711 1754
 1712 1756
 1712 1713
 1712 1755
 1713 1758
 1713 1757
 1714 1715
 1714 1758
 1715 1758
 1715 1759
 1716 1717
 1716 1760
 1717 1762
 1717 1808
 1717 1761
 1718 1762
 1718 1719
 1719 1763
 1719 1762
 1719 1720
 1720 1721
 1720 1765
 1721 1766
 1722 1767
 1722 1723
 1722 1766
 1723 1767
 1723 1724
 1724 1768
 1725 1771
 1725 1769
 1726 2378
 1726 1772
 1726 1817
 1726 1727
 1727 1773
 1727 1772
 1727 1728
 1728 1773
 1729 1820
 1729 1821
 1729 1774
 1729 1773
 1730 1775
 1730 1774
 1731 1776
 1731 1775
 1732 1777
 1734 1826
 1734 1779
 1734 1778
 1736 1737
 1736 1781
 1737 1781
 1737 1782
 1737 1738
 1738 1782
 1739 1831
 1739 1783
 1740 1785
 1740 1784
 1741 1787
 1741 1786
 1741 1785
 1742 1787
 1742 1743
 1743 1744
 1743 1788
 1743 1787
 1744 1745
 1745 1791
 1745 1790
 1745 1746
 1746 1792
 1746 1791
 1747 1792
 1748 1793
 1748 1792
 1749 1795
 1749 1794
 1750 1751
 1750 1796
 1751 1796
 1751 1797
 1751 1752
 1752 1798
 1752 1799
 1752 1753
 1752 1797
 1753 1799
 1754 1849
 1754 1799
 1755 1800
 1756 1802
 1756 1757
 1756 1801
 1757 1803
 1757 1758
 1758 1759
 1758 1804
 1759 1804
 1759 1760
 1760 1761
 1760 1805
 1761 1806
 1762 1763
 1762 1809
 1763 1764
 1763 1810
 1764 1810
 1764 1765
 1765 1860
 1765 1766
 1765 1812
 1766 1812
 1766 1767
 1767 1768
 1768 1769
 1768 1813
 1769 1814
 1769 1770
 1770 1816
 1770 1771
 1770 1815
 1771 1817
 1771 2378
 1772 1773
 1772 1817
 1773 1820
 1773 1818
 1774 1869
 1774 1822
 1774 1821
 1775 1823
 1775 1822
 1776 1824
 1776 1823
 1776 1777
 1777 1872
 1777 1825
 1777 1824
 1778 1873
 1778 1826
 1778 1825
 1779 1826
 1780 1829
 1781 1829
 1781 1782
 1782 1783
 1782 1829
 1783 1831
 1783 1830
 1784 1832
 1784 1831
 1785 1833
 1785 1879
 1786 1879
 1786 1787
 1786 1834
 1787 1788
 1787 1834
 1788 1836
 1788 1835
 1788 1789
 1789 1790
 1789 1837
 1790 1791
 1790 1839
 1791 1792
 1791 1840
 1792 1840
 1792 1793
 1793 1842
 1793 1794
 1793 1841
 1794 1843
 1795 1796
 1795 1845
 1796 1797
 1796 1846
 1797 1846
 1797 1798
 1798 1848
 1798 1799
 1799 1848
 1800 1850
 1800 1801
 1800 1849
 1801 1851
 1802 1896
 1802 1853
 1802 1803
 1803 1804
 1804 1853
 1804 1805
 1805 1806
 1805 1854
 1806 1855
 1806 1807
 1807 1808
 1807 1857
 1807 1856
 1808 1809
 1809 1810
 1809 1858
 1809 1859
 1810 1811
 1811 1860
 1811 1859
 1812 1813
 1812 1860
 1813 1814
 1813 1861
 1814 1862
 1814 1815
 1815 1864
 1815 1863
 1816 1908
 1816 1866
 1816 1865
 1817 1866
 1817 1818
 1818 1819
 1818 1866
 1819 1867
 1819 1820
 1820 1821
 1821 1869
 1822 1870
 1822 1869
 1823 1871
 1824 1914
 1824 1871
 1825 1873
 1825 1872
 1826 1874
 1826 1873
 1829 1918
 1829 1875
 1829 1876
 1831 1877
 1831 1832
 1832 1878
 1832 1833
 1833 1879
 1833 1878
 1834 1881
 1834 1835
 1834 1879
 1835 1924
 1835 1881
 1835 1836
 1836 1837
 1837 1882
 1837 1838
 1838 1885
 1838 1839
 1838 1883
 1839 1840
 1840 1841
 1840 1886
 1841 1886
 1841 1842
 1842 1843
 1843 1844
 1843 1887
 1844 1889
 1844 1888
 1845 1890
 1845 1846
 1845 1889
 1846 1847
 1847 1891
 1847 1848
 1848 1849
 1848 1892
 1848 1891
 1849 1893
 1849 1892
 1850 1893
 1850 1851
 1851 1852
 1851 1894
 1852 1896
 1853 1897
 1853 1854
 1854 1855
 1854 1897
 1855 1856
 1855 1899
 1856 1899
 1857 1858
 1857 1901
 1858 1944
 1858 1943
 1858 1859
 1858 1902
 1859 1902
 1860 1904
 1860 1861
 1861 2376
 1861 1904
 1862 2376
 1862 1863
 1863 1906
 1864 1865
 1864 1906
 1865 1950
 1865 1908
 1866 1909
 1866 1867
 1867 1909
 1867 1868
 1868 1911
 1868 1910
 1869 1912
 1869 1911
 1869 1870
 1870 1955
 1870 1913
 1870 1871
 1870 1912
 1871 1956
 1871 1913
 1872 1915
 1872 1914
 1873 1959
 1873 1916
 1873 1915
 1875 1918
 1876 1919
 1876 1877
 1876 1918
 1877 1920
 1877 1919
 1878 1921
 1878 1879
 1878 1920
 1879 1880
 1879 1923
 1879 1921
 1880 1881
 1881 1924
 1882 1883
 1882 1924
 1883 1884
 1883 1925
 1884 1927
 1884 1885
 1885 1928
 1885 1886
 1886 1887
 1886 1928
 1887 1888
 1887 1929
 1888 1930
 1888 1931
 1889 1890
 1889 1932
 1890 1934
 1890 1891
 1890 1932
 1891 1935
 1892 1893
 1892 1935
 1893 1937
 1893 1936
 1894 1895
 1894 1937
 1895 1896
 1896 1980
 1896 1979
 1896 1897
 1897 1981
 1897 1980
 1897 1939
 1898 1939
 1898 1899
 1899 1900
 1899 1941
 1900 1942
 1901 1943
 1901 1942
 1902 1903
 1902 1944
 1903 1946
 1904 2377
 1904 2376
 1904 1946
 1905 1906
 1905 1948
 1906 1907
 1907 1950
 1908 1993
 1908 1951
 1908 1909
 1909 1952
 1909 1951
 1910 1995
 1910 1952
 1911 1996
 1911 1954
 1911 1912
 1912 1955
 1913 1955
 1914 1957
 1914 1956
 1914 1915
 1915 1958
 1916 1959
 1918 2004
 1918 1961
 1919 1963
 1919 1962
 1920 2007
 1920 1921
 1920 1963
 1921 1964
 1921 1922
 1922 1965
 1922 1923
 1922 1964
 1923 2009
 1923 1966
 1923 1924
 1924 1925
 1924 1966
 1925 1926
 1925 1967
 1926 1927
 1926 2361
 1927 1969
 1928 1969
 1928 1929
 1928 1970
 1929 1971
 1929 1970
 1930 1971
 1931 1973
 1932 1974
 1932 1933
 1932 1973
 1933 1974
 1933 1934
 1933 1975
 1934 1976
 1934 1935
 1935 1976
 1935 1936
 1936 1978
 1936 1937
 1937 2359
 1937 1978
 1938 2359
 1938 1979
 1939 1982
 1939 1981
 1940 1982
 1940 1941
 1941 1984
 1942 1984
 1942 1985
 1943 1985
 1943 1944
 1943 1986
 1944 1986
 1944 1945
 1945 1987
 1945 1946
 1946 2377
 1946 2032
 1946 1989
 1947 1948
 1947 2376
 1947 1989
 1948 1990
 1948 2376
 1949 1992
 1949 1990
 1950 1993
 1950 1992
 1951 1994
 1951 1952
 1952 1994
 1953 1996
 1953 1995
 1954 1997
 1954 1955
 1955 1956
 1955 1998
 1956 2043
 1956 1999
 1956 1998
 1957 1999
 1958 2000
 1959 2001
 1959 2000
 1960 2001
 1961 2004
 1962 2004
 1963 2007
 1963 2006
 1964 2007
 1965 2009
 1965 2008
 1966 2011
 1966 2010
 1966 2009
 1967 2011
 1968 2013
 1968 2361
 1969 2014
 1969 1970
 1969 2013
 1970 1971
 1970 2015
 1970 2014
 1971 2015
 1972 2015
 1973 2016
 1973 2017
 1973 1974
 1974 2064
 1974 2017
 1975 2066
 1975 2019
 1975 2018
 1976 2019
 1976 2020
 1976 1977
 1977 1978
 1977 2020
 1978 2022
 1978 2359
 1979 1980
 1979 2024
 1980 2025
 1980 1981
 1981 2025
 1982 2026
 1982 2025
 1983 2026
 1983 1984
 1984 2028
 1985 2076
 1985 2029
 1985 2028
 1985 1986
 1986 2029
 1987 2030
 1987 1988
 1987 2029
 1988 2032
 1989 2033
 1989 2032
 1989 2377
 1990 2033
 1990 1991
 1991 2036
 1991 2034
 1992 2037
 1992 2036
 1992 1993
 1993 2038
 1993 1994
 1994 2039
 1994 2038
 1995 2040
 1995 2039
 1996 1997
 1996 2360
 1997 2042
 1998 2043
 1998 2042
 1999 2044
 1999 2000
 2000 2046
 2000 2045
 2001 2047
 2001 2046
 2003 2049
 2004 2049
 2004 2050
 2004 2005
 2005 2006
 2005 2051
 2005 2050
 2006 2051
 2006 2052
 2006 2007
 2007 2052
 2007 2008
 2008 2054
 2009 2055
 2009 2010
 2010 2011
 2010 2055
 2011 2057
 2011 2056
 2011 2361
 2012 2057
 2012 2058
 2013 2059
 2013 2014
 2013 2103
 2013 2058
 2014 2059
 2015 2061
 2015 2060
 2016 2063
 2016 2061
 2017 2064
 2017 2063
 2018 2064
 2019 2020
 2020 2021
 2020 2066
 2020 2110
 2021 2067
 2021 2068
 2022 2069
 2022 2359
 2022 2068
 2023 2069
 2023 2071
 2023 2024
 2024 2072
 2025 2073
 2025 2072
 2025 2026
 2026 2117
 2026 2074
 2026 2073
 2027 2075
 2028 2076
 2028 2075
 2029 2077
 2029 2030
 2029 2076
 2030 2078
 2030 2077
 2031 2079
 2032 2079
 2032 2033
 2033 2080
 2033 2079
 2034 2081
 2034 2035
 2035 2083
 2036 2083
 2036 2037
 2037 2038
 2037 2084
 2037 2128
 2037 2083
 2038 2084
 2038 2039
 2039 2040
 2039 2086
 2040 2130
 2040 2087
 2040 2086
 2041 2360
 2041 2088
 2042 2089
 2042 2088
 2042 2043
 2043 2044
 2043 2090
 2043 2089
 2044 2091
 2044 2090
 2044 2045
 2045 2046
 2045 2091
 2046 2093
 2046 2092
 2049 2138
 2049 2095
 2049 2094
 2050 2139
 2050 2095
 2050 2096
 2051 2052
 2051 2096
 2052 2140
 2052 2097
 2052 2096
 2053 2054
 2053 2097
 2054 2099
 2055 2100
 2055 2099
 2055 2056
 2056 2101
 2056 2057
 2057 2101
 2058 2103
 2059 2104
 2059 2103
 2060 2104
 2060 2061
 2061 2106
 2061 2105
 2062 2106
 2062 2063
 2063 2108
 2063 2064
 2064 2065
 2064 2108
 2066 2156
 2066 2155
 2066 2109
 2066 2110
 2067 2157
 2067 2110
 2068 2112
 2068 2113
 2068 2069
 2069 2359
 2069 2113
 2070 2071
 2071 2115
 2071 2072
 2072 2115
 2072 2073
 2073 2117
 2074 2118
 2074 2117
 2075 2120
 2075 2076
 2075 2119
 2076 2362
 2076 2120
 2077 2078
 2077 2122
 2077 2121
 2078 2124
 2079 2124
 2079 2125
 2079 2080
 2080 2125
 2080 2081
 2081 2126
 2081 2125
 2082 2127
 2082 2126
 2083 2354
 2083 2127
 2084 2085
 2084 2128
 2085 2086
 2086 2130
 2086 2129
 2087 2088
 2087 2130
 2088 2132
 2088 2089
 2089 2178
 2089 2132
 2089 2090
 2090 2091
 2091 2134
 2091 2133
 2092 2135
 2093 2135
 2094 2138
 2095 2139
 2096 2140
 2096 2139
 2097 2141
 2097 2140
 2098 2099
 2098 2141
 2099 2100
 2099 2143
 2100 2101
 2100 2143
 2101 2102
 2101 2146
 2101 2145
 2102 2103
 2103 2104
 2103 2147
 2104 2149
 2104 2147
 2104 2105
 2105 2150
 2105 2106
 2106 2193
 2106 2151
 2106 2150
 2107 2152
 2108 2109
 2108 2152
 2108 2153
 2109 2153
 2109 2155
 2110 2156
 2111 2158
 2111 2157
 2112 2113
 2112 2159
 2112 2158
 2113 2159
 2113 2114
 2114 2159
 2115 2161
 2115 2160
 2115 2116
 2116 2162
 2116 2117
 2116 2161
 2117 2162
 2117 2118
 2119 2164
 2119 2163
 2120 2362
 2120 2164
 2121 2122
 2121 2362
 2122 2208
 2122 2123
 2122 2165
 2123 2167
 2124 2168
 2124 2167
 2124 2125
 2125 2170
 2125 2126
 2125 2168
 2126 2170
 2127 2172
 2127 2171
 2128 2173
 2128 2129
 2128 2172
 2129 2174
 2129 2215
 2129 2173
 2130 2131
 2130 2175
 2130 2174
 2131 2177
 2132 2178
 2132 2177
 2133 2179
 2133 2178
 2133 2134
 2134 2135
 2134 2181
 2134 2180
 2135 2182
 2135 2181
 2138 2184
 2138 2183
 2139 2226
 2139 2185
 2139 2184
 2140 2186
 2140 2141
 2141 2228
 2141 2187
 2141 2142
 2141 2186
 2142 2188
 2143 2231
 2143 2189
 2143 2144
 2143 2188
 2144 2145
 2145 2233
 2145 2146
 2146 2233
 2146 2147
 2147 2191
 2147 2148
 2148 2237
 2148 2149
 2148 2192
 2148 2191
 2150 2238
 2150 2193
 2150 2192
 2151 2194
 2151 2193
 2152 2194
 2152 2153
 2153 2195
 2153 2196
 2153 2194
 2155 2197
 2155 2196
 2156 2198
 2156 2157
 2156 2197
 2157 2198
 2158 2245
 2158 2200
 2158 2159
 2159 2200
 2159 2160
 2160 2247
 2160 2161
 2160 2201
 2161 2248
 2161 2203
 2162 2204
 2162 2203
 2163 2204
 2163 2164
 2164 2362
 2164 2206
 2165 2208
 2166 2167
 2166 2208
 2167 2210
 2167 2168
 2168 2210
 2168 2169
 2169 2212
 2169 2170
 2170 2212
 2171 2212
 2172 2259
 2172 2214
 2172 2173
 2172 2354
 2173 2214
 2175 2217
 2175 2216
 2175 2176
 2176 2177
 2176 2217
 2177 2219
 2177 2178
 2178 2221
 2178 2220
 2178 2179
 2179 2180
 2179 2221
 2180 2181
 2181 2223
 2181 2222
 2182 2223
 2184 2270
 2184 2226
 2184 2225
 2185 2186
 2185 2226
 2186 2274
 2186 2228
 2187 2188
 2187 2230
 2187 2278
 2188 2231
 2188 2230
 2189 2233
 2189 2231
 2190 2234
 2190 2191
 2190 2233
 2191 2234
 2191 2235
 2192 2237
 2193 2238
 2194 2195
 2194 2239
 2195 2240
 2195 2196
 2196 2242
 2196 2197
 2197 2243
 2197 2198
 2198 2244
 2198 2199
 2199 2245
 2200 2246
 2200 2245
 2200 2201
 2201 2247
 2202 2309
 2202 2247
 2203 2204
 2203 2248
 2204 2251
 2204 2205
 2204 2249
 2205 2206
 2206 2207
 2206 2253
 2206 2251
 2206 2362
 2207 2208
 2207 2362
 2208 2253
 2208 2209
 2209 2255
 2210 2256
 2210 2211
 2210 2255
 2211 2212
 2212 2258
 2212 2257
 2212 2213
 2212 2256
 2213 2259
 2214 2215
 2214 2260
 2214 2259
 2215 2261
 2215 2216
 2216 2217
 2217 2262
 2217 2261
 2218 2264
 2218 2262
 2218 2219
 2219 2220
 2220 2265
 2220 2264
 2220 2221
 2221 2265
 2221 2222
 2222 2267
 2222 2223
 2223 2268
 2223 2267
 2226 2272
 2226 2227
 2226 2270
 2227 2274
 2227 2272
 2228 2276
 2228 2229
 2228 2274
 2229 2278
 2229 2276
 2230 2280
 2230 2278
 2231 2232
 2231 2280
 2232 2283
 2232 2281
 2232 2233
 2233 2285
 2233 2283
 2234 2235
 2234 2285
 2235 2236
 2235 2286
 2236 2289
 2236 2287
 2236 2237
 2237 2291
 2237 2238
 2237 2289
 2238 2292
 2238 2239
 2239 2294
 2239 2240
 2239 2292
 2240 2296
 2240 2294
 2240 2241
 2241 2298
 2241 2242
 2241 2296
 2242 2300
 2242 2243
 2242 2298
 2243 2302
 2243 2300
 2243 2244
 2244 2304
 2244 2245
 2244 2302
 2245 2305
 2246 2307
 2246 2247
 2246 2305
 2247 2309
 2247 2307
 2248 2311
 2248 2249
 2248 2309
 2249 2312
 2249 2250
 2250 2314
 2250 2251
 2250 2312
 2251 2316
 2251 2314
 2251 2252
 2252 2318
 2252 2253
 2252 2316
 2253 2320
 2253 2318
 2253 2254
 2254 2322
 2254 2255
 2254 2320
 2255 2324
 2255 2256
 2255 2322
 2256 2326
 2256 2257
 2256 2324
 2257 2328
 2257 2326
 2258 2330
 2258 2259
 2258 2328
 2259 2332
 2259 2330
 2260 2334
 2260 2261
 2260 2332
 2261 2336
 2261 2334
 2261 2262
 2262 2337
 2262 2336
 2263 2339
 2263 2264
 2263 2337
 2264 2341
 2264 2339
 2265 2343
 2265 2266
 2265 2341
 2266 2345
 2266 2267
 2266 2343
 2267 2347
 2267 2345
 2267 2268
 2363 2364
 2365 2366
 2367 2368
 2367 2369
 2368 2371
 2369 2370
 2370 2371
 2374 2375
 2376 2377
