    2  128
    2   82
    3   82
    4   83
    4   82
    6   84
    6   83
    8   84
    9   86
    9   85
   10   86
   11  132
   11   88
   11   87
   13   88
   14   89
   14   90
   16  135
   16   91
   16   90
   18   92
   18   91
   19   93
   21   94
   21   93
   22   94
   23   95
   23   94
   25   95
   26   96
   27   98
   27   97
   28   98
   29   99
   29   98
   31  100
   31   99
   33  145
   33  100
   33  101
   34  102
   36  103
   36  102
   38  104
   38  103
   39  104
   40  104
   40  105
   42  151
   42  106
   42  105
   44  107
   44  106
   46  108
   46  107
   48  108
   48  109
   50  155
   50  110
   50  109
   52  110
   53  112
   53  111
   55  113
   55  112
   57  159
   57  113
   57  114
   59  114
   59  115
   61  115
   61  116
   62  116
   62  117
   64  117
   64  118
   66  119
   66  118
   67  119
   68  120
   68  119
   70  121
   70  120
   71  122
   73  123
   73  122
   75  124
   75  123
   77  125
   77  124
   79  171
   79  125
   81  128
   82  129
   82   83
   83  130
   83   84
   84   85
   85  130
   85  131
   85   86
   87  131
   87  132
   88  133
   88   89
   88  132
   89   90
   89  134
   89  179
   89  133
   90  180
   90  134
   90  135
   91   92
   92  137
   92   93
   92  136
   93  138
   93   94
   94  139
   94   95
   95  140
   95  139
   95   96
   96  140
   96   97
   97   98
   98  141
   98  143
   98   99
   99  189
   99  143
   99  100
  100  145
  100  144
  101  146
  101  102
  101  145
  102  147
  102  146
  102  103
  103  148
  103  104
  103  147
  104  105
  104  148
  105  151
  105  149
  106  152
  106  107
  107  108
  107  152
  108  153
  108  152
  108  109
  109  155
  109  153
  110  203
  110  111
  110  155
  111  157
  111  112
  111  203
  112  157
  112  113
  113  159
  113  157
  114  160
  114  115
  114  159
  115  161
  115  160
  116  117
  117  118
  117  161
  117  163
  118  164
  118  119
  119  165
  119  120
  120  166
  120  121
  121  167
  121  122
  121  166
  122  123
  123  168
  123  167
  123  124
  124  168
  124  125
  125  171
  125  170
  125  169
  126  171
  127  174
  128  175
  128  174
  128  129
  129  130
  129  175
  130  177
  130  176
  130  131
  130  175
  131  177
  131  132
  131  178
  132  178
  133  179
  133  178
  134  179
  135  136
  135  181
  135  180
  136  182
  136  137
  136  181
  137  232
  137  184
  137  138
  137  183
  137  182
  138  184
  138  185
  139  140
  140  141
  140  185
  140  186
  141  186
  141  142
  141  188
  143  189
  143  238
  143  188
  144  190
  144  145
  144  189
  145  146
  145  190
  145  191
  146  194
  147  195
  147  148
  147  194
  148  196
  148  195
  149  150
  150  198
  150  151
  150  196
  151  199
  151  152
  151  198
  152  248
  152  200
  152  153
  153  249
  153  201
  153  154
  154  201
  154  202
  154  155
  155  251
  155  203
  155  202
  156  157
  156  253
  157  204
  157  158
  158  206
  158  205
  158  159
  159  160
  160  256
  160  161
  160  208
  161  258
  161  208
  161  209
  161  162
  162  259
  162  163
  162  210
  162  209
  163  164
  163  210
  163  211
  163  212
  164  213
  164  165
  165  214
  165  213
  165  166
  166  167
  167  216
  167  215
  167  168
  167  214
  168  216
  168  169
  169  217
  169  170
  170  171
  170  217
  171  220
  171  219
  171  218
  174  221
  174  223
  174  222
  174  175
  175  225
  175  223
  175  176
  176  273
  176  226
  176  177
  177  227
  177  178
  178  227
  178  179
  179  180
  179  228
  180  181
  180  229
  181  231
  181  230
  182  232
  183  234
  183  184
  183  232
  184  234
  184  185
  185  235
  185  236
  185  186
  185  234
  186  236
  187  237
  187  188
  188  238
  188  237
  189  190
  189  238
  190  240
  190  239
  191  241
  191  240
  192  193
  193  291
  193  242
  193  241
  195  243
  195  242
  195  196
  196  197
  196  244
  196  243
  197  198
  197  244
  197  245
  198  246
  198  245
  198  199
  199  248
  199  246
  200  248
  201  202
  201  249
  202  299
  203  253
  203  252
  203  251
  204  253
  205  253
  205  254
  205  206
  206  255
  206  207
  206  254
  207  255
  207  256
  208  257
  208  256
  209  258
  210  309
  210  260
  210  259
  211  212
  212  213
  212  260
  213  262
  213  214
  214  313
  214  263
  214  215
  214  262
  215  314
  215  315
  215  264
  215  216
  216  265
  216  264
  217  266
  217  218
  218  267
  218  266
  218  219
  219  318
  219  268
  219  267
  221  270
  222  270
  223  271
  223  270
  225  273
  225  271
  226  274
  226  227
  227  228
  228  274
  228  275
  228  229
  229  276
  229  230
  229  327
  229  275
  230  276
  230  277
  230  231
  231  232
  231  278
  231  277
  231  279
  232  280
  232  279
  232  331
  234  235
  234  281
  234  280
  235  283
  235  281
  235  236
  236  284
  236  283
  236  237
  237  238
  237  286
  237  284
  238  286
  239  286
  239  288
  239  240
  240  290
  240  241
  240  288
  241  291
  242  292
  242  243
  242  291
  243  293
  243  292
  244  245
  245  246
  245  293
  246  295
  246  294
  247  295
  248  297
  248  249
  248  296
  249  298
  249  297
  249  250
  250  299
  250  298
  251  300
  251  252
  251  299
  252  301
  252  347
  252  253
  253  301
  253  254
  254  255
  254  304
  254  302
  255  306
  255  256
  255  304
  256  306
  257  307
  258  308
  258  259
  259  309
  260  311
  260  310
  260  261
  260  309
  261  262
  261  312
  261  311
  262  359
  262  312
  262  313
  263  361
  263  314
  263  313
  264  363
  264  316
  264  265
  265  317
  265  266
  266  317
  267  318
  267  317
  268  318
  270  320
  270  271
  270  322
  270  321
  271  322
  271  272
  272  323
  272  322
  272  273
  273  325
  273  324
  273  323
  273  274
  274  275
  275  326
  276  328
  276  327
  277  329
  277  278
  278  330
  279  331
  280  332
  280  281
  281  333
  281  282
  282  333
  283  381
  283  284
  283  333
  283  334
  284  334
  284  335
  285  336
  285  286
  286  336
  287  337
  287  336
  288  289
  289  290
  289  337
  290  387
  290  339
  290  338
  290  291
  292  340
  292  293
  293  341
  293  294
  293  340
  294  295
  294  343
  294  341
  295  344
  295  296
  297  345
  297  344
  298  395
  298  299
  299  395
  299  346
  300  347
  300  346
  301  349
  301  348
  301  347
  302  350
  302  303
  303  350
  304  399
  304  350
  304  351
  305  351
  305  352
  305  306
  306  353
  306  307
  306  352
  307  353
  308  402
  308  309
  308  354
  308  355
  309  355
  309  310
  310  404
  311  358
  311  357
  311  312
  312  358
  313  361
  313  359
  314  362
  314  361
  315  363
  316  317
  316  364
  316  363
  317  365
  317  318
  318  366
  318  365
  321  368
  321  367
  321  322
  322  368
  322  323
  323  370
  323  369
  324  371
  324  325
  324  370
  325  372
  325  371
  325  326
  326  373
  326  327
  326  372
  327  375
  327  373
  327  328
  328  329
  328  376
  328  375
  329  377
  329  376
  329  330
  330  378
  330  331
  330  377
  331  378
  331  379
  331  332
  333  428
  333  380
  333  381
  334  335
  334  381
  335  383
  335  382
  335  336
  336  383
  336  337
  337  385
  337  386
  337  384
  337  338
  338  433
  338  387
  338  386
  339  434
  339  340
  339  388
  339  387
  340  436
  340  341
  340  388
  340  389
  341  389
  341  391
  341  342
  342  392
  342  343
  342  391
  343  392
  343  393
  343  344
  344  345
  344  394
  344  393
  345  394
  346  347
  346  395
  347  443
  347  444
  347  397
  347  396
  349  350
  349  397
  349  398
  350  398
  351  447
  351  400
  351  399
  352  400
  353  401
  353  400
  353  354
  354  402
  354  401
  355  403
  355  402
  356  452
  356  404
  357  453
  357  405
  357  358
  357  404
  358  406
  358  405
  360  455
  360  361
  360  406
  361  408
  361  407
  363  458
  363  409
  363  408
  363  364
  364  411
  364  365
  364  409
  365  412
  365  460
  365  366
  365  411
  366  412
  367  368
  368  415
  368  414
  368  369
  369  417
  369  416
  369  370
  370  465
  370  371
  370  418
  371  419
  371  418
  372  421
  372  373
  372  419
  373  422
  373  421
  374  468
  374  423
  374  422
  374  375
  375  424
  375  423
  376  425
  377  378
  377  426
  377  425
  378  379
  379  427
  379  380
  379  426
  380  473
  380  427
  380  428
  381  429
  381  474
  381  428
  382  383
  382  429
  382  430
  383  476
  383  384
  383  431
  384  432
  384  385
  384  431
  385  386
  386  479
  387  434
  387  433
  388  436
  388  434
  389  482
  389  437
  389  436
  390  391
  390  438
  392  439
  392  393
  392  438
  393  439
  393  394
  394  395
  394  442
  394  440
  395  396
  396  489
  396  442
  397  445
  397  398
  397  444
  398  399
  399  447
  399  445
  400  449
  400  401
  400  447
  401  402
  401  449
  402  451
  402  450
  403  452
  403  451
  404  498
  404  453
  404  452
  405  406
  405  453
  406  454
  407  457
  407  408
  407  456
  407  455
  408  458
  408  457
  409  459
  409  458
  411  459
  412  505
  412  461
  412  460
  414  463
  414  415
  415  463
  416  417
  416  463
  417  511
  418  466
  418  465
  419  466
  420  513
  420  467
  421  422
  422  514
  422  468
  422  467
  423  469
  423  468
  424  470
  424  469
  424  425
  425  471
  425  426
  426  471
  426  427
  427  520
  427  472
  428  474
  429  430
  430  476
  430  475
  431  478
  431  432
  431  476
  432  479
  432  478
  433  527
  433  434
  433  479
  434  481
  434  480
  435  436
  436  482
  437  483
  437  438
  437  482
  437  484
  438  485
  438  439
  438  484
  439  486
  439  485
  440  487
  440  441
  441  536
  441  488
  441  442
  441  487
  442  489
  442  488
  443  490
  443  444
  443  489
  444  492
  444  490
  444  445
  445  446
  445  493
  446  494
  446  493
  446  447
  448  495
  448  449
  448  494
  450  546
  450  451
  450  495
  451  547
  451  452
  451  496
  452  498
  453  499
  453  498
  454  500
  454  455
  455  500
  455  456
  456  457
  456  501
  456  500
  457  458
  457  503
  458  504
  458  459
  459  460
  460  505
  460  504
  461  505
  462  463
  462  508
  463  464
  463  508
  464  511
  464  509
  465  511
  465  466
  466  564
  466  512
  466  513
  466  511
  467  514
  467  513
  468  469
  468  514
  469  517
  469  470
  469  515
  470  518
  470  517
  470  471
  471  518
  471  472
  472  570
  472  520
  472  519
  473  522
  473  520
  473  474
  474  523
  474  475
  475  524
  475  523
  475  476
  476  525
  476  477
  477  526
  477  525
  478  479
  479  527
  479  526
  480  529
  480  481
  480  528
  480  527
  481  580
  481  531
  481  529
  481  482
  482  531
  483  581
  483  484
  483  532
  483  531
  484  534
  484  532
  484  485
  485  534
  486  535
  486  534
  487  536
  488  537
  488  489
  489  490
  489  537
  490  589
  490  539
  490  538
  491  540
  491  539
  491  492
  492  542
  492  541
  492  493
  493  544
  493  494
  493  542
  494  495
  495  545
  495  546
  496  547
  496  546
  497  549
  497  498
  497  547
  498  499
  499  550
  499  500
  499  549
  499  551
  500  551
  500  552
  500  501
  501  553
  501  552
  502  554
  502  503
  503  555
  503  504
  503  554
  504  556
  504  555
  504  505
  505  506
  505  556
  506  557
  508  559
  508  560
  509  510
  510  511
  510  561
  510  560
  510  562
  511  562
  511  564
  512  565
  512  564
  513  565
  513  514
  514  515
  514  565
  515  567
  515  516
  515  615
  516  616
  516  567
  516  568
  517  569
  517  518
  518  569
  519  569
  520  521
  520  570
  521  572
  521  522
  521  571
  522  573
  522  572
  522  523
  523  574
  523  573
  525  526
  525  575
  525  574
  526  575
  526  576
  526  527
  527  578
  527  528
  527  576
  528  529
  529  579
  529  530
  529  578
  530  580
  531  580
  532  582
  532  581
  532  583
  533  534
  534  535
  534  585
  535  585
  535  536
  535  586
  535  587
  536  537
  537  588
  537  587
  538  635
  538  589
  538  588
  539  590
  539  589
  540  541
  541  591
  541  590
  541  542
  542  543
  542  591
  543  639
  543  593
  543  544
  544  545
  545  546
  545  593
  546  642
  546  596
  546  594
  546  547
  547  596
  548  597
  548  596
  548  549
  549  598
  549  550
  549  597
  550  646
  550  551
  550  599
  551  552
  552  553
  552  599
  553  554
  553  600
  554  601
  554  555
  555  650
  555  604
  555  556
  555  602
  556  652
  556  605
  556  604
  557  606
  557  605
  559  608
  559  560
  560  609
  560  608
  560  561
  561  610
  561  657
  561  609
  562  610
  563  611
  563  610
  564  612
  564  565
  564  611
  565  566
  565  612
  566  614
  566  613
  567  616
  568  617
  568  569
  568  616
  569  570
  569  618
  570  618
  570  619
  571  620
  571  572
  572  573
  572  621
  573  622
  573  574
  574  622
  574  575
  575  623
  575  622
  576  623
  576  577
  577  578
  577  624
  578  626
  578  579
  578  625
  579  627
  579  580
  579  628
  579  626
  580  628
  581  677
  581  582
  582  630
  582  629
  583  630
  583  584
  584  632
  584  631
  584  585
  584  630
  585  586
  585  633
  586  587
  587  588
  588  682
  588  634
  589  637
  589  590
  589  635
  590  591
  591  638
  591  637
  592  638
  592  639
  593  640
  593  594
  593  639
  594  641
  594  640
  594  595
  595  642
  595  641
  596  597
  596  642
  597  645
  597  644
  597  598
  598  646
  599  647
  599  600
  599  646
  600  648
  600  601
  600  647
  601  649
  601  648
  601  602
  602  649
  603  651
  603  650
  604  700
  604  652
  604  651
  605  653
  605  652
  606  653
  607  656
  608  656
  608  609
  609  656
  610  659
  610  657
  610  611
  612  707
  612  613
  612  659
  612  660
  613  661
  613  614
  614  615
  614  661
  615  663
  615  616
  616  617
  616  663
  616  665
  617  666
  617  618
  618  667
  618  619
  619  668
  619  667
  619  620
  620  669
  620  715
  620  621
  620  668
  621  670
  621  622
  621  669
  622  670
  622  623
  623  624
  623  672
  623  718
  624  720
  624  672
  624  673
  624  625
  625  674
  625  673
  625  626
  626  722
  626  675
  626  627
  627  628
  627  675
  628  723
  628  676
  629  678
  629  677
  629  630
  630  631
  630  679
  631  680
  631  679
  632  633
  633  728
  633  682
  633  680
  633  634
  634  682
  635  683
  635  682
  636  637
  636  683
  637  638
  637  684
  637  686
  638  639
  638  686
  639  687
  639  688
  640  689
  640  688
  640  641
  641  691
  641  642
  641  689
  642  737
  642  692
  642  643
  644  693
  644  645
  645  741
  645  695
  645  694
  645  646
  646  696
  646  647
  647  648
  648  649
  648  696
  649  699
  649  698
  649  650
  649  697
  651  700
  651  699
  652  701
  652  700
  653  701
  654  701
  655  704
  656  657
  657  705
  657  658
  657  704
  658  705
  658  659
  659  707
  659  706
  660  707
  661  708
  661  709
  661  662
  662  663
  663  710
  663  709
  664  665
  665  666
  665  711
  665  712
  666  667
  666  712
  666  714
  667  714
  668  715
  668  714
  669  716
  669  764
  669  670
  669  715
  670  671
  670  716
  671  717
  671  767
  671  718
  672  720
  672  718
  673  721
  673  720
  674  722
  675  722
  676  771
  676  722
  677  772
  677  724
  677  678
  677  723
  678  725
  678  724
  679  726
  679  680
  680  727
  680  681
  680  726
  681  728
  681  727
  682  730
  682  728
  682  683
  683  730
  684  685
  684  731
  684  730
  685  686
  685  731
  685  732
  685  733
  686  780
  686  734
  686  733
  688  735
  688  734
  688  689
  689  736
  689  735
  690  736
  690  691
  691  736
  692  738
  692  693
  692  737
  693  739
  693  738
  693  694
  694  740
  694  741
  694  739
  695  696
  695  742
  695  741
  696  743
  696  742
  696  697
  697  745
  697  744
  697  698
  697  743
  698  791
  698  746
  698  699
  699  747
  699  746
  699  700
  700  701
  700  747
  701  749
  701  748
  702  749
  703  704
  704  751
  704  753
  704  752
  704  705
  705  754
  705  753
  706  800
  706  755
  706  707
  707  708
  708  709
  708  757
  708  755
  709  758
  709  757
  709  710
  710  711
  710  758
  711  759
  711  712
  711  758
  712  713
  712  759
  713  761
  713  714
  714  761
  714  715
  715  763
  715  762
  716  717
  716  764
  717  766
  717  767
  717  765
  718  767
  719  816
  719  768
  719  767
  719  720
  720  769
  720  721
  721  818
  721  722
  721  770
  721  769
  722  819
  722  771
  723  772
  723  771
  724  821
  724  725
  724  772
  725  822
  725  774
  725  773
  725  726
  726  775
  726  727
  727  728
  728  776
  728  775
  729  827
  729  777
  729  730
  729  776
  730  778
  730  731
  730  777
  731  828
  731  779
  731  778
  733  830
  733  780
  733  779
  734  781
  734  735
  734  831
  735  736
  735  781
  735  783
  736  737
  737  784
  737  783
  737  738
  738  785
  738  784
  739  785
  740  787
  740  741
  740  786
  741  787
  741  742
  742  743
  742  789
  743  841
  743  790
  743  789
  744  790
  745  842
  745  791
  745  790
  746  747
  746  791
  747  844
  747  793
  747  792
  748  749
  749  795
  749  794
  749  793
  751  752
  751  797
  752  753
  752  798
  753  799
  753  798
  754  852
  754  800
  754  799
  755  802
  755  756
  755  800
  756  757
  756  803
  756  802
  757  758
  758  759
  758  804
  759  807
  759  805
  759  760
  760  761
  761  808
  761  809
  761  807
  762  763
  763  863
  763  811
  763  810
  764  811
  765  813
  765  811
  765  812
  765  766
  766  814
  766  767
  767  816
  767  814
  769  817
  769  818
  769  816
  770  869
  770  819
  770  818
  771  820
  771  772
  772  820
  773  821
  774  775
  774  822
  775  825
  775  776
  775  824
  776  825
  776  827
  777  828
  777  778
  779  830
  779  828
  780  831
  780  830
  781  832
  781  831
  782  882
  782  783
  782  832
  783  835
  783  833
  783  784
  784  785
  784  835
  785  786
  785  836
  786  837
  786  787
  787  887
  787  839
  787  838
  788  840
  788  789
  789  840
  791  891
  791  843
  791  792
  791  842
  792  892
  792  844
  792  843
  793  846
  793  845
  793  794
  793  844
  794  894
  794  847
  794  846
  796  849
  797  849
  797  798
  798  850
  798  849
  799  851
  800  899
  800  853
  800  852
  801  802
  801  853
  802  853
  802  803
  803  856
  803  855
  803  804
  803  854
  804  857
  804  805
  805  806
  806  858
  806  807
  806  859
  806  857
  807  859
  807  860
  807  808
  808  861
  808  860
  809  861
  809  810
  810  863
  810  861
  811  863
  812  910
  812  813
  812  864
  812  863
  813  864
  813  865
  813  814
  815  913
  815  866
  815  816
  815  865
  816  866
  816  867
  816  817
  818  916
  818  868
  819  870
  819  820
  819  869
  820  919
  820  871
  820  870
  821  872
  821  822
  821  871
  822  872
  822  873
  822  823
  823  874
  823  824
  823  873
  824  874
  824  825
  825  875
  825  874
  826  876
  826  875
  826  827
  827  877
  827  828
  828  878
  828  829
  828  879
  828  877
  829  879
  829  880
  829  830
  830  831
  831  881
  831  880
  833  883
  833  834
  833  882
  835  884
  835  836
  835  883
  836  884
  836  885
  837  885
  837  838
  838  887
  838  886
  838  885
  839  937
  839  888
  839  840
  839  887
  840  889
  840  888
  841  889
  841  842
  842  940
  842  891
  842  890
  842  889
  843  891
  844  893
  844  892
  845  894
  846  894
  847  894
  849  896
  849  897
  849  850
  850  898
  850  851
  850  897
  852  899
  852  898
  853  950
  853  900
  853  899
  854  855
  854  901
  855  856
  855  902
  856  903
  856  857
  857  858
  857  903
  858  859
  858  905
  858  903
  859  906
  859  905
  861  907
  861  862
  862  909
  862  863
  862  907
  863  910
  864  912
  864  865
  864  910
  865  912
  865  913
  866  867
  866  914
  866  913
  867  915
  867  914
  867  868
  868  916
  868  915
  869  917
  869  870
  869  916
  870  918
  870  917
  871  921
  871  872
  871  919
  872  922
  872  921
  873  923
  873  874
  874  924
  874  875
  875  925
  875  876
  876  926
  876  925
  876  877
  877  878
  877  927
  878  928
  878  927
  879  929
  879  880
  880  930
  880  881
  880  929
  881  930
  881  882
  882  931
  882  883
  882  930
  883  977
  883  932
  883  931
  883  884
  884  885
  884  932
  885  886
  885  933
  885  934
  886  935
  886  936
  887  937
  888  985
  888  889
  888  937
  889  940
  889  985
  890  941
  890  940
  892  942
  892  941
  892  893
  893  943
  893  894
  893  942
  894  944
  894  943
  895  944
  896  897
  896  947
  897  898
  898  949
  898  948
  898  899
  898  947
  899  998
  899  950
  900  951
  900  950
  900  901
  901  902
  901  952
  902 1001
  902  952
  902  953
  902  903
  903  904
  903  953
  904 1003
  904  955
  904  954
  905  956
  905  906
  906  956
  906  907
  907 1005
  907  908
  907  957
  907  956
  908 1007
  908  909
  909  958
  910 1008
  910  958
  911  960
  911  959
  912  961
  912  913
  913  961
  914 1012
  914  915
  914  961
  915  962
  915  963
  916  917
  917  963
  917  964
  918 1015
  918  965
  918  964
  920 1016
  920  966
  920  965
  921  966
  921  922
  921  967
  922  923
  922  968
  923  969
  923  924
  924  925
  924  969
  925  926
  925  969
  926  972
  926  927
  926  971
  927  972
  928  973
  928  929
  928  972
  929  930
  929  973
  930  931
  930  974
  931  975
  931  976
  932  933
  932  979
  932  977
  933  980
  933 1029
  933  979
  933  934
  934  935
  934  980
  935  981
  935  982
  936  937
  936  983
  938  983
  939  986
  939  985
  940  941
  941  988
  941  987
  941  942
  941  986
  942 1036
  942  989
  942  943
  943  944
  943  989
  944  992
  944  991
  944  990
  946  947
  946  994
  947  994
  947  948
  947  995
  948  949
  948  995
  949  996
  949  997
  950  951
  950  999
  950 1000
  950  998
  951 1000
  952 1047
  952 1000
  952 1001
  953 1048
  953 1002
  953  954
  954 1002
  955 1004
  955  956
  955 1003
  956 1004
  957 1007
  957 1006
  957 1005
  958 1008
  958 1007
  959 1009
  959  960
  959 1008
  960 1010
  960  961
  960 1009
  961 1012
  961 1010
  962 1013
  962  963
  963 1013
  963 1014
  963  964
  964 1015
  964 1060
  965 1016
  965 1015
  966  967
  966 1016
  967 1017
  967 1018
  967  968
  968 1019
  968  969
  968 1020
  968 1018
  969  970
  970 1021
  970 1020
  970  971
  971  972
  971 1023
  971 1021
  972 1024
  972  973
  974 1025
  974 1024
  974  975
  975 1026
  975  976
  975 1025
  976 1072
  976 1027
  976 1026
  977  978
  978 1028
  978 1027
  980 1075
  980 1030
  980 1029
  981  982
  982 1031
  982  983
  982 1030
  983 1032
  983 1031
  983  984
  984  985
  984 1032
  985 1034
  985 1033
  985  986
  986  987
  986 1034
  987  988
  987 1034
  988 1035
  989 1082
  989 1037
  989 1036
  990  991
  991 1039
  991 1038
  991 1037
  993  994
  993 1041
  994 1041
  994 1042
  995 1043
  995 1042
  996  997
  997 1044
  997 1043
  998 1044
  999 1000
  999 1044
 1000 1045
 1000 1046
 1001 1047
 1002 1094
 1002 1093
 1002 1003
 1002 1048
 1003 1049
 1003 1050
 1003 1004
 1004 1051
 1004 1005
 1004 1095
 1005 1052
 1005 1051
 1005 1006
 1006 1053
 1006 1098
 1006 1052
 1007 1054
 1007 1008
 1007 1053
 1008 1009
 1009 1101
 1009 1010
 1009 1054
 1010 1055
 1010 1057
 1011 1057
 1011 1012
 1012 1058
 1012 1013
 1012 1057
 1013 1014
 1013 1059
 1014 1059
 1015 1016
 1015 1060
 1016 1061
 1016 1062
 1017 1063
 1017 1018
 1018 1064
 1018 1019
 1019 1066
 1019 1020
 1019 1064
 1020 1021
 1021 1067
 1021 1068
 1021 1066
 1022 1023
 1023 1024
 1023 1068
 1023 1070
 1024 1070
 1024 1025
 1025 1026
 1025 1070
 1026 1071
 1027 1028
 1027 1074
 1027 1072
 1028 1074
 1028 1029
 1029 1074
 1030 1125
 1030 1076
 1030 1031
 1030 1075
 1031 1032
 1031 1076
 1032 1033
 1032 1077
 1033 1080
 1033 1034
 1033 1078
 1034 1035
 1034 1081
 1035 1036
 1036 1081
 1037 1084
 1037 1038
 1037 1082
 1038 1084
 1039 1084
 1041 1087
 1041 1086
 1041 1042
 1042 1088
 1042 1087
 1043 1089
 1043 1044
 1044 1045
 1044 1089
 1045 1091
 1045 1046
 1045 1090
 1046 1142
 1046 1091
 1046 1092
 1047 1048
 1048 1093
 1048 1092
 1050 1094
 1051 1052
 1051 1095
 1052 1098
 1052 1096
 1053 1054
 1053 1098
 1054 1099
 1054 1100
 1054 1101
 1055 1102
 1055 1056
 1055 1101
 1056 1103
 1056 1057
 1056 1102
 1057 1058
 1057 1103
 1058 1059
 1058 1104
 1058 1154
 1058 1105
 1059 1105
 1059 1106
 1060 1108
 1060 1106
 1060 1061
 1061 1062
 1062 1110
 1062 1109
 1062 1063
 1062 1108
 1063 1161
 1063 1111
 1063 1064
 1063 1110
 1065 1112
 1065 1111
 1065 1066
 1066 1113
 1066 1112
 1066 1067
 1067 1113
 1068 1115
 1068 1114
 1068 1069
 1069 1116
 1069 1070
 1069 1115
 1070 1119
 1070 1117
 1070 1071
 1071 1072
 1071 1119
 1072 1120
 1072 1073
 1073 1123
 1073 1122
 1073 1074
 1073 1121
 1074 1124
 1074 1075
 1075 1125
 1075 1124
 1076 1126
 1076 1173
 1077 1127
 1077 1126
 1077 1078
 1078 1174
 1078 1079
 1079 1129
 1079 1080
 1079 1128
 1080 1081
 1080 1129
 1080 1130
 1081 1132
 1081 1131
 1081 1130
 1081 1082
 1082 1133
 1082 1083
 1082 1132
 1083 1134
 1083 1133
 1083 1084
 1084 1135
 1084 1134
 1086 1137
 1086 1087
 1087 1185
 1087 1137
 1087 1088
 1088 1185
 1088 1139
 1088 1089
 1089 1140
 1089 1139
 1090 1140
 1090 1091
 1091 1142
 1091 1140
 1092 1189
 1092 1093
 1092 1142
 1093 1145
 1093 1144
 1093 1094
 1094 1095
 1095 1147
 1095 1146
 1095 1145
 1095 1096
 1096 1097
 1096 1148
 1097 1148
 1097 1149
 1097 1098
 1098 1149
 1099 1150
 1101 1150
 1101 1151
 1101 1102
 1102 1198
 1102 1152
 1102 1151
 1103 1104
 1103 1153
 1104 1154
 1104 1153
 1105 1106
 1105 1156
 1105 1154
 1106 1156
 1107 1158
 1107 1157
 1107 1108
 1107 1156
 1108 1204
 1108 1158
 1108 1159
 1108 1109
 1109 1159
 1110 1206
 1110 1205
 1110 1161
 1110 1160
 1111 1162
 1111 1112
 1111 1161
 1112 1209
 1112 1162
 1112 1163
 1113 1164
 1113 1114
 1114 1115
 1114 1165
 1114 1164
 1115 1165
 1116 1165
 1116 1213
 1116 1166
 1118 1214
 1118 1166
 1118 1167
 1118 1119
 1119 1168
 1119 1167
 1121 1216
 1121 1169
 1121 1122
 1121 1168
 1122 1170
 1122 1169
 1123 1124
 1124 1125
 1124 1170
 1125 1172
 1125 1171
 1125 1173
 1126 1173
 1126 1221
 1126 1174
 1128 1175
 1128 1129
 1128 1174
 1129 1176
 1129 1130
 1130 1176
 1130 1131
 1131 1178
 1131 1132
 1131 1177
 1132 1133
 1132 1179
 1133 1181
 1133 1180
 1133 1134
 1134 1183
 1134 1182
 1137 1231
 1137 1184
 1138 1231
 1138 1185
 1139 1232
 1139 1186
 1139 1140
 1140 1188
 1140 1186
 1140 1141
 1142 1235
 1142 1188
 1143 1190
 1143 1189
 1144 1237
 1144 1145
 1144 1191
 1145 1146
 1146 1192
 1146 1191
 1147 1240
 1147 1193
 1147 1192
 1147 1148
 1148 1149
 1148 1193
 1149 1195
 1149 1194
 1149 1150
 1150 1196
 1150 1197
 1150 1195
 1150 1151
 1151 1197
 1152 1199
 1152 1153
 1152 1198
 1153 1154
 1153 1200
 1154 1200
 1154 1155
 1155 1156
 1155 1200
 1156 1202
 1156 1201
 1157 1202
 1157 1203
 1158 1204
 1159 1252
 1159 1205
 1159 1204
 1160 1205
 1161 1208
 1161 1162
 1161 1206
 1162 1256
 1162 1208
 1163 1210
 1163 1164
 1163 1209
 1164 1212
 1164 1165
 1164 1210
 1165 1213
 1165 1212
 1166 1214
 1166 1213
 1167 1215
 1167 1168
 1167 1214
 1168 1216
 1168 1215
 1169 1170
 1169 1218
 1169 1216
 1170 1171
 1171 1172
 1171 1219
 1171 1220
 1171 1218
 1172 1173
 1173 1268
 1173 1220
 1173 1221
 1174 1175
 1174 1222
 1174 1221
 1175 1176
 1176 1224
 1176 1223
 1177 1225
 1177 1224
 1177 1178
 1178 1226
 1178 1225
 1180 1227
 1180 1226
 1180 1181
 1181 1228
 1181 1227
 1182 1183
 1182 1228
 1183 1228
 1184 1231
 1185 1231
 1186 1233
 1186 1232
 1187 1233
 1187 1188
 1188 1235
 1188 1282
 1188 1234
 1189 1284
 1189 1190
 1189 1236
 1189 1235
 1190 1236
 1190 1237
 1191 1238
 1191 1192
 1191 1237
 1192 1238
 1192 1240
 1193 1241
 1193 1240
 1194 1195
 1194 1242
 1195 1244
 1195 1242
 1195 1196
 1196 1197
 1196 1245
 1196 1244
 1197 1293
 1197 1246
 1197 1198
 1198 1199
 1199 1248
 1199 1200
 1199 1246
 1200 1248
 1201 1248
 1201 1249
 1201 1202
 1202 1203
 1202 1251
 1202 1249
 1203 1251
 1203 1204
 1204 1252
 1204 1251
 1205 1253
 1205 1252
 1206 1207
 1207 1254
 1208 1256
 1208 1254
 1209 1257
 1209 1256
 1210 1258
 1210 1211
 1211 1212
 1212 1259
 1212 1213
 1213 1214
 1213 1259
 1214 1262
 1214 1215
 1214 1260
 1215 1262
 1216 1217
 1216 1262
 1217 1218
 1217 1264
 1217 1265
 1217 1263
 1218 1266
 1218 1219
 1218 1265
 1219 1266
 1219 1220
 1220 1267
 1220 1268
 1221 1222
 1221 1268
 1222 1270
 1222 1269
 1222 1271
 1222 1223
 1223 1224
 1223 1272
 1223 1271
 1224 1225
 1224 1273
 1225 1226
 1225 1274
 1226 1275
 1226 1227
 1226 1274
 1227 1276
 1227 1228
 1228 1276
 1229 1276
 1230 1279
 1230 1231
 1231 1279
 1231 1232
 1232 1233
 1232 1281
 1232 1279
 1233 1281
 1234 1282
 1235 1284
 1235 1282
 1236 1237
 1236 1285
 1236 1284
 1237 1285
 1237 1238
 1238 1287
 1238 1286
 1239 1287
 1240 1288
 1240 1241
 1241 1242
 1241 1288
 1242 1336
 1242 1289
 1242 1290
 1243 1290
 1243 1244
 1244 1291
 1244 1245
 1244 1290
 1245 1292
 1245 1291
 1246 1294
 1246 1247
 1246 1293
 1247 1248
 1247 1295
 1248 1295
 1248 1297
 1248 1249
 1249 1298
 1249 1297
 1250 1251
 1251 1344
 1251 1252
 1251 1300
 1252 1300
 1252 1301
 1253 1302
 1253 1254
 1254 1255
 1255 1303
 1255 1302
 1256 1304
 1256 1257
 1256 1303
 1257 1304
 1257 1258
 1258 1259
 1258 1304
 1259 1260
 1259 1305
 1260 1306
 1260 1261
 1261 1309
 1261 1262
 1261 1308
 1261 1307
 1262 1309
 1263 1264
 1264 1311
 1264 1310
 1265 1358
 1265 1311
 1265 1312
 1265 1266
 1266 1267
 1267 1268
 1267 1312
 1267 1313
 1267 1314
 1268 1314
 1268 1315
 1269 1361
 1269 1270
 1269 1315
 1269 1316
 1270 1316
 1270 1317
 1271 1272
 1272 1364
 1272 1318
 1272 1273
 1272 1317
 1273 1319
 1273 1318
 1273 1274
 1274 1321
 1274 1275
 1274 1319
 1275 1322
 1275 1276
 1276 1324
 1276 1323
 1276 1322
 1278 1326
 1278 1279
 1279 1280
 1279 1327
 1280 1328
 1280 1281
 1280 1327
 1281 1329
 1281 1328
 1281 1282
 1282 1377
 1282 1330
 1282 1329
 1284 1331
 1284 1285
 1284 1330
 1285 1379
 1285 1332
 1285 1331
 1286 1333
 1286 1287
 1287 1288
 1288 1334
 1288 1289
 1288 1335
 1288 1333
 1289 1336
 1289 1335
 1290 1336
 1291 1338
 1291 1336
 1291 1292
 1292 1339
 1292 1338
 1293 1340
 1293 1294
 1294 1295
 1294 1340
 1295 1341
 1295 1340
 1296 1390
 1296 1342
 1296 1297
 1296 1341
 1297 1342
 1297 1343
 1298 1299
 1298 1343
 1299 1344
 1299 1343
 1300 1301
 1300 1344
 1301 1347
 1301 1302
 1301 1346
 1301 1345
 1302 1347
 1302 1348
 1302 1303
 1303 1304
 1304 1348
 1304 1350
 1304 1305
 1305 1306
 1305 1351
 1305 1350
 1306 1352
 1307 1353
 1307 1308
 1308 1309
 1309 1354
 1309 1355
 1309 1310
 1309 1353
 1310 1355
 1310 1356
 1310 1311
 1311 1357
 1311 1356
 1312 1359
 1312 1313
 1312 1407
 1312 1358
 1313 1408
 1313 1359
 1313 1360
 1314 1360
 1315 1361
 1316 1363
 1316 1317
 1316 1361
 1317 1364
 1317 1363
 1318 1319
 1318 1366
 1318 1364
 1319 1367
 1319 1320
 1320 1367
 1320 1368
 1320 1321
 1321 1369
 1321 1368
 1321 1322
 1323 1370
 1323 1324
 1323 1369
 1324 1370
 1326 1373
 1326 1372
 1327 1374
 1327 1328
 1328 1376
 1328 1329
 1328 1374
 1329 1377
 1330 1426
 1330 1331
 1330 1378
 1330 1377
 1331 1378
 1332 1333
 1332 1380
 1332 1381
 1332 1379
 1333 1381
 1333 1334
 1334 1431
 1334 1335
 1334 1383
 1335 1432
 1335 1384
 1335 1336
 1336 1385
 1336 1384
 1338 1435
 1338 1386
 1338 1339
 1338 1385
 1339 1388
 1339 1387
 1339 1340
 1339 1386
 1340 1389
 1340 1341
 1341 1390
 1342 1391
 1342 1343
 1342 1392
 1343 1344
 1343 1393
 1344 1393
 1344 1394
 1345 1346
 1346 1347
 1346 1395
 1346 1394
 1347 1445
 1347 1397
 1347 1348
 1348 1399
 1348 1349
 1348 1397
 1349 1350
 1349 1399
 1350 1399
 1350 1400
 1351 1402
 1351 1400
 1351 1352
 1352 1403
 1352 1353
 1352 1402
 1353 1354
 1354 1403
 1354 1404
 1355 1404
 1356 1357
 1356 1404
 1357 1406
 1357 1405
 1358 1406
 1359 1456
 1359 1408
 1360 1410
 1360 1409
 1360 1361
 1360 1408
 1361 1362
 1361 1410
 1362 1412
 1362 1363
 1363 1460
 1363 1413
 1363 1364
 1364 1413
 1364 1365
 1365 1414
 1365 1413
 1366 1367
 1367 1415
 1367 1368
 1367 1414
 1368 1369
 1368 1416
 1369 1370
 1369 1417
 1369 1418
 1370 1419
 1370 1418
 1371 1419
 1373 1469
 1373 1422
 1373 1421
 1373 1374
 1373 1423
 1374 1423
 1374 1375
 1375 1376
 1375 1423
 1376 1424
 1376 1426
 1377 1426
 1378 1428
 1378 1427
 1378 1426
 1379 1429
 1379 1380
 1380 1381
 1381 1429
 1382 1430
 1382 1431
 1383 1432
 1384 1385
 1384 1434
 1384 1432
 1385 1434
 1385 1435
 1386 1436
 1386 1435
 1387 1436
 1387 1437
 1387 1388
 1388 1389
 1389 1437
 1390 1439
 1390 1438
 1391 1392
 1392 1439
 1392 1440
 1393 1441
 1393 1394
 1393 1440
 1394 1443
 1394 1442
 1394 1441
 1394 1395
 1395 1491
 1395 1444
 1395 1443
 1396 1444
 1396 1445
 1397 1446
 1397 1445
 1398 1447
 1398 1399
 1398 1446
 1399 1400
 1399 1448
 1400 1448
 1401 1402
 1402 1451
 1402 1449
 1402 1403
 1403 1499
 1403 1452
 1403 1451
 1403 1404
 1404 1454
 1404 1405
 1404 1452
 1405 1455
 1405 1406
 1406 1407
 1406 1456
 1408 1456
 1409 1506
 1409 1457
 1409 1410
 1410 1459
 1410 1458
 1412 1460
 1412 1459
 1413 1462
 1413 1414
 1413 1460
 1414 1463
 1414 1415
 1416 1511
 1416 1463
 1417 1465
 1417 1464
 1417 1418
 1418 1419
 1418 1465
 1419 1467
 1419 1466
 1421 1469
 1422 1517
 1422 1469
 1422 1470
 1423 1424
 1423 1471
 1424 1471
 1424 1472
 1424 1425
 1426 1473
 1426 1472
 1426 1427
 1427 1522
 1427 1474
 1427 1473
 1428 1429
 1429 1476
 1429 1430
 1429 1474
 1430 1476
 1430 1431
 1430 1477
 1431 1477
 1431 1478
 1431 1432
 1432 1527
 1432 1479
 1433 1479
 1434 1480
 1434 1435
 1434 1479
 1435 1481
 1435 1436
 1435 1480
 1436 1437
 1436 1482
 1436 1481
 1437 1438
 1437 1483
 1438 1486
 1438 1484
 1438 1485
 1438 1439
 1439 1533
 1439 1487
 1439 1486
 1439 1440
 1440 1489
 1440 1441
 1440 1487
 1441 1489
 1442 1490
 1442 1489
 1443 1490
 1443 1491
 1444 1492
 1444 1491
 1445 1493
 1445 1446
 1445 1492
 1446 1447
 1446 1493
 1447 1494
 1447 1495
 1447 1448
 1448 1496
 1448 1449
 1448 1495
 1449 1498
 1449 1450
 1449 1496
 1450 1498
 1452 1500
 1452 1499
 1453 1454
 1454 1501
 1454 1455
 1454 1500
 1454 1502
 1455 1503
 1455 1502
 1455 1456
 1456 1457
 1456 1505
 1456 1504
 1456 1503
 1457 1506
 1457 1505
 1458 1459
 1458 1507
 1458 1506
 1459 1508
 1459 1460
 1459 1507
 1460 1461
 1461 1462
 1461 1508
 1462 1509
 1462 1510
 1462 1463
 1463 1511
 1463 1510
 1464 1512
 1464 1465
 1464 1511
 1465 1514
 1465 1512
 1465 1466
 1466 1515
 1469 1517
 1469 1516
 1470 1518
 1470 1471
 1470 1517
 1471 1472
 1471 1518
 1472 1473
 1472 1519
 1472 1520
 1473 1522
 1473 1520
 1474 1523
 1474 1475
 1474 1522
 1475 1571
 1476 1525
 1476 1524
 1476 1477
 1477 1573
 1477 1478
 1477 1526
 1478 1527
 1478 1574
 1479 1528
 1479 1527
 1480 1481
 1481 1482
 1481 1528
 1481 1576
 1482 1529
 1482 1530
 1483 1531
 1483 1530
 1484 1485
 1484 1532
 1484 1531
 1485 1532
 1486 1533
 1487 1534
 1487 1533
 1488 1535
 1488 1489
 1489 1537
 1489 1490
 1489 1535
 1490 1537
 1491 1537
 1491 1538
 1492 1493
 1493 1538
 1493 1494
 1494 1588
 1494 1540
 1494 1539
 1494 1495
 1495 1496
 1495 1542
 1495 1540
 1496 1542
 1497 1498
 1497 1543
 1497 1542
 1498 1545
 1498 1544
 1498 1499
 1498 1543
 1499 1545
 1499 1500
 1500 1546
 1500 1501
 1500 1547
 1500 1545
 1501 1547
 1501 1502
 1502 1549
 1502 1548
 1504 1551
 1504 1550
 1504 1505
 1505 1552
 1505 1551
 1506 1553
 1506 1507
 1507 1508
 1507 1554
 1508 1555
 1508 1509
 1508 1554
 1509 1556
 1509 1555
 1509 1510
 1510 1557
 1510 1511
 1510 1556
 1511 1512
 1511 1557
 1512 1558
 1513 1560
 1513 1559
 1513 1514
 1514 1561
 1514 1515
 1514 1560
 1515 1561
 1516 1517
 1517 1563
 1517 1564
 1517 1565
 1518 1566
 1518 1519
 1519 1567
 1519 1520
 1519 1566
 1520 1569
 1520 1567
 1520 1521
 1521 1522
 1521 1569
 1522 1570
 1522 1523
 1523 1617
 1523 1571
 1523 1570
 1524 1572
 1524 1571
 1525 1573
 1526 1574
 1526 1573
 1527 1528
 1527 1574
 1528 1576
 1528 1575
 1529 1530
 1529 1576
 1530 1531
 1530 1577
 1530 1578
 1531 1626
 1531 1532
 1531 1578
 1532 1581
 1532 1626
 1532 1533
 1533 1581
 1534 1582
 1534 1535
 1534 1581
 1535 1583
 1536 1584
 1536 1537
 1537 1538
 1537 1586
 1537 1584
 1538 1586
 1538 1587
 1538 1539
 1539 1588
 1539 1587
 1540 1541
 1540 1588
 1541 1589
 1541 1590
 1541 1542
 1542 1543
 1542 1591
 1542 1638
 1543 1592
 1543 1591
 1544 1545
 1545 1593
 1545 1546
 1545 1592
 1546 1595
 1546 1547
 1547 1595
 1547 1548
 1548 1597
 1548 1596
 1549 1550
 1549 1597
 1550 1597
 1551 1599
 1551 1552
 1551 1598
 1552 1600
 1552 1599
 1552 1553
 1553 1648
 1553 1601
 1553 1554
 1553 1600
 1554 1602
 1554 1601
 1555 1603
 1555 1556
 1556 1557
 1556 1604
 1557 1604
 1558 1606
 1558 1604
 1558 1559
 1559 1560
 1559 1606
 1560 1606
 1560 1561
 1561 1609
 1561 1608
 1563 1564
 1563 1611
 1564 1611
 1565 1613
 1565 1566
 1565 1612
 1565 1611
 1566 1567
 1567 1613
 1568 1615
 1568 1569
 1568 1614
 1569 1616
 1569 1615
 1569 1570
 1570 1617
 1570 1616
 1571 1664
 1571 1572
 1572 1618
 1572 1619
 1572 1573
 1573 1620
 1573 1619
 1574 1621
 1574 1575
 1575 1622
 1575 1576
 1576 1622
 1576 1577
 1577 1624
 1577 1578
 1577 1623
 1578 1625
 1578 1624
 1579 1625
 1579 1626
 1580 1581
 1580 1627
 1580 1626
 1581 1627
 1581 1582
 1582 1675
 1582 1629
 1582 1583
 1582 1628
 1583 1630
 1583 1629
 1583 1584
 1584 1585
 1584 1630
 1585 1632
 1585 1631
 1585 1586
 1586 1587
 1586 1632
 1587 1588
 1587 1633
 1588 1635
 1588 1634
 1588 1636
 1589 1637
 1589 1590
 1590 1638
 1591 1683
 1591 1592
 1591 1639
 1591 1638
 1592 1593
 1592 1639
 1592 1640
 1593 1641
 1593 1640
 1594 1642
 1594 1641
 1595 1596
 1596 1688
 1596 1644
 1596 1597
 1596 1642
 1597 1644
 1597 1598
 1598 1689
 1598 1645
 1598 1599
 1598 1644
 1599 1600
 1599 1645
 1600 1646
 1600 1648
 1601 1694
 1601 1649
 1601 1602
 1602 1603
 1602 1649
 1603 1650
 1603 1651
 1603 1604
 1604 1652
 1604 1651
 1605 1698
 1605 1653
 1605 1606
 1605 1652
 1606 1654
 1606 1653
 1606 1607
 1607 1655
 1607 1608
 1607 1654
 1608 1656
 1608 1609
 1610 1611
 1610 1658
 1611 1658
 1612 1613
 1613 1659
 1613 1660
 1614 1661
 1614 1615
 1615 1616
 1616 1617
 1616 1661
 1617 1664
 1617 1663
 1617 1662
 1618 1664
 1618 1619
 1619 1620
 1619 1666
 1619 1665
 1620 1667
 1620 1621
 1620 1666
 1621 1622
 1621 1668
 1621 1667
 1622 1669
 1622 1623
 1623 1670
 1623 1624
 1623 1669
 1624 1670
 1624 1671
 1625 1626
 1626 1671
 1626 1627
 1627 1628
 1627 1673
 1627 1672
 1628 1675
 1628 1723
 1629 1676
 1629 1675
 1631 1677
 1631 1632
 1631 1676
 1632 1726
 1632 1678
 1632 1677
 1633 1679
 1633 1678
 1634 1635
 1635 1680
 1635 1679
 1636 1680
 1636 1637
 1637 1681
 1637 1638
 1638 1731
 1638 1683
 1638 1682
 1639 1640
 1639 1683
 1640 1684
 1640 1641
 1641 1734
 1641 1642
 1641 1685
 1642 1687
 1642 1686
 1642 1643
 1643 1737
 1643 1687
 1644 1739
 1644 1688
 1645 1646
 1645 1691
 1645 1689
 1646 1692
 1646 1647
 1646 1691
 1647 1692
 1647 1648
 1647 1693
 1648 1694
 1649 1743
 1649 1695
 1649 1694
 1650 1745
 1650 1696
 1650 1651
 1651 1696
 1651 1652
 1652 1698
 1653 1749
 1653 1700
 1653 1654
 1653 1698
 1654 1700
 1654 1655
 1655 1702
 1655 1656
 1655 1701
 1656 1702
 1657 1705
 1657 1658
 1658 1705
 1658 1706
 1658 1659
 1659 1660
 1659 1706
 1660 1708
 1660 1709
 1660 1707
 1660 1661
 1661 1757
 1661 1758
 1661 1662
 1661 1710
 1661 1709
 1662 1663
 1662 1710
 1663 1711
 1663 1712
 1664 1665
 1665 1666
 1665 1712
 1666 1713
 1666 1667
 1667 1668
 1667 1716
 1667 1714
 1668 1716
 1669 1766
 1669 1717
 1669 1670
 1669 1716
 1670 1767
 1670 1671
 1670 1717
 1670 1718
 1671 1720
 1671 1719
 1671 1718
 1671 1672
 1672 1673
 1672 1721
 1672 1720
 1673 1721
 1674 1723
 1674 1721
 1675 1676
 1676 1724
 1676 1725
 1677 1726
 1678 1728
 1678 1679
 1678 1727
 1679 1729
 1679 1680
 1680 1681
 1681 1778
 1681 1729
 1681 1682
 1682 1779
 1682 1731
 1682 1730
 1683 1780
 1683 1732
 1683 1731
 1684 1733
 1684 1685
 1685 1733
 1686 1783
 1686 1687
 1686 1735
 1686 1734
 1687 1735
 1687 1737
 1688 1739
 1688 1738
 1688 1737
 1689 1739
 1690 1740
 1690 1691
 1690 1787
 1691 1692
 1691 1740
 1692 1742
 1692 1741
 1693 1743
 1695 1744
 1695 1745
 1695 1743
 1696 1747
 1696 1697
 1696 1745
 1697 1698
 1698 1748
 1698 1747
 1699 1749
 1700 1701
 1700 1749
 1701 1751
 1701 1702
 1703 1751
 1705 1754
 1705 1753
 1705 1706
 1706 1755
 1706 1754
 1706 1756
 1708 1803
 1708 1757
 1708 1756
 1709 1757
 1710 1805
 1710 1711
 1710 1760
 1710 1758
 1711 1760
 1711 1761
 1711 1712
 1712 1713
 1713 1761
 1713 1714
 1714 1764
 1714 1715
 1714 1762
 1715 1765
 1715 1716
 1716 1766
 1717 1812
 1717 1766
 1718 1813
 1718 1768
 1718 1767
 1719 1720
 1720 1721
 1720 1769
 1720 1770
 1721 1772
 1721 1771
 1723 1773
 1723 1772
 1723 1724
 1724 1818
 1724 1774
 1724 1725
 1724 1773
 1725 1819
 1725 1774
 1725 1726
 1725 1775
 1727 1776
 1727 1728
 1727 1775
 1728 1777
 1728 1729
 1728 1776
 1730 1824
 1730 1823
 1730 1779
 1730 1778
 1731 1780
 1731 1779
 1732 1781
 1732 1780
 1733 1782
 1733 1734
 1734 1783
 1734 1782
 1735 1784
 1735 1783
 1737 1831
 1737 1785
 1737 1784
 1738 1739
 1739 1785
 1739 1786
 1739 1787
 1740 1834
 1740 1788
 1740 1787
 1741 1742
 1742 1743
 1742 1790
 1742 1789
 1742 1788
 1743 1792
 1743 1744
 1743 1790
 1744 1792
 1744 1793
 1745 1793
 1746 1794
 1746 1747
 1747 1795
 1747 1748
 1747 1794
 1748 1795
 1748 1796
 1748 1749
 1749 1750
 1750 1751
 1750 1796
 1751 1798
 1751 1797
 1751 1752
 1752 1798
 1753 1801
 1754 1801
 1754 1755
 1754 1802
 1755 1756
 1755 1803
 1757 1804
 1757 1803
 1759 1805
 1759 1804
 1760 1761
 1761 1762
 1761 1807
 1761 1806
 1762 1808
 1762 1807
 1762 1763
 1763 1764
 1763 1809
 1763 1808
 1764 1810
 1764 1809
 1764 1765
 1765 1811
 1765 1810
 1767 1861
 1767 1813
 1767 1812
 1768 1862
 1768 1814
 1768 1769
 1768 1813
 1769 1770
 1770 1814
 1770 1815
 1771 1772
 1772 1816
 1772 1773
 1772 1815
 1773 1818
 1773 1816
 1774 1867
 1774 1819
 1775 1868
 1775 1820
 1775 1776
 1775 1819
 1776 1822
 1776 1777
 1776 1820
 1777 1778
 1778 1822
 1778 1823
 1779 1780
 1779 1824
 1780 1875
 1780 1827
 1780 1781
 1780 1825
 1781 1782
 1782 1828
 1782 1827
 1782 1783
 1783 1784
 1783 1830
 1784 1830
 1784 1831
 1785 1832
 1785 1786
 1785 1831
 1786 1832
 1786 1787
 1787 1834
 1788 1836
 1788 1789
 1788 1835
 1788 1834
 1789 1836
 1790 1884
 1790 1791
 1791 1838
 1791 1837
 1791 1792
 1792 1838
 1793 1794
 1793 1838
 1794 1841
 1794 1795
 1794 1839
 1795 1796
 1795 1841
 1796 1844
 1796 1843
 1796 1842
 1796 1797
 1797 1892
 1797 1845
 1797 1798
 1797 1844
 1798 1893
 1798 1846
 1798 1845
 1800 1801
 1800 1848
 1801 1849
 1801 1802
 1802 1803
 1802 1849
 1803 1851
 1803 1898
 1803 1804
 1803 1850
 1804 1852
 1804 1851
 1804 1805
 1805 1854
 1805 1806
 1805 1853
 1805 1852
 1806 1807
 1807 1856
 1807 1808
 1807 1854
 1808 1809
 1809 1858
 1809 1856
 1809 1810
 1810 1859
 1810 1858
 1811 1812
 1812 1860
 1812 1859
 1812 1861
 1813 1862
 1813 1912
 1814 1815
 1814 1863
 1814 1862
 1815 1863
 1815 1864
 1815 1816
 1816 1866
 1816 1817
 1816 1864
 1817 1866
 1818 1917
 1819 1867
 1820 1869
 1820 1920
 1820 1868
 1821 1870
 1821 1822
 1822 1823
 1822 1871
 1822 1870
 1823 1871
 1823 1824
 1824 1873
 1824 1872
 1825 1826
 1826 1875
 1827 1828
 1827 1876
 1827 1875
 1828 1876
 1828 1877
 1829 1878
 1829 1830
 1830 1928
 1830 1831
 1830 1878
 1831 1879
 1831 1880
 1832 1880
 1833 1881
 1833 1834
 1834 1882
 1834 1881
 1835 1932
 1835 1883
 1835 1836
 1836 1884
 1836 1883
 1837 1838
 1837 1885
 1838 1885
 1838 1839
 1839 1840
 1839 1887
 1839 1888
 1839 1886
 1840 1937
 1840 1888
 1840 1889
 1841 1890
 1841 1842
 1841 1889
 1842 1891
 1842 1890
 1844 1940
 1844 1891
 1845 1941
 1845 1893
 1845 1892
 1846 1893
 1847 1896
 1848 1896
 1848 1849
 1849 1897
 1849 1896
 1850 1897
 1851 1852
 1851 1900
 1851 1898
 1852 1853
 1852 1901
 1853 1948
 1853 1902
 1853 1854
 1854 1903
 1854 1855
 1854 1902
 1855 1905
 1855 1903
 1855 1856
 1856 1857
 1856 1906
 1856 1905
 1857 1906
 1857 1907
 1858 1907
 1858 1859
 1858 1908
 1859 1909
 1859 1908
 1859 1860
 1860 1911
 1860 1910
 1860 1909
 1861 1912
 1862 1913
 1862 1912
 1863 1864
 1863 1913
 1864 1914
 1864 1865
 1865 1916
 1865 1866
 1865 1915
 1866 1917
 1866 1916
 1867 1919
 1867 1868
 1867 1917
 1868 1920
 1868 1919
 1869 1966
 1869 1921
 1869 1920
 1870 1871
 1871 1921
 1871 1872
 1872 1873
 1873 1924
 1873 1923
 1873 1874
 1874 1970
 1874 1924
 1875 1925
 1875 1876
 1876 1877
 1876 1927
 1876 1925
 1877 1927
 1877 1878
 1878 1974
 1879 1880
 1880 1881
 1880 1930
 1880 1929
 1881 1931
 1881 1930
 1882 1978
 1882 1932
 1882 1931
 1883 1980
 1883 1934
 1883 1884
 1883 1932
 1884 1934
 1884 1885
 1885 1934
 1886 1936
 1886 1935
 1887 1936
 1888 1937
 1888 1936
 1889 1890
 1889 1937
 1890 1939
 1890 1938
 1891 1987
 1891 1940
 1892 1941
 1892 1940
 1893 1942
 1893 1941
 1896 1944
 1896 1943
 1896 1897
 1897 1898
 1897 1946
 1897 1944
 1898 1946
 1898 1899
 1899 1900
 1900 1947
 1900 1948
 1902 1950
 1902 1948
 1902 1903
 1903 1999
 1903 1951
 1903 1950
 1905 1951
 1905 1952
 1905 1906
 1906 1954
 1906 1907
 1906 1952
 1908 1909
 1908 1955
 1908 1954
 1909 1956
 1909 1955
 1910 1956
 1911 1957
 1911 1956
 1912 2006
 1912 1958
 1912 1957
 1912 1913
 1913 1959
 1913 1958
 1914 1915
 1914 1959
 1915 1960
 1915 1959
 1915 1916
 1916 1917
 1916 1962
 1916 1960
 1917 1963
 1917 1962
 1918 1964
 1918 1963
 1919 1920
 1919 1965
 1919 1964
 1920 1966
 1921 1967
 1921 1922
 1921 1966
 1922 1968
 1922 1923
 1923 1924
 1923 1968
 1923 1969
 1924 1969
 1925 1926
 1925 1971
 1925 1970
 1926 1927
 1926 1971
 1926 1972
 1927 1973
 1927 1974
 1928 1929
 1928 1975
 1928 1974
 1929 1975
 1930 1977
 1930 2024
 1930 1976
 1930 1931
 1931 1977
 1932 1933
 1932 1978
 1933 2027
 1933 1980
 1934 1935
 1934 1980
 1935 1982
 1935 1981
 1935 1936
 1936 1937
 1936 1982
 1937 1984
 1937 1938
 1938 2032
 1938 1986
 1938 1939
 1938 1985
 1939 2033
 1939 1987
 1940 1989
 1940 1941
 1940 1987
 1941 1991
 1941 1942
 1941 1989
 1943 1993
 1944 1993
 1944 1945
 1945 1993
 1945 1946
 1946 1995
 1946 1947
 1946 1994
 1947 1996
 1947 1995
 1947 1948
 1948 1949
 1948 1998
 1948 1997
 1948 1996
 1950 1998
 1950 1999
 1951 2000
 1951 1952
 1951 1999
 1952 1953
 1952 2000
 1953 2001
 1953 2002
 1953 1954
 1954 2003
 1954 1955
 1954 2002
 1955 1956
 1955 2003
 1956 2004
 1956 2005
 1957 2050
 1957 2005
 1958 1959
 1958 2007
 1959 2009
 1959 1960
 1959 2007
 1960 1961
 1960 2010
 1962 2011
 1962 1963
 1962 2010
 1963 1964
 1963 2012
 1964 1965
 1964 2013
 1965 1966
 1966 2015
 1966 1967
 1966 2013
 1967 2063
 1967 2016
 1967 1968
 1967 2015
 1968 2016
 1968 1969
 1969 2018
 1969 1970
 1970 2019
 1970 1971
 1971 2020
 1971 1972
 1971 2019
 1972 2021
 1972 2020
 1973 2022
 1973 1974
 1974 2023
 1974 1975
 1975 2023
 1976 2024
 1976 2023
 1977 2026
 1977 1978
 1977 2024
 1978 1979
 1979 2027
 1979 2026
 1980 2076
 1980 2028
 1980 2027
 1981 2029
 1981 1982
 1982 2078
 1982 1983
 1982 2030
 1983 1984
 1984 2079
 1984 2031
 1984 2030
 1985 2032
 1985 2031
 1986 2033
 1986 2032
 1987 2035
 1987 2033
 1987 1988
 1988 1989
 1989 2036
 1989 2035
 1990 1991
 1991 2036
 1993 2087
 1993 2039
 1993 2038
 1993 1994
 1994 2040
 1994 1995
 1995 2041
 1996 2041
 1996 2042
 1996 1997
 1997 2091
 1997 2043
 1997 1998
 1998 2092
 1998 2044
 1998 2043
 1998 1999
 1999 2044
 2000 2001
 2000 2046
 2000 2045
 2001 2002
 2001 2046
 2002 2003
 2002 2046
 2003 2047
 2003 2048
 2004 2049
 2004 2048
 2004 2005
 2005 2050
 2006 2007
 2006 2050
 2007 2052
 2007 2051
 2008 2052
 2008 2009
 2008 2054
 2009 2054
 2009 2055
 2009 2010
 2010 2056
 2010 2057
 2010 2055
 2010 2011
 2011 2058
 2011 2012
 2011 2057
 2012 2013
 2012 2058
 2013 2061
 2013 2060
 2013 2059
 2013 2014
 2014 2061
 2015 2062
 2016 2064
 2016 2063
 2017 2064
 2017 2018
 2018 2019
 2018 2066
 2019 2020
 2019 2067
 2020 2021
 2020 2068
 2021 2069
 2021 2068
 2021 2022
 2022 2069
 2022 2023
 2023 2024
 2023 2072
 2023 2070
 2024 2073
 2024 2072
 2025 2026
 2026 2075
 2026 2027
 2026 2073
 2027 2075
 2028 2077
 2028 2029
 2028 2076
 2029 2078
 2029 2077
 2030 2079
 2030 2078
 2031 2080
 2031 2079
 2032 2033
 2032 2081
 2033 2128
 2033 2082
 2033 2081
 2035 2083
 2035 2082
 2035 2036
 2036 2084
 2036 2037
 2037 2084
 2038 2087
 2039 2089
 2039 2040
 2040 2090
 2040 2041
 2041 2090
 2043 2092
 2043 2139
 2044 2094
 2044 2045
 2044 2092
 2045 2095
 2045 2094
 2045 2046
 2046 2096
 2046 2047
 2047 2097
 2047 2048
 2047 2096
 2048 2147
 2048 2049
 2048 2098
 2049 2050
 2050 2099
 2050 2098
 2051 2099
 2051 2100
 2051 2052
 2052 2151
 2052 2100
 2052 2101
 2054 2152
 2054 2153
 2054 2055
 2054 2101
 2054 2102
 2055 2102
 2055 2103
 2056 2103
 2057 2104
 2057 2058
 2057 2103
 2058 2104
 2058 2059
 2059 2106
 2059 2107
 2059 2060
 2059 2105
 2060 2107
 2061 2108
 2061 2107
 2062 2109
 2062 2063
 2063 2109
 2063 2064
 2064 2110
 2064 2109
 2065 2066
 2066 2067
 2066 2111
 2067 2113
 2067 2112
 2068 2114
 2068 2069
 2069 2116
 2069 2115
 2069 2114
 2070 2117
 2070 2071
 2072 2117
 2072 2073
 2073 2119
 2073 2118
 2073 2074
 2074 2121
 2074 2120
 2074 2075
 2074 2119
 2075 2122
 2075 2121
 2076 2123
 2076 2122
 2076 2077
 2077 2078
 2077 2124
 2078 2126
 2078 2124
 2078 2079
 2079 2126
 2080 2126
 2080 2127
 2080 2081
 2081 2128
 2082 2129
 2082 2083
 2082 2128
 2083 2131
 2083 2129
 2083 2084
 2084 2132
 2084 2131
 2086 2134
 2086 2087
 2087 2134
 2087 2135
 2087 2088
 2088 2089
 2088 2136
 2088 2135
 2089 2136
 2089 2137
 2089 2090
 2090 2138
 2090 2137
 2090 2091
 2091 2139
 2091 2138
 2092 2093
 2092 2139
 2093 2094
 2093 2140
 2094 2095
 2094 2141
 2095 2142
 2095 2096
 2096 2146
 2096 2145
 2096 2097
 2097 2146
 2097 2147
 2098 2099
 2098 2147
 2099 2100
 2099 2148
 2099 2150
 2100 2151
 2101 2152
 2101 2151
 2102 2103
 2102 2154
 2103 2104
 2103 2204
 2103 2155
 2104 2205
 2104 2155
 2104 2156
 2106 2157
 2106 2107
 2106 2156
 2107 2159
 2107 2157
 2107 2108
 2108 2109
 2108 2160
 2108 2159
 2109 2162
 2109 2160
 2109 2110
 2110 2211
 2110 2163
 2110 2111
 2110 2162
 2111 2212
 2111 2164
 2111 2112
 2112 2113
 2112 2165
 2112 2164
 2113 2114
 2114 2215
 2114 2166
 2114 2165
 2114 2115
 2115 2167
 2115 2166
 2116 2167
 2116 2168
 2116 2117
 2117 2169
 2117 2118
 2117 2168
 2118 2170
 2118 2119
 2118 2169
 2119 2172
 2119 2170
 2119 2120
 2120 2173
 2121 2173
 2121 2122
 2122 2123
 2122 2175
 2122 2173
 2123 2175
 2123 2124
 2124 2177
 2124 2176
 2125 2179
 2125 2126
 2125 2177
 2125 2178
 2126 2180
 2126 2127
 2127 2181
 2127 2180
 2127 2128
 2128 2129
 2128 2181
 2129 2183
 2129 2130
 2130 2184
 2130 2131
 2130 2183
 2131 2185
 2131 2184
 2134 2234
 2134 2187
 2134 2186
 2134 2135
 2135 2235
 2135 2187
 2135 2188
 2136 2137
 2137 2189
 2137 2138
 2137 2188
 2138 2139
 2138 2190
 2138 2191
 2139 2140
 2139 2191
 2140 2193
 2140 2141
 2141 2194
 2141 2193
 2141 2142
 2142 2195
 2142 2143
 2142 2194
 2143 2195
 2143 2144
 2144 2196
 2145 2146
 2146 2197
 2146 2196
 2146 2147
 2147 2148
 2147 2197
 2148 2199
 2148 2149
 2148 2198
 2149 2199
 2149 2200
 2149 2150
 2150 2201
 2150 2200
 2151 2202
 2151 2152
 2152 2202
 2153 2202
 2153 2203
 2154 2203
 2155 2253
 2155 2205
 2155 2204
 2156 2157
 2156 2207
 2156 2205
 2157 2207
 2158 2159
 2158 2208
 2159 2209
 2159 2208
 2160 2209
 2161 2209
 2162 2210
 2163 2212
 2163 2211
 2164 2214
 2164 2165
 2164 2212
 2165 2215
 2166 2217
 2166 2167
 2166 2215
 2167 2218
 2167 2168
 2168 2169
 2169 2219
 2169 2218
 2170 2171
 2171 2219
 2172 2268
 2172 2221
 2172 2220
 2173 2221
 2173 2174
 2174 2269
 2174 2222
 2174 2221
 2175 2223
 2177 2271
 2177 2224
 2177 2223
 2178 2225
 2178 2224
 2178 2179
 2179 2180
 2180 2227
 2180 2181
 2180 2225
 2181 2228
 2181 2182
 2182 2229
 2182 2228
 2182 2183
 2183 2230
 2183 2184
 2184 2231
 2184 2230
 2185 2231
 2186 2234
 2188 2282
 2188 2236
 2188 2189
 2188 2235
 2189 2237
 2189 2236
 2190 2191
 2191 2192
 2191 2237
 2192 2193
 2192 2239
 2192 2238
 2193 2194
 2193 2239
 2194 2195
 2194 2242
 2194 2241
 2195 2242
 2195 2196
 2196 2197
 2196 2243
 2196 2242
 2197 2245
 2197 2243
 2197 2198
 2198 2245
 2198 2199
 2199 2292
 2199 2247
 2199 2246
 2200 2201
 2200 2248
 2201 2202
 2201 2248
 2201 2249
 2202 2203
 2202 2249
 2202 2251
 2203 2252
 2203 2251
 2204 2253
 2204 2252
 2205 2298
 2205 2254
 2205 2253
 2206 2207
 2206 2255
 2207 2255
 2207 2208
 2208 2209
 2208 2255
 2209 2257
 2209 2256
 2210 2303
 2210 2258
 2210 2211
 2210 2257
 2211 2260
 2211 2258
 2211 2212
 2211 2259
 2212 2213
 2213 2260
 2213 2261
 2214 2262
 2214 2215
 2215 2262
 2216 2308
 2216 2217
 2216 2263
 2216 2262
 2217 2264
 2217 2218
 2218 2265
 2218 2264
 2218 2219
 2219 2267
 2219 2220
 2219 2266
 2219 2265
 2220 2267
 2220 2268
 2221 2314
 2221 2313
 2221 2269
 2222 2270
 2222 2223
 2222 2269
 2223 2317
 2223 2271
 2223 2316
 2223 2270
 2224 2225
 2224 2273
 2224 2271
 2225 2226
 2225 2274
 2226 2275
 2226 2274
 2227 2276
 2227 2228
 2228 2277
 2228 2276
 2230 2231
 2230 2278
 2230 2277
 2231 2279
 2231 2278
 2234 2280
 2234 2235
 2235 2327
 2235 2282
 2235 2281
 2236 2237
 2236 2282
 2237 2285
 2237 2329
 2237 2284
 2237 2238
 2237 2283
 2238 2286
 2238 2239
 2239 2332
 2239 2287
 2239 2240
 2240 2287
 2240 2241
 2241 2242
 2241 2287
 2242 2243
 2242 2288
 2243 2244
 2243 2289
 2243 2290
 2244 2338
 2244 2245
 2244 2290
 2244 2337
 2244 2291
 2245 2246
 2246 2339
 2246 2292
 2246 2291
 2247 2340
 2247 2293
 2248 2249
 2249 2294
 2249 2295
 2249 2250
 2249 2293
 2250 2295
 2251 2296
 2252 2253
 2253 2298
 2253 2297
 2254 2299
 2254 2346
 2254 2255
 2254 2298
 2255 2299
 2255 2256
 2256 2301
 2256 2257
 2256 2300
 2257 2349
 2257 2303
 2258 2304
 2258 2303
 2259 2260
 2260 2261
 2260 2304
 2261 2262
 2261 2305
 2262 2306
 2262 2308
 2262 2307
 2263 2308
 2264 2310
 2264 2265
 2264 2309
 2265 2311
 2265 2310
 2265 2266
 2266 2312
 2267 2268
 2268 2312
 2269 2270
 2269 2315
 2269 2314
 2270 2315
 2271 2272
 2272 2318
 2272 2317
 2272 2273
 2273 2319
 2273 2274
 2273 2318
 2274 2319
 2274 2320
 2274 2275
 2275 2322
 2275 2276
 2275 2320
 2276 2323
 2276 2322
 2277 2323
 2277 2278
 2278 2279
 2278 2323
 2279 2324
 2280 2281
 2281 2371
 2281 2327
 2281 2326
 2282 2283
 2282 2327
 2283 2375
 2283 2328
 2284 2330
 2284 2285
 2285 2286
 2285 2331
 2285 2379
 2286 2332
 2286 2331
 2287 2288
 2287 2334
 2287 2332
 2288 2334
 2288 2289
 2289 2290
 2289 2335
 2289 2334
 2290 2335
 2290 2337
 2291 2338
 2292 2340
 2292 2339
 2293 2294
 2293 2341
 2293 2340
 2294 2341
 2294 2295
 2295 2343
 2295 2342
 2295 2296
 2296 2344
 2296 2297
 2296 2343
 2297 2345
 2297 2344
 2297 2298
 2298 2346
 2299 2347
 2299 2406
 2299 2346
 2300 2348
 2300 2301
 2300 2347
 2301 2348
 2302 2348
 2302 2410
 2303 2349
 2303 2304
 2304 2352
 2304 2351
 2304 2305
 2304 2350
 2305 2352
 2305 2306
 2306 2307
 2306 2353
 2306 2354
 2306 2352
 2307 2308
 2308 2355
 2308 2354
 2309 2310
 2309 2356
 2309 2355
 2310 2357
 2310 2311
 2311 2357
 2311 2312
 2312 2429
 2312 2359
 2312 2358
 2312 2313
 2312 2357
 2313 2359
 2313 2360
 2313 2314
 2314 2360
 2315 2361
 2315 2360
 2316 2362
 2316 2317
 2316 2361
 2317 2362
 2317 2318
 2318 2363
 2318 2362
 2319 2365
 2319 2363
 2319 2320
 2320 2321
 2321 2442
 2321 2366
 2321 2365
 2321 2322
 2322 2367
 2322 2366
 2323 2368
 2323 2324
 2324 2369
 2324 2325
 2327 2373
 2327 2328
 2327 2371
 2328 2375
 2328 2373
 2329 2377
 2329 2330
 2329 2375
 2330 2379
 2330 2377
 2331 2381
 2331 2379
 2332 2333
 2332 2381
 2333 2384
 2333 2382
 2333 2334
 2334 2386
 2334 2384
 2335 2336
 2335 2386
 2336 2337
 2336 2387
 2337 2390
 2337 2388
 2337 2338
 2338 2392
 2338 2339
 2338 2390
 2339 2393
 2339 2340
 2340 2395
 2340 2341
 2340 2393
 2341 2397
 2341 2395
 2341 2342
 2342 2399
 2342 2343
 2342 2397
 2343 2401
 2343 2344
 2343 2399
 2344 2403
 2344 2401
 2344 2345
 2345 2405
 2345 2346
 2345 2403
 2346 2406
 2347 2408
 2347 2348
 2347 2406
 2348 2410
 2348 2408
 2349 2412
 2349 2350
 2349 2410
 2350 2413
 2350 2351
 2351 2415
 2351 2352
 2351 2413
 2352 2417
 2352 2415
 2352 2353
 2353 2419
 2353 2354
 2353 2417
 2354 2421
 2354 2419
 2354 2355
 2355 2423
 2355 2356
 2355 2421
 2356 2425
 2356 2357
 2356 2423
 2357 2427
 2357 2358
 2357 2425
 2358 2429
 2358 2427
 2359 2431
 2359 2360
 2359 2429
 2360 2433
 2360 2431
 2361 2435
 2361 2362
 2361 2433
 2362 2437
 2362 2435
 2362 2363
 2363 2438
 2363 2437
 2364 2440
 2364 2365
 2364 2438
 2365 2442
 2365 2440
 2366 2444
 2366 2367
 2366 2442
 2367 2446
 2367 2368
 2367 2444
 2368 2448
 2368 2446
 2368 2369
