    2  126
    2   82
    3   82
    4   83
    4   82
    6   84
    6   83
    8   84
    9   86
    9   85
   11  130
   11   87
   11   86
   13   87
   14   88
   14   89
   16  132
   16   90
   16   89
   18   91
   18   90
   19   92
   21   93
   21   92
   22   93
   23   94
   23   93
   25   94
   25   95
   27   96
   27   95
   28   96
   29   97
   29   96
   31   98
   31   97
   33  140
   33   99
   33   98
   34  100
   34   99
   36  101
   36  100
   38  102
   38  101
   39  102
   40  102
   40  103
   42  146
   42  104
   42  103
   44  105
   44  104
   46  106
   46  105
   48  106
   48  107
   50  150
   50  108
   50  107
   52  108
   53  110
   53  109
   55  111
   55  110
   57  153
   57  111
   57  112
   59  112
   59  113
   61  113
   61  114
   62  114
   62  115
   64  115
   64  116
   66  117
   66  116
   67  117
   68  118
   68  117
   70  119
   70  118
   71  120
   71  119
   73  121
   73  120
   75  122
   75  121
   77  123
   77  122
   79  165
   79  123
   81  126
   82  127
   82  126
   83  128
   83   84
   84   85
   85 2325
   85  129
   85   86
   87   88
   87  130
   88  174
   88   89
   88  131
   90   91
   90  132
   91  134
   91   92
   91  133
   93  136
   93   94
   93  135
   94  137
   94   95
   96  182
   96  181
   96   97
   96  138
   97   98
   98  140
   98  139
   99  141
   99  140
  100  101
  101  102
  101  142
  102  144
  102  143
  103  146
  103  144
  104  147
  104  105
  105  106
  106  147
  106  107
  107  150
  107  148
  108  194
  108  109
  108  150
  109  110
  109  194
  110  196
  110  195
  110  151
  110  152
  110  111
  111  153
  112  113
  112  153
  113  155
  113  154
  114  115
  115  116
  115  155
  115  157
  117  159
  117  158
  117  118
  118  119
  119  161
  119  160
  120 2324
  120  121
  121 2324
  121  122
  122  162
  122  123
  123  165
  123  164
  123  163
  124  165
  125  168
  126  169
  126  168
  126  127
  127  128
  127  169
  128 2325
  129  130
  129 2325
  130  131
  130  172
  131  173
  131  172
  132  133
  132 2333
  132  174
  133 2333
  133  134
  133  175
  134  135
  135  178
  135  177
  135  136
  136 2328
  136  137
  137  138
  137 2328
  137  179
  138  179
  139  225
  139  183
  139  140
  139  182
  140  141
  140  183
  141  185
  141  142
  142  186
  142  143
  143  188
  143  144
  143  187
  144  188
  145  190
  145  146
  146  147
  146  190
  147  233
  147  234
  147  148
  147  191
  148  149
  149  192
  150  236
  150  194
  150  193
  152  196
  153  240
  153  154
  153  197
  154  241
  154  198
  154  155
  154  240
  155  156
  156  199
  156  289
  156  157
  156  243
  157  158
  157  199
  158  202
  158  159
  158  201
  159  203
  159  160
  160  161
  160  203
  162  205
  162  206
  162  163
  162 2324
  164  207
  164  165
  164  206
  165  209
  165  208
  168  210
  168  212
  168  211
  168  169
  169  213
  169  255
  169  212
  169  170
  170 2325
  171 2325
  171  172
  171  214
  171  215
  172  215
  172  173
  173  216
  173  174
  173  215
  175  219
  175  218
  175 2333
  176  177
  176  219
  177  221
  177  178
  178 2328
  178  266
  178  265
  178  221
  179  222
  179 2328
  180  181
  181  270
  181  224
  181  223
  181  182
  182  225
  183  226
  183  225
  185  186
  185  226
  186  227
  186  187
  187  228
  187  227
  187  188
  188  189
  188  229
  188  228
  189  229
  190  231
  190  230
  190  191
  191  233
  191  231
  192  193
  192  235
  192  234
  193  282
  193  235
  193  236
  194  238
  194  236
  195  196
  195  238
  196  239
  196  197
  198  242
  198  243
  198  241
  199  290
  199  244
  199  289
  200  201
  201  245
  201  202
  201  244
  202  245
  202  203
  203  294
  203  247
  203  204
  203  246
  204  296
  204 2324
  205  249
  205  206
  205  248
  206  250
  206  207
  206  249
  207  251
  207  250
  207  208
  208  299
  208  252
  208  251
  210  254
  211  254
  211  212
  212  255
  213  257
  213  255
  214  258
  214  257
  214 2325
  215  259
  215  258
  216  260
  216  217
  217 2333
  218  262
  218  263
  218 2333
  218  261
  219  220
  220  264
  220  221
  221  265
  221  264
  222  223
  223  268
  224  225
  224  270
  225  273
  225  272
  225  271
  226  274
  227  275
  227  228
  227  274
  228  276
  228  275
  229  276
  231  278
  231  232
  231  277
  232  279
  232  278
  232  233
  233  280
  233  279
  235  282
  235  281
  236  283
  236  282
  237  238
  237  284
  238  239
  239  329
  239  285
  239  240
  239  284
  240  287
  240  241
  241  287
  242  288
  245  246
  245  293
  245  292
  246  338
  246  337
  246  293
  246  294
  247  339
  247  295
  248  297
  248  249
  248  296
  248 2324
  249  250
  249  297
  250  251
  251  298
  252  299
  254  301
  254  302
  255  303
  255  256
  256  304
  256  303
  256  257
  257  305
  257  304
  257  258
  258  307
  258  259
  258  306
  259  307
  259  308
  260  309
  260  308
  260  261
  261 2333
  262  311
  262  263
  262  310
  263  311
  263  312
  264  313
  264  265
  264  312
  265  314
  265  313
  266  314
  266 2328
  267 2328
  267  268
  268  315
  268  269
  269  317
  269  270
  269  316
  270  317
  270  271
  271  318
  271  272
  271  317
  272  273
  272  318
  273  274
  274  321
  274  320
  275  321
  275  276
  276  322
  276  277
  276  321
  278  325
  278  324
  278  279
  279  325
  280  326
  280  281
  280  325
  281  369
  282  369
  282  283
  283  370
  283  327
  283  369
  284  327
  285  373
  285  286
  285  330
  285  329
  286  331
  286  287
  287  332
  287  288
  288  289
  289  290
  289  333
  290  335
  290  334
  290  291
  291  292
  291  336
  293  337
  294  339
  294  338
  296  341
  296  340
  297  342
  297  341
  298  343
  298  342
  299  344
  299  343
  302  346
  302  345
  302  303
  303  347
  303  346
  303  304
  304  347
  304  305
  305  349
  305  306
  306  390
  306  307
  306  349
  307  390
  307  350
  308  352
  308  309
  309  310
  310  354
  310  353
  310  311
  311  355
  311  354
  312  313
  313  357
  313  356
  314  397
  314  358
  315  316
  315  359
  315  358
  316  359
  317 2338
  317  361
  317  360
  317  318
  318  401
  318  362
  319  320
  320  402
  321 2348
  321  363
  321  404
  321  322
  322  364
  322  365
  322  323
  323  366
  323  324
  324  367
  324  366
  324  325
  325  368
  325  367
  327  371
  327  328
  328  329
  328  371
  329  372
  330  415
  330  331
  330  374
  330  373
  331  374
  331  332
  332  375
  332  333
  333  376
  333  375
  334  419
  334  335
  334  376
  335  377
  335  419
  336  337
  336  377
  337  338
  337  378
  338  422
  338  380
  338  379
  339  340
  340  341
  340  381
  341  425
  341  382
  341  381
  341  342
  342  383
  342  382
  343  427
  343  384
  343  383
  344  384
  346  430
  346  387
  346  386
  346  347
  347  387
  347  348
  348  432
  349  389
  349  390
  350  391
  350  351
  350  390
  351  434
  351  392
  351  352
  352  353
  353  394
  353  393
  354  355
  354  395
  354  394
  355  356
  356  396
  356  357
  356  395
  357  439
  357  397
  359  360
  359  398
  359  399
  361  400
  361  401
  361 2338
  362  443
  362  402
  363  446
  363  405
  363  364
  363  404
  364  406
  364  405
  366  407
  366  367
  366  406
  367  408
  367  407
  368  369
  369  410
  369  370
  370  452
  370  411
  370  410
  371  413
  371  372
  372  413
  372  373
  373  415
  373  414
  373  413
  374  416
  374  375
  374  415
  375  417
  375  416
  377  420
  377  419
  378  379
  378  421
  378  420
  379  421
  379  422
  380  424
  380  381
  381  425
  381  424
  382  426
  382  425
  383  426
  384  428
  386  430
  387  388
  387  430
  388  473
  388  432
  389  433
  389  390
  389  432
  390  474
  390  391
  391  475
  391  434
  391  474
  392  435
  392  393
  392  434
  394  437
  394  395
  394  436
  395  437
  395  396
  396  481
  396  439
  396  438
  397  440
  397  439
  398  399
  398  441
  398  440
  399 2339
  399  441
  400 2350
  400  487
  400  401
  400  442
  401 2350
  401  443
  402  443
  402  403
  403  404
  403 2348
  403  444
  404  445
  404  446
  405  447
  405  446
  405  448
  407  449
  407  408
  408  409
  408  450
  408  449
  409  410
  410  452
  410  451
  411  453
  411  412
  411  452
  413  455
  414  457
  414  456
  414  415
  415  458
  415  457
  416  458
  417  459
  417  418
  418  419
  419  460
  419  461
  420  461
  421  463
  421  422
  421  462
  422  463
  422  423
  423  424
  423  464
  423  465
  423  463
  424  425
  424  465
  425  467
  425  426
  426 2326
  426  467
  427  513
  427  512
  427  468
  427 2326
  427  428
  429  430
  429  470
  430  431
  430  470
  432  433
  433  520
  433  474
  434  476
  434  475
  435  436
  436  478
  437  479
  437  438
  438  481
  438  480
  439  482
  439  483
  441 2339
  441  485
  441  484
  441  442
  442  487
  442  485
  442 2338
  443 2349
  443 2350
  444  445
  444  488
  445  489
  446  537
  446  536
  446  447
  447  491
  447  537
  448  449
  449  450
  449  493
  450  495
  450  493
  451  452
  451  495
  452  497
  452  496
  453  454
  454  498
  454  455
  455  499
  455  456
  456  457
  456  500
  457  548
  457  502
  457  501
  458  502
  458  503
  459  504
  459  503
  460  506
  460  505
  460  461
  460  504
  461  462
  462  554
  462  507
  462  463
  462  506
  463  508
  463  554
  464  465
  464  508
  465  509
  465  466
  466  467
  466  510
  467 2326
  468  513
  470  515
  470  516
  471  472
  472  473
  472  517
  472  516
  472  518
  473  519
  474  521
  474  475
  475  522
  475  476
  476  523
  476  477
  476  522
  477  478
  478  479
  478  524
  479  525
  479  480
  480  526
  480  525
  481  527
  481  482
  481  526
  482  528
  482  527
  483  484
  484  529
  485  530
  485  486
  486  487
  486  531
  486  530
  487 2350
  487  532
  487  531
  488  534
  489  490
  489  534
  490  535
  490  536
  491  492
  491  539
  492  493
  493  494
  493  541
  493  540
  494  542
  494  495
  495  496
  496  542
  496  543
  496  497
  497  586
  497  544
  497  543
  498  545
  498  544
  499  500
  499  545
  500  501
  500  546
  501  547
  501  589
  501  548
  502  549
  503  551
  503  504
  505  552
  505  551
  505  506
  507  596
  507  554
  507  553
  508  555
  508  554
  510  557
  510  556
  511 2326
  511  600
  511  558
  512  601
  512  560
  512 2326
  513  561
  515  563
  515  516
  516  563
  517  606
  517  564
  517  518
  517  563
  518  564
  518  519
  519  608
  519  564
  520  608
  521  565
  522  567
  522  568
  522  566
  523  569
  523  568
  524  525
  524  569
  525  526
  525  570
  526  571
  526  572
  526  527
  527  573
  527  572
  528  529
  528  574
  529  530
  530  531
  530  575
  531  576
  531  575
  532  577
  532  576
  533 2349
  533  577
  533  534
  534  578
  534  535
  535  580
  535  536
  535  579
  536  537
  537  581
  537  538
  537  580
  538  582
  538  539
  539  540
  540  541
  540  582
  541  585
  541  584
  542  585
  543  586
  543  630
  544  545
  544  587
  545  546
  546  547
  546  587
  547  588
  548  590
  548  549
  548  589
  549  591
  549  550
  550  592
  550  591
  551  552
  551  592
  552  595
  552  593
  552  553
  554  597
  554  596
  555  598
  555  556
  556  599
  556  557
  557  600
  557  599
  558  647
  558  559
  558  600
  559  647
  559  601
  559 2327
  560  602
  560  561
  560  601
  561  602
  562  605
  563  605
  563  606
  564  608
  564  606
  565  654
  565  566
  565  609
  565  608
  566  609
  566  610
  567  611
  567  568
  567  610
  568  612
  568  569
  568  611
  569  570
  570  614
  570  571
  571  616
  571  572
  571  615
  572  617
  573  618
  573  574
  574  575
  575  620
  575  619
  575  576
  576  621
  577  578
  578  622
  578  579
  579  624
  579  623
  580  625
  580  624
  581  626
  581  582
  581  625
  582  583
  583  628
  583  627
  583  584
  584  585
  584  628
  585  630
  586  631
  586 2354
  586  630
  587  588
  587  631
  588  589
  588  633
  589  634
  589  635
  589  590
  590  636
  590  635
  590  591
  591  638
  592  593
  593  594
  593  639
  594  640
  594  595
  594  641
  595  685
  595  642
  595  596
  596  643
  596  642
  596  597
  597  598
  597  643
  598  644
  598  599
  598  643
  599  645
  599  600
  599  644
  600  647
  601  602
  601  647
  602  648
  603  648
  604  605
  604  651
  605  606
  606  652
  606  607
  607  653
  607  608
  608  654
  609  610
  609  655
  610  656
  611  656
  611  612
  612  657
  612  613
  612  656
  613  614
  613  658
  613  657
  614  615
  614  658
  615  660
  615  616
  615  659
  615  661
  616  661
  616  617
  617  662
  617  661
  618  619
  618  662
  619  620
  619  708
  620  710
  620  663
  620  664
  620  621
  621  665
  622  666
  622  623
  622  665
  623  667
  623  666
  624  668
  624  667
  625  669
  625  626
  625  668
  626  627
  627  670
  627  628
  628  629
  628  671
  629  673
  629  672
  630 2354
  630  673
  631  632
  632  633
  632  676
  633  677
  633  634
  634  678
  635  679
  635  678
  635  636
  636  637
  636  680
  636  679
  637  680
  637  638
  638  681
  638  680
  639  640
  639  681
  640  683
  640  682
  640  641
  641  684
  641  685
  641  683
  642  686
  642  685
  643  687
  643  686
  644  731
  644  688
  645  689
  645  732
  646  690
  647  691
  647  690
  648  692
  648  691
  649  692
  651  694
  651  696
  653  740
  653  697
  654  698
  655  698
  656  701
  656  700
  657  658
  657  701
  658  702
  658  659
  659  660
  659  703
  659  702
  660  704
  660  661
  661  705
  661  704
  662  707
  663  709
  663  710
  663  708
  664  711
  664  665
  666  757
  666  667
  666  712
  667  758
  667  713
  667  714
  668  715
  668  714
  669  760
  669  716
  669  670
  669  715
  670  761
  670  717
  670  716
  670  671
  671  717
  671  718
  671  672
  672  673
  673  718
  673  674
  674  766
  674  675
  674  719
  674 2354
  675  676
  675  767
  675  766
  675 2354
  676  677
  677  769
  677  721
  677  720
  678  770
  678  679
  678  722
  678  721
  679  680
  679  722
  679  724
  680  681
  681  725
  681  724
  681  682
  682  683
  682  726
  682  725
  683  726
  684  728
  684  685
  684  727
  685  729
  685  728
  686 2355
  686  730
  687  780
  687  731
  687  730
  688  781
  688  732
  688  731
  689  733
  689  690
  689  732
  690  782
  690  734
  690  733
  691  734
  692  736
  692  735
  694  695
  694  738
  695  738
  695  696
  695  739
  696  788
  696  697
  696  739
  697  788
  697  740
  698  741
  698  699
  698  740
  699  742
  699  700
  699  741
  700  742
  701  744
  701  743
  702  746
  702  744
  702  703
  703  704
  704  747
  704  748
  704  746
  705  706
  706  799
  706  750
  706  707
  706  749
  707  708
  707  750
  708  752
  708  750
  708  751
  708  709
  709  753
  709  710
  710  755
  710  753
  711  712
  711  755
  712  755
  713  805
  713  758
  713  757
  714  759
  714  715
  715  760
  715  759
  716  760
  717  718
  717  761
  718  764
  718  719
  718  763
  719  764
  719  765
  719  766
  720  769
  720  767
  721  770
  721  769
  722  771
  722  770
  723  818
  723  724
  723  771
  724  774
  724  772
  724  725
  725  726
  725  774
  726  727
  726  775
  727  776
  727  728
  728  823
  728  778
  728  777
  729 2355
  729  778
  730  779
  730 2355
  731  780
  732  827
  732  733
  732  781
  733  782
  734  783
  734  735
  734  782
  735  830
  735  784
  735  783
  737  786
  738  786
  739  788
  739  787
  739  786
  740  789
  740  741
  740  788
  741  790
  741  742
  742  792
  742  791
  742  743
  743  793
  743  792
  744  793
  744  745
  745  794
  745  746
  745  795
  745  793
  746  795
  746  796
  746  747
  747  797
  747  796
  748  797
  748  749
  749  799
  749  797
  750  799
  751  845
  751  752
  751  800
  751  799
  752  800
  752  801
  752  753
  754  848
  754  802
  754  755
  754  801
  755  802
  755  803
  755  756
  756  757
  757  851
  757  804
  758  806
  758  759
  758  805
  759  854
  759  807
  759  806
  760  808
  760  761
  760  807
  761  808
  761  809
  761  762
  762  810
  762  763
  762  809
  763  810
  763  764
  764  811
  764  810
  765  812
  765  811
  765  766
  766  813
  766  767
  767  814
  767  768
  767  815
  767  813
  768  815
  768  816
  768  769
  769  770
  770  817
  770  816
  772  819
  772  773
  772  818
  774  820
  774  775
  774  819
  775  820
  775  821
  776  821
  776  777
  777  823
  777  822
  777  821
  778  872
  778 2355
  779  825
  779  824
  780  825
  781  826
  782  783
  782  828
  783  829
  784  830
  786  832
  786  833
  786  787
  787  788
  787  833
  788  835
  789  884
  790  836
  790  884
  791  836
  791  837
  792  837
  792  838
  793  794
  793  838
  794  795
  794  840
  794  839
  795  841
  795  840
  797  842
  797  798
  798  844
  798  799
  798  842
  799  845
  800  847
  800  801
  800  845
  801  847
  801  848
  802  803
  802  849
  802  848
  803  850
  803  849
  803  804
  804  851
  804  850
  805  852
  805  806
  805  851
  806  853
  806  852
  807  856
  807  808
  807  854
  808  857
  808  856
  809  858
  809  810
  810  859
  810  811
  811  860
  811  812
  812  861
  812  860
  812  813
  813  814
  813  862
  814  863
  814  862
  815  864
  815  816
  816  865
  816  817
  816  864
  817  865
  817  818
  818  866
  818  819
  818  865
  819  911
  819  867
  819  866
  819  820
  820  821
  820  867
  821  822
  821  868
  821  869
  822  870
  822  871
  823  872
  823  871
  824  919
  824  873
  824 2355
  825  874
  825  919
  826  875
  826  874
  827  875
  828  876
  828  875
  830  878
  830  877
  831  878
  832  833
  832  881
  833  834
  834  882
  835  883
  836  885
  836  886
  837  934
  837  886
  838  887
  839  936
  839  889
  839  888
  840  890
  840  841
  841  890
  841  842
  842  938
  842  843
  842  891
  842  890
  843  940
  843  844
  844  892
  845  941
  845  892
  846  894
  846  893
  847  895
  847  848
  848  895
  849  945
  849  850
  849  895
  850  896
  850  897
  851  852
  852  897
  852  898
  853  948
  853  899
  853  898
  855  949
  855  900
  855  899
  856  900
  856  857
  856  901
  857  858
  857  902
  858  903
  858  859
  859  860
  859  903
  860  861
  860  903
  861  906
  861  862
  861  905
  862  906
  863  907
  863  864
  863  906
  864  865
  864  907
  865  866
  865  908
  866  909
  866  910
  867  868
  867  913
  867  911
  868  914
  868  962
  868  913
  868  869
  869  870
  869  914
  870  915
  870  916
  870  871
  871  872
  871  916
  872  917
  872  873
  873  918
  873  917
  874  875
  874  920
  874  919
  875  922
  875  921
  875  920
  876  968
  876  923
  876  877
  877  924
  877  878
  877  923
  878  926
  878  925
  881  973
  881  927
  882  883
  882  928
  883  929
  883  931
  883  930
  884  931
  885  933
  886  979
  886  933
  887  980
  887  935
  887  888
  887  934
  888  935
  889  937
  889  890
  889  936
  890  937
  891  940
  891  939
  891  938
  892  941
  892  940
  893  942
  893  894
  893  941
  894  943
  894  895
  894  942
  895  945
  895  943
  896  946
  896  897
  897  946
  897  947
  897  898
  898  948
  898  992
  899  949
  899  948
  900  901
  900  949
  901  950
  901  951
  901  902
  902  952
  902  903
  902  953
  902  951
  903  904
  904  954
  904  953
  904  905
  905  906
  905  956
  905  954
  906  957
  906  907
  908  958
  908  957
  908  909
  909  959
  909  910
  909  958
  910 1004
  910  960
  910  959
  911  912
  912  961
  912  960
  914 1007
  914  963
  914  962
  915  916
  916  964
  916  963
  917  965
  917  964
  918  919
  918  965
  919  966
  919  920
  920 2341
  920  921
  921  922
  921 2341
  922 1013
  922  968
  923 1014
  923  969
  923  968
  924  969
  924  925
  925  971
  925  970
  925  969
  927  973
  928  974
  928  975
  928  929
  928  973
  929  975
  930  931
  930  976
  930  975
  931  976
  931  932
  932  933
  932  976
  933  977
  934  980
  934  979
  935 1026
  935 1025
  935  936
  935  981
  936  981
  936  982
  936  937
  937  983
  937  938
  937 1027
  938  984
  938  983
  938  939
  939  985
  939 1030
  939  984
  940  986
  940  941
  940  985
  941  942
  942 1033
  942  943
  942  986
  943  987
  943  989
  944  989
  944  945
  945  990
  945  946
  945  989
  946  947
  946  991
  947  991
  948  949
  948  992
  949  993
  949  994
  950  995
  950  951
  951  996
  951  952
  952  998
  952  953
  952  996
  953  954
  954  999
  954 1000
  954  998
  955  956
  956  957
  956 1000
  956 1002
  957 1002
  957  958
  958  959
  958 1002
  959 1003
  960  961
  960 1006
  960 1004
  961 1006
  961  962
  962 1006
  963 1057
  963 1008
  963  964
  963 1007
  964  965
  964 1008
  965 1009
  965 1010
  966 1012
  966 1011
  967 1012
  967 2341
  968 1014
  969 2330
  969 1015
  969  970
  969 1014
  970 1016
  971 1016
  973 1019
  973 1018
  974 1020
  974 1019
  975 1021
  975 1020
  976  977
  976 1022
  976 1021
  977 1023
  977  978
  977 1022
  978 1073
  978 1023
  978  979
  978 1024
  979 1024
  980 1025
  980 1024
  982 1026
  983  984
  983 1027
  984 1030
  984 1028
  985  986
  985 1030
  986 1031
  986 1032
  986 1033
  987 1034
  987  988
  987 1033
  988 1035
  988  989
  988 1034
  989  990
  989 1035
  990  991
  990 1036
  990 1085
  990 1037
  991 1037
  991 1038
  992 1040
  992 1038
  992  993
  993  994
  994 1042
  994 1041
  994  995
  994 1040
  995 1092
  995 1043
  995  996
  995 1042
  997 1044
  997 1043
  997  998
  998 1045
  998 1044
  998  999
  999 1045
 1000 1047
 1000 1046
 1000 1001
 1001 1048
 1001 1002
 1001 1047
 1002 1051
 1002 1049
 1002 1003
 1003 1004
 1003 1051
 1004 1052
 1004 1005
 1005 1055
 1005 1054
 1005 1006
 1005 1053
 1006 1056
 1006 1007
 1007 1057
 1007 1056
 1008 1058
 1008 1104
 1008 1009
 1009 1059
 1009 1058
 1010 1105
 1010 1011
 1010 1060
 1011 1061
 1011 1060
 1012 1062
 1013 2341
 1013 1063
 1013 1014
 1014 2330
 1015 1066
 1015 1016
 1015 2330
 1016 1067
 1016 1066
 1018 1069
 1019 1115
 1019 1069
 1019 1070
 1020 1115
 1020 1071
 1021 1072
 1021 1071
 1022 1072
 1022 1023
 1023 1073
 1023 1072
 1024 1119
 1024 1074
 1025 1076
 1025 1026
 1025 1075
 1025 1074
 1026 1027
 1027 1078
 1027 1077
 1027 1076
 1027 1028
 1028 1029
 1028 1079
 1029 1079
 1029 1080
 1029 1030
 1030 1080
 1031 1081
 1033 1081
 1033 1082
 1033 1034
 1034 1128
 1034 1083
 1034 1082
 1035 1036
 1035 1084
 1036 1085
 1036 1084
 1037 1038
 1037 1087
 1037 1085
 1038 1087
 1039 1089
 1039 1088
 1039 1040
 1039 1087
 1040 1134
 1040 1089
 1040 1090
 1040 1041
 1041 1090
 1042 1136
 1042 1135
 1042 1092
 1042 1091
 1043 1093
 1043 1044
 1043 1092
 1044 1139
 1044 1093
 1044 1094
 1045 1095
 1045 1046
 1046 1047
 1046 1096
 1046 1095
 1047 1096
 1048 1096
 1048 1143
 1048 1097
 1050 1144
 1050 1097
 1050 1098
 1050 1051
 1051 1099
 1051 1098
 1053 1146
 1053 1100
 1053 1054
 1053 1099
 1054 1101
 1054 1100
 1055 1056
 1056 1057
 1056 1101
 1057 1103
 1057 1102
 1057 1104
 1058 1104
 1058 1151
 1058 1105
 1059 1105
 1060 1106
 1060 1105
 1061 1107
 1061 1062
 1061 1106
 1062 1107
 1062 1108
 1063 2340
 1063 1110
 1064 2330
 1065 1112
 1065 2332
 1065 2330
 1066 1113
 1069 1161
 1069 1114
 1070 1161
 1071 1162
 1071 1116
 1072 1118
 1072 1116
 1072 1117
 1073 1165
 1073 1119
 1074 1120
 1075 1167
 1075 1076
 1075 1121
 1075 1120
 1076 1077
 1077 1122
 1077 1121
 1078 1170
 1078 1123
 1078 1122
 1078 1079
 1079 1080
 1079 1123
 1080 1125
 1080 1124
 1080 1081
 1081 1126
 1081 1127
 1081 1125
 1081 1082
 1082 1127
 1083 1129
 1083 1084
 1083 1128
 1084 1085
 1084 1130
 1085 1130
 1085 1086
 1086 1087
 1086 1130
 1087 1132
 1087 1131
 1088 1132
 1088 1133
 1089 1134
 1090 1182
 1090 1135
 1090 1134
 1091 1135
 1092 1138
 1092 1093
 1092 1136
 1093 1186
 1093 1138
 1094 1140
 1094 1095
 1094 1139
 1095 1142
 1095 1096
 1095 1140
 1096 1143
 1096 1142
 1097 1144
 1097 1143
 1098 1145
 1098 1099
 1098 1144
 1099 1146
 1099 1145
 1100 1101
 1100 1148
 1100 1146
 1101 1102
 1102 1103
 1102 1149
 1102 1150
 1102 1148
 1103 1104
 1104 1198
 1104 1150
 1104 1151
 1105 1152
 1105 1151
 1106 1153
 1106 1152
 1107 1154
 1108 1155
 1108 1109
 1108 2340
 1109 1156
 1109 1110
 1109 1155
 1110 1156
 1110 1111
 1111 2332
 1111 1157
 1111 1156
 1111 2331
 1112 2332
 1112 1158
 1112 1113
 1112 1157
 1113 1158
 1114 1161
 1115 1162
 1115 1161
 1116 1117
 1116 1163
 1117 1118
 1117 1164
 1118 1165
 1118 1212
 1119 1214
 1119 1166
 1120 1166
 1120 1167
 1121 1168
 1121 1122
 1121 1167
 1122 1168
 1122 1170
 1123 1171
 1123 1170
 1124 1125
 1124 1172
 1125 1174
 1125 1172
 1125 1126
 1126 1127
 1126 1175
 1126 1174
 1127 1223
 1127 1176
 1127 1128
 1128 1129
 1129 1178
 1129 1130
 1129 1176
 1130 1178
 1131 1178
 1131 1179
 1131 1132
 1132 1133
 1132 1181
 1132 1179
 1133 1181
 1133 1134
 1134 1182
 1134 1181
 1135 1183
 1135 1182
 1136 1137
 1137 1184
 1138 1186
 1138 1184
 1139 1187
 1139 1186
 1140 1188
 1140 1141
 1141 1142
 1142 1189
 1142 1143
 1143 1144
 1143 1189
 1144 1192
 1144 1145
 1144 1190
 1145 1192
 1146 1147
 1146 1192
 1147 1148
 1147 1194
 1147 1195
 1147 1193
 1148 1196
 1148 1149
 1148 1195
 1149 1196
 1149 1150
 1150 1197
 1150 1198
 1151 1199
 1151 1198
 1152 1200
 1152 1201
 1153 1154
 1153 1202
 1153 1201
 1154 1155
 1154 1202
 1154 1203
 1155 1156
 1155 1203
 1156 1157
 1156 1204
 1157 1206
 1157 1158
 1157 2332
 1158 1159
 1159 1206
 1160 1209
 1162 1209
 1163 1211
 1164 1212
 1164 1211
 1165 1214
 1165 1213
 1166 1215
 1167 1216
 1167 1215
 1167 1168
 1168 1217
 1168 1216
 1169 1217
 1170 1218
 1170 1171
 1171 1172
 1171 1218
 1172 1264
 1172 1219
 1172 1220
 1173 1220
 1173 1174
 1174 1221
 1174 1175
 1174 1220
 1175 1222
 1175 1221
 1176 1224
 1176 1177
 1176 1223
 1177 1178
 1177 1225
 1178 1225
 1178 1227
 1178 1179
 1179 1228
 1179 1227
 1180 1181
 1181 1272
 1181 1182
 1181 1230
 1182 1230
 1182 1231
 1183 1232
 1183 1184
 1184 1185
 1185 1233
 1185 1232
 1186 1234
 1186 1187
 1186 1233
 1187 1234
 1187 1188
 1188 1189
 1188 1234
 1189 1190
 1189 1235
 1190 1236
 1190 1191
 1191 1239
 1191 1192
 1191 1238
 1191 1237
 1192 1239
 1193 1194
 1194 1241
 1194 1240
 1195 1286
 1195 1241
 1195 1242
 1195 1196
 1196 1197
 1197 1198
 1197 1242
 1197 1243
 1197 1244
 1198 1244
 1198 1245
 1199 1289
 1199 1200
 1199 1245
 1199 1246
 1200 1246
 1200 1247
 1201 1247
 1202 1292
 1202 1248
 1203 1249
 1203 1248
 1204 1251
 1206 1298
 1206 1297
 1206 1252
 1206 1251
 1208 1254
 1208 1209
 1209 1254
 1209 1210
 1209 1255
 1210 1256
 1210 1211
 1210 1255
 1211 1256
 1212 1257
 1213 1258
 1214 1259
 1214 1258
 1215 2353
 1215 1259
 1216 1260
 1216 1261
 1216 1217
 1217 1218
 1218 1262
 1218 1219
 1218 1263
 1218 1261
 1219 1264
 1219 1263
 1220 1264
 1221 1266
 1221 1264
 1221 1222
 1222 1267
 1222 1266
 1223 1268
 1223 1224
 1224 1225
 1224 1268
 1225 1269
 1225 1268
 1226 1317
 1226 1270
 1226 1227
 1226 1269
 1227 1270
 1227 1271
 1228 1229
 1228 1271
 1229 1272
 1229 1271
 1230 1231
 1230 1272
 1231 1275
 1231 1232
 1231 1274
 1231 1273
 1232 1275
 1232 1276
 1232 1233
 1233 1234
 1234 1276
 1234 1278
 1234 1235
 1235 1236
 1235 1279
 1235 1278
 1236 1280
 1237 1281
 1237 1238
 1238 1239
 1239 1282
 1239 1283
 1239 1240
 1239 1281
 1240 1283
 1240 1284
 1240 1241
 1241 1285
 1241 1284
 1242 1287
 1242 1243
 1242 1334
 1242 1286
 1243 1335
 1243 1287
 1243 1288
 1244 1288
 1245 1289
 1246 1291
 1246 1290
 1246 1289
 1247 1292
 1247 1291
 1248 1294
 1248 1293
 1249 1295
 1249 1250
 1249 1294
 1250 1296
 1250 1295
 1250 1251
 1251 1297
 1251 1296
 1252 1298
 1254 1300
 1255 1302
 1256 1257
 1256 1302
 1257 1304
 1257 1258
 1258 1352
 1258 1305
 1258 1304
 1259 1305
 1259 1306
 1259 2353
 1260 1307
 1260 2353
 1260 1308
 1260 1261
 1261 1262
 1261 1308
 1262 1357
 1262 1263
 1262 1310
 1263 1358
 1263 1311
 1263 1264
 1264 1312
 1264 1311
 1266 1361
 1266 1313
 1266 1267
 1266 1312
 1267 1315
 1267 1314
 1267 1268
 1267 1313
 1268 1316
 1268 1269
 1269 1317
 1270 1318
 1270 1271
 1270 1319
 1271 1272
 1271 1320
 1272 1320
 1272 1321
 1273 1274
 1274 1275
 1274 1322
 1274 1321
 1275 1371
 1275 1324
 1275 1276
 1276 1326
 1276 1277
 1276 1324
 1277 1278
 1277 1326
 1278 1326
 1278 1327
 1279 1329
 1279 1327
 1279 1280
 1280 1330
 1280 1281
 1280 1329
 1281 1282
 1282 1330
 1282 1331
 1283 1331
 1284 1285
 1284 1331
 1285 1333
 1285 1332
 1286 1333
 1287 1382
 1287 1335
 1288 1337
 1288 1336
 1288 1289
 1288 1335
 1289 1290
 1289 1337
 1290 1339
 1290 1338
 1291 1386
 1291 1340
 1292 1340
 1292 1293
 1293 1341
 1293 1340
 1294 1341
 1295 1343
 1295 1342
 1296 1343
 1296 1344
 1298 1345
 1299 1346
 1300 1301
 1301 1349
 1301 1394
 1301 1348
 1301 1302
 1302 1349
 1302 1303
 1303 1304
 1303 1350
 1303 1349
 1304 1350
 1304 1352
 1304 1351
 1305 1306
 1305 1354
 1305 1352
 1306 1355
 1307 2353
 1307 1308
 1308 1356
 1308 1309
 1309 1356
 1309 1357
 1310 1358
 1311 1312
 1311 1360
 1311 1358
 1312 1360
 1312 1361
 1313 1362
 1313 1361
 1314 1362
 1314 1363
 1314 1315
 1315 1316
 1316 1363
 1317 1365
 1317 1364
 1318 1319
 1319 1365
 1319 1366
 1320 1367
 1320 1321
 1320 1366
 1321 1369
 1321 1368
 1321 1367
 1321 1322
 1322 1415
 1322 1370
 1322 1369
 1323 1370
 1323 1371
 1324 1372
 1324 1371
 1325 1373
 1325 1326
 1325 1372
 1326 1327
 1326 1374
 1327 1374
 1328 1329
 1329 1377
 1329 1375
 1329 1330
 1330 1423
 1330 1378
 1330 1377
 1330 1331
 1331 1380
 1331 1332
 1331 1378
 1332 1381
 1332 1333
 1333 1334
 1333 1382
 1335 1382
 1336 1430
 1336 1383
 1336 1337
 1337 1385
 1337 1384
 1338 1339
 1339 1386
 1339 1385
 1340 1387
 1340 1388
 1341 1389
 1341 1388
 1341 1342
 1342 1389
 1343 1435
 1343 1390
 1344 1437
 1344 1390
 1344 1345
 1345 1391
 1345 1346
 1345 1437
 1346 1392
 1346 1391
 1346 1347
 1348 1394
 1349 1350
 1349 1394
 1349 1395
 1349 1441
 1350 1396
 1350 1351
 1351 1352
 1352 1397
 1352 1353
 1353 1446
 1354 1398
 1355 1399
 1355 1398
 1355 2353
 1356 1400
 1356 1357
 1356 1401
 1357 1401
 1357 1402
 1357 1358
 1358 1451
 1358 1403
 1359 1403
 1360 1404
 1360 1361
 1360 1403
 1361 1405
 1361 1362
 1361 1404
 1362 1363
 1362 1406
 1362 1405
 1363 1364
 1363 1407
 1364 1410
 1364 1408
 1364 1409
 1364 1365
 1365 1457
 1365 1411
 1365 1410
 1365 1366
 1366 1413
 1366 1367
 1366 1411
 1367 1413
 1368 1414
 1368 1413
 1369 1414
 1369 1415
 1370 1416
 1370 1415
 1371 1417
 1371 1372
 1371 1416
 1372 1373
 1372 1417
 1373 1418
 1373 1419
 1373 1374
 1374 1420
 1374 1375
 1374 1419
 1375 1422
 1375 1376
 1375 1420
 1376 1422
 1378 1424
 1378 1423
 1379 1380
 1380 1425
 1380 1381
 1380 1424
 1380 1426
 1381 1427
 1381 1426
 1381 1382
 1382 1383
 1382 1429
 1382 1428
 1382 1427
 1383 1430
 1383 1429
 1384 1385
 1384 1431
 1384 1430
 1385 1432
 1385 1386
 1385 1431
 1386 1387
 1386 1432
 1387 1432
 1387 1433
 1388 1433
 1388 1434
 1389 1435
 1389 1434
 1390 1437
 1390 1435
 1391 1439
 1391 1438
 1391 1437
 1394 1441
 1394 1440
 1395 1443
 1396 1443
 1397 1444
 1398 1447
 1398 1446
 1399 1494
 1399 1400
 1399 1447
 1400 1449
 1400 1448
 1400 1401
 1401 1496
 1401 1402
 1401 1450
 1402 1451
 1402 1497
 1403 1452
 1403 1451
 1404 1405
 1405 1406
 1405 1452
 1405 1499
 1406 1453
 1406 1454
 1407 1455
 1407 1454
 1408 1409
 1408 1456
 1408 1455
 1409 1456
 1410 1457
 1411 1458
 1411 1457
 1412 1459
 1412 1413
 1413 1461
 1413 1414
 1413 1459
 1414 1461
 1415 1461
 1415 1462
 1416 1417
 1417 1462
 1417 1418
 1418 1511
 1418 1464
 1418 1463
 1418 1419
 1419 1420
 1419 1466
 1419 1464
 1420 1466
 1421 1422
 1421 1467
 1421 1466
 1422 1469
 1422 1468
 1422 1423
 1422 1467
 1423 1469
 1423 1424
 1424 1470
 1424 1425
 1424 1471
 1424 1469
 1425 1471
 1425 1426
 1426 1473
 1426 1472
 1428 1475
 1428 1474
 1428 1429
 1429 1476
 1429 1475
 1430 1477
 1430 1431
 1431 1432
 1431 1478
 1432 1479
 1432 1478
 1433 1480
 1433 1479
 1434 2344
 1434 1435
 1434 1480
 1435 1482
 1435 1481
 1436 1437
 1436 1482
 1437 1483
 1437 1438
 1438 1439
 1438 1484
 1439 1485
 1441 1532
 1441 1487
 1442 1488
 1443 1444
 1443 1489
 1444 1490
 1444 1445
 1445 1446
 1445 1492
 1446 1492
 1447 1538
 1447 1493
 1448 1495
 1448 1494
 1449 1496
 1450 1497
 1450 1496
 1451 1452
 1451 1497
 1452 1499
 1452 1498
 1453 1454
 1453 1499
 1454 1455
 1454 1500
 1454 1501
 1455 1547
 1455 1456
 1455 1501
 1456 1504
 1456 1547
 1456 1457
 1457 1504
 1458 1505
 1458 1459
 1458 1504
 1459 1506
 1460 1507
 1460 1461
 1461 1462
 1461 1509
 1461 1507
 1462 1509
 1462 1510
 1462 1463
 1463 1511
 1463 1510
 1464 1465
 1464 1511
 1465 1512
 1465 1513
 1465 1466
 1466 1467
 1466 1514
 1466 1513
 1467 1515
 1467 1468
 1468 1469
 1468 1515
 1469 1516
 1469 1470
 1469 1515
 1470 1518
 1470 1471
 1471 1518
 1471 1472
 1472 1520
 1472 1519
 1473 1474
 1473 1520
 1474 1520
 1475 1522
 1475 1476
 1475 1521
 1476 1523
 1476 1522
 1476 1477
 1477 1569
 1477 1524
 1477 1478
 1477 1523
 1478 1525
 1478 1524
 1479 1526
 1479 1525
 1480 2342
 1480 1526
 1481 1527
 1481 2347
 1481 2345
 1482 1528
 1482 1527
 1483 1528
 1484 1574
 1484 1529
 1485 1530
 1487 1532
 1488 1534
 1488 1489
 1488 1533
 1488 1532
 1489 1534
 1489 1490
 1490 1535
 1490 1534
 1490 1491
 1491 1536
 1491 1492
 1491 1535
 1492 1537
 1492 1536
 1492 1493
 1493 1538
 1493 1537
 1494 1584
 1494 1539
 1494 1495
 1494 1538
 1495 1539
 1495 1540
 1495 1496
 1496 1541
 1496 1540
 1497 1542
 1497 1498
 1498 1543
 1498 1499
 1499 1543
 1499 1544
 1499 1500
 1500 1545
 1500 1501
 1500 1544
 1501 1546
 1501 1545
 1502 1546
 1502 1547
 1503 1504
 1503 1548
 1503 1547
 1504 1548
 1504 1505
 1505 1595
 1505 1550
 1505 1506
 1505 1549
 1506 1551
 1506 1550
 1506 1507
 1507 1508
 1507 1551
 1508 1553
 1508 1552
 1508 1509
 1509 1510
 1509 1553
 1510 1511
 1510 1554
 1511 1556
 1511 1555
 1511 1557
 1512 1513
 1512 1557
 1513 1558
 1514 1560
 1514 1559
 1515 1516
 1515 1560
 1515 1561
 1516 1562
 1516 1561
 1517 1563
 1517 1562
 1518 1519
 1519 1608
 1519 1565
 1519 1520
 1519 1563
 1520 1565
 1520 1521
 1521 1609
 1521 1566
 1521 1522
 1521 1565
 1522 1523
 1522 1566
 1523 1567
 1523 1569
 1524 1614
 1524 1570
 1524 1525
 1525 1571
 1525 1570
 1526 1572
 1526 1571
 1527 2346
 1527 1618
 1527 1573
 1528 1574
 1529 1576
 1529 1575
 1529 1530
 1529 1574
 1531 1578
 1532 1578
 1532 1533
 1533 1534
 1533 1579
 1534 1580
 1534 1535
 1535 1581
 1536 1581
 1536 1537
 1537 1582
 1538 1583
 1538 1582
 1539 1584
 1539 1540
 1540 1541
 1540 1586
 1540 1585
 1541 1587
 1541 1542
 1541 1586
 1542 1543
 1542 1588
 1542 1587
 1543 1589
 1543 1544
 1544 1545
 1544 1589
 1545 1591
 1545 1546
 1546 1547
 1547 1592
 1547 1548
 1548 1549
 1548 1593
 1548 1592
 1549 1595
 1549 1641
 1550 1596
 1550 1595
 1552 1597
 1552 1553
 1552 1596
 1553 1598
 1553 1554
 1553 1597
 1554 1599
 1554 1555
 1555 1599
 1555 1556
 1556 1600
 1556 1599
 1557 1600
 1557 1558
 1558 1601
 1558 1559
 1559 1603
 1559 1602
 1560 1604
 1560 1561
 1561 1605
 1561 1562
 1562 1652
 1562 1606
 1562 1563
 1562 1605
 1563 1607
 1563 1606
 1563 1564
 1564 1608
 1564 1607
 1565 1656
 1565 1608
 1566 1567
 1566 1611
 1566 1609
 1567 1612
 1567 1568
 1568 1612
 1568 1569
 1568 1613
 1569 1614
 1570 1659
 1570 1615
 1570 1614
 1571 1661
 1571 1615
 1571 1572
 1572 2343
 1572 1617
 1572 2342
 1573 1665
 1573 1664
 1573 1619
 1573 1574
 1573 1618
 1574 1619
 1574 1575
 1575 1621
 1575 1620
 1576 1621
 1577 1624
 1578 1624
 1578 1625
 1579 1625
 1580 1626
 1581 1673
 1581 1674
 1581 1628
 1581 1627
 1582 1628
 1582 1629
 1583 1630
 1583 1629
 1583 1584
 1584 1585
 1584 1630
 1585 1586
 1585 1631
 1585 1630
 1586 1631
 1586 1632
 1586 1587
 1587 1588
 1587 1634
 1587 1632
 1588 1634
 1588 1589
 1589 1682
 1589 1590
 1589 1634
 1590 1591
 1590 1635
 1590 1636
 1591 1638
 1591 1637
 1591 1592
 1592 1593
 1592 1639
 1593 1639
 1594 1641
 1594 1639
 1595 1596
 1595 1641
 1596 1642
 1596 1597
 1597 1644
 1598 1646
 1598 1599
 1598 1644
 1599 1647
 1599 1600
 1600 1647
 1601 1694
 1601 1647
 1601 1602
 1602 1695
 1602 1648
 1603 1650
 1603 1649
 1604 1651
 1604 1605
 1604 1650
 1605 1652
 1606 1607
 1606 1653
 1606 1652
 1607 1654
 1607 1653
 1608 1656
 1608 1655
 1609 1656
 1610 1703
 1610 1611
 1610 1656
 1611 2352
 1611 1612
 1612 1613
 1612 1658
 1613 1659
 1613 1658
 1614 1659
 1615 1660
 1615 1659
 1616 1662
 1616 1617
 1616 1661
 1617 2346
 1617 2343
 1617 1618
 1618 2346
 1618 1663
 1619 1666
 1619 1665
 1620 1667
 1620 1666
 1622 1667
 1623 1624
 1624 1669
 1624 1625
 1625 1671
 1625 1626
 1625 1672
 1626 1627
 1626 1672
 1627 1672
 1627 1673
 1628 1719
 1628 1676
 1628 1675
 1629 1676
 1629 1677
 1630 1631
 1630 1677
 1631 1677
 1631 1632
 1632 1680
 1632 1633
 1632 1678
 1633 1681
 1633 1634
 1634 1681
 1635 1726
 1635 1682
 1636 1684
 1636 1637
 1636 1683
 1637 1685
 1637 1638
 1638 1687
 1638 1686
 1639 1688
 1639 1687
 1639 1640
 1640 1641
 1640 1688
 1641 1689
 1641 1688
 1642 1732
 1642 1643
 1642 1689
 1643 1690
 1643 1644
 1643 1691
 1644 1645
 1645 1692
 1645 1646
 1646 1693
 1646 1647
 1647 1693
 1648 1737
 1648 1695
 1648 1694
 1649 1695
 1650 1697
 1650 1651
 1651 1698
 1651 1652
 1652 1699
 1653 1700
 1654 1701
 1654 1655
 1654 1700
 1655 1656
 1656 1701
 1656 1703
 1657 2352
 1657 1704
 1657 1703
 1658 1705
 1658 1659
 1659 1749
 1659 1660
 1659 1706
 1660 1706
 1660 1707
 1661 1707
 1662 1708
 1662 1707
 1663 1709
 1663 1708
 1664 1709
 1664 1665
 1665 1666
 1666 1667
 1666 1710
 1667 1712
 1667 1711
 1667 1668
 1668 1712
 1669 1715
 1670 1671
 1671 1672
 1671 1717
 1672 1673
 1673 1718
 1674 1675
 1674 1718
 1675 1719
 1676 1720
 1676 1677
 1677 1678
 1677 1720
 1678 1722
 1678 1679
 1679 1680
 1679 1722
 1680 1724
 1680 1681
 1681 1725
 1681 1682
 1682 1725
 1683 1771
 1683 1726
 1684 1772
 1684 1728
 1685 1686
 1685 1728
 1686 1687
 1686 1729
 1687 1688
 1688 1730
 1688 1689
 1689 1731
 1689 1730
 1690 1733
 1690 1732
 1691 1734
 1691 1692
 1691 1733
 1692 1736
 1692 1693
 1692 1735
 1693 1694
 1694 1736
 1695 1739
 1695 1738
 1696 1785
 1696 1739
 1697 1740
 1697 1698
 1698 1786
 1698 1741
 1698 1699
 1699 1700
 1699 1742
 1700 1743
 1701 1702
 1701 1743
 1702 1703
 1702 1744
 1703 1745
 1704 1748
 1704 2352
 1704 1746
 1705 2352
 1705 1749
 1705 1794
 1706 1750
 1706 1749
 1707 1797
 1707 1798
 1707 1751
 1707 1750
 1708 1752
 1708 1751
 1709 1753
 1710 1754
 1712 1803
 1712 1756
 1712 1755
 1714 1715
 1714 1758
 1715 1758
 1715 1759
 1715 1716
 1717 1808
 1717 1760
 1718 1762
 1718 1761
 1719 1764
 1719 1763
 1719 1762
 1720 1764
 1720 1721
 1721 1766
 1721 1722
 1721 1764
 1722 1723
 1723 1768
 1723 1766
 1723 1724
 1724 1769
 1724 1725
 1725 1769
 1726 1770
 1726 1769
 1727 1772
 1727 1771
 1728 1729
 1728 1773
 1729 1774
 1729 1730
 1730 1775
 1730 1776
 1730 1731
 1731 1776
 1732 1826
 1732 1776
 1733 1777
 1734 1779
 1734 1778
 1735 1780
 1735 1736
 1735 1779
 1736 1737
 1736 1780
 1737 1781
 1737 1738
 1738 1739
 1738 1782
 1739 1783
 1740 1786
 1740 1785
 1741 1742
 1741 1787
 1741 1786
 1742 1837
 1742 1743
 1742 1789
 1743 1789
 1743 1744
 1744 1745
 1745 1791
 1745 1746
 1746 1791
 1746 1747
 1747 1793
 1747 1748
 1747 1792
 1748 1794
 1749 1750
 1749 1795
 1750 1797
 1750 1795
 1751 1846
 1751 1799
 1751 1798
 1752 1800
 1752 1753
 1752 1799
 1753 1801
 1753 1800
 1753 1754
 1754 1849
 1754 1802
 1754 1801
 1755 1850
 1755 1803
 1755 1802
 1756 1803
 1757 1806
 1758 1806
 1758 1759
 1759 1760
 1759 1807
 1759 1806
 1760 1808
 1760 1807
 1761 1808
 1762 1810
 1762 1856
 1763 1856
 1763 1764
 1763 1811
 1764 1812
 1764 1811
 1765 1813
 1765 1812
 1765 1766
 1766 1767
 1766 1814
 1767 1816
 1768 1816
 1768 1769
 1768 1817
 1769 1817
 1769 1770
 1770 1820
 1770 1819
 1770 1818
 1771 1820
 1772 1822
 1773 1774
 1773 1822
 1773 1823
 1774 1824
 1774 1775
 1775 1825
 1775 1776
 1776 1825
 1777 1827
 1777 1778
 1778 1828
 1779 1873
 1779 1830
 1779 1780
 1780 1781
 1781 1830
 1781 1782
 1782 1783
 1782 1831
 1783 1832
 1783 1784
 1784 1834
 1784 1833
 1785 1834
 1785 1786
 1786 1787
 1786 1835
 1786 1836
 1787 1836
 1788 1837
 1788 1836
 1789 1838
 1789 1837
 1790 1791
 1790 1838
 1791 1840
 1791 1839
 1792 1841
 1792 1840
 1793 1884
 1793 1842
 1794 1843
 1794 1795
 1795 1796
 1795 1843
 1796 1844
 1796 1797
 1797 1798
 1798 1846
 1799 1847
 1799 1846
 1800 1848
 1801 1890
 1801 1848
 1802 1850
 1802 1849
 1803 1851
 1803 1850
 1806 1894
 1806 1852
 1806 1853
 1808 1854
 1808 1809
 1809 1855
 1809 1810
 1809 1854
 1810 1856
 1810 1855
 1811 1858
 1811 1812
 1811 1856
 1812 1900
 1812 1858
 1812 1813
 1813 1859
 1814 1859
 1814 1815
 1815 1862
 1815 1860
 1816 1862
 1816 1817
 1817 1818
 1817 1863
 1818 1863
 1818 1819
 1819 1820
 1820 1865
 1820 1864
 1821 1866
 1821 1865
 1822 1867
 1822 1823
 1822 1866
 1823 1824
 1824 1868
 1824 1825
 1825 1826
 1825 1869
 1825 1868
 1826 1870
 1826 1869
 1826 1827
 1827 1871
 1827 1870
 1828 1829
 1828 1871
 1829 1873
 1830 1874
 1830 1831
 1831 1832
 1831 1874
 1832 1833
 1833 1875
 1834 1877
 1835 1920
 1835 1919
 1835 1836
 1835 1878
 1835 1877
 1836 1878
 1837 1880
 1837 1838
 1838 2351
 1838 1880
 1839 2351
 1839 1840
 1840 1881
 1841 1842
 1841 1882
 1842 1926
 1842 1884
 1843 1885
 1843 1844
 1843 1884
 1844 1885
 1844 1845
 1845 1887
 1845 1886
 1846 1888
 1846 1887
 1846 1847
 1847 1930
 1847 1889
 1847 1848
 1847 1888
 1848 1931
 1848 1889
 1849 1891
 1849 1890
 1850 1934
 1850 1892
 1850 1891
 1852 1894
 1853 1895
 1853 1854
 1853 1894
 1854 1895
 1855 1897
 1855 1856
 1855 1896
 1856 1857
 1856 1899
 1856 1897
 1857 1858
 1858 1900
 1859 1901
 1859 1900
 1860 1861
 1860 1901
 1861 1903
 1862 1904
 1862 1863
 1862 1903
 1863 1864
 1863 1904
 1864 1865
 1864 1905
 1865 1947
 1865 1906
 1866 1867
 1866 1908
 1867 1910
 1867 1868
 1867 1908
 1868 1911
 1869 1912
 1869 1870
 1870 1913
 1870 1912
 1871 1872
 1871 1913
 1872 1873
 1873 1955
 1873 1954
 1873 1874
 1874 1956
 1874 1955
 1874 1915
 1875 1876
 1875 1915
 1875 1917
 1876 1918
 1877 1919
 1877 1918
 1878 1879
 1878 1920
 1879 1922
 1880 2351
 1880 1922
 1881 1882
 1881 1924
 1882 1883
 1883 1926
 1884 1968
 1884 1885
 1885 1969
 1885 1927
 1885 1968
 1886 1970
 1886 1927
 1887 1971
 1887 1929
 1887 1888
 1888 1930
 1889 1930
 1890 1932
 1890 1931
 1890 1891
 1891 1933
 1892 1934
 1894 1979
 1894 1936
 1895 1938
 1895 1896
 1895 1937
 1896 1982
 1896 1897
 1896 1938
 1897 1939
 1897 1898
 1898 1940
 1898 1899
 1898 1939
 1899 1984
 1899 1941
 1899 1900
 1900 1901
 1900 1941
 1901 1902
 1901 1942
 1902 1903
 1902 2336
 1903 1944
 1904 1944
 1904 1905
 1904 1945
 1905 1946
 1905 1945
 1906 1946
 1907 1948
 1908 1949
 1908 1909
 1908 1948
 1909 1949
 1909 1910
 1909 1950
 1910 1951
 1910 1911
 1911 1951
 1911 1912
 1912 1953
 1912 1913
 1913 2334
 1913 1953
 1914 2334
 1914 1954
 1915 1957
 1915 1956
 1916 1957
 1916 1917
 1917 1959
 1918 1959
 1918 1960
 1919 1961
 1919 1960
 1919 1920
 1920 1962
 1920 1961
 1921 1962
 1921 1922
 1922 2007
 1922 1964
 1922 2351
 1923 1924
 1923 2351
 1923 1964
 1924 1965
 1924 2351
 1925 1965
 1925 1967
 1926 1968
 1926 1967
 1927 1969
 1928 1971
 1928 1970
 1929 1930
 1929 1971
 1930 1931
 1930 1973
 1931 2018
 1931 1974
 1931 1973
 1932 1974
 1933 1975
 1934 1976
 1934 1975
 1935 1976
 1936 1979
 1937 1979
 1938 1982
 1938 1981
 1939 1982
 1940 1984
 1940 1983
 1941 1986
 1941 1985
 1941 1984
 1942 1986
 1943 1988
 1943 2336
 1944 1989
 1944 1945
 1944 1988
 1945 1946
 1945 1990
 1945 1989
 1946 1990
 1947 1990
 1948 1991
 1948 1992
 1948 1949
 1949 2039
 1949 1992
 1950 2041
 1950 1994
 1950 1993
 1951 1994
 1951 1995
 1951 1952
 1952 1953
 1952 1995
 1953 1997
 1953 2334
 1954 1955
 1954 1999
 1955 2000
 1955 1956
 1956 2000
 1957 2001
 1957 2000
 1958 2001
 1958 1959
 1959 2003
 1960 2051
 1960 2004
 1960 2003
 1960 1961
 1961 2004
 1962 2005
 1962 1963
 1962 2004
 1963 2007
 1964 2008
 1964 2007
 1964 2351
 1965 2008
 1965 1966
 1966 2011
 1966 2009
 1967 2012
 1967 2011
 1967 1968
 1968 2013
 1968 1969
 1969 2014
 1969 2013
 1970 2015
 1971 1972
 1971 2335
 1972 2017
 1973 2018
 1973 2017
 1974 2019
 1974 1975
 1975 2021
 1975 2020
 1976 2022
 1976 2021
 1978 2024
 1979 2024
 1979 2025
 1979 1980
 1980 1981
 1980 2026
 1980 2025
 1981 2026
 1981 2027
 1981 1982
 1982 2027
 1982 1983
 1983 2029
 1984 2030
 1984 1985
 1985 1986
 1985 2030
 1986 2032
 1986 2031
 1986 2336
 1987 2032
 1987 2033
 1988 2034
 1988 1989
 1988 2078
 1988 2033
 1989 2034
 1990 2036
 1990 2035
 1991 2038
 1991 2036
 1992 2039
 1992 2038
 1993 2039
 1994 1995
 1995 1996
 1995 2041
 1995 2085
 1996 2042
 1996 2043
 1997 2044
 1997 2334
 1997 2043
 1998 2044
 1998 2046
 1998 1999
 1999 2047
 2000 2048
 2000 2047
 2000 2001
 2001 2092
 2001 2049
 2001 2048
 2002 2050
 2003 2051
 2003 2050
 2004 2052
 2004 2005
 2004 2051
 2005 2053
 2005 2052
 2006 2054
 2007 2054
 2007 2008
 2008 2055
 2008 2054
 2009 2056
 2009 2010
 2010 2058
 2011 2058
 2011 2012
 2012 2013
 2012 2059
 2012 2103
 2012 2058
 2013 2059
 2013 2014
 2014 2015
 2014 2061
 2014 2060
 2015 2105
 2015 2062
 2015 2061
 2016 2335
 2016 2063
 2017 2064
 2017 2063
 2017 2018
 2018 2019
 2018 2065
 2018 2064
 2019 2066
 2019 2065
 2019 2020
 2020 2021
 2020 2066
 2021 2068
 2021 2067
 2024 2113
 2024 2070
 2024 2069
 2025 2114
 2025 2070
 2025 2071
 2026 2027
 2026 2071
 2027 2115
 2027 2072
 2027 2071
 2028 2029
 2028 2072
 2029 2074
 2030 2075
 2030 2074
 2030 2031
 2031 2076
 2031 2032
 2032 2076
 2033 2078
 2034 2079
 2034 2078
 2035 2079
 2035 2036
 2036 2081
 2036 2080
 2037 2081
 2037 2038
 2038 2083
 2038 2039
 2039 2040
 2039 2083
 2041 2131
 2041 2130
 2041 2084
 2041 2085
 2042 2132
 2042 2085
 2043 2087
 2043 2088
 2043 2044
 2044 2334
 2044 2088
 2045 2356
 2045 2046
 2046 2090
 2046 2047
 2047 2090
 2047 2048
 2048 2092
 2049 2093
 2049 2092
 2050 2095
 2050 2051
 2050 2094
 2051 2337
 2051 2095
 2052 2053
 2052 2097
 2052 2096
 2053 2099
 2054 2099
 2054 2100
 2054 2055
 2055 2100
 2055 2056
 2056 2101
 2056 2100
 2057 2102
 2057 2101
 2058 2329
 2058 2102
 2059 2060
 2059 2103
 2060 2061
 2061 2105
 2061 2104
 2062 2063
 2062 2105
 2063 2107
 2063 2064
 2064 2153
 2064 2107
 2064 2065
 2065 2066
 2066 2109
 2066 2108
 2067 2110
 2068 2110
 2069 2113
 2070 2114
 2071 2115
 2071 2114
 2072 2116
 2072 2115
 2073 2074
 2073 2116
 2074 2075
 2074 2118
 2075 2076
 2075 2118
 2076 2119
 2076 2121
 2076 2120
 2077 2078
 2078 2079
 2078 2122
 2079 2124
 2079 2122
 2079 2080
 2080 2125
 2080 2081
 2081 2168
 2081 2126
 2081 2125
 2082 2127
 2083 2084
 2083 2127
 2083 2128
 2084 2128
 2084 2130
 2085 2131
 2086 2133
 2086 2132
 2087 2088
 2087 2134
 2087 2133
 2088 2356
 2088 2134
 2089 2356
 2090 2136
 2090 2135
 2090 2091
 2091 2137
 2091 2092
 2091 2136
 2092 2137
 2092 2138
 2094 2139
 2094 2138
 2095 2337
 2095 2139
 2096 2097
 2096 2337
 2097 2183
 2097 2098
 2097 2140
 2098 2142
 2099 2143
 2099 2142
 2099 2100
 2100 2145
 2100 2101
 2100 2143
 2101 2145
 2102 2147
 2102 2146
 2103 2148
 2103 2104
 2103 2147
 2104 2149
 2104 2190
 2104 2148
 2105 2106
 2105 2150
 2105 2149
 2106 2152
 2107 2153
 2107 2152
 2108 2154
 2108 2153
 2108 2109
 2109 2110
 2109 2156
 2109 2155
 2110 2157
 2110 2156
 2113 2159
 2113 2158
 2114 2201
 2114 2160
 2114 2159
 2115 2161
 2115 2116
 2116 2203
 2116 2162
 2116 2117
 2116 2161
 2117 2163
 2118 2206
 2118 2164
 2118 2119
 2118 2163
 2119 2120
 2120 2208
 2120 2121
 2121 2208
 2121 2122
 2122 2166
 2122 2123
 2123 2212
 2123 2124
 2123 2167
 2123 2166
 2125 2213
 2125 2168
 2125 2167
 2127 2169
 2127 2128
 2128 2170
 2128 2171
 2128 2169
 2130 2172
 2130 2171
 2131 2173
 2131 2132
 2131 2172
 2132 2173
 2133 2220
 2133 2175
 2133 2134
 2134 2176
 2134 2175
 2135 2222
 2135 2136
 2136 2223
 2136 2178
 2137 2179
 2137 2178
 2138 2179
 2138 2139
 2139 2337
 2139 2181
 2140 2183
 2141 2142
 2141 2183
 2142 2185
 2142 2143
 2143 2185
 2143 2144
 2144 2187
 2144 2145
 2145 2187
 2146 2187
 2147 2234
 2147 2189
 2147 2148
 2147 2329
 2148 2189
 2150 2192
 2150 2191
 2150 2151
 2151 2152
 2151 2192
 2152 2194
 2152 2153
 2153 2196
 2153 2195
 2153 2154
 2154 2155
 2154 2196
 2155 2156
 2156 2198
 2156 2197
 2157 2198
 2159 2245
 2159 2201
 2159 2200
 2160 2161
 2160 2201
 2161 2249
 2161 2203
 2162 2163
 2162 2205
 2162 2253
 2163 2206
 2163 2205
 2164 2208
 2164 2206
 2165 2209
 2165 2166
 2165 2208
 2166 2209
 2166 2210
 2167 2212
 2168 2214
 2168 2213
 2169 2170
 2169 2215
 2169 2214
 2170 2215
 2170 2171
 2171 2217
 2171 2172
 2172 2218
 2172 2173
 2173 2219
 2173 2174
 2174 2220
 2175 2221
 2175 2220
 2175 2176
 2176 2222
 2176 2356
 2177 2284
 2177 2222
 2178 2179
 2178 2223
 2179 2226
 2179 2180
 2179 2224
 2180 2181
 2181 2182
 2181 2228
 2181 2226
 2181 2337
 2182 2183
 2182 2337
 2183 2228
 2183 2184
 2184 2230
 2185 2231
 2185 2186
 2185 2230
 2186 2187
 2187 2233
 2187 2232
 2187 2188
 2187 2231
 2188 2234
 2189 2190
 2189 2235
 2189 2234
 2190 2236
 2190 2191
 2191 2192
 2192 2237
 2192 2236
 2193 2239
 2193 2237
 2193 2194
 2194 2195
 2195 2240
 2195 2239
 2195 2196
 2196 2240
 2196 2197
 2197 2242
 2197 2198
 2198 2243
 2198 2242
 2201 2247
 2201 2202
 2201 2245
 2202 2249
 2202 2247
 2203 2251
 2203 2204
 2203 2249
 2204 2253
 2204 2251
 2205 2255
 2205 2253
 2206 2207
 2206 2255
 2207 2258
 2207 2256
 2207 2208
 2208 2260
 2208 2258
 2209 2210
 2209 2260
 2210 2211
 2210 2261
 2211 2264
 2211 2262
 2211 2212
 2212 2266
 2212 2213
 2212 2264
 2213 2267
 2213 2214
 2214 2269
 2214 2215
 2214 2267
 2215 2271
 2215 2269
 2215 2216
 2216 2273
 2216 2217
 2216 2271
 2217 2275
 2217 2218
 2217 2273
 2218 2277
 2218 2275
 2218 2219
 2219 2279
 2219 2220
 2219 2277
 2220 2280
 2221 2282
 2221 2222
 2221 2280
 2222 2356
 2222 2284
 2222 2282
 2223 2286
 2223 2224
 2223 2284
 2224 2287
 2224 2225
 2225 2289
 2225 2226
 2225 2287
 2226 2291
 2226 2289
 2226 2227
 2227 2293
 2227 2228
 2227 2291
 2228 2295
 2228 2293
 2228 2229
 2229 2297
 2229 2230
 2229 2295
 2230 2299
 2230 2231
 2230 2297
 2231 2301
 2231 2232
 2231 2299
 2232 2303
 2232 2301
 2233 2305
 2233 2234
 2233 2303
 2234 2307
 2234 2305
 2235 2309
 2235 2236
 2235 2307
 2236 2311
 2236 2309
 2236 2237
 2237 2312
 2237 2311
 2238 2314
 2238 2239
 2238 2312
 2239 2316
 2239 2314
 2240 2318
 2240 2241
 2240 2316
 2241 2320
 2241 2242
 2241 2318
 2242 2322
 2242 2320
 2242 2243
 2338 2339
 2342 2345
 2342 2343
 2343 2346
 2344 2345
 2345 2346
