    2  126
    2   82
    3   82
    4   83
    4   82
    6   84
    6   83
    8   84
    9   86
    9   85
   11  130
   11   87
   11   86
   13   87
   14   88
   14   89
   16  132
   16   90
   16   89
   18   91
   18   90
   19   92
   21   93
   21   92
   22   93
   23   94
   23   93
   25   94
   25   95
   27   96
   27   95
   28   96
   29   97
   29   96
   31   98
   31   97
   33  140
   33   99
   33   98
   34  100
   34   99
   36  101
   36  100
   38  102
   38  101
   39  102
   40  102
   40  103
   42  146
   42  104
   42  103
   44  105
   44  104
   46  106
   46  105
   48  106
   48  107
   50  150
   50  108
   50  107
   52  108
   53  110
   53  109
   55  111
   55  110
   57  153
   57  111
   57  112
   59  112
   59  113
   61  113
   61  114
   62  114
   62  115
   64  115
   64  116
   66  117
   66  116
   67  117
   68  118
   68  117
   70  119
   70  118
   71  120
   71  119
   73  121
   73  120
   75  122
   75  121
   77  123
   77  122
   79  165
   79  123
   81  126
   82  127
   82  126
   83  128
   83   84
   84   85
   85 2183
   85  129
   85   86
   87   88
   87  130
   88  174
   88   89
   88  173
   88  131
   90   91
   90  132
   91  134
   91   92
   91  133
   93  136
   93   94
   93  135
   94  137
   94   95
   96  182
   96  181
   96   97
   96  138
   97   98
   98  140
   98  139
   99  141
   99  140
  100  101
  101  102
  101  142
  102  144
  102  143
  103  146
  103  144
  104  147
  104  105
  105  106
  106  147
  106  107
  107  150
  107  148
  108  193
  108  109
  108  150
  109  110
  109  193
  110  195
  110  194
  110  151
  110  152
  110  111
  111  153
  112  154
  112  113
  112  153
  113  155
  114  115
  115  116
  115  155
  115  157
  117  159
  117  158
  117  118
  118  119
  119  161
  119  160
  120 2182
  120  121
  121 2182
  121  122
  122  162
  122  123
  123  165
  123  164
  123  163
  124  165
  125  168
  126  169
  126  168
  126  127
  127  128
  127  169
  128 2183
  129  130
  129 2183
  130  131
  130  172
  131  173
  131  172
  132  133
  132 2191
  132  174
  133 2191
  133  134
  133  175
  134  135
  135  178
  135  177
  135  136
  136 2186
  136  137
  136  178
  137  138
  137 2186
  137  179
  138  179
  139  224
  139  183
  139  140
  139  182
  140  141
  140  183
  141  185
  141  142
  142  186
  142  143
  143  188
  143  144
  143  187
  144  188
  145  190
  145  146
  146  230
  146  147
  146  190
  147  148
  147  232
  147  231
  147  230
  148  149
  149  191
  150  234
  150  193
  150  192
  152  195
  153  238
  153  154
  153  196
  154  239
  154  197
  154  155
  154  238
  155  197
  155  156
  156  198
  156  283
  156  157
  156  241
  157  158
  157  198
  158  201
  158  159
  158  200
  159  202
  159  160
  160  161
  160  202
  162  204
  162  205
  162  163
  162 2182
  164  206
  164  165
  164  205
  165  208
  165  207
  168  209
  168  211
  168  210
  168  169
  169  212
  169  252
  169  211
  169  170
  170 2183
  171 2183
  171  172
  171  213
  171  214
  172  214
  172  173
  173  215
  173  214
  175  218
  175  217
  175 2191
  176  177
  176  218
  177  220
  177  178
  178 2186
  178  261
  178  220
  179  221
  179 2186
  180  181
  181  266
  181  223
  181  222
  181  182
  182  224
  183  225
  183  224
  185  270
  185  186
  185  225
  186  226
  186  187
  187  227
  187  226
  187  188
  188  189
  188  228
  188  227
  189  228
  190  230
  190  229
  191  192
  191  233
  191  232
  192  276
  192  233
  192  234
  193  236
  193  234
  194  195
  194  236
  195  237
  195  196
  197  240
  197  239
  198  284
  198  242
  198  283
  199  200
  200  243
  200  201
  200  242
  201  243
  201  202
  202  287
  202  245
  202  203
  202  244
  203  289
  203 2182
  204  247
  204  205
  204  246
  205  248
  205  206
  205  247
  206  248
  206  207
  207  292
  207  249
  207  248
  209  251
  210  251
  210  211
  211  252
  212  254
  212  252
  213  255
  213  254
  213 2183
  214  256
  214  255
  215  257
  215  216
  216 2227
  216 2191
  217  259
  217 2191
  217 2227
  218  219
  219  220
  219  260
  220  261
  220  260
  221  222
  222  264
  223  267
  223  224
  223  266
  224  269
  224  268
  224  267
  226  271
  226  227
  226  270
  227  272
  227  271
  228  272
  230  316
  230  315
  230  273
  230  231
  231  274
  231  316
  232  274
  233  276
  233  275
  234  277
  234  276
  235  236
  235  278
  236  237
  237  320
  237  279
  237  238
  237  278
  238  281
  238  239
  239  281
  240  282
  243  327
  243  244
  243  286
  244  328
  244  327
  244  287
  245  329
  245  288
  246  290
  246  247
  246  289
  246 2182
  247  248
  247  290
  248  292
  249  292
  251  294
  252  296
  252  253
  253  297
  253  296
  253  254
  254  298
  254  297
  254  255
  255  339
  255  299
  255  256
  255  298
  256  299
  256  300
  257  301
  257  300
  257  258
  259 2227
  259  345
  259  303
  259  302
  260  304
  260  261
  260  303
  261  305
  261  304
  262  305
  262 2186
  263 2186
  263  264
  264  306
  264  265
  265  308
  265  266
  265  307
  266  308
  266  267
  267  268
  267  308
  268  269
  268  309
  269  270
  270  312
  270  311
  271  312
  271  272
  272  313
  272  273
  272  312
  273  313
  274  317
  274  316
  275  358
  276  358
  276  277
  277  359
  277  318
  277  358
  278  319
  278  318
  279  361
  279  280
  279  321
  279  320
  280  321
  280  281
  281  282
  282  283
  282  323
  282  322
  283  284
  284  325
  284  285
  284  324
  285  286
  285  326
  287  329
  287  328
  289  331
  289  330
  290  332
  290  331
  291  333
  292  334
  292  333
  294  295
  295  336
  295  335
  295  296
  296  337
  296  336
  296  297
  297  337
  297  298
  298  339
  299  376
  299  340
  299  339
  300  342
  300  301
  301  302
  302  345
  302  344
  302  343
  302 2227
  303  346
  303  304
  304  347
  304  346
  305  383
  305  348
  306  307
  306  349
  306  348
  307  349
  308 2196
  308  351
  308  350
  308  309
  309  386
  309  352
  310  311
  311  387
  312 2204
  312  353
  312  389
  312  313
  313  354
  313  353
  313  355
  314  356
  314  315
  315  392
  315  356
  315  316
  316  317
  316  392
  318  360
  319  397
  319  360
  319  320
  320  397
  321  322
  321  362
  321  361
  322  363
  322  362
  322  323
  323  364
  323  363
  324  403
  324  325
  324  364
  325  365
  325  403
  326  404
  326  327
  326  365
  327  406
  327  328
  327  366
  328  367
  328  406
  329  330
  330  331
  330  368
  331  410
  331  409
  331  332
  331  368
  332  410
  332  333
  332  369
  333  411
  333  370
  333  369
  334  370
  336  414
  336  373
  336  372
  336  337
  337  373
  337  338
  338  416
  339  375
  339  376
  340  377
  340  341
  340  376
  341  418
  341  378
  341  342
  342  343
  343  380
  343  379
  344  345
  344  381
  344  380
  345  346
  346  382
  346  381
  347  421
  347  383
  349  350
  349  385
  349  384
  351  424
  351  465
  351  386
  351 2196
  352  425
  352  387
  353  390
  353  428
  353  389
  354  391
  354  390
  356  431
  356  392
  356  391
  357  358
  358  394
  358  359
  359  434
  359  395
  359  394
  360  397
  361  398
  361  399
  361  362
  361  397
  362  400
  362  399
  363  364
  363  400
  365  403
  366  405
  366  406
  366  404
  367  408
  367  368
  368  409
  368  408
  369  410
  370  412
  372  414
  373  374
  373  414
  374  454
  374  416
  375  417
  375  376
  375  416
  376  455
  376  377
  377  456
  377  418
  377  455
  378  419
  378  379
  378  418
  380  381
  380  420
  381  460
  381  382
  381  461
  381  420
  382  461
  382  421
  383  422
  383  421
  384  385
  384  423
  384  422
  385 2197
  385  423
  386 2206
  386  425
  386  465
  387  388
  387  425
  388  427
  388  389
  388 2204
  388  426
  389  427
  389  428
  390  429
  390  430
  391  431
  392  393
  392  432
  392  431
  393  394
  394  434
  394  433
  395  435
  395  396
  395  434
  397  437
  398  439
  398  438
  398  399
  399  440
  399  439
  400  440
  401  402
  402  403
  402  479
  403  442
  403  441
  404 2214
  404  442
  405 2214
  405  406
  405  444
  405  443
  406  444
  406  407
  407  408
  407  445
  407  446
  407  444
  408  409
  408  446
  409  448
  409  410
  410 2184
  410  448
  411  488
  411  487
  411  449
  411 2184
  411  412
  413  414
  413  451
  414  415
  414  451
  416  417
  417  495
  417  455
  418  457
  418  456
  419  420
  420  459
  421  462
  421  463
  421  461
  423 2197
  423  464
  423  424
  424 2196
  424  506
  424  505
  424  465
  424  464
  425 2205
  425 2206
  426  466
  427  511
  427  468
  427  467
  427  428
  428  512
  428  511
  428  429
  429  469
  429  512
  431  432
  431  471
  432  473
  432  471
  433  517
  433  474
  433  434
  433  473
  434  474
  435  519
  435  436
  436  437
  437  475
  437  438
  438  439
  438  476
  439  522
  439  477
  439  478
  440  479
  440  478
  441  526
  441  481
  441  442
  441  480
  443  528
  443  444
  443  482
  444  483
  444  528
  445  446
  445  483
  446  484
  446  447
  447  448
  447  485
  448 2184
  449  488
  451  490
  451  491
  452  453
  453  454
  453  492
  453  491
  453  493
  454  494
  455  496
  455  456
  456  497
  456  457
  457  498
  457  458
  457  541
  457  497
  458  459
  459  460
  459  499
  460  501
  460  500
  460  461
  461  502
  461  501
  462  503
  462  502
  463  464
  464  505
  464  504
  465 2206
  465  507
  465  506
  466  509
  467  509
  468  510
  468  511
  469  470
  469  513
  469  514
  470  515
  470  471
  471  472
  471  516
  471  515
  472  517
  472  473
  474  558
  474  518
  474  517
  475  476
  475  520
  475  519
  476  477
  476  520
  476  521
  477  521
  477  561
  477  522
  478  523
  478  522
  479  480
  479 2220
  480  525
  480 2220
  480  526
  481 2214
  482  568
  482  528
  482 2214
  483  529
  483  528
  485  531
  485  530
  486 2184
  486  572
  486  532
  487  573
  487  534
  487 2184
  488  535
  490  537
  490  491
  491  537
  492  577
  492  538
  492  493
  492  537
  493  538
  493  494
  494  579
  494  538
  495  539
  495  579
  496  539
  497  582
  497  541
  497  540
  498  542
  499  542
  499  500
  500  501
  500  544
  500  543
  501  544
  501  545
  502  546
  502  545
  503  504
  504  547
  505  548
  505  506
  506  549
  506  548
  507  550
  507  549
  508 2205
  508  551
  508  550
  508  509
  509  551
  509  510
  510  552
  511  553
  511  512
  512  596
  512  513
  512  554
  512  553
  513  555
  513  554
  515  556
  515  516
  515  555
  516  557
  516  556
  517  601
  517  558
  517  557
  518  519
  518  559
  520  560
  520  559
  521  560
  521  561
  522  562
  522  561
  523  563
  523  524
  524 2221
  524  564
  525 2220
  525  565
  525  526
  526  567
  526  565
  526  527
  527 2214
  528  569
  528  568
  529  570
  529  530
  530  571
  530  570
  530  531
  531  572
  531  571
  532  617
  532  533
  532  572
  533  617
  533  573
  533 2185
  534  574
  534  535
  534  573
  536  576
  537  576
  537  577
  538  579
  538  577
  539  540
  539  580
  539  579
  540  582
  540  580
  540  581
  541  583
  541  542
  541  582
  542  543
  543  585
  543  586
  543  544
  544  545
  544  586
  545  588
  545  587
  546  547
  547  590
  547  548
  547  589
  548  591
  548  590
  548  549
  549  592
  549  591
  551  594
  551  593
  551  552
  552  637
  552  595
  552  594
  553  596
  553  638
  553  595
  554  597
  554  596
  556  599
  556  557
  556  598
  557  599
  558  602
  558 2210
  558  601
  559  560
  559  602
  560  605
  560  561
  561  606
  561  562
  562  607
  562  606
  562  563
  563  609
  563  564
  564 2220
  565  566
  565  610
  565  611
  566  611
  566  567
  566  612
  567  568
  568  613
  568  653
  568  569
  569  570
  569  613
  570  571
  570  613
  571  616
  571  572
  571  614
  572  617
  573  574
  573  617
  574  618
  575  576
  575  621
  576  577
  577  578
  577  621
  578  623
  578  579
  579  623
  580  581
  580  624
  581  626
  582  626
  582  583
  583  627
  583  584
  583  626
  584  585
  585  586
  585  628
  585  629
  586  630
  586  587
  586  629
  587  631
  588  632
  589  675
  589  632
  590  591
  590  676
  591  678
  591  633
  591  634
  592  635
  592  634
  593  635
  594  637
  594  636
  595  681
  595  637
  596  682
  596  639
  596  638
  597  598
  598  640
  598  641
  599  600
  599  641
  600  684
  600  642
  600  641
  601 2210
  601  643
  601  642
  602  603
  603  604
  603  645
  604  646
  604  687
  605  647
  606  648
  606  647
  606  607
  607  608
  607  649
  607  648
  608  649
  608  609
  609  650
  609  649
  610  651
  610  650
  611  652
  611  651
  611  612
  612  692
  612  653
  612  652
  613  655
  613  654
  613  653
  614  694
  614  656
  615  657
  615  695
  616  658
  618  660
  618  659
  619  660
  621  662
  621  664
  623  702
  623  666
  623  665
  625  666
  626  669
  626  668
  626  627
  627  628
  627  669
  628  629
  628  669
  629  671
  629  670
  630  672
  630  671
  631  632
  632  675
  632  673
  633  677
  633  678
  633  676
  634 2228
  634  678
  635  636
  636  679
  637  718
  637  680
  637  681
  638  682
  638  681
  639  721
  639  720
  639  640
  641  683
  641  684
  642  684
  643  726
  643  644
  643  685
  643 2210
  644  645
  644  727
  644  726
  644 2210
  645  646
  646  686
  647  729
  647  648
  647  688
  647  687
  648  649
  648  688
  649  650
  651  691
  651  690
  652  733
  652  692
  652  691
  653 2211
  653  654
  653  692
  654  693
  654 2211
  655  736
  655  694
  656  737
  656  695
  656  694
  657  696
  657  658
  657  695
  658  738
  658  696
  658  659
  659  739
  659  697
  659  738
  659  660
  660  698
  660  697
  662  663
  662  700
  663  700
  663  664
  663  701
  664  744
  664  665
  664  701
  665  744
  665  702
  666  703
  666  667
  666  702
  667  704
  667  747
  667  668
  667  703
  668  704
  669  670
  669  705
  669  704
  670  705
  670  706
  670  707
  670  671
  671  707
  672  708
  672  673
  673  709
  673  674
  673  708
  674  710
  675  710
  675  676
  676  711
  676  710
  677  713
  677  678
  677  712
  678  713
  678  714
  679  717
  679  716
  679  715
  680  717
  681  719
  681  682
  682  719
  682  720
  683  722
  683  721
  684  724
  684  685
  684  723
  685  726
  686  770
  686  728
  686  727
  687  729
  687  728
  688  773
  688  730
  688  729
  689  690
  690  731
  691  775
  691  733
  691  732
  692  734
  692 2211
  692  733
  693  735
  693 2211
  693  736
  694  736
  695  781
  695  696
  695  737
  696  738
  697  740
  697  784
  697  739
  699  742
  700  742
  701  744
  701  743
  701  742
  702  745
  702  703
  702  744
  703  747
  703  746
  704  749
  704  705
  704  747
  705  706
  706  750
  706  707
  707  794
  707  750
  707  751
  707  708
  708  752
  708  751
  709  754
  710  711
  711  798
  711  712
  711  755
  712  755
  712  756
  712  713
  713  756
  714  800
  714 2228
  714  756
  715 2228
  716  759
  716  717
  716  758
  717  803
  717  760
  717  759
  718  760
  719  806
  719  762
  719  720
  719  761
  720  763
  720  762
  722  765
  722  723
  722  764
  723  765
  723  724
  724  725
  724  765
  725  767
  725  766
  725  726
  726  768
  726  767
  728  770
  729  773
  729  772
  729  771
  730  774
  731  819
  731  732
  731  774
  732  819
  732  775
  733  776
  733  775
  734  778
  734 2211
  734  777
  735 2211
  735  779
  735  736
  736  779
  737  824
  737  780
  737  779
  738  739
  738  782
  739  783
  740  784
  742  786
  742  787
  742  743
  743  744
  743  787
  744  789
  745  834
  745  746
  746  747
  746  834
  747  748
  747  791
  748  792
  749  750
  749  792
  750  793
  751  840
  751  795
  751  794
  752  795
  752  753
  753  797
  753  754
  755  843
  755  756
  755  799
  756  799
  757  758
  757  800
  757 2228
  758  801
  759  803
  759  802
  760  804
  760  761
  760  803
  761  806
  761  804
  762  808
  762  807
  762  806
  763  764
  764  809
  765 2231
  765  766
  765  810
  765  811
  766  812
  766  767
  767  813
  767  812
  768  814
  768  769
  769  770
  770  771
  770  815
  771  816
  772  773
  772  817
  773 2222
  773  818
  773  817
  774 2232
  774  819
  774 2222
  775  820
  775  776
  775  819
  776  821
  776  822
  777  822
  778  867
  778  779
  778  823
  779  824
  780  825
  780  824
  781  825
  782  826
  784  828
  784  827
  785  828
  786  787
  786  831
  787  788
  789  875
  789  833
  791  836
  792  838
  792  837
  793  880
  793  839
  793  838
  793  794
  794  840
  794  839
  795  796
  795  841
  796  797
  797  842
  797  798
  798  842
  799  844
  799  800
  799  843
  800  845
  801  846
  801  802
  803  804
  803  847
  804  848
  804  805
  805  891
  805  849
  805  806
  805  848
  806  849
  807  892
  807  850
  808  809
  808  851
  809  810
  810  852
  811  853
  811  812
  811 2231
  812  853
  812  854
  813  856
  813  814
  814  815
  815  816
  815  856
  816  817
  816  857
  817  818
  817  858
  818  859
  818  860
  818  861
  819  820
  819 2232
  820  864
  820  821
  820  863
  821  864
  822  823
  822  864
  823  866
  824  825
  824  867
  825  869
  825  826
  825  868
  826  909
  826  870
  826  869
  826  827
  827  828
  827  870
  828  872
  828  871
  831  914
  831  873
  831  832
  832  916
  832  833
  832  874
  833  916
  833  875
  834  835
  835  877
  835  836
  836  920
  836  878
  836  877
  837  878
  838  880
  838  879
  839  881
  839  840
  840  881
  840  882
  841  884
  841  882
  842  885
  842  884
  843  886
  843  844
  843  885
  844  887
  844  886
  845  888
  846  889
  846  847
  846  888
  848  891
  848  932
  848  890
  849  892
  849  891
  850  851
  851  893
  851  852
  852  894
  852 2231
  853 2231
  853  938
  853  896
  853 2230
  854  896
  854  855
  855  897
  855  856
  856  898
  856  857
  857  858
  858  898
  858  859
  859  860
  859  899
  860  943
  860  901
  860  900
  861 2223
  861  901
  861  862
  862 2232
  862 2223
  862  902
  862  901
  863  946
  863  903
  864  865
  864  904
  865  906
  865  905
  866  867
  866  906
  867  907
  867  868
  868 2199
  868  869
  869  909
  869 2199
  870  910
  870  871
  870  909
  871  912
  871  911
  871  910
  873  914
  874  916
  874  915
  874  914
  875  876
  875  917
  875  916
  876  877
  877  918
  878  921
  878  920
  879  921
  880  922
  880  881
  881  964
  881  882
  881  923
  882  923
  882  883
  883  925
  883  884
  883  924
  884  885
  884  926
  884  925
  885  886
  886  968
  886  927
  886  926
  887  929
  888  889
  888  929
  889  890
  889  930
  889  931
  891  933
  891  892
  892  933
  892  934
  892  893
  893  894
  894  935
  894  895
  895  938
  895 2230
  895  936
  896  939
  896  940
  897 1020
  897  898
  897  940
  898  941
  898  899
  899  900
  899  941
  900  942
  900  943
  901  944
  901  902
  901  943
  902  903
  902 2232
  903  945
  903 2232
  904  987
  904  947
  904  946
  905  948
  905  947
  907  951
  907  949
  908  951
  908 2199
  909  910
  909  953
  910 2188
  910  954
  910  911
  910  953
  911  955
  912  955
  914  958
  914  957
  915  959
  915  958
  916  917
  916  959
  917 1000
  917  999
  917  960
  917  918
  917  959
  918  960
  918  919
  919 1001
  919  920
  919  961
  919  960
  920  921
  921  962
  921  961
  922  964
  922  963
  923  965
  923  924
  924 1006
  924  966
  924  965
  925  967
  925  966
  927  969
  927  928
  927  968
  928  929
  929  930
  929  970
  930  931
  930  971
  931  972
  931  973
  931  932
  933  934
  933  975
  934  935
  934  975
  935  936
  935  976
  936  977
  936  937
  937  978
  937  977
  937  938
  938 2230
  938  979
  938  978
  938  939
  939  980
  939  979
  940 1020
  940  980
  941  942
  941  982
  941  981
  942 1023
  942 1022
  942  982
  942  983
  942  943
  943  983
  944  985
  944  984
  945  986
  945  985
  946  986
  947  988
  948  949
  949 1029
  949  950
  949  988
  950  990
  950  989
  950  951
  951  991
  951  990
  952 2199
  952  992
  952  953
  953 2188
  954  995
  954  955
  954 2188
  955  996
  955  995
  957  998
  958 1039
  958  998
  959 1039
  959  999
  960 1001
  960 1000
  961 1043
  961 1002
  961  962
  961 1001
  962 1004
  962  963
  962 1003
  962 1002
  964 1005
  964 1046
  964 1004
  965 1006
  965 1005
  966 1007
  966 1006
  966  967
  967 1008
  967 1007
  968 1009
  968  969
  968 1008
  969 1010
  969  970
  970  971
  970 1011
  971 1012
  972  973
  972 1012
  973 1014
  973  974
  974 1057
  974  975
  974 1014
  975 1058
  975 1057
  975 1015
  976 1060
  976 1059
  976 1016
  976 1015
  977 1017
  977  978
  977 1016
  978 1017
  978  979
  978 1018
  979 1018
  979  980
  980 1020
  981 1021
  981  982
  981 1020
  982 1021
  982 1022
  983 1068
  983 1024
  983  984
  983 1023
  984 1025
  984 1024
  985 1025
  986 1026
  987 1028
  988 1028
  988 1073
  988 1029
  989 1030
  989  990
  989 1029
  990  991
  990 1030
  991 1031
  991 2198
  992 2198
  992 1034
  993 2188
  994 2190
  994 2188
  995 1037
  995 1036
  998 1083
  998 1038
  998 1039
  999 1040
  999 1000
  999 1039
 1000 1042
 1000 1040
 1001 1043
 1001 1087
 1002 1003
 1002 1043
 1003 1089
 1003 1045
 1003 1004
 1004 1046
 1004 1045
 1005 1047
 1005 1006
 1005 1046
 1006 1007
 1006 1047
 1007 1049
 1007 1008
 1008 1049
 1008 1009
 1009 1052
 1009 1051
 1010 1053
 1010 1011
 1010 1052
 1011 1012
 1011 1054
 1012 1054
 1012 1013
 1013 1014
 1014 1056
 1014 1057
 1014 1055
 1015 1103
 1015 1059
 1015 1058
 1016 1017
 1016 1061
 1016 1060
 1017 1062
 1017 1061
 1018 1019
 1018 1062
 1019 1064
 1019 1020
 1019 1063
 1020 1065
 1020 1021
 1021 1065
 1022 1067
 1022 1023
 1023 1068
 1024 1070
 1024 1069
 1024 1068
 1025 1070
 1025 1026
 1026 1027
 1026 1072
 1027 1028
 1028 1118
 1028 1072
 1028 1073
 1029 1030
 1029 1073
 1030 1031
 1030 1074
 1032 1076
 1032 1033
 1032 2198
 1033 1078
 1033 1034
 1033 1077
 1034 1078
 1034 1035
 1035 2190
 1035 1079
 1035 1078
 1035 2189
 1036 2190
 1036 1080
 1036 1037
 1036 1079
 1037 1080
 1038 1083
 1039 1084
 1040 1041
 1040 1085
 1041 1086
 1041 1042
 1042 1087
 1042 1132
 1043 1134
 1043 1044
 1043 1088
 1044 1089
 1045 1090
 1045 1046
 1046 1090
 1046 1091
 1047 1048
 1047 1092
 1048 1094
 1049 1096
 1049 1094
 1049 1050
 1049 1095
 1050 1051
 1050 1097
 1050 1096
 1051 1143
 1051 1097
 1051 1098
 1051 1052
 1052 1098
 1052 1053
 1053 1144
 1053 1145
 1053 1099
 1053 1054
 1053 1098
 1054 1055
 1054 1099
 1055 1099
 1055 1100
 1055 1056
 1056 1101
 1056 1057
 1056 1100
 1057 1058
 1058 1103
 1059 1104
 1059 1060
 1060 1061
 1060 1105
 1061 1105
 1061 1106
 1062 1107
 1062 1063
 1063 1108
 1064 1110
 1064 1065
 1065 1157
 1065 1066
 1065 1110
 1066 1112
 1067 1112
 1067 1068
 1068 1113
 1068 1069
 1069 1070
 1069 1114
 1069 1115
 1070 1116
 1070 1071
 1071 1117
 1071 1072
 1072 1117
 1072 1118
 1073 1119
 1074 1121
 1075 1076
 1075 1122
 1076 1077
 1076 1122
 1076 1123
 1077 1078
 1077 1123
 1077 1124
 1078 1125
 1078 1079
 1079 1126
 1079 1080
 1079 2190
 1080 1081
 1081 1126
 1082 1129
 1084 1129
 1085 1131
 1086 1132
 1086 1131
 1087 1134
 1087 1133
 1088 1135
 1089 1136
 1089 1135
 1089 1090
 1090 1091
 1090 1136
 1091 1092
 1091 1137
 1092 1093
 1093 1139
 1094 2224
 1094 1139
 1095 1140
 1095 1096
 1096 1097
 1096 1140
 1097 1143
 1097 1141
 1098 1144
 1098 1143
 1099 1147
 1099 1100
 1099 1145
 1100 1101
 1100 1147
 1101 1102
 1101 1148
 1102 1103
 1102 1149
 1102 1150
 1103 1151
 1103 1104
 1104 1152
 1104 1105
 1105 1106
 1106 1153
 1106 1152
 1107 1108
 1107 1153
 1108 1109
 1109 1110
 1109 1154
 1110 1157
 1110 1156
 1111 1112
 1111 1158
 1111 1157
 1112 1113
 1113 1159
 1113 1114
 1114 1200
 1114 2229
 1114 1115
 1115 1160
 1115 1200
 1115 1116
 1116 1117
 1116 1160
 1117 1161
 1117 1160
 1117 1162
 1118 1119
 1118 1163
 1119 1120
 1119 1164
 1120 1121
 1120 1165
 1121 1122
 1122 1166
 1122 1165
 1123 1167
 1123 1166
 1124 1169
 1126 1209
 1126 1208
 1126 1170
 1126 1169
 1128 1172
 1128 1129
 1129 1172
 1129 1130
 1129 1173
 1130 1174
 1130 1131
 1130 1173
 1132 1175
 1133 1176
 1134 1176
 1135 1178
 1135 2209
 1135 1136
 1135 1177
 1136 1178
 1136 1137
 1137 1138
 1138 1180
 1139 1181
 1140 2224
 1140 1141
 1140 1182
 1141 1182
 1141 1142
 1142 1184
 1143 2233
 1143 1184
 1144 1145
 1144 2233
 1145 1146
 1145 1185
 1146 1227
 1146 1187
 1146 1147
 1147 1187
 1147 1148
 1148 1188
 1149 1188
 1150 1151
 1150 1189
 1151 1192
 1151 1152
 1151 1191
 1152 1192
 1152 1153
 1153 1154
 1153 1193
 1154 2225
 1154 1194
 1154 1155
 1155 1195
 1156 1196
 1156 1195
 1156 1157
 1157 1196
 1158 1240
 1158 1198
 1159 2229
 1159 1198
 1159 1199
 1160 1201
 1160 1161
 1160 1200
 1161 1244
 1161 1202
 1161 1201
 1162 1202
 1162 1163
 1163 1203
 1164 1247
 1164 1246
 1164 1204
 1164 1165
 1164 1203
 1165 1166
 1166 1249
 1166 1248
 1166 1205
 1166 1204
 1167 1206
 1167 1168
 1168 1206
 1168 1207
 1168 1169
 1169 1208
 1169 1207
 1170 1209
 1172 1212
 1172 1211
 1173 1213
 1173 1174
 1174 1214
 1174 1175
 1174 1213
 1175 1257
 1175 1259
 1175 1176
 1175 1258
 1175 1214
 1176 1259
 1176 1177
 1176 1215
 1177 1215
 1177 1216
 1177 2209
 1178 2209
 1178 1218
 1178 1179
 1179 1219
 1179 1180
 1180 1264
 1180 1181
 1180 1220
 1181 1265
 1181 1221
 1181 1220
 1181 2224
 1182 1221
 1182 1222
 1182 2224
 1183 1223
 1183 1222
 1184 2233
 1184 1224
 1184 1223
 1185 1186
 1185 1225
 1185 2233
 1186 1227
 1187 1228
 1187 1188
 1187 1229
 1188 1189
 1188 1229
 1189 1230
 1189 1190
 1190 1191
 1191 1192
 1191 1232
 1192 1276
 1192 1277
 1192 1233
 1192 1232
 1193 1234
 1194 1195
 1194 1235
 1195 1237
 1195 1238
 1195 1196
 1196 1197
 1196 1238
 1197 1240
 1198 1199
 1199 1241
 1200 2229
 1200 1243
 1200 1242
 1201 1244
 1201 1243
 1202 1287
 1202 1245
 1202 1203
 1202 1244
 1203 1246
 1203 1245
 1204 1289
 1204 1248
 1204 1247
 1205 1206
 1205 1249
 1206 1292
 1206 1250
 1206 1249
 1207 1250
 1207 1251
 1209 1252
 1210 1253
 1212 1256
 1212 1296
 1212 1255
 1212 1213
 1213 1256
 1213 1214
 1214 1256
 1215 1216
 1215 1261
 1215 1259
 1216 1262
 1216 2209
 1217 2209
 1217 1218
 1219 1263
 1220 1265
 1221 2224
 1221 1266
 1221 1222
 1222 1266
 1223 2215
 1223 1268
 1223 1224
 1224 1268
 1224 2233
 1224 1225
 1225 1226
 1226 1227
 1226 1269
 1227 1271
 1228 1229
 1228 1271
 1229 1271
 1229 1272
 1230 1231
 1230 1272
 1231 1275
 1231 1273
 1232 1312
 1232 1276
 1232 1275
 1233 1278
 1233 1277
 1233 1234
 1234 2226
 1234 1278
 1235 1236
 1237 1281
 1237 1238
 1237 1280
 1238 1239
 1238 1281
 1239 1319
 1239 1282
 1239 1240
 1240 1283
 1241 1285
 1241 1284
 1241 1242
 1241 2229
 1242 1285
 1242 2229
 1243 2234
 1244 1327
 1244 1326
 1244 1287
 1245 1246
 1245 1287
 1246 1247
 1247 1288
 1248 1291
 1248 1249
 1248 1289
 1249 1292
 1250 1333
 1250 1332
 1250 1292
 1251 1334
 1251 1333
 1251 1252
 1252 1334
 1252 1253
 1252 1293
 1253 1294
 1253 1293
 1253 1254
 1255 1296
 1256 1257
 1256 1296
 1256 1297
 1256 1338
 1257 1298
 1257 1258
 1258 1259
 1259 1299
 1259 1260
 1260 1343
 1260 1300
 1262 1263
 1262 1300
 1263 1302
 1263 1303
 1263 1264
 1264 1303
 1265 1347
 1265 1305
 1265 1266
 1265 1304
 1266 1306
 1266 1305
 1267 2215
 1267 1306
 1268 1350
 1268 1308
 1268 2215
 1269 1270
 1269 1308
 1270 1310
 1270 1309
 1271 1354
 1271 1353
 1271 1272
 1271 1310
 1272 1355
 1272 1311
 1272 1354
 1273 1311
 1274 1311
 1275 1357
 1275 2219
 1275 1312
 1276 1313
 1276 1277
 1277 1314
 1277 1278
 1278 1315
 1278 1314
 1279 1315
 1279 1316
 1279 1280
 1279 2226
 1280 1281
 1280 1316
 1281 1319
 1281 1318
 1282 1321
 1283 1284
 1283 1321
 1284 1322
 1284 1285
 1284 1321
 1284 1323
 1285 1323
 1285 2234
 1286 2234
 1286 1326
 1287 1288
 1287 1327
 1288 1289
 1288 1328
 1289 1290
 1290 1291
 1290 1329
 1291 1330
 1291 1292
 1292 1331
 1293 1336
 1293 1335
 1293 1334
 1296 1338
 1296 1337
 1298 1340
 1299 1341
 1300 1344
 1300 1301
 1300 1343
 1301 1388
 1301 1345
 1301 1302
 1301 1344
 1303 1390
 1303 1304
 1303 1346
 1304 1391
 1304 1390
 1304 1347
 1305 1306
 1305 1347
 1306 1307
 1307 1349
 1307 1348
 1308 1309
 1308 1350
 1309 1352
 1310 1353
 1311 1356
 1311 2219
 1311 1355
 1312 1358
 1313 1314
 1313 1358
 1314 1359
 1314 1315
 1315 2226
 1315 1404
 1315 1360
 1315 1359
 1316 1317
 1316 1361
 1316 1360
 1318 1408
 1318 1407
 1318 1319
 1318 1362
 1319 1320
 1319 1408
 1320 1363
 1320 1321
 1321 1364
 1322 1365
 1322 1366
 1322 1323
 1323 1367
 1323 1366
 1324 1325
 1324 1367
 1324 2234
 1325 1369
 1326 1327
 1326 1370
 1326 1369
 1327 1371
 1327 1370
 1328 1372
 1328 1371
 1329 1373
 1330 1374
 1331 2202
 1331 1332
 1331 1374
 1332 1333
 1332 1375
 1333 1334
 1333 1376
 1334 1377
 1334 1335
 1335 1336
 1335 1378
 1336 1379
 1338 1381
 1339 1382
 1339 1340
 1340 1384
 1340 1341
 1340 1383
 1341 1386
 1341 1342
 1342 1343
 1342 1386
 1344 1428
 1344 1387
 1345 1389
 1345 1346
 1345 1388
 1347 1392
 1347 1391
 1348 1392
 1349 1394
 1349 1350
 1349 2215
 1350 2215
 1350 1394
 1350 1395
 1351 1352
 1351 1395
 1352 1396
 1353 1397
 1354 1398
 1354 1355
 1354 1397
 1355 1399
 1355 1398
 1356 1400
 1357 2219
 1357 1358
 1357 1402
 1357 2218
 1358 1403
 1359 1404
 1359 1403
 1360 1405
 1360 1404
 1361 2217
 1361 1406
 1361 1405
 1362 1407
 1362 1406
 1363 1451
 1364 2235
 1364 1410
 1364 1409
 1364 1365
 1365 1411
 1365 2235
 1365 1366
 1366 1411
 1366 1367
 1367 1412
 1368 1412
 1368 1369
 1369 1414
 1369 1370
 1370 1415
 1370 1371
 1371 1416
 1371 1415
 1372 1417
 1372 1373
 1373 1418
 1373 1417
 1373 1374
 1374 2200
 1374 1418
 1375 1419
 1376 1420
 1378 1421
 1378 1420
 1379 1422
 1381 1382
 1382 1466
 1382 1424
 1382 1423
 1382 1383
 1382 1425
 1383 1425
 1383 1384
 1384 1426
 1384 1425
 1384 1385
 1385 1469
 1385 1386
 1385 1426
 1386 1469
 1386 1427
 1386 1387
 1388 1472
 1388 1389
 1388 1428
 1389 1429
 1389 1430
 1389 1390
 1390 1431
 1390 1391
 1390 1430
 1391 1432
 1391 1431
 1392 1433
 1392 1432
 1393 1433
 1393 1394
 1394 1435
 1394 1395
 1395 1437
 1395 1435
 1396 1397
 1396 1438
 1397 1439
 1397 1438
 1397 1398
 1398 1399
 1398 1439
 1399 1440
 1399 1481
 1399 1400
 1400 1441
 1400 2218
 1401 1441
 1401 1402
 1402 1443
 1403 1444
 1403 1443
 1404 1445
 1404 1444
 1404 1405
 1404 1446
 1405 2217
 1405 1446
 1406 1447
 1406 2217
 1407 1488
 1407 1408
 1407 1449
 1408 2213
 1408 1449
 1409 1452
 1409 1451
 1410 2235
 1410 1452
 1411 1453
 1411 1493
 1411 1454
 1411 2235
 1412 1454
 1413 1494
 1413 1414
 1413 1454
 1414 1456
 1415 1456
 1415 1457
 1415 1416
 1416 1458
 1416 1498
 1416 1417
 1416 1457
 1417 1458
 1417 1459
 1418 1460
 1419 1502
 1419 2203
 1419 1461
 1419 1420
 1420 1462
 1420 1461
 1421 1464
 1421 1463
 1421 1422
 1421 1462
 1423 1466
 1424 1425
 1424 1467
 1425 1468
 1425 1426
 1426 1469
 1427 1428
 1427 1470
 1427 1469
 1429 1473
 1429 1430
 1429 1472
 1430 1431
 1430 1473
 1431 1475
 1431 1432
 1432 1476
 1432 1475
 1433 1477
 1434 1435
 1434 1477
 1435 1479
 1435 1436
 1436 1437
 1438 1523
 1438 1524
 1438 1480
 1439 1481
 1439 1524
 1440 1482
 1440 1441
 1440 1481
 1441 1483
 1441 1482
 1442 1484
 1442 1483
 1443 1485
 1443 1484
 1444 1485
 1444 1445
 1445 1530
 1445 1446
 1445 1485
 1446 2216
 1447 1487
 1447 2216
 1448 1488
 1448 1487
 1449 1450
 1449 1488
 1451 2213
 1451 1490
 1452 1492
 1452 1491
 1453 2235
 1453 1493
 1453 1492
 1454 1494
 1454 1493
 1455 1496
 1455 1494
 1456 1497
 1456 1457
 1456 1496
 1457 1498
 1458 1539
 1458 1498
 1458 1499
 1459 1541
 1459 1500
 1459 1499
 1459 1460
 1460 2201
 1460 1501
 1460 1500
 1461 1545
 1461 1503
 1461 1462
 1461 1502
 1462 1503
 1462 1463
 1462 1504
 1463 1505
 1463 1504
 1464 1505
 1465 1508
 1466 1508
 1466 1509
 1467 1509
 1468 1511
 1468 1510
 1469 1552
 1469 1553
 1469 1470
 1469 1512
 1469 1511
 1470 1512
 1470 1513
 1470 1471
 1471 1514
 1471 1513
 1471 1472
 1472 1473
 1472 1514
 1473 1474
 1473 1514
 1474 1515
 1474 1475
 1475 1517
 1475 1476
 1475 1518
 1476 1518
 1476 1477
 1477 1561
 1477 1519
 1478 1479
 1478 1519
 1478 1520
 1479 1521
 1479 1480
 1480 1522
 1481 1482
 1481 1524
 1482 1525
 1482 1483
 1483 1526
 1484 1528
 1485 1530
 1485 1529
 1486 1572
 1486 1531
 1486 2216
 1486 1530
 1487 1573
 1488 1574
 1488 1532
 1489 1490
 1489 1533
 1490 1534
 1490 1533
 1491 1578
 1491 1577
 1491 1492
 1491 1534
 1492 1578
 1492 2235
 1493 1536
 1493 1535
 1494 1536
 1495 1537
 1495 1496
 1495 1536
 1496 2208
 1496 1497
 1497 1498
 1497 1538
 1498 1539
 1499 1540
 1499 1539
 1500 1542
 1500 1501
 1500 1541
 1501 2203
 1501 1502
 1501 2201
 1502 2203
 1502 1543
 1503 1504
 1503 1545
 1504 1586
 1504 1546
 1505 1546
 1506 1546
 1507 1508
 1508 1548
 1508 1509
 1509 1550
 1509 1510
 1509 1551
 1510 1511
 1510 1551
 1511 1551
 1512 1594
 1512 1555
 1512 1554
 1513 1555
 1513 1556
 1513 1514
 1514 1515
 1515 1556
 1515 1516
 1516 1559
 1516 1517
 1516 1557
 1517 1560
 1517 1518
 1518 1561
 1518 1560
 1519 1600
 1519 1561
 1520 1563
 1520 1562
 1521 1564
 1521 1522
 1521 1563
 1522 1523
 1522 1564
 1522 1565
 1523 1566
 1523 1565
 1523 1524
 1524 1567
 1524 1566
 1525 1606
 1525 1526
 1525 1567
 1526 1527
 1526 1568
 1528 1570
 1528 1529
 1528 1569
 1529 1571
 1529 1530
 1529 1570
 1530 1571
 1531 1611
 1531 1610
 1531 1573
 1531 1572
 1533 1575
 1533 1534
 1534 1577
 1534 1576
 1535 1579
 1535 1578
 1536 1617
 1536 1579
 1537 1620
 1537 2208
 1537 1580
 1538 1581
 1538 1539
 1539 1623
 1539 1622
 1539 1540
 1540 1582
 1540 1623
 1541 1582
 1542 1583
 1543 1584
 1544 1584
 1544 1545
 1545 1586
 1546 1587
 1546 1586
 1547 1587
 1548 1590
 1549 1550
 1550 1551
 1550 1592
 1551 1552
 1552 1593
 1553 1593
 1554 1594
 1554 1593
 1555 1595
 1555 1556
 1556 1557
 1556 1595
 1557 1596
 1557 1558
 1558 1559
 1558 1597
 1559 1599
 1560 1561
 1560 1642
 1560 1599
 1561 1642
 1562 1644
 1562 1600
 1563 1645
 1563 1602
 1564 1565
 1564 1602
 1564 1603
 1565 1566
 1566 1604
 1566 1567
 1567 1605
 1567 1604
 1568 1650
 1568 1569
 1568 1606
 1569 1607
 1569 1570
 1570 1571
 1570 1609
 1570 1608
 1571 1609
 1572 1609
 1573 1612
 1573 1574
 1573 1611
 1574 1657
 1574 1612
 1575 1613
 1575 1576
 1576 1658
 1576 1614
 1576 1613
 1576 1577
 1577 1578
 1577 1615
 1578 1615
 1579 1617
 1580 1617
 1581 2208
 1581 1622
 1581 1665
 1582 1668
 1582 1669
 1582 1624
 1582 1583
 1582 1623
 1583 1625
 1583 1584
 1583 1624
 1584 1626
 1585 1627
 1587 1674
 1587 1629
 1587 1628
 1589 1590
 1589 1631
 1590 1631
 1590 1632
 1590 1591
 1592 1633
 1593 1635
 1593 1634
 1594 1637
 1594 1595
 1594 1636
 1594 1635
 1595 1637
 1596 1639
 1596 1597
 1596 1637
 1597 1598
 1598 1641
 1598 1639
 1598 1599
 1599 1642
 1600 1643
 1600 1642
 1601 1645
 1601 1644
 1602 1603
 1602 1645
 1603 1647
 1604 1694
 1604 1693
 1604 1648
 1604 1605
 1604 1647
 1605 1648
 1606 1695
 1607 1651
 1607 1650
 1608 1652
 1608 1609
 1608 1651
 1609 1610
 1609 1652
 1610 1653
 1610 1611
 1611 1655
 1611 1654
 1612 1655
 1613 1658
 1613 1657
 1614 1705
 1614 1615
 1614 1658
 1615 1706
 1615 1659
 1615 1660
 1616 1660
 1616 1617
 1617 1618
 1618 1662
 1618 1619
 1618 1661
 1619 1662
 1620 1710
 1620 1664
 1620 1621
 1620 2208
 1620 1663
 1621 1665
 1622 1623
 1622 1666
 1623 1666
 1623 1667
 1624 1715
 1624 1670
 1624 1669
 1625 1671
 1625 1626
 1626 1672
 1626 1671
 1626 1627
 1627 1718
 1627 1673
 1627 1672
 1628 1719
 1628 1674
 1628 1673
 1629 1674
 1630 1677
 1631 1677
 1631 1632
 1632 1633
 1632 1678
 1632 1677
 1633 1679
 1633 1678
 1634 1679
 1635 1681
 1635 1725
 1636 1725
 1636 1637
 1636 1682
 1637 1683
 1637 1682
 1638 1728
 1638 1639
 1639 1640
 1639 1684
 1641 1686
 1642 1688
 1642 1687
 1642 1643
 1643 1689
 1643 1688
 1644 1689
 1645 1691
 1646 1691
 1647 1692
 1648 1695
 1648 1694
 1649 1696
 1649 1650
 1650 1697
 1651 1740
 1651 1699
 1652 1653
 1652 1699
 1653 1699
 1653 1700
 1654 1655
 1654 1700
 1655 1702
 1655 1701
 1656 1703
 1656 1702
 1657 1703
 1657 1658
 1658 1704
 1658 1705
 1659 1706
 1659 1705
 1660 1707
 1660 1706
 1661 1662
 1661 1707
 1662 1709
 1662 1708
 1663 1710
 1663 1709
 1664 1711
 1665 1712
 1665 1666
 1666 1667
 1666 1712
 1667 1713
 1667 1668
 1668 1669
 1669 1715
 1670 1716
 1670 1671
 1670 1715
 1671 1717
 1671 1716
 1672 1757
 1672 1717
 1673 1719
 1673 1718
 1674 1720
 1674 1719
 1677 1760
 1677 1721
 1677 1722
 1678 1679
 1678 1722
 1679 1723
 1679 1680
 1680 1681
 1680 1723
 1681 1725
 1681 1724
 1682 1683
 1682 1727
 1682 1725
 1683 1766
 1683 1728
 1683 1727
 1684 1685
 1684 1728
 1685 1731
 1685 1686
 1685 1729
 1686 1731
 1686 1687
 1687 1688
 1687 1732
 1687 1731
 1688 1732
 1688 1689
 1689 1772
 1689 1733
 1690 1734
 1691 1735
 1691 1692
 1691 1734
 1692 1693
 1692 1735
 1693 1736
 1693 1735
 1693 1694
 1694 1695
 1694 1737
 1694 1736
 1695 1777
 1695 1737
 1695 1696
 1696 1738
 1696 1777
 1697 1698
 1697 1738
 1698 1740
 1699 1741
 1699 1700
 1700 1701
 1700 1741
 1701 1702
 1702 1742
 1703 1744
 1704 1785
 1704 1784
 1704 1705
 1704 1745
 1704 1744
 1705 1745
 1706 1747
 1706 1707
 1707 2207
 1708 2207
 1708 1709
 1709 1748
 1710 1749
 1711 1791
 1711 1751
 1711 1750
 1712 1752
 1712 1713
 1712 1751
 1713 1752
 1713 1714
 1714 1754
 1714 1753
 1715 1755
 1715 1754
 1715 1716
 1716 1756
 1716 1717
 1716 1755
 1717 1796
 1717 1756
 1718 1799
 1718 1798
 1718 1757
 1719 1758
 1719 1799
 1721 1760
 1722 1761
 1722 1723
 1723 1762
 1723 1761
 1723 1724
 1724 1763
 1724 1725
 1724 1762
 1725 1726
 1725 1765
 1725 1763
 1726 1727
 1727 1765
 1728 1767
 1728 1766
 1729 1730
 1729 1767
 1730 1769
 1731 1810
 1731 1770
 1731 1732
 1731 1769
 1732 1770
 1733 1772
 1733 1770
 1734 1735
 1734 1773
 1735 1736
 1735 1773
 1735 1775
 1736 1776
 1737 1777
 1738 1778
 1738 1739
 1738 1777
 1739 1740
 1740 1820
 1740 1819
 1740 1741
 1741 1821
 1741 1820
 1741 1780
 1742 1743
 1742 1780
 1742 1782
 1743 1783
 1744 1784
 1744 1783
 1745 1746
 1745 1785
 1746 1787
 1746 1747
 1747 2207
 1747 1787
 1748 1749
 1748 1789
 1749 1750
 1751 1831
 1751 1752
 1751 1791
 1752 1832
 1752 1792
 1752 1831
 1753 1833
 1754 1834
 1754 1794
 1754 1755
 1755 1794
 1756 1795
 1757 1797
 1757 1796
 1758 1799
 1760 1842
 1760 1801
 1761 1803
 1761 1762
 1761 1802
 1762 1763
 1762 1803
 1763 1804
 1763 1764
 1764 1805
 1764 1765
 1764 1804
 1765 1847
 1765 1806
 1765 1766
 1766 1767
 1766 1806
 1767 2194
 1767 1807
 1768 1769
 1768 2194
 1769 1809
 1769 1810
 1770 1811
 1770 1810
 1771 1772
 1771 1811
 1772 1813
 1773 1814
 1773 1774
 1773 1813
 1774 1814
 1774 1775
 1774 1815
 1775 1816
 1775 1776
 1776 1816
 1776 1777
 1777 1818
 1777 1778
 1778 2192
 1778 1818
 1779 2192
 1779 1819
 1780 1822
 1780 1821
 1781 1822
 1781 1782
 1782 1824
 1783 1824
 1784 1825
 1784 1785
 1785 1865
 1785 1825
 1785 1826
 1786 1826
 1786 1787
 1787 1868
 1787 1788
 1787 2207
 1788 1869
 1788 1868
 1788 1828
 1788 2207
 1789 1828
 1789 2207
 1790 1791
 1790 1828
 1790 1830
 1791 1831
 1791 1830
 1792 1833
 1792 1832
 1793 1834
 1793 1833
 1794 1795
 1794 1834
 1795 1796
 1795 1836
 1796 1879
 1796 1837
 1796 1836
 1797 1837
 1798 1838
 1799 1839
 1800 1839
 1801 1842
 1802 1842
 1803 1845
 1803 1844
 1804 1845
 1805 1847
 1805 1846
 1806 1891
 1806 1848
 1806 1847
 1807 1848
 1808 1850
 1808 2194
 1809 1851
 1809 1810
 1809 1850
 1810 1895
 1810 1811
 1810 1851
 1811 1852
 1812 1852
 1813 1853
 1813 1854
 1813 1814
 1814 1899
 1814 1854
 1815 1901
 1815 1816
 1815 1856
 1815 1855
 1816 1856
 1816 1857
 1817 1818
 1817 1857
 1818 2192
 1818 1903
 1819 1820
 1819 1860
 1820 1861
 1820 1821
 1821 1861
 1822 1862
 1823 1862
 1823 1824
 1824 1864
 1824 1825
 1825 1910
 1825 1865
 1825 1864
 1826 1866
 1826 1827
 1826 1865
 1827 1868
 1828 1870
 1828 1869
 1829 1872
 1829 1870
 1830 1873
 1830 1872
 1830 1831
 1831 1874
 1831 1832
 1832 1875
 1832 1874
 1833 1876
 1834 1835
 1834 2193
 1835 1878
 1836 1879
 1836 1878
 1837 1880
 1837 1838
 1838 1882
 1838 1881
 1838 1839
 1839 1883
 1839 1882
 1841 1885
 1842 1885
 1842 1886
 1842 1843
 1843 1844
 1843 1887
 1843 1886
 1844 1887
 1844 1888
 1844 1845
 1845 1888
 1845 1846
 1846 1890
 1847 1891
 1848 1892
 1848 1891
 1848 2194
 1849 1892
 1849 1893
 1850 1937
 1850 1893
 1851 1895
 1851 1894
 1852 1896
 1852 1895
 1853 1898
 1853 1896
 1854 1899
 1854 1898
 1855 1899
 1856 1857
 1857 1858
 1857 1901
 1857 1944
 1858 1902
 1858 1903
 1859 1904
 1859 1906
 1859 1860
 1860 1861
 1860 1907
 1861 1907
 1861 1862
 1862 1908
 1862 1951
 1862 1907
 1863 1909
 1864 1910
 1864 1909
 1865 1911
 1865 1866
 1865 1910
 1866 1912
 1866 1911
 1867 1913
 1868 1913
 1868 1869
 1869 1914
 1869 1913
 1870 1915
 1870 1871
 1871 1917
 1872 1917
 1872 1873
 1873 1874
 1873 1918
 1873 1962
 1873 1917
 1874 1918
 1874 1875
 1875 1876
 1875 1920
 1875 1919
 1876 1964
 1876 1921
 1876 1920
 1877 2193
 1877 1922
 1878 1923
 1878 1922
 1878 1879
 1879 1880
 1879 1924
 1879 1923
 1880 1925
 1880 1924
 1880 1881
 1881 1882
 1881 1925
 1882 1927
 1882 1926
 1885 1972
 1885 1929
 1885 1928
 1886 1973
 1886 1929
 1886 1930
 1887 1888
 1887 1930
 1888 1974
 1888 1931
 1888 1930
 1889 1890
 1890 1933
 1891 1934
 1891 1935
 1891 1933
 1891 1892
 1892 1935
 1893 1937
 1894 1938
 1894 1895
 1894 1937
 1895 1938
 1895 1896
 1896 1940
 1896 1939
 1897 1940
 1897 1898
 1898 1942
 1898 1899
 1899 1900
 1899 1942
 1901 1990
 1901 1989
 1901 1943
 1901 1944
 1902 1991
 1902 1944
 1903 1946
 1903 1947
 1903 1904
 1903 2192
 1904 2192
 1904 1947
 1905 2212
 1905 1906
 1906 1949
 1907 1950
 1907 1949
 1907 1951
 1908 1952
 1908 1951
 1909 1954
 1909 1910
 1909 1953
 1910 2195
 1910 1954
 1911 1912
 1911 1956
 1911 1955
 1912 1958
 1913 1958
 1913 1959
 1913 1914
 1914 1959
 1914 1915
 1915 1960
 1915 1959
 1916 1961
 1916 1960
 1917 2187
 1917 1961
 1918 1919
 1918 1962
 1919 1920
 1920 1964
 1920 1963
 1921 1922
 1921 1964
 1922 1966
 1922 1923
 1923 2011
 1923 1966
 1923 1924
 1924 1925
 1925 1968
 1925 1967
 1926 1969
 1927 1969
 1928 1972
 1929 1973
 1930 1974
 1930 1973
 1931 1975
 1931 1974
 1931 1932
 1932 1933
 1932 1975
 1933 1934
 1933 1977
 1934 1935
 1934 1977
 1935 1978
 1935 1980
 1935 1979
 1936 1937
 1937 1938
 1937 1981
 1938 1983
 1938 1981
 1938 1939
 1939 1984
 1939 1940
 1940 2026
 1940 1985
 1940 1984
 1941 1986
 1942 1943
 1942 1986
 1942 1987
 1943 1987
 1943 1989
 1944 1990
 1945 1992
 1945 1991
 1946 1947
 1946 1992
 1947 2034
 1947 2033
 1947 1992
 1947 2212
 1948 2212
 1949 1994
 1949 1993
 1949 1950
 1950 1995
 1950 1951
 1950 1994
 1951 1995
 1951 1996
 1953 1997
 1953 1996
 1954 2195
 1954 1997
 1955 1956
 1955 2195
 1956 2041
 1956 1957
 1956 1998
 1957 2000
 1958 2001
 1958 2000
 1958 1959
 1959 2003
 1959 1960
 1959 2001
 1960 2003
 1961 2005
 1961 2004
 1962 2006
 1962 1963
 1962 2005
 1963 2007
 1963 2048
 1963 2006
 1964 1965
 1964 2008
 1964 2007
 1965 2010
 1966 2011
 1966 2010
 1967 2012
 1967 2011
 1967 1968
 1968 1969
 1968 2014
 1968 2013
 1969 2015
 1969 2014
 1972 2017
 1972 2016
 1973 2059
 1973 2018
 1973 2017
 1974 2019
 1974 1975
 1975 2061
 1975 2020
 1975 1976
 1975 2019
 1976 2021
 1977 2064
 1977 2022
 1977 1978
 1977 2021
 1978 1979
 1979 2066
 1979 1980
 1980 2066
 1980 1981
 1981 2024
 1981 1982
 1982 2070
 1982 1983
 1982 2025
 1982 2024
 1984 2071
 1984 2026
 1984 2025
 1986 2027
 1986 1987
 1987 2028
 1987 2029
 1987 2027
 1989 2030
 1989 2029
 1990 2031
 1990 1991
 1990 2030
 1991 2031
 1992 2078
 1992 2033
 1993 2080
 1993 1994
 1994 2081
 1994 2036
 1995 2037
 1995 2036
 1996 2037
 1996 1997
 1997 2195
 1997 2039
 1998 2041
 1999 2000
 1999 2041
 2000 2043
 2000 2001
 2001 2043
 2001 2002
 2002 2045
 2002 2003
 2003 2045
 2004 2045
 2005 2092
 2005 2047
 2005 2006
 2005 2187
 2006 2047
 2007 2008
 2008 2050
 2008 2049
 2009 2010
 2009 2050
 2010 2052
 2010 2011
 2011 2054
 2011 2053
 2011 2012
 2012 2013
 2012 2054
 2013 2014
 2014 2056
 2014 2055
 2015 2056
 2017 2103
 2017 2059
 2017 2058
 2018 2019
 2018 2059
 2019 2107
 2019 2061
 2020 2021
 2020 2063
 2020 2111
 2021 2064
 2021 2063
 2022 2066
 2022 2064
 2023 2067
 2023 2066
 2024 2067
 2024 2068
 2024 2069
 2025 2070
 2026 2072
 2026 2071
 2027 2028
 2027 2073
 2027 2072
 2028 2073
 2028 2029
 2029 2075
 2029 2030
 2030 2076
 2030 2031
 2031 2077
 2031 2032
 2032 2078
 2033 2079
 2033 2078
 2033 2034
 2034 2080
 2034 2212
 2035 2142
 2035 2080
 2036 2037
 2036 2081
 2037 2083
 2037 2038
 2037 2082
 2039 2040
 2039 2085
 2039 2086
 2039 2084
 2039 2195
 2040 2041
 2040 2195
 2041 2086
 2041 2042
 2042 2088
 2043 2089
 2043 2044
 2043 2088
 2044 2045
 2045 2091
 2045 2090
 2045 2046
 2045 2089
 2046 2092
 2047 2048
 2047 2093
 2047 2092
 2048 2094
 2048 2049
 2049 2050
 2050 2095
 2050 2094
 2051 2097
 2051 2095
 2051 2052
 2052 2053
 2053 2098
 2053 2097
 2053 2054
 2054 2098
 2054 2055
 2055 2100
 2055 2056
 2056 2101
 2056 2100
 2059 2105
 2059 2060
 2059 2103
 2060 2107
 2060 2105
 2061 2109
 2061 2062
 2061 2107
 2062 2111
 2062 2109
 2063 2113
 2063 2111
 2064 2065
 2064 2113
 2065 2116
 2065 2114
 2065 2066
 2066 2118
 2066 2116
 2067 2068
 2067 2118
 2068 2069
 2068 2119
 2069 2122
 2069 2120
 2069 2070
 2070 2124
 2070 2071
 2070 2122
 2071 2125
 2071 2072
 2072 2127
 2072 2073
 2072 2125
 2073 2129
 2073 2127
 2073 2074
 2074 2131
 2074 2075
 2074 2129
 2075 2133
 2075 2076
 2075 2131
 2076 2135
 2076 2133
 2076 2077
 2077 2137
 2077 2078
 2077 2135
 2078 2138
 2079 2140
 2079 2080
 2079 2138
 2080 2212
 2080 2142
 2080 2140
 2081 2144
 2081 2082
 2081 2142
 2082 2145
 2082 2083
 2083 2147
 2083 2084
 2083 2145
 2084 2149
 2084 2147
 2084 2085
 2085 2151
 2085 2086
 2085 2149
 2086 2153
 2086 2151
 2086 2087
 2087 2155
 2087 2088
 2087 2153
 2088 2157
 2088 2089
 2088 2155
 2089 2159
 2089 2090
 2089 2157
 2090 2161
 2090 2159
 2091 2163
 2091 2092
 2091 2161
 2092 2165
 2092 2163
 2093 2167
 2093 2094
 2093 2165
 2094 2169
 2094 2167
 2094 2095
 2095 2170
 2095 2169
 2096 2172
 2096 2097
 2096 2170
 2097 2174
 2097 2172
 2098 2176
 2098 2099
 2098 2174
 2099 2178
 2099 2100
 2099 2176
 2100 2180
 2100 2178
 2100 2101
 2191 2227
 2196 2197
 2201 2202
 2201 2203
 2202 2203
 2216 2217
 2222 2223
 2225 2226
 2230 2231
