    2  126
    2   82
    3   82
    4   83
    4   82
    6   84
    6   83
    8   84
    9   86
    9   85
   11  130
   11   87
   11   86
   13   87
   14   88
   14   89
   16  132
   16   90
   16   89
   18   91
   18   90
   19   92
   21   93
   21   92
   22   93
   23   94
   23   93
   25   94
   25   95
   27   96
   27   95
   28   96
   29   97
   29   96
   31   98
   31   97
   33  140
   33   99
   33   98
   34  100
   34   99
   36  101
   36  100
   38  102
   38  101
   39  102
   40  102
   40  103
   42  146
   42  104
   42  103
   44  105
   44  104
   46  106
   46  105
   48  106
   48  107
   50  150
   50  108
   50  107
   52  108
   53  110
   53  109
   55  111
   55  110
   57  153
   57  111
   57  112
   59  112
   59  113
   61  113
   61  114
   62  114
   62  115
   64  115
   64  116
   66  117
   66  116
   67  117
   68  118
   68  117
   70  119
   70  118
   71  120
   71  119
   73  121
   73  120
   75  122
   75  121
   77  123
   77  122
   79  165
   79  123
   81  126
   82  127
   82  126
   83  128
   83   84
   84   85
   85 2302
   85  129
   85   86
   87   88
   87  130
   88  174
   88   89
   88  173
   88  131
   90   91
   90  132
   91  134
   91   92
   91  133
   93  136
   93   94
   93  135
   94  137
   94   95
   96  182
   96  181
   96   97
   96  138
   97   98
   98  140
   98  139
   99  141
   99  140
  100  101
  101  102
  101  142
  102  144
  102  143
  103  146
  103  144
  104  147
  104  105
  105  106
  106  147
  106  107
  107  150
  107  148
  108  194
  108  109
  108  150
  109  110
  109  194
  110  196
  110  195
  110  151
  110  152
  110  111
  111  153
  112  113
  112  153
  113  155
  113  154
  114  115
  115  116
  115  155
  115  157
  117  159
  117  158
  117  118
  118  119
  119  161
  119  160
  120 2301
  120  121
  121 2301
  121  122
  122  162
  122  123
  123  165
  123  164
  123  163
  124  165
  125  168
  126  169
  126  168
  126  127
  127  128
  127  169
  128 2302
  129  130
  129 2302
  130  131
  130  172
  131  173
  131  172
  132  133
  132 2310
  132  174
  133 2310
  133  134
  133  175
  134  135
  135  178
  135  177
  135  136
  136 2305
  136  137
  137  138
  137 2305
  137  179
  138  179
  139  225
  139  183
  139  140
  139  182
  140  141
  140  183
  141  185
  141  142
  142  186
  142  143
  143  188
  143  144
  143  187
  144  188
  145  190
  145  146
  146  147
  146  190
  147  233
  147  234
  147  148
  147  191
  148  149
  149  192
  150  236
  150  194
  150  193
  152  196
  153  240
  153  154
  153  197
  154  241
  154  198
  154  155
  154  240
  155  198
  155  156
  156  199
  156  288
  156  157
  156  243
  157  158
  157  199
  158  202
  158  159
  158  201
  159  203
  159  160
  160  161
  160  203
  162  205
  162  206
  162  163
  162 2301
  164  207
  164  165
  164  206
  165  209
  165  208
  168  210
  168  212
  168  211
  168  169
  169  213
  169  255
  169  212
  169  170
  170 2302
  171 2302
  171  172
  171  214
  171  215
  172  215
  172  173
  173  216
  173  215
  175  219
  175  218
  175 2310
  176  177
  176  219
  177  221
  177  178
  178 2305
  178  265
  178  264
  178  221
  179  222
  179 2305
  180  181
  181  269
  181  224
  181  223
  181  182
  182  225
  183  226
  183  225
  185  273
  185  186
  185  226
  186  227
  186  187
  187  228
  187  227
  187  188
  188  189
  188  229
  188  228
  189  229
  190  231
  190  230
  190  191
  191  233
  191  231
  191  232
  192  193
  192  235
  192  234
  193  281
  193  235
  193  236
  194  238
  194  236
  195  196
  195  238
  196  239
  196  197
  198  242
  198  241
  199  289
  199  244
  199  288
  200  201
  201  245
  201  202
  201  244
  202  245
  202  203
  203  293
  203  247
  203  204
  203  246
  204  295
  204 2301
  205  249
  205  206
  205  248
  206  250
  206  207
  206  249
  207  251
  207  250
  207  208
  208  298
  208  252
  208  251
  210  254
  211  254
  211  212
  212  255
  213  257
  213  255
  214  258
  214  257
  214 2302
  215  259
  215  258
  216  260
  216  217
  217 2310
  218  308
  218  262
  218 2310
  218  261
  219  220
  220  221
  220  263
  221  264
  221  263
  222  223
  223  267
  224  225
  224  269
  225  272
  225  271
  225  270
  227  274
  227  228
  227  273
  228  275
  228  274
  229  275
  231  277
  231  276
  232  278
  232  277
  232  233
  233  279
  233  278
  235  281
  235  280
  236  282
  236  281
  237  238
  237  283
  238  239
  239  326
  239  284
  239  240
  239  283
  240  286
  240  241
  241  286
  242  287
  245  246
  245  292
  245  291
  246  335
  246  334
  246  292
  246  293
  247  336
  247  294
  248  296
  248  249
  248  295
  248 2301
  249  250
  249  296
  250  251
  251  297
  252  298
  254  300
  255  302
  255  256
  256  303
  256  302
  256  257
  257  304
  257  303
  257  258
  258  346
  258  305
  258  259
  258  304
  259  305
  259  306
  260  307
  260  306
  260  261
  261 2310
  262  352
  262  309
  262  308
  263  310
  263  264
  263  309
  264  311
  264  310
  265  311
  265 2305
  266 2305
  266  267
  267  312
  267  268
  268  314
  268  269
  268  313
  269  314
  269  270
  270  315
  270  271
  270  314
  271  272
  271  315
  272  273
  273  318
  273  317
  274  318
  274  275
  275  319
  275  276
  275  318
  276  319
  277  322
  277  321
  277  278
  278  322
  279  323
  279  280
  279  322
  280  365
  281  365
  281  282
  282  366
  282  324
  282  365
  283  324
  284  369
  284  285
  284  327
  284  326
  285  328
  285  286
  286  329
  286  287
  287  288
  288  289
  288  330
  289  332
  289  331
  289  290
  290  291
  290  333
  292  334
  293  336
  293  335
  295  338
  295  337
  296  339
  296  338
  297  340
  297  339
  298  341
  298  340
  300  301
  301  343
  301  342
  301  302
  302  344
  302  343
  302  303
  303  344
  303  304
  304  346
  305  386
  305  347
  305  346
  306  349
  306  307
  307  308
  308  352
  308  351
  308  350
  309  310
  310  354
  310  353
  311  393
  311  355
  312  313
  312  356
  312  355
  313  356
  314 2315
  314  358
  314  357
  314  315
  315  397
  315  359
  316  317
  317  398
  318 2324
  318  360
  318  400
  318  319
  319  361
  319  360
  319  362
  320  363
  320  321
  321  404
  321  403
  321  363
  321  322
  322  364
  322  404
  324  367
  324  325
  325  326
  325  367
  326  368
  327  411
  327  328
  327  370
  327  369
  328  370
  328  329
  329  371
  329  330
  330  372
  330  371
  331  415
  331  332
  331  372
  332  373
  332  415
  333  334
  333  373
  334  335
  334  374
  335  418
  335  376
  335  375
  336  337
  337  338
  337  377
  338  421
  338  378
  338  377
  338  339
  339  379
  339  378
  340  423
  340  380
  340  379
  341  380
  343  426
  343  383
  343  382
  343  344
  344  383
  344  345
  345  428
  346  385
  346  386
  347  387
  347  348
  347  386
  348  430
  348  388
  348  349
  349  350
  350  390
  350  389
  351  352
  351  391
  351  390
  352  353
  353  392
  353  354
  353  391
  354  435
  354  393
  356  357
  356  394
  356  395
  358  396
  358  397
  358 2315
  359  439
  359  398
  360  442
  360  401
  360  400
  361  402
  361  401
  363  403
  363  402
  364  365
  365  406
  365  366
  366  448
  366  407
  366  406
  367  409
  367  368
  368  409
  368  369
  369  411
  369  410
  369  409
  370  412
  370  371
  370  411
  371  372
  371  412
  373  416
  373  415
  374  375
  374  417
  374  416
  375  417
  375  418
  376  420
  376  377
  377  421
  377  420
  378  422
  378  421
  379  422
  380  424
  382  426
  383  384
  383  426
  384  469
  384  428
  385  429
  385  386
  385  428
  386  470
  386  387
  387  471
  387  430
  387  470
  388  431
  388  389
  388  430
  390  433
  390  391
  390  432
  391  433
  391  392
  392  477
  392  435
  392  434
  393  436
  393  435
  394  395
  394  437
  394  436
  395 2316
  395  437
  396 2326
  396  482
  396  397
  396  438
  397 2326
  397  439
  398  439
  398  399
  399  400
  399 2324
  399  440
  400  441
  400  442
  401  443
  401  442
  401  444
  403  445
  403  404
  404  405
  404  446
  404  445
  405  406
  406  448
  406  447
  407  449
  407  408
  407  448
  409  451
  410  453
  410  452
  410  411
  411  454
  411  453
  412  454
  413  455
  413  414
  414  415
  415  456
  415  457
  416 2335
  416  457
  417 2335
  417  459
  417  418
  417  458
  418  459
  418  419
  419  420
  419  460
  419  461
  419  459
  420  421
  420  461
  421  463
  421  422
  422 2303
  422  463
  423  508
  423  507
  423  464
  423 2303
  423  424
  425  426
  425  466
  426  427
  426  466
  428  429
  429  515
  429  470
  430  472
  430  471
  431  432
  432  474
  433  475
  433  434
  433  476
  434  521
  434  477
  434  476
  435  478
  435  479
  435  477
  437 2316
  437  481
  437  480
  437  438
  438  526
  438  482
  438  481
  438 2315
  439 2325
  439 2326
  440  441
  440  483
  441  485
  441  484
  442  532
  442  531
  442  443
  443  486
  443  532
  444  445
  445  446
  445  488
  446  490
  446  488
  447  491
  447  448
  447  490
  448  492
  448  491
  449  450
  450  493
  450  451
  451  494
  451  452
  452  453
  452  495
  453  543
  453  497
  453  496
  454  497
  454  498
  455  499
  455  498
  456  501
  456  500
  456  457
  456  499
  458  549
  458  459
  458  502
  459  503
  459  549
  460  461
  460  503
  461  504
  461  462
  462  463
  462  505
  463 2303
  464  508
  466  510
  466  511
  467  468
  468  469
  468  512
  468  511
  468  513
  469  514
  470  516
  470  471
  471  517
  471  472
  472  518
  472  473
  472  563
  472  517
  473  474
  474  475
  474  519
  475  520
  476  521
  476  520
  477  522
  477  521
  478  523
  478  522
  479  480
  480  525
  480  524
  481  526
  481  525
  482 2326
  482  527
  482  526
  483  529
  484  529
  485  530
  485  531
  486  487
  486  533
  486  534
  487  488
  488  489
  488  536
  488  535
  489  537
  489  490
  491  537
  491  538
  491  492
  492  581
  492  539
  492  538
  493  540
  493  539
  494  541
  494  495
  494  540
  495  496
  495  541
  495  542
  496  542
  496  584
  496  543
  497  544
  497  543
  498  546
  498  499
  500  547
  500  546
  500  501
  501 2335
  502  591
  502  549
  502  548
  503  550
  503  549
  505  552
  505  551
  506 2303
  506  595
  506  553
  507  596
  507  555
  507 2303
  508  556
  510  558
  510  511
  511  558
  512  601
  512  559
  512  513
  512  558
  513  559
  513  514
  514  603
  514  559
  515  560
  515  603
  516  560
  517  562
  517  563
  517  561
  518  564
  519  564
  519  520
  520  521
  520  566
  520  565
  521  566
  521  567
  522  568
  522  567
  523  524
  524  569
  525  570
  525  526
  526  571
  526  570
  527  572
  527  571
  528 2325
  528  573
  528  572
  528  529
  529  573
  529  530
  530  531
  530  574
  531  575
  531  532
  532  620
  532  576
  532  533
  532  575
  533  577
  533  576
  534  535
  535  578
  535  536
  535  577
  536  580
  536  579
  537  580
  538  581
  538  625
  539  540
  539  582
  541  583
  541  582
  542  583
  542  584
  543  585
  543  584
  544  586
  544  545
  545  587
  546  588
  546  547
  546  587
  547  590
  547  588
  547  548
  548 2335
  549  592
  549  591
  550  593
  550  551
  551  594
  551  593
  551  552
  552  595
  552  594
  553  642
  553  554
  553  595
  554  642
  554  596
  554 2304
  555  597
  555  556
  555  596
  556  597
  557  600
  558  600
  558  601
  559  603
  559  601
  560  561
  560  604
  560  603
  561  604
  561  605
  562  606
  562  563
  562  605
  563  607
  563  564
  563  606
  564  565
  565  609
  565  610
  565  566
  566  611
  566  610
  567  612
  567  611
  568  569
  569  570
  569  613
  570  615
  570  614
  570  571
  571  616
  571  615
  573  618
  573  617
  573  574
  574  619
  574  618
  575  620
  575  663
  575  619
  576  621
  576  620
  578  623
  578  622
  578  579
  579  580
  579  623
  580  625
  581  626
  581 2330
  581  625
  582  626
  583  628
  584  629
  584  630
  584  585
  585  631
  585  630
  585  586
  586  633
  586  587
  588  589
  588  634
  588  635
  589  635
  589  590
  589  636
  590  680
  590  637
  590  591
  591  638
  591  637
  591  592
  592  593
  592  638
  593  594
  593  638
  594  641
  594  595
  594  639
  595  642
  596  597
  596  642
  597  643
  598  643
  599  600
  599  646
  600  601
  601  647
  601  602
  602  648
  602  603
  603  648
  604  605
  604  650
  605  651
  606  651
  606  607
  607  652
  607  608
  607  651
  608  609
  608  652
  609  610
  609  653
  610  655
  610  611
  610  654
  611  656
  612  657
  613  614
  613  702
  613  657
  614  615
  614  703
  615  705
  615  658
  615  659
  616  660
  617  660
  618  662
  618  661
  619  662
  620  664
  620  663
  621  622
  622  665
  622  666
  622  623
  623  667
  623  624
  624  668
  624  667
  625 2330
  625  668
  626  627
  627  628
  627  671
  628  672
  628  629
  629  673
  630  674
  630  673
  630  631
  631  632
  631  675
  631  674
  632  675
  632  633
  633  676
  633  675
  634  676
  635  678
  635  677
  635  636
  636  679
  636  680
  636  678
  637  681
  637  680
  638  682
  638  681
  639  724
  639  683
  640  684
  640  725
  641  685
  643  687
  643  686
  644  687
  646  689
  646  691
  648  732
  648  693
  648  692
  650  693
  651  696
  651  695
  652  653
  652  696
  653  697
  653  654
  653  696
  654  655
  654  698
  654  697
  655  699
  655  698
  656  700
  656  657
  658  704
  658  705
  658  703
  659  660
  659  747
  660  661
  661  662
  661  706
  662  707
  662  708
  663  709
  663  708
  664  753
  664  665
  664  709
  665  666
  666  711
  666  710
  666  667
  667  711
  668  669
  669  670
  669  712
  669 2330
  670  671
  670  759
  670  758
  670 2330
  671  672
  672  714
  672  713
  673  714
  674  716
  674  675
  674  715
  674  717
  675  717
  676  677
  677  718
  678  679
  678  719
  679  721
  679  720
  680  722
  680  721
  681 2331
  681  723
  682  772
  682  724
  682  723
  683  773
  683  725
  683  724
  684  726
  684  685
  684  725
  685  774
  685  726
  685  686
  686  775
  686  727
  686  774
  686  687
  687  728
  687  727
  689  690
  689  730
  690  730
  690  691
  690  731
  691  780
  691  692
  691  731
  692  780
  692  732
  693  733
  693  694
  693  732
  694  734
  694  695
  694  733
  695  734
  696  736
  696  735
  697  738
  697  736
  697  737
  697  698
  698  738
  699  740
  699  700
  700  741
  700  701
  701  702
  702  703
  702  742
  703  742
  703  743
  703  704
  704  745
  704  744
  705  747
  705  746
  706  749
  706  748
  706  747
  707  749
  707  750
  708  709
  708  750
  709  751
  709  752
  710  711
  710  753
  711  756
  711  712
  711  755
  712  758
  713  761
  713  759
  714  762
  714  761
  715  762
  716  810
  716  717
  716  764
  716  763
  717  766
  717  718
  718  719
  719  720
  719  767
  720  768
  720  769
  720  721
  721  815
  721  722
  721  769
  722 2331
  722  770
  723  771
  724  772
  725  819
  725  726
  725  773
  726  774
  727  822
  727  776
  727  775
  729  778
  730  778
  731  780
  731  779
  731  778
  732  781
  732  733
  732  780
  733  782
  733  734
  734  784
  734  783
  734  735
  735  785
  735  784
  736  785
  736  737
  737  786
  737  738
  737  787
  738  787
  738  788
  738  739
  739  789
  739  740
  740  741
  741  791
  741  789
  742  791
  743  837
  743  744
  743  791
  744  792
  744  793
  744  745
  745  746
  745  793
  746  840
  746  794
  748  796
  748  749
  748  795
  749  797
  750  751
  750  797
  751  752
  751  798
  752  800
  752  753
  752  799
  753  754
  754  802
  754  755
  754  801
  755  802
  755  756
  756  803
  756  757
  757  804
  757  758
  758  759
  759  760
  759  805
  760  807
  760  808
  760  761
  761  762
  762  763
  762  808
  763  809
  764  811
  764  765
  764  810
  765  766
  766  812
  766  767
  766  811
  767  813
  767  768
  768  813
  768  769
  769  814
  769  813
  770  864
  770 2331
  770  815
  771  817
  771  816
  771 2331
  772  817
  773  818
  774  775
  774  820
  775  821
  776  822
  778  824
  778  825
  778  779
  779  780
  779  825
  780  827
  781  876
  782  783
  782  828
  782  876
  783  784
  783  829
  784  830
  785  786
  785  830
  786  831
  787  833
  787  832
  787  788
  788  834
  788  789
  789  790
  790  836
  790  791
  790  834
  792  839
  792  793
  792  838
  792  837
  793  839
  793  840
  794  795
  795  841
  795  796
  796  843
  796  842
  797  798
  797  843
  798  846
  798  844
  799  847
  799  848
  799  800
  799  846
  800  849
  800  848
  800  801
  801  850
  801  802
  801  849
  802  851
  802  803
  802  850
  803  852
  803  851
  803  804
  804  853
  804  852
  804  805
  805  806
  805  854
  805  853
  806  855
  806  854
  806  807
  807  856
  807  808
  808  857
  808  809
  808  856
  809  857
  809  810
  810  858
  810  811
  810  857
  811  903
  811  859
  811  858
  811  812
  812  813
  812  860
  812  859
  813  814
  813  860
  813  861
  814  862
  814  815
  815  863
  816  865
  816  817
  816  864
  816 2331
  817  866
  817  911
  818  867
  818  866
  819  867
  820  868
  820  867
  822  870
  822  869
  823  870
  824  825
  824  873
  825  826
  826  874
  827  923
  827  875
  828  877
  829  878
  830  880
  830  879
  831  928
  831  880
  831  832
  832  882
  832  833
  832  881
  833  882
  833  834
  834  930
  834  835
  834  883
  834  882
  835  932
  835  836
  836  884
  836  837
  837  933
  837  884
  838  886
  838  885
  839  887
  839  840
  840  841
  840  887
  841  842
  842  888
  842  889
  842  843
  843  844
  844  889
  844  890
  844  845
  845  940
  845  891
  845  846
  845  890
  846  847
  847  941
  847  892
  847  891
  848  892
  848  849
  848  893
  849  850
  849  894
  850  895
  850  851
  851  852
  851  895
  852  853
  852  895
  853  898
  853  854
  853  897
  854  898
  855  899
  855  856
  855  898
  856  857
  856  899
  857  858
  857  900
  858  901
  858  902
  859  860
  859  905
  859  903
  860  906
  860  954
  860  905
  860  861
  861  907
  861  906
  862  907
  862  908
  863  864
  863  908
  864  909
  865  910
  865  909
  866  867
  866  912
  866  911
  867  914
  867  913
  867  912
  868  960
  868  915
  868  914
  868  869
  869  916
  869  870
  869  915
  870  918
  870  917
  873  965
  873  919
  874  875
  874  920
  875  921
  875  923
  877  878
  877  925
  878  971
  878  925
  878  926
  879  972
  879  926
  880  927
  881  929
  881  882
  881  928
  882  929
  883  932
  883  931
  883  930
  884  933
  884  932
  885  934
  885  886
  885  933
  886  935
  886  887
  886  934
  887  937
  887  936
  887  935
  888  938
  888  889
  888  937
  889  938
  889  939
  889  890
  890  940
  890  984
  891  941
  891  940
  892  893
  892  941
  893  942
  893  943
  893  894
  894  944
  894  895
  894  945
  894  943
  895  896
  896  946
  896  945
  896  897
  897  898
  897  948
  897  946
  898  949
  898  899
  900  950
  900  949
  900  901
  901  951
  901  902
  901  950
  902  996
  902  952
  902  951
  903  904
  904  953
  904  952
  906  999
  906  907
  906  954
  907  955
  908  956
  908  955
  909  957
  909  956
  910  911
  910  957
  911  958
  911  912
  912 2318
  912  913
  913  914
  913 2318
  914  960
  915 1006
  915  961
  915  960
  916  961
  916  917
  917  963
  917  962
  917  961
  919  965
  920  966
  920  967
  920  921
  920  965
  921  967
  921  922
  922  923
  922  968
  922  967
  923  968
  923  924
  924  925
  925  969
  926  972
  926  971
  927 1017
  927  928
  927  972
  928  973
  929  975
  929  930
  929 1019
  929  974
  930  976
  930  975
  930  931
  931  977
  931 1022
  931  976
  932  978
  932  933
  932  977
  933  934
  934 1025
  934  935
  934  978
  935  979
  935  981
  936  981
  936  937
  937  982
  937  938
  937  981
  938  939
  938  983
  939  983
  940  941
  940  984
  941  985
  941  986
  942  987
  942  943
  943  988
  943  944
  944  990
  944  945
  944  988
  945  946
  946  991
  946  992
  946  990
  947  948
  948  949
  948  992
  948  994
  949  994
  949  950
  950  951
  950  994
  951  995
  952  953
  952  998
  952  996
  953  998
  953  954
  954  999
  954  998
  955 1049
  955 1000
  956 1001
  956 1000
  957 1002
  958 1004
  959 1004
  959 2318
  960 1006
  961 2307
  961 1007
  961  962
  961 1006
  962 1008
  963 1008
  965 1011
  965 1010
  966 1012
  966 1011
  967 1013
  967  968
  967 1012
  968  969
  968 1014
  968 1013
  969 1015
  969  970
  969 1014
  970 1064
  970 1015
  970  971
  970 1016
  971 1016
  972 1017
  972 1016
  973  974
  973 1018
  974 1018
  974 1019
  975  976
  975 1019
  976 1022
  976 1020
  977  978
  977 1022
  978 1023
  978 1024
  978 1025
  979 1026
  979  980
  979 1025
  980 1027
  980  981
  980 1026
  981  982
  981 1027
  982  983
  982 1028
  982 1076
  982 1029
  983 1029
  983 1030
  984 1032
  984 1030
  984  985
  985  986
  986 1034
  986 1033
  986  987
  986 1032
  987 1083
  987 1035
  987  988
  987 1034
  989 1036
  989 1035
  989  990
  990 1037
  990 1036
  990  991
  991 1037
  992 1039
  992 1038
  992  993
  993 1040
  993  994
  993 1039
  994 1043
  994 1041
  994  995
  995  996
  995 1043
  996 1044
  996  997
  997 1047
  997 1046
  997  998
  997 1045
  998 1048
  998  999
  999 1049
  999 1048
 1000 1050
 1000 1095
 1001 1050
 1001 1002
 1002 1051
 1002 1003
 1003 1052
 1003 1004
 1004 1053
 1004 1052
 1005 2318
 1005 1054
 1005 1006
 1006 2307
 1007 1057
 1007 1008
 1007 2307
 1008 1058
 1008 1057
 1010 1060
 1011 1106
 1011 1060
 1011 1061
 1012 1106
 1012 1062
 1013 1063
 1013 1062
 1014 1063
 1014 1015
 1015 1064
 1015 1063
 1016 1110
 1016 1065
 1017 1067
 1017 1018
 1017 1066
 1017 1065
 1018 1067
 1018 1019
 1019 1069
 1019 1068
 1019 1020
 1020 1021
 1020 1070
 1021 1070
 1021 1071
 1021 1022
 1022 1071
 1023 1072
 1025 1072
 1025 1073
 1025 1026
 1026 1119
 1026 1074
 1026 1073
 1027 1028
 1027 1075
 1028 1076
 1028 1075
 1029 1030
 1029 1078
 1029 1076
 1030 1078
 1031 1080
 1031 1079
 1031 1032
 1031 1078
 1032 1125
 1032 1080
 1032 1081
 1032 1033
 1033 1081
 1034 1127
 1034 1126
 1034 1083
 1034 1082
 1035 1084
 1035 1036
 1035 1083
 1036 1130
 1036 1084
 1036 1085
 1037 1086
 1037 1038
 1038 1039
 1038 1087
 1038 1086
 1039 1087
 1040 1087
 1040 1134
 1040 1088
 1042 1135
 1042 1088
 1042 1089
 1042 1043
 1043 1090
 1043 1089
 1045 1137
 1045 1091
 1045 1046
 1045 1090
 1046 1092
 1046 1091
 1047 1048
 1048 1049
 1048 1092
 1049 1094
 1049 1093
 1049 1095
 1050 1142
 1050 1096
 1051 1097
 1051 1052
 1051 1096
 1052 1053
 1052 1097
 1053 1098
 1053 1099
 1054 2317
 1054 1101
 1055 2307
 1056 1103
 1056 2309
 1056 2307
 1057 1104
 1060 1152
 1060 1105
 1061 1152
 1062 1153
 1062 1107
 1063 1109
 1063 1107
 1063 1108
 1064 1156
 1064 1110
 1065 1111
 1065 1066
 1066 1158
 1066 1112
 1067 1112
 1067 1068
 1068 1113
 1068 1069
 1069 1161
 1069 1114
 1069 1113
 1069 1070
 1070 1071
 1070 1114
 1071 1116
 1071 1115
 1071 1072
 1072 1117
 1072 1118
 1072 1116
 1072 1073
 1073 1118
 1074 1120
 1074 1075
 1074 1119
 1075 1076
 1075 1121
 1076 1121
 1076 1077
 1077 1078
 1077 1121
 1078 1123
 1078 1122
 1079 1123
 1079 1124
 1080 1125
 1081 1173
 1081 1126
 1081 1125
 1082 1126
 1083 1129
 1083 1084
 1083 1127
 1084 1177
 1084 1129
 1085 1131
 1085 1086
 1085 1130
 1086 1133
 1086 1087
 1086 1131
 1087 1134
 1087 1133
 1088 1135
 1088 1134
 1089 1136
 1089 1090
 1089 1135
 1090 1137
 1090 1136
 1091 1092
 1091 1139
 1091 1137
 1092 1093
 1093 1094
 1093 1140
 1093 1141
 1093 1139
 1094 1141
 1095 1189
 1095 1142
 1096 1097
 1096 1143
 1096 1142
 1097 1144
 1097 1143
 1098 1145
 1099 1146
 1099 1100
 1099 2317
 1100 1147
 1100 1101
 1100 1146
 1101 1147
 1101 1102
 1102 2309
 1102 1148
 1102 1147
 1102 2308
 1103 2309
 1103 1149
 1103 1104
 1103 1148
 1104 1149
 1105 1152
 1106 1153
 1106 1152
 1107 1108
 1107 1154
 1108 1109
 1108 1155
 1109 1156
 1109 1203
 1110 1205
 1110 1157
 1111 1157
 1111 1158
 1112 1159
 1113 1159
 1113 1161
 1113 1160
 1114 1162
 1114 1161
 1115 1116
 1115 1163
 1116 1165
 1116 1163
 1116 1117
 1117 1118
 1117 1166
 1117 1165
 1118 1214
 1118 1167
 1118 1119
 1119 1120
 1120 1169
 1120 1121
 1120 1167
 1121 1169
 1122 1169
 1122 1170
 1122 1123
 1123 1124
 1123 1172
 1123 1170
 1124 1172
 1124 1125
 1125 1173
 1125 1172
 1126 1174
 1126 1173
 1127 1128
 1128 1175
 1129 1177
 1129 1175
 1130 1178
 1130 1177
 1131 1179
 1131 1132
 1132 1133
 1133 1180
 1133 1134
 1134 1135
 1134 1180
 1135 1183
 1135 1136
 1135 1181
 1136 1183
 1137 1138
 1137 1183
 1138 1139
 1138 1185
 1138 1186
 1138 1184
 1139 1187
 1139 1140
 1139 1186
 1140 1187
 1140 1141
 1141 1188
 1141 1189
 1142 1190
 1143 1191
 1143 1192
 1144 1145
 1144 1193
 1144 1192
 1145 1146
 1145 1193
 1145 1194
 1146 1147
 1146 1194
 1147 1196
 1147 1148
 1148 1197
 1148 1149
 1148 2309
 1149 1150
 1150 1197
 1151 1200
 1153 1200
 1154 1202
 1155 1203
 1155 1202
 1156 1205
 1156 1204
 1157 1206
 1158 1207
 1158 1206
 1159 1208
 1159 1207
 1160 1209
 1160 1208
 1161 1209
 1161 1162
 1162 1163
 1162 1209
 1163 1255
 1163 1210
 1163 1211
 1164 1211
 1164 1165
 1165 1212
 1165 1166
 1165 1211
 1166 1213
 1166 1212
 1167 1215
 1167 1168
 1167 1214
 1168 1169
 1168 1216
 1169 1216
 1169 1218
 1169 1170
 1170 1219
 1170 1218
 1171 1172
 1172 1263
 1172 1173
 1172 1221
 1173 1221
 1173 1222
 1174 1223
 1174 1175
 1175 1176
 1176 1224
 1176 1223
 1177 1225
 1177 1178
 1177 1224
 1178 1225
 1178 1179
 1179 1180
 1179 1225
 1180 1181
 1180 1226
 1181 1227
 1181 1182
 1182 1230
 1182 1183
 1182 1229
 1182 1228
 1183 1230
 1184 1185
 1185 1232
 1185 1231
 1186 1277
 1186 1232
 1186 1233
 1186 1187
 1187 1188
 1188 1189
 1188 1233
 1188 1234
 1188 1235
 1189 1190
 1189 1235
 1189 1236
 1190 1280
 1190 1191
 1190 1237
 1191 1237
 1191 1238
 1192 1238
 1193 1282
 1193 1239
 1194 1240
 1194 1239
 1195 1242
 1197 1288
 1197 1287
 1197 1243
 1197 1242
 1199 1245
 1199 1200
 1200 1245
 1200 1201
 1200 1246
 1201 1247
 1201 1202
 1201 1246
 1202 1247
 1203 1248
 1204 1249
 1205 1249
 1206 1251
 1206 2329
 1206 1250
 1207 1251
 1207 1252
 1208 1252
 1208 1209
 1209 1253
 1209 1210
 1209 1254
 1210 1255
 1210 1254
 1211 1255
 1212 1257
 1212 1255
 1212 1213
 1213 1258
 1213 1257
 1214 1259
 1214 1215
 1215 1216
 1215 1259
 1216 1260
 1216 1259
 1217 1307
 1217 1261
 1217 1218
 1217 1260
 1218 1261
 1218 1262
 1219 1220
 1219 1262
 1220 1263
 1220 1262
 1221 1222
 1221 1263
 1222 1266
 1222 1223
 1222 1265
 1222 1264
 1223 1266
 1223 1267
 1223 1224
 1224 1225
 1225 1267
 1225 1269
 1225 1226
 1226 1227
 1226 1270
 1226 1269
 1227 1271
 1228 1272
 1228 1229
 1229 1230
 1230 1273
 1230 1274
 1230 1231
 1230 1272
 1231 1274
 1231 1275
 1231 1232
 1232 1276
 1232 1275
 1233 1278
 1233 1234
 1233 1324
 1233 1277
 1234 1325
 1234 1278
 1234 1279
 1235 1279
 1236 1280
 1237 1329
 1237 1281
 1238 1282
 1238 1281
 1239 1284
 1240 1285
 1240 1241
 1240 1284
 1241 1286
 1241 1285
 1241 1242
 1242 1287
 1242 1286
 1243 1288
 1245 1291
 1245 1290
 1246 1292
 1247 1293
 1247 1294
 1247 1248
 1247 1292
 1248 1294
 1248 1249
 1249 1342
 1249 1295
 1249 1250
 1249 1294
 1250 1295
 1250 1296
 1250 2329
 1251 1297
 1251 1298
 1252 1299
 1252 1253
 1252 1298
 1253 1347
 1253 1254
 1253 1300
 1254 1348
 1254 1301
 1254 1255
 1255 1302
 1255 1301
 1257 1351
 1257 1303
 1257 1258
 1257 1302
 1258 1305
 1258 1304
 1258 1259
 1258 1303
 1259 1306
 1259 1260
 1260 1307
 1261 1308
 1261 1262
 1261 1309
 1262 1263
 1262 1310
 1263 1310
 1263 1311
 1264 1265
 1265 1266
 1265 1312
 1265 1311
 1266 1361
 1266 1314
 1266 1267
 1267 1316
 1267 1268
 1267 1314
 1268 1269
 1268 1316
 1269 1316
 1269 1317
 1270 1318
 1270 1319
 1270 1317
 1270 1271
 1271 1320
 1271 1272
 1271 1319
 1272 1273
 1272 1320
 1273 1320
 1273 1321
 1274 1321
 1275 1276
 1275 1321
 1276 1323
 1276 1322
 1277 1323
 1278 1372
 1278 1325
 1279 1327
 1279 1326
 1279 1280
 1279 1325
 1280 1328
 1280 1327
 1281 1376
 1281 1330
 1282 1330
 1282 1283
 1283 1331
 1283 1284
 1283 1330
 1284 1331
 1285 1333
 1285 1332
 1286 1333
 1286 1334
 1288 1335
 1289 1336
 1291 1339
 1291 1384
 1291 1338
 1291 1292
 1292 1339
 1292 1293
 1293 1294
 1293 1339
 1294 1342
 1294 1341
 1295 1296
 1295 1344
 1295 1342
 1296 1345
 1297 2329
 1297 1298
 1298 1346
 1298 1299
 1299 1347
 1300 1348
 1301 1302
 1301 1350
 1301 1348
 1302 1350
 1302 1351
 1303 1352
 1303 1351
 1304 1352
 1304 1353
 1304 1305
 1305 1306
 1306 1353
 1307 1355
 1307 1354
 1308 1309
 1309 1355
 1309 1356
 1310 1357
 1310 1311
 1310 1356
 1311 1359
 1311 1358
 1311 1357
 1311 1312
 1312 1405
 1312 1360
 1312 1359
 1313 1360
 1313 1361
 1314 1362
 1314 1361
 1315 1363
 1315 1316
 1315 1362
 1316 1317
 1316 1363
 1316 1364
 1317 1364
 1318 1319
 1318 1364
 1319 1367
 1319 1365
 1319 1320
 1320 1368
 1320 1367
 1320 1321
 1321 1370
 1321 1322
 1321 1368
 1322 1371
 1322 1370
 1322 1323
 1323 1324
 1323 1372
 1325 1372
 1326 1420
 1326 1373
 1326 1374
 1326 1327
 1327 1328
 1327 1374
 1328 1375
 1328 1329
 1329 1376
 1329 1375
 1330 1377
 1330 1378
 1331 1379
 1331 1378
 1331 1332
 1332 1379
 1333 1425
 1333 1380
 1334 1427
 1334 1335
 1335 1381
 1335 1336
 1335 1427
 1336 1382
 1336 1381
 1336 1337
 1338 1384
 1339 1340
 1339 1384
 1339 1385
 1339 1431
 1340 1386
 1340 1341
 1341 1342
 1342 1387
 1342 1343
 1343 1436
 1344 1388
 1345 1389
 1345 1388
 1345 2329
 1346 1390
 1346 1391
 1347 1391
 1347 1392
 1348 1440
 1348 1393
 1348 1349
 1348 1392
 1349 1393
 1350 1394
 1350 1351
 1350 1393
 1351 1395
 1351 1352
 1351 1394
 1352 1353
 1352 1396
 1352 1395
 1353 1354
 1353 1397
 1354 1400
 1354 1398
 1354 1399
 1354 1355
 1355 1446
 1355 1401
 1355 1400
 1355 1356
 1356 1403
 1356 1357
 1356 1401
 1357 1403
 1358 1404
 1358 1403
 1359 1404
 1359 1405
 1360 1406
 1360 1405
 1361 1407
 1361 1362
 1361 1406
 1362 1363
 1362 1407
 1363 1408
 1363 1364
 1364 1410
 1364 1365
 1365 1412
 1365 1366
 1365 1410
 1366 1367
 1367 1413
 1368 1414
 1368 1369
 1369 1370
 1370 1415
 1370 1371
 1370 1416
 1371 1417
 1371 1416
 1371 1372
 1372 1373
 1372 1419
 1372 1418
 1372 1417
 1373 1420
 1373 1419
 1374 1421
 1374 1420
 1375 1376
 1375 1421
 1376 1377
 1376 1422
 1377 1378
 1377 1422
 1378 1423
 1378 1379
 1379 1425
 1379 1424
 1380 1427
 1380 1426
 1380 1425
 1381 1429
 1381 1428
 1381 1427
 1384 1431
 1384 1430
 1386 1433
 1387 1434
 1388 1437
 1388 1436
 1389 1483
 1389 1390
 1389 1437
 1390 1438
 1391 1439
 1392 1486
 1392 1485
 1392 1440
 1393 1441
 1393 1440
 1394 1395
 1395 1396
 1395 1441
 1395 1442
 1396 1397
 1396 1442
 1397 1443
 1397 1398
 1398 1399
 1398 1445
 1399 1400
 1400 1446
 1401 1447
 1401 1446
 1402 1448
 1402 1403
 1402 1447
 1403 1449
 1403 1404
 1403 1448
 1404 1405
 1405 1450
 1405 1406
 1406 1407
 1407 1452
 1407 1408
 1408 1499
 1408 1453
 1408 1452
 1409 1410
 1409 1454
 1409 1453
 1410 1411
 1411 1412
 1411 1456
 1412 1413
 1412 1457
 1412 1456
 1413 1458
 1413 1414
 1414 1459
 1414 1460
 1415 1460
 1415 1461
 1415 1416
 1416 1462
 1416 1461
 1417 1463
 1417 1462
 1418 1464
 1418 1463
 1418 1419
 1419 1465
 1419 1464
 1420 1466
 1420 1465
 1421 1467
 1421 1466
 1422 1468
 1422 1467
 1423 1469
 1423 1468
 1424 2321
 1424 1425
 1424 1469
 1425 1426
 1425 1470
 1426 1427
 1426 1471
 1427 1472
 1427 1428
 1428 1429
 1428 1473
 1429 1474
 1431 1520
 1431 1476
 1432 1477
 1432 1433
 1433 1479
 1433 1434
 1433 1478
 1434 1435
 1435 1436
 1435 1481
 1436 1481
 1437 1526
 1437 1482
 1438 1484
 1438 1439
 1438 1483
 1439 1484
 1439 1485
 1440 1441
 1440 1486
 1441 1487
 1442 1443
 1442 1488
 1443 1444
 1443 1490
 1444 1445
 1444 1490
 1445 1492
 1445 1491
 1446 1492
 1446 1447
 1447 1448
 1447 1492
 1448 1494
 1448 1449
 1449 1494
 1449 1450
 1450 1451
 1450 1496
 1450 1495
 1451 1498
 1451 1452
 1452 1499
 1453 1454
 1453 1499
 1454 1500
 1454 1501
 1455 1456
 1455 1502
 1455 1501
 1456 1503
 1456 1457
 1457 2334
 1458 1504
 1458 1505
 1458 1459
 1459 1506
 1459 1460
 1460 1506
 1460 1461
 1461 1508
 1461 1462
 1462 1463
 1463 1508
 1463 1464
 1464 1510
 1464 1465
 1465 1511
 1465 1466
 1466 1557
 1466 1512
 1466 1511
 1467 1513
 1467 1512
 1468 1514
 1468 1513
 1469 2319
 1469 1514
 1470 1515
 1470 2323
 1471 1516
 1472 1516
 1473 1562
 1473 1517
 1474 1518
 1476 1520
 1477 1522
 1477 1478
 1477 1521
 1477 1520
 1478 1522
 1478 1479
 1479 1523
 1479 1522
 1479 1480
 1480 1524
 1480 1481
 1480 1523
 1481 1525
 1481 1524
 1481 1482
 1482 1525
 1483 1572
 1483 1526
 1484 1527
 1484 1528
 1484 1485
 1485 1529
 1485 1486
 1485 1528
 1486 1530
 1486 1529
 1487 1531
 1487 1530
 1488 1531
 1488 1489
 1489 1533
 1489 1490
 1490 1535
 1490 1533
 1491 1492
 1491 1536
 1492 1536
 1492 1493
 1493 1538
 1493 1494
 1493 1537
 1494 1539
 1494 1495
 1495 1496
 1495 1539
 1496 1540
 1496 1497
 1497 1542
 1497 1498
 1498 1543
 1498 1499
 1499 1544
 1499 1543
 1499 1500
 1500 1501
 1500 1545
 1501 1546
 1502 1503
 1502 1548
 1502 1547
 1503 2334
 1503 1549
 1504 2334
 1504 1550
 1504 1505
 1505 1551
 1506 1507
 1506 1551
 1507 1553
 1507 1508
 1507 1551
 1507 1552
 1508 1509
 1509 1554
 1509 1510
 1509 1553
 1510 1555
 1510 1511
 1511 1556
 1511 1557
 1512 1558
 1512 1557
 1513 1559
 1513 1558
 1514 1560
 1514 1559
 1515 2322
 1515 1603
 1515 1561
 1515 1516
 1516 1562
 1517 1564
 1517 1563
 1517 1518
 1517 1562
 1519 1520
 1519 1566
 1520 1521
 1521 1522
 1521 1567
 1522 1568
 1522 1523
 1523 1569
 1523 1524
 1524 1525
 1525 1526
 1525 1570
 1526 1570
 1527 1573
 1527 1572
 1528 1529
 1528 1574
 1528 1573
 1529 1530
 1529 1574
 1530 1576
 1530 1575
 1531 1577
 1531 1576
 1532 1533
 1532 1577
 1533 1579
 1533 1534
 1534 1535
 1535 1580
 1536 1624
 1536 1625
 1536 1537
 1536 1580
 1537 1625
 1538 1581
 1538 1539
 1539 1540
 1540 1582
 1540 1541
 1541 1584
 1541 1542
 1541 1583
 1542 1585
 1542 1543
 1543 1544
 1544 1545
 1544 1586
 1545 1586
 1545 1546
 1546 1588
 1546 1587
 1547 1589
 1547 1588
 1548 1549
 1548 1589
 1549 1591
 1550 1635
 1550 1592
 1550 1591
 1551 1593
 1551 1592
 1551 1552
 1552 1594
 1552 1593
 1553 1595
 1553 1594
 1554 1555
 1554 1597
 1554 1595
 1555 1598
 1555 1556
 1556 1557
 1556 1599
 1557 1599
 1558 1641
 1558 1599
 1558 1600
 1559 1643
 1559 1600
 1559 1560
 1560 2320
 1560 1602
 1560 1601
 1561 1647
 1561 1646
 1561 1604
 1561 1562
 1561 1603
 1562 1604
 1562 1563
 1563 1606
 1563 1605
 1564 1606
 1565 1609
 1566 1609
 1566 1610
 1567 1610
 1568 1611
 1569 1655
 1569 1656
 1569 1613
 1569 1612
 1570 1613
 1570 1614
 1570 1571
 1571 1615
 1571 1614
 1571 1572
 1572 1573
 1572 1615
 1573 1574
 1573 1615
 1574 1616
 1574 1575
 1575 1618
 1575 1576
 1575 1619
 1576 1619
 1577 1664
 1577 1620
 1577 1619
 1578 1579
 1578 1620
 1578 1621
 1579 1623
 1579 1622
 1580 1624
 1580 1623
 1581 1582
 1581 1625
 1582 1626
 1582 1583
 1583 1627
 1584 1630
 1584 1585
 1584 1629
 1585 1631
 1585 1586
 1586 1631
 1587 1632
 1587 1631
 1587 1588
 1588 1677
 1588 1632
 1589 1590
 1589 1633
 1590 1634
 1591 1635
 1591 1634
 1592 1681
 1592 1593
 1592 1636
 1593 1682
 1593 1636
 1594 1638
 1594 1637
 1595 1596
 1596 1639
 1596 1597
 1596 1638
 1597 2328
 1597 1598
 1598 1599
 1598 1640
 1599 1641
 1600 1642
 1600 1641
 1601 1644
 1601 1602
 1601 1643
 1602 2322
 1602 1603
 1602 2320
 1603 2322
 1603 1645
 1604 1648
 1604 1647
 1605 1649
 1605 1648
 1607 1649
 1608 1609
 1609 1651
 1609 1610
 1610 1653
 1610 1611
 1610 1654
 1611 1612
 1611 1654
 1612 1654
 1612 1655
 1613 1701
 1613 1658
 1613 1657
 1614 1658
 1614 1659
 1614 1615
 1615 1616
 1616 1659
 1616 1617
 1617 1662
 1617 1618
 1617 1660
 1618 1663
 1618 1619
 1619 1663
 1620 1708
 1620 1664
 1621 1666
 1621 1665
 1622 1667
 1622 1666
 1623 1667
 1623 1669
 1623 1668
 1624 1670
 1624 1669
 1624 1625
 1625 1671
 1625 1670
 1626 1714
 1626 1627
 1626 1671
 1627 1715
 1627 1672
 1627 1628
 1628 1629
 1629 1674
 1629 1630
 1630 1675
 1630 1631
 1631 1675
 1632 1720
 1632 1677
 1632 1676
 1633 1677
 1634 1679
 1635 1681
 1635 1680
 1636 1681
 1637 1683
 1637 1682
 1638 1684
 1638 1683
 1639 2328
 1639 1686
 1639 1685
 1640 1687
 1640 1641
 1641 1731
 1641 1642
 1641 1688
 1642 1688
 1642 1689
 1643 1689
 1644 1690
 1644 1689
 1645 1691
 1645 1690
 1646 1691
 1646 1647
 1647 1648
 1648 1649
 1648 1692
 1649 1694
 1649 1693
 1649 1650
 1650 1694
 1651 1697
 1652 1653
 1653 1654
 1653 1699
 1654 1655
 1655 1700
 1656 1657
 1656 1700
 1657 1701
 1658 1702
 1658 1659
 1659 1660
 1659 1702
 1660 1703
 1660 1661
 1661 1662
 1661 1704
 1662 1706
 1662 1663
 1663 1707
 1663 1664
 1664 1707
 1665 1753
 1665 1708
 1666 1754
 1666 1710
 1667 1668
 1667 1710
 1668 1669
 1668 1711
 1669 1670
 1670 1712
 1670 1671
 1671 1713
 1671 1712
 1672 1715
 1672 1714
 1673 1716
 1673 1674
 1673 1715
 1674 1718
 1674 1675
 1674 1717
 1675 1718
 1676 1718
 1677 1721
 1677 1720
 1678 1766
 1678 1721
 1679 1722
 1679 1680
 1680 1723
 1680 2333
 1680 1681
 1681 1682
 1681 1724
 1682 1724
 1683 1726
 1683 1684
 1684 1727
 1684 1726
 1685 1727
 1686 1730
 1686 2328
 1686 1729
 1687 2328
 1687 1731
 1687 1774
 1688 1732
 1688 1731
 1689 1777
 1689 1778
 1689 1733
 1689 1732
 1690 1734
 1690 1733
 1691 1735
 1692 1736
 1694 1783
 1694 1738
 1694 1737
 1696 1697
 1696 1740
 1697 1740
 1697 1741
 1697 1698
 1699 1788
 1699 1742
 1700 1744
 1700 1743
 1701 1746
 1701 1702
 1701 1745
 1701 1744
 1702 1746
 1703 1748
 1703 1704
 1703 1746
 1704 1705
 1705 1750
 1705 1748
 1705 1706
 1706 1751
 1706 1707
 1707 1751
 1708 1752
 1708 1751
 1709 1754
 1709 1753
 1710 1711
 1710 1755
 1711 1756
 1712 1803
 1712 1802
 1712 1757
 1712 1713
 1712 1756
 1713 1757
 1714 1804
 1715 1758
 1716 1760
 1716 1759
 1717 1761
 1717 1718
 1717 1760
 1718 1762
 1718 1761
 1719 1762
 1719 1720
 1720 1721
 1720 1763
 1721 1764
 1722 1767
 1722 1766
 1722 2333
 1723 1814
 1723 2333
 1723 1724
 1724 1815
 1724 1725
 1724 1769
 1725 1769
 1725 1726
 1726 1727
 1727 1771
 1727 1728
 1728 1771
 1729 1819
 1729 1773
 1729 1730
 1729 1772
 1730 1774
 1731 1732
 1731 1775
 1732 1775
 1732 1776
 1733 1824
 1733 1779
 1733 1778
 1734 1780
 1734 1735
 1735 1781
 1735 1780
 1735 1736
 1736 1827
 1736 1782
 1736 1781
 1737 1828
 1737 1783
 1737 1782
 1738 1783
 1739 1786
 1740 1786
 1740 1741
 1741 1742
 1741 1787
 1741 1786
 1742 1788
 1742 1787
 1743 1788
 1744 1790
 1744 1834
 1745 1834
 1745 1746
 1745 1791
 1746 1792
 1746 1791
 1747 1837
 1747 1748
 1748 1749
 1748 1793
 1749 1795
 1750 1795
 1751 1797
 1751 1796
 1751 1752
 1752 1798
 1752 1797
 1753 1798
 1754 1800
 1755 1800
 1755 1801
 1756 1802
 1756 1801
 1757 1804
 1757 1803
 1758 1805
 1758 1759
 1759 1806
 1760 1851
 1760 1808
 1760 1761
 1761 1762
 1762 1808
 1762 1809
 1763 1764
 1763 1809
 1764 1810
 1764 1765
 1765 1812
 1765 1811
 1766 1812
 1766 1767
 1767 2333
 1767 1813
 1767 1814
 1768 1815
 1768 1814
 1769 1816
 1769 1815
 1770 1771
 1770 1816
 1771 1818
 1771 1817
 1772 1819
 1772 1818
 1773 1820
 1774 1821
 1774 1775
 1775 1776
 1775 1821
 1776 1822
 1776 1777
 1777 1778
 1778 1824
 1779 1825
 1779 1780
 1779 1824
 1780 1826
 1781 1868
 1781 1826
 1782 1828
 1782 1827
 1783 1829
 1783 1828
 1786 1872
 1786 1830
 1786 1831
 1788 1832
 1788 1789
 1789 1833
 1789 1790
 1789 1832
 1790 1834
 1790 1833
 1791 1792
 1791 1836
 1791 1834
 1792 1878
 1792 1837
 1792 1836
 1793 1794
 1793 1837
 1794 1840
 1794 1838
 1795 1840
 1795 1796
 1796 1797
 1796 1841
 1796 1840
 1797 1841
 1797 1798
 1798 1843
 1798 1842
 1799 1844
 1799 1843
 1800 1845
 1800 1801
 1800 1844
 1801 1802
 1802 1846
 1802 1803
 1803 1804
 1803 1847
 1803 1846
 1804 1848
 1804 1847
 1804 1805
 1805 1849
 1805 1848
 1806 1807
 1806 1849
 1807 1851
 1808 1852
 1808 1809
 1809 1810
 1809 1852
 1810 1811
 1811 1853
 1812 1855
 1813 1897
 1813 1896
 1813 1814
 1813 1856
 1813 1855
 1814 2333
 1814 1856
 1815 1858
 1815 1816
 1816 2327
 1816 1858
 1817 2327
 1817 1818
 1818 1859
 1819 1860
 1820 1903
 1820 1862
 1820 1861
 1821 1863
 1821 1822
 1821 1862
 1822 1863
 1822 1823
 1823 1865
 1823 1864
 1824 1866
 1824 1865
 1824 1825
 1825 1907
 1825 1867
 1825 1826
 1825 1866
 1826 1908
 1826 1867
 1827 1869
 1827 1868
 1828 1911
 1828 1870
 1828 1869
 1830 1872
 1831 1873
 1831 1832
 1831 1872
 1832 1873
 1833 1875
 1833 1834
 1833 1874
 1834 1835
 1834 1877
 1834 1875
 1835 1836
 1836 1878
 1837 1879
 1837 1878
 1838 1839
 1838 1879
 1839 1881
 1840 1922
 1840 1882
 1840 1841
 1840 1881
 1841 1882
 1842 1843
 1842 1882
 1843 1924
 1843 1883
 1844 1845
 1844 1885
 1845 1887
 1845 1846
 1845 1885
 1846 1888
 1847 1889
 1847 1848
 1848 1890
 1848 1889
 1849 1850
 1849 1890
 1850 1851
 1851 1932
 1851 1931
 1851 1852
 1852 1933
 1852 1932
 1852 1892
 1853 1854
 1853 1892
 1853 1894
 1854 1895
 1855 1896
 1855 1895
 1856 1857
 1856 1897
 1857 1899
 1858 2327
 1858 1899
 1859 1860
 1859 1901
 1860 1861
 1862 1945
 1862 1863
 1862 1903
 1863 1946
 1863 1904
 1863 1945
 1864 1947
 1864 1904
 1865 1948
 1865 1906
 1866 1907
 1866 1906
 1867 1907
 1868 1909
 1868 1908
 1868 1869
 1869 1910
 1870 1911
 1872 1956
 1872 1913
 1873 1915
 1873 1874
 1873 1914
 1874 1959
 1874 1875
 1874 1915
 1875 1916
 1875 1876
 1876 1917
 1876 1877
 1876 1916
 1877 1961
 1877 1918
 1877 1878
 1878 1879
 1878 1918
 1879 2313
 1879 1919
 1880 1881
 1880 2313
 1881 1921
 1881 1922
 1882 1923
 1882 1922
 1883 1923
 1884 1925
 1885 1926
 1885 1886
 1885 1925
 1886 1926
 1886 1887
 1886 1927
 1887 1928
 1887 1888
 1888 1928
 1888 1889
 1889 1930
 1889 1890
 1890 2311
 1890 1930
 1891 2311
 1891 1931
 1892 1934
 1892 1933
 1893 1934
 1893 1894
 1894 1936
 1895 1936
 1896 1938
 1896 1937
 1896 1897
 1897 1939
 1897 1938
 1898 1939
 1898 1899
 1899 1984
 1899 1941
 1899 2327
 1900 1942
 1900 2327
 1900 1941
 1901 1942
 1901 2327
 1902 1903
 1902 1942
 1902 1944
 1903 1945
 1903 1944
 1904 1946
 1905 1948
 1905 1947
 1906 1907
 1906 1948
 1907 1908
 1907 1950
 1908 1995
 1908 1951
 1908 1950
 1909 1951
 1910 1952
 1911 1953
 1911 1952
 1912 1953
 1913 1956
 1914 1956
 1915 1959
 1915 1958
 1916 1959
 1917 1961
 1917 1960
 1918 1963
 1918 1962
 1918 1961
 1919 1963
 1920 1965
 1920 2313
 1921 1966
 1921 1922
 1921 1965
 1922 1923
 1922 1967
 1922 1966
 1923 1967
 1924 1967
 1925 1968
 1925 1969
 1925 1926
 1926 2016
 1926 1969
 1927 2018
 1927 1971
 1927 1970
 1928 1971
 1928 1972
 1928 1929
 1929 1930
 1929 1972
 1930 1974
 1930 2311
 1931 1932
 1931 1976
 1932 1977
 1932 1933
 1933 1977
 1934 1978
 1934 1977
 1935 1978
 1935 1936
 1936 1980
 1936 1937
 1937 2028
 1937 1981
 1937 1980
 1937 1938
 1938 1981
 1939 1982
 1939 1940
 1939 1981
 1940 1984
 1941 1985
 1941 1984
 1941 2327
 1942 1985
 1942 1943
 1943 1988
 1943 1986
 1944 1989
 1944 1988
 1944 1945
 1945 1990
 1945 1946
 1946 1991
 1946 1990
 1947 1992
 1948 1949
 1948 2312
 1949 1994
 1950 1995
 1950 1994
 1951 1996
 1951 1952
 1952 1998
 1952 1997
 1953 1999
 1953 1998
 1955 2001
 1956 2001
 1956 2002
 1956 1957
 1957 1958
 1957 2003
 1957 2002
 1958 2003
 1958 2004
 1958 1959
 1959 2004
 1959 1960
 1960 2006
 1961 2007
 1961 1962
 1962 1963
 1962 2007
 1963 2009
 1963 2008
 1963 2313
 1964 2009
 1964 2010
 1965 2011
 1965 1966
 1965 2055
 1965 2010
 1966 2011
 1967 2013
 1967 2012
 1968 2015
 1968 2013
 1969 2016
 1969 2015
 1970 2016
 1971 1972
 1972 1973
 1972 2018
 1972 2062
 1973 2019
 1973 2020
 1974 2021
 1974 2311
 1974 2020
 1975 2021
 1975 2023
 1975 1976
 1976 2024
 1977 2025
 1977 2024
 1977 1978
 1978 2069
 1978 2026
 1979 2027
 1980 2028
 1980 2027
 1981 2029
 1981 1982
 1981 2028
 1982 2030
 1982 2029
 1983 2031
 1984 2031
 1984 1985
 1985 2032
 1985 2031
 1986 2033
 1986 1987
 1987 2035
 1988 2035
 1988 1989
 1989 1990
 1989 2036
 1989 2080
 1989 2035
 1990 2036
 1990 1991
 1991 1992
 1991 2038
 1991 2037
 1992 2082
 1992 2039
 1992 2038
 1993 2312
 1993 2040
 1994 2041
 1994 2040
 1994 1995
 1995 1996
 1995 2042
 1995 2041
 1996 2043
 1996 2042
 1996 1997
 1997 1998
 1997 2043
 1998 2045
 1998 2044
 2001 2090
 2001 2047
 2001 2046
 2002 2091
 2002 2047
 2002 2048
 2003 2004
 2003 2048
 2004 2092
 2004 2049
 2004 2048
 2005 2006
 2005 2049
 2006 2051
 2007 2052
 2007 2051
 2007 2008
 2008 2053
 2008 2009
 2009 2053
 2010 2055
 2011 2056
 2011 2055
 2012 2056
 2012 2013
 2013 2058
 2013 2057
 2014 2058
 2014 2015
 2015 2060
 2015 2016
 2016 2017
 2016 2060
 2018 2108
 2018 2107
 2018 2061
 2018 2062
 2019 2109
 2019 2062
 2020 2064
 2020 2065
 2020 2021
 2021 2311
 2021 2065
 2022 2332
 2022 2023
 2023 2067
 2024 2068
 2024 2067
 2024 2025
 2025 2069
 2025 2068
 2026 2070
 2026 2069
 2027 2072
 2027 2028
 2027 2071
 2028 2314
 2028 2072
 2029 2030
 2029 2074
 2029 2073
 2030 2076
 2031 2076
 2031 2077
 2031 2032
 2032 2077
 2032 2033
 2033 2078
 2033 2077
 2034 2079
 2034 2078
 2035 2306
 2035 2079
 2036 2037
 2036 2080
 2037 2038
 2038 2082
 2038 2081
 2039 2040
 2039 2082
 2040 2084
 2040 2041
 2041 2130
 2041 2084
 2041 2042
 2042 2043
 2043 2086
 2043 2085
 2044 2087
 2045 2087
 2046 2090
 2047 2091
 2048 2092
 2048 2091
 2049 2093
 2049 2092
 2050 2051
 2050 2093
 2051 2052
 2051 2095
 2052 2053
 2052 2095
 2053 2096
 2053 2098
 2053 2097
 2054 2055
 2055 2056
 2055 2099
 2056 2101
 2056 2099
 2056 2057
 2057 2102
 2057 2058
 2058 2145
 2058 2103
 2058 2102
 2059 2104
 2060 2061
 2060 2104
 2060 2105
 2061 2105
 2061 2107
 2062 2108
 2063 2110
 2063 2109
 2064 2065
 2064 2111
 2064 2110
 2065 2332
 2065 2111
 2066 2332
 2067 2113
 2067 2112
 2067 2068
 2068 2114
 2068 2069
 2068 2113
 2069 2114
 2069 2115
 2071 2116
 2071 2115
 2072 2314
 2072 2116
 2073 2074
 2073 2314
 2074 2160
 2074 2075
 2074 2117
 2075 2119
 2076 2120
 2076 2119
 2076 2077
 2077 2122
 2077 2078
 2077 2120
 2078 2122
 2079 2124
 2079 2123
 2080 2125
 2080 2081
 2080 2124
 2081 2126
 2081 2167
 2081 2125
 2082 2083
 2082 2127
 2082 2126
 2083 2129
 2084 2130
 2084 2129
 2085 2131
 2085 2130
 2085 2086
 2086 2087
 2086 2133
 2086 2132
 2087 2134
 2087 2133
 2090 2136
 2090 2135
 2091 2178
 2091 2137
 2091 2136
 2092 2138
 2092 2093
 2093 2180
 2093 2139
 2093 2094
 2093 2138
 2094 2140
 2095 2183
 2095 2141
 2095 2096
 2095 2140
 2096 2097
 2097 2185
 2097 2098
 2098 2185
 2098 2099
 2099 2143
 2099 2100
 2100 2189
 2100 2101
 2100 2144
 2100 2143
 2102 2190
 2102 2145
 2102 2144
 2104 2146
 2104 2105
 2105 2147
 2105 2148
 2105 2146
 2107 2149
 2107 2148
 2108 2150
 2108 2109
 2108 2149
 2109 2150
 2110 2197
 2110 2152
 2110 2111
 2111 2153
 2111 2152
 2112 2199
 2112 2113
 2113 2200
 2113 2155
 2114 2156
 2114 2155
 2115 2156
 2115 2116
 2116 2314
 2116 2158
 2117 2160
 2118 2119
 2118 2160
 2119 2162
 2119 2120
 2120 2162
 2120 2121
 2121 2164
 2121 2122
 2122 2164
 2123 2164
 2124 2211
 2124 2166
 2124 2125
 2124 2306
 2125 2166
 2127 2169
 2127 2168
 2127 2128
 2128 2129
 2128 2169
 2129 2171
 2129 2130
 2130 2173
 2130 2172
 2130 2131
 2131 2132
 2131 2173
 2132 2133
 2133 2175
 2133 2174
 2134 2175
 2136 2222
 2136 2178
 2136 2177
 2137 2138
 2137 2178
 2138 2226
 2138 2180
 2139 2140
 2139 2182
 2139 2230
 2140 2183
 2140 2182
 2141 2185
 2141 2183
 2142 2186
 2142 2185
 2143 2186
 2143 2187
 2143 2188
 2144 2189
 2145 2191
 2145 2190
 2146 2147
 2146 2192
 2146 2191
 2147 2192
 2147 2148
 2148 2194
 2148 2149
 2149 2195
 2149 2150
 2150 2196
 2150 2151
 2151 2197
 2152 2198
 2152 2197
 2152 2153
 2153 2199
 2153 2332
 2154 2261
 2154 2199
 2155 2156
 2155 2200
 2156 2203
 2156 2157
 2156 2201
 2157 2158
 2158 2159
 2158 2205
 2158 2203
 2158 2314
 2159 2160
 2159 2314
 2160 2205
 2160 2161
 2161 2207
 2162 2208
 2162 2163
 2162 2207
 2163 2164
 2164 2210
 2164 2209
 2164 2165
 2164 2208
 2165 2211
 2166 2167
 2166 2212
 2166 2211
 2167 2213
 2167 2168
 2168 2169
 2169 2214
 2169 2213
 2170 2216
 2170 2214
 2170 2171
 2171 2172
 2172 2217
 2172 2216
 2172 2173
 2173 2217
 2173 2174
 2174 2219
 2174 2175
 2175 2220
 2175 2219
 2178 2224
 2178 2179
 2178 2222
 2179 2226
 2179 2224
 2180 2228
 2180 2181
 2180 2226
 2181 2230
 2181 2228
 2182 2232
 2182 2230
 2183 2184
 2183 2232
 2184 2235
 2184 2233
 2184 2185
 2185 2237
 2185 2235
 2186 2187
 2186 2237
 2187 2188
 2187 2238
 2188 2241
 2188 2239
 2188 2189
 2189 2243
 2189 2190
 2189 2241
 2190 2244
 2190 2191
 2191 2246
 2191 2192
 2191 2244
 2192 2248
 2192 2246
 2192 2193
 2193 2250
 2193 2194
 2193 2248
 2194 2252
 2194 2195
 2194 2250
 2195 2254
 2195 2252
 2195 2196
 2196 2256
 2196 2197
 2196 2254
 2197 2257
 2198 2259
 2198 2199
 2198 2257
 2199 2332
 2199 2261
 2199 2259
 2200 2263
 2200 2201
 2200 2261
 2201 2264
 2201 2202
 2202 2266
 2202 2203
 2202 2264
 2203 2268
 2203 2266
 2203 2204
 2204 2270
 2204 2205
 2204 2268
 2205 2272
 2205 2270
 2205 2206
 2206 2274
 2206 2207
 2206 2272
 2207 2276
 2207 2208
 2207 2274
 2208 2278
 2208 2209
 2208 2276
 2209 2280
 2209 2278
 2210 2282
 2210 2211
 2210 2280
 2211 2284
 2211 2282
 2212 2286
 2212 2213
 2212 2284
 2213 2288
 2213 2286
 2213 2214
 2214 2289
 2214 2288
 2215 2291
 2215 2216
 2215 2289
 2216 2293
 2216 2291
 2217 2295
 2217 2218
 2217 2293
 2218 2297
 2218 2219
 2218 2295
 2219 2299
 2219 2297
 2219 2220
 2315 2316
 2320 2321
 2320 2322
 2321 2322
 2321 2323
