    2  126
    2   82
    3   82
    4   83
    4   82
    6   84
    6   83
    8   84
    9   86
    9   85
   11  130
   11   87
   11   86
   13   87
   14   88
   14   89
   16  132
   16   90
   16   89
   18   91
   18   90
   19   92
   21   93
   21   92
   22   93
   23   94
   23   93
   25   94
   25   95
   27   96
   27   95
   28   96
   29   97
   29   96
   31   98
   31   97
   33  140
   33   99
   33   98
   34  100
   34   99
   36  101
   36  100
   38  102
   38  101
   39  102
   40  102
   40  103
   42  146
   42  104
   42  103
   44  105
   44  104
   46  106
   46  105
   48  106
   48  107
   50  150
   50  108
   50  107
   52  108
   53  110
   53  109
   55  111
   55  110
   57  153
   57  111
   57  112
   59  112
   59  113
   61  113
   61  114
   62  114
   62  115
   64  115
   64  116
   66  117
   66  116
   67  117
   68  118
   68  117
   70  119
   70  118
   71  120
   71  119
   73  121
   73  120
   75  122
   75  121
   77  123
   77  122
   79  165
   79  123
   81  126
   82  127
   82  126
   83  128
   83   84
   84   85
   85 2291
   85  129
   85   86
   87   88
   87  130
   88  174
   88   89
   88  173
   88  131
   90   91
   90  132
   91  134
   91   92
   91  133
   93  136
   93   94
   93  135
   94  137
   94   95
   96  182
   96  181
   96   97
   96  138
   97   98
   98  140
   98  139
   99  141
   99  140
  100  101
  101  102
  101  142
  102  144
  102  143
  103  146
  103  144
  104  147
  104  105
  105  106
  106  147
  106  107
  107  150
  107  148
  108  194
  108  109
  108  150
  109  110
  109  194
  110  196
  110  195
  110  151
  110  152
  110  111
  111  153
  112  113
  112  153
  113  155
  113  154
  114  115
  115  116
  115  155
  115  157
  117  159
  117  158
  117  118
  118  119
  119  161
  119  160
  120 2290
  120  121
  121 2290
  121  122
  122  162
  122  123
  123  165
  123  164
  123  163
  124  165
  125  168
  126  169
  126  168
  126  127
  127  128
  127  169
  128 2291
  129  130
  129 2291
  130  131
  130  172
  131  173
  131  172
  132  133
  132 2299
  132  174
  133 2299
  133  134
  133  175
  134  135
  135  178
  135  177
  135  136
  136 2294
  136  137
  136  178
  137  138
  137 2294
  137  179
  138  179
  139  225
  139  183
  139  140
  139  182
  140  141
  140  183
  141  185
  141  142
  142  186
  142  143
  143  188
  143  144
  143  187
  144  188
  145  190
  145  146
  146  147
  146  190
  147  232
  147  233
  147  148
  147  191
  148  149
  149  192
  150  235
  150  194
  150  193
  152  196
  153  239
  153  154
  153  197
  154  240
  154  198
  154  155
  154  239
  155  198
  155  156
  156  199
  156  287
  156  157
  156  242
  157  158
  157  199
  158  202
  158  159
  158  201
  159  203
  159  160
  160  161
  160  203
  162  205
  162  206
  162  163
  162 2290
  164  207
  164  165
  164  206
  165  209
  165  208
  168  210
  168  212
  168  211
  168  169
  169  213
  169  254
  169  212
  169  170
  170 2291
  171 2291
  171  172
  171  214
  171  215
  172  215
  172  173
  173  216
  173  215
  175  219
  175  218
  175 2299
  176  177
  176  219
  177  221
  177  178
  178 2294
  178  263
  178  221
  179  222
  179 2294
  180  181
  181  268
  181  224
  181  223
  181  182
  182  225
  183  226
  183  225
  185  272
  185  186
  185  226
  186  227
  186  187
  187  228
  187  227
  187  188
  188  189
  188  229
  188  228
  189  229
  190  231
  190  230
  190  191
  191  231
  191  232
  192  193
  192  234
  192  233
  193  280
  193  234
  193  235
  194  237
  194  235
  195  196
  195  237
  196  238
  196  197
  198  241
  198  240
  199  288
  199  243
  199  287
  200  201
  201  244
  201  202
  201  243
  202  244
  202  203
  203  292
  203  246
  203  204
  203  245
  204  294
  204 2290
  205  248
  205  206
  205  247
  206  249
  206  207
  206  248
  207  250
  207  249
  207  208
  208  297
  208  251
  208  250
  210  253
  211  253
  211  212
  212  254
  213  256
  213  254
  214  257
  214  256
  214 2291
  215  258
  215  257
  216  259
  216  217
  217 2299
  218  307
  218  261
  218 2299
  218  260
  219  220
  220  221
  220  262
  221  263
  221  262
  222  223
  223  266
  224  225
  224  268
  225  271
  225  270
  225  269
  227  273
  227  228
  227  272
  228  274
  228  273
  229  274
  231  277
  231  276
  231  232
  231  275
  232  278
  232  277
  234  280
  234  279
  235  281
  235  280
  236  237
  236  282
  237  238
  238  325
  238  283
  238  239
  238  282
  239  285
  239  240
  240  285
  241  286
  244  245
  244  291
  244  290
  245  334
  245  333
  245  291
  245  292
  246  335
  246  293
  247  295
  247  248
  247  294
  247 2290
  248  249
  248  295
  249  250
  250  296
  251  297
  253  299
  254  301
  254  255
  255  302
  255  301
  255  256
  256  303
  256  302
  256  257
  257  345
  257  304
  257  258
  257  303
  258  304
  258  305
  259  306
  259  305
  259  260
  260 2299
  261  351
  261  308
  261  307
  262  309
  262  263
  262  308
  263  310
  263  309
  264  310
  264 2294
  265 2294
  265  266
  266  311
  266  267
  267  313
  267  268
  267  312
  268  313
  268  269
  269  314
  269  270
  269  313
  270  271
  270  314
  271  272
  272  317
  272  316
  273  317
  273  274
  274  318
  274  275
  274  317
  275  318
  276  321
  276  320
  276  277
  277  321
  278  322
  278  279
  278  321
  279  364
  280  364
  280  281
  281  365
  281  323
  281  364
  282  323
  283  368
  283  284
  283  326
  283  325
  284  327
  284  285
  285  328
  285  286
  286  287
  287  288
  287  329
  288  331
  288  330
  288  289
  289  290
  289  332
  291  333
  292  335
  292  334
  294  337
  294  336
  295  338
  295  337
  296  339
  296  338
  297  340
  297  339
  299  300
  300  342
  300  341
  300  301
  301  343
  301  342
  301  302
  302  343
  302  303
  303  345
  304  385
  304  346
  304  345
  305  348
  305  306
  306  307
  307  351
  307  350
  307  349
  308  309
  309  353
  309  352
  310  392
  310  354
  311  312
  311  355
  311  354
  312  355
  313 2304
  313  357
  313  356
  313  314
  314  396
  314  358
  315  316
  316  397
  317 2312
  317  359
  317  399
  317  318
  318  360
  318  359
  318  361
  319  362
  319  320
  320  403
  320  402
  320  362
  320  321
  321  322
  321  403
  323  366
  323  324
  324  325
  324  366
  325  367
  326  410
  326  327
  326  369
  326  368
  327  369
  327  328
  328  370
  328  369
  328  329
  329  371
  329  370
  330  414
  330  331
  330  371
  331  372
  331  414
  332  333
  332  372
  333  334
  333  373
  334  417
  334  375
  334  374
  335  336
  336  337
  336  376
  337  420
  337  377
  337  376
  337  338
  338  378
  338  377
  339  422
  339  379
  339  378
  340  379
  342  425
  342  382
  342  381
  342  343
  343  382
  343  344
  344  427
  345  384
  345  385
  346  386
  346  347
  346  385
  347  429
  347  387
  347  348
  348  349
  349  389
  349  388
  350  351
  350  390
  350  389
  351  352
  352  391
  352  353
  352  390
  353  434
  353  392
  355  356
  355  393
  355  394
  357  395
  357  396
  357 2304
  358  438
  358  397
  359  441
  359  400
  359  399
  360  401
  360  400
  362  402
  362  401
  363  364
  364  405
  364  365
  365  447
  365  406
  365  405
  366  408
  366  367
  367  408
  367  368
  368  410
  368  409
  368  408
  369  411
  369  410
  370  371
  370  411
  372  415
  372  414
  373  374
  373  416
  373  415
  374  416
  374  417
  375  419
  375  376
  376  420
  376  419
  377  421
  377  420
  378  421
  379  423
  381  425
  382  383
  382  425
  383  467
  383  427
  384  428
  384  385
  384  427
  385  468
  385  386
  386  469
  386  429
  386  468
  387  430
  387  388
  387  429
  389  432
  389  390
  389  431
  390  432
  390  391
  391  475
  391  434
  391  433
  392  435
  392  434
  393  394
  393  436
  393  435
  394 2305
  394  436
  395 2314
  395  480
  395  396
  395  437
  396 2314
  396  438
  397  438
  397  398
  398  399
  398 2312
  398  439
  399  440
  399  441
  400  442
  400  441
  400  443
  402  444
  402  403
  403  404
  403  445
  403  444
  404  405
  405  447
  405  446
  406  448
  406  407
  406  447
  408  450
  409  452
  409  451
  409  410
  410  453
  410  452
  411  453
  412  413
  413  414
  413  495
  414  455
  414  454
  415 2323
  415  455
  416 2323
  416  417
  416  457
  416  456
  417  457
  417  418
  418  419
  418  458
  418  459
  418  457
  419  420
  419  459
  420  461
  420  421
  421 2292
  421  461
  422  505
  422  504
  422  462
  422 2292
  422  423
  424  425
  424  464
  425  426
  425  464
  427  428
  428  512
  428  468
  429  470
  429  469
  430  431
  431  472
  432  473
  432  433
  432  474
  433  518
  433  475
  433  474
  434  476
  434  477
  434  475
  436 2305
  436  479
  436  478
  436  437
  437  523
  437  480
  437  479
  437 2304
  438 2313
  438 2314
  439  440
  439  481
  440  528
  440  483
  440  482
  441  529
  441  528
  441  442
  442  484
  442  529
  443  444
  444  445
  444  486
  445  488
  445  486
  446  489
  446  447
  446  488
  447  490
  447  489
  448  536
  448  449
  449  450
  450  491
  450  451
  451  452
  451  492
  452  539
  452  493
  452  494
  453  494
  453  495
  454  498
  454  455
  454  497
  454  496
  456  545
  456  457
  456  499
  457  500
  457  545
  458  459
  458  500
  459  501
  459  460
  460  461
  460  502
  461 2292
  462  505
  464  507
  464  508
  465  466
  466  467
  466  509
  466  508
  466  510
  467  511
  468  513
  468  469
  469  514
  469  470
  470  515
  470  471
  470  559
  470  514
  471  472
  472  473
  472  516
  473  517
  474  518
  474  517
  475  519
  475  518
  476  520
  476  519
  477  478
  478  522
  478  521
  479  523
  479  522
  480 2314
  480  524
  480  523
  481  526
  482  526
  483  527
  483  528
  484  485
  484  530
  484  531
  485  486
  486  487
  486  533
  486  532
  487  534
  487  488
  489  577
  489  534
  489  490
  490  577
  490  535
  491  492
  491  537
  491  536
  492  493
  492  537
  492  538
  493  538
  493  580
  493  539
  494  540
  494  539
  495  542
  495  496
  497  543
  497  542
  497  498
  498 2323
  499  587
  499  545
  499  544
  500  546
  500  545
  502  548
  502  547
  503 2292
  503  591
  503  549
  504  592
  504  551
  504 2292
  505  552
  507  554
  507  508
  508  554
  509  596
  509  555
  509  510
  509  554
  510  555
  510  511
  511  598
  511  555
  512  556
  512  598
  513  556
  514  558
  514  559
  514  557
  515  560
  516  560
  516  517
  517  518
  517  562
  517  561
  518  562
  518  563
  519  564
  519  563
  520  521
  521  565
  522  566
  522  523
  523  567
  523  566
  524  568
  524  567
  525 2313
  525  569
  525  568
  525  526
  526  569
  526  527
  527  570
  528  571
  528  529
  529  615
  529  530
  529  572
  529  571
  530  573
  530  572
  531  532
  532  574
  532  533
  532  573
  533  576
  533  575
  534  577
  534  576
  535  536
  535  578
  537  579
  537  578
  538  579
  538  580
  539  581
  539  580
  540  582
  540  541
  541  583
  542  584
  542  543
  542  583
  543  586
  543  584
  543  544
  544 2323
  545  588
  545  587
  546  589
  546  547
  547  590
  547  589
  547  548
  548  591
  548  590
  549  637
  549  550
  549  591
  550  637
  550  592
  550 2293
  551  593
  551  552
  551  592
  553  595
  554  595
  554  596
  555  598
  555  596
  556  557
  556  599
  556  598
  557  599
  557  600
  557  558
  558  601
  558  559
  559  602
  559  560
  559  601
  560  561
  561  604
  561  605
  561  562
  562  606
  562  605
  563  607
  563  606
  564  565
  565  566
  565  608
  566  610
  566  609
  566  567
  567  611
  567  610
  569  613
  569  612
  569  570
  570  614
  570  613
  571  615
  571  658
  571  614
  572  616
  572  615
  574  618
  574  617
  574  575
  575  576
  575  618
  576  620
  577  621
  577 2318
  577  620
  578  621
  579  624
  579  623
  580  624
  580  625
  580  581
  581  626
  581  625
  581  582
  582  628
  582  583
  584  585
  584  629
  585  630
  585  586
  585  631
  586  675
  586  632
  586  587
  587  633
  587  632
  587  588
  588  589
  588  633
  589  590
  589  633
  590  636
  590  591
  590  634
  591  637
  592  593
  592  637
  593  638
  594  595
  594  641
  595  596
  596  642
  596  597
  597  643
  597  598
  598  643
  599  600
  599  644
  600  646
  601  646
  601  602
  602  647
  602  603
  602  646
  603  604
  603  647
  604  605
  604  648
  605  650
  605  606
  605  649
  606  651
  607  652
  608  609
  608  697
  608  652
  609  610
  609  698
  610  700
  610  653
  610  654
  611  655
  612  655
  613  657
  613  656
  614  657
  615  704
  615  659
  615  658
  616  617
  617  660
  617  618
  618  662
  618  619
  618  661
  619  663
  619  662
  620 2318
  620  663
  621  622
  622  623
  622  666
  623  667
  624  668
  625  669
  625  668
  625  626
  626  627
  626  670
  626  669
  627  670
  627  628
  628  671
  628  670
  629  630
  629  671
  630  672
  630  631
  631  674
  631  675
  631  673
  632  676
  632  675
  633  677
  633  676
  634  719
  634  678
  635  679
  635  720
  636  680
  638  682
  638  681
  639  682
  641  684
  641  686
  643  727
  643  688
  643  687
  645  688
  646  691
  646  690
  647  648
  647  691
  648  692
  648  649
  648  691
  649  650
  649  693
  649  692
  650  694
  650  693
  651  695
  651  652
  653  699
  653  700
  653  698
  654  655
  654  742
  655  656
  656  657
  656  701
  657  745
  657  702
  657  703
  658  704
  658  703
  659  748
  659  660
  660  661
  661  706
  661  705
  661  662
  662  706
  663  664
  664  753
  664  665
  664  707
  664 2318
  665  666
  665  754
  665 2318
  666  667
  667  709
  667  708
  668  757
  668  709
  669  711
  669  670
  669  710
  669  712
  670  712
  671  672
  672  673
  672  713
  673  674
  673  714
  674  716
  674  715
  675  717
  675  716
  676 2319
  676  718
  677  767
  677  719
  677  718
  678  768
  678  720
  678  719
  679  721
  679  680
  679  720
  680  769
  680  721
  680  681
  681  770
  681  722
  681  769
  681  682
  682  723
  682  722
  684  685
  684  725
  685  725
  685  686
  685  726
  686  775
  686  687
  686  726
  687  775
  687  727
  688  728
  688  689
  688  727
  689  729
  689  690
  689  728
  690  729
  691  731
  691  730
  692  733
  692  731
  692  732
  692  693
  693  733
  694  735
  694  695
  695  736
  695  696
  696  697
  697  698
  697  737
  698  737
  698  738
  698  699
  699  740
  699  739
  700  742
  700  740
  700  741
  701  744
  701  743
  701  742
  702  744
  703  704
  703  745
  704  746
  704  747
  705  750
  705  706
  705  748
  706  751
  706  707
  707  753
  708  756
  708  754
  709  756
  710  758
  710  711
  710  757
  711  805
  711  759
  711  758
  712  761
  712  713
  713  714
  714  715
  714  762
  715  763
  715  764
  715  716
  716  810
  716  717
  716  764
  717 2319
  717  765
  718  766
  719  767
  720  814
  720  721
  720  768
  721  769
  722  817
  722  771
  722  770
  724  773
  725  773
  726  775
  726  774
  726  773
  727  776
  727  728
  727  775
  728  777
  728  729
  729  779
  729  778
  729  730
  730  780
  730  779
  731  780
  731  732
  732  781
  732  733
  732  782
  733  782
  733  783
  733  734
  734  784
  734  735
  735  784
  735  736
  736  786
  737  786
  738  832
  738  739
  738  786
  739  787
  739  788
  739  740
  740  788
  741  835
  741  789
  743  791
  743  744
  743  790
  744  792
  745  746
  745  792
  746  747
  746  793
  747  795
  747  748
  747  794
  748  749
  749  797
  749  750
  749  796
  750  797
  750  751
  751  752
  752  799
  752  798
  752  753
  753  800
  753  754
  754  755
  755  802
  755  803
  755  756
  756  757
  757  803
  758  804
  759  806
  759  760
  759  805
  760  761
  761  807
  761  762
  761  806
  762  808
  762  763
  763  808
  763  764
  764  809
  764  808
  765  859
  765 2319
  765  810
  766  812
  766  811
  766 2319
  767  812
  768  813
  769  770
  769  815
  770  816
  771  817
  773  819
  773  820
  773  774
  774  775
  774  820
  775  822
  776  871
  777  778
  777  823
  777  871
  778  779
  778  824
  779  825
  780  781
  780  825
  781  827
  781  826
  782  828
  782  827
  782  783
  783  829
  783  784
  783  828
  784  829
  784  785
  785  831
  785  786
  787  834
  787  788
  787  833
  787  832
  788  835
  789  790
  790  836
  790  791
  791  838
  791  837
  792  793
  792  838
  793  841
  793  839
  794  842
  794  843
  794  795
  794  841
  795  844
  795  843
  795  796
  796  845
  796  797
  796  844
  797  846
  797  798
  798  799
  799  848
  799  847
  799  800
  800  801
  800  849
  801  802
  802  803
  802  850
  803  804
  803  851
  804  852
  804  805
  805  853
  805  806
  805  852
  806  898
  806  854
  806  853
  806  807
  807  808
  807  855
  807  854
  808  809
  808  856
  809  857
  809  810
  810  858
  811  860
  811  812
  811  859
  811 2319
  812  861
  812  906
  813  862
  813  861
  814  862
  815  863
  815  862
  817  865
  817  864
  818  865
  819  820
  819  868
  820  821
  821  869
  822  918
  822  870
  823  872
  824  873
  825  875
  825  874
  826  923
  826  875
  827  876
  828  877
  828  829
  829  925
  829  830
  829  878
  829  877
  830  927
  830  879
  830  831
  831  879
  831  832
  833  881
  833  880
  833  834
  834  882
  834  835
  835  836
  836  837
  836  882
  837  883
  837  884
  837  838
  838  839
  839  884
  839  840
  840  934
  840  886
  840  841
  840  885
  841  842
  842  935
  842  887
  842  886
  843  887
  843  844
  843  888
  844  845
  844  889
  845  890
  845  846
  846  847
  846  890
  847  848
  847  890
  847  891
  848  893
  848  849
  848  891
  848  892
  849  893
  849  850
  850  894
  850  851
  850  893
  851  852
  851  895
  851  894
  852  853
  852  895
  853  896
  853  897
  854  855
  854  900
  854  898
  855  901
  855  948
  855  900
  855  856
  856  902
  856  901
  857  902
  857  903
  858  859
  858  903
  859  904
  860  905
  860  904
  861  862
  861  907
  861  906
  862  909
  862  908
  862  907
  863  954
  863  910
  863  909
  863  864
  864  911
  864  865
  864  910
  865  913
  865  912
  868  959
  868  914
  869  870
  869  915
  870  916
  870  918
  872  873
  872  920
  873  965
  873  920
  873  921
  874  966
  874  921
  875  922
  876  924
  876  877
  876  923
  877  924
  877  925
  878  927
  878  926
  878  925
  879  928
  879  927
  880  929
  880  881
  880  928
  881  930
  881  882
  881  929
  882  975
  882  931
  882  930
  883  932
  883  884
  883  931
  884  932
  884  933
  884  885
  885  934
  885  978
  885  933
  886  935
  886  934
  887  888
  887  935
  888  936
  888  937
  888  889
  889  938
  889  890
  889  939
  889  937
  890  891
  891  940
  891  939
  891  892
  892  893
  892  942
  892  940
  893  943
  893  894
  895  944
  895  943
  895  896
  896  945
  896  897
  896  944
  897  990
  897  946
  897  945
  898  899
  899  947
  899  946
  901  993
  901  902
  901  948
  902  949
  903  950
  903  949
  904  951
  904  950
  905  906
  905  951
  906  952
  906  907
  907 2307
  907  908
  908  909
  908 2307
  909  954
  910 1000
  910  955
  910  954
  911  955
  911  912
  912  957
  912  956
  912  955
  914  959
  915  960
  915  961
  915  916
  915  959
  916  961
  916  917
  917  918
  917  962
  917  961
  918  962
  918  919
  919  920
  920  963
  921  966
  921  965
  922 1011
  922  923
  922  966
  923  967
  924  969
  924  925
  924 1013
  924  968
  925  970
  925  969
  925  926
  926  971
  926 1016
  926  970
  927  972
  927  928
  927  971
  928  929
  929 1019
  929  930
  929  972
  930  973
  930  975
  931  976
  931  932
  931  975
  932  933
  932  977
  933  977
  934  935
  934  978
  935  979
  935  980
  936  981
  936  937
  937  982
  937  938
  938  984
  938  939
  938  982
  939  940
  940  985
  940  986
  940  984
  941  942
  942  943
  942  986
  942  988
  943  988
  943  944
  944  945
  944  988
  945  989
  946  947
  946  992
  946  990
  947  992
  947  948
  948  993
  948  992
  949 1043
  949  994
  950  995
  950  994
  951  996
  952  998
  953  998
  953 2307
  954 1000
  955 2296
  955 1001
  955  956
  955 1000
  956 1002
  957 1002
  959 1005
  959 1004
  960 1006
  960 1005
  961 1007
  961  962
  961 1006
  962  963
  962 1008
  962 1007
  963 1009
  963  964
  963 1008
  964 1058
  964 1009
  964  965
  964 1010
  965 1010
  966 1011
  966 1010
  967  968
  967 1012
  968 1012
  968 1013
  969  970
  969 1013
  970 1016
  970 1014
  971  972
  971 1016
  972 1017
  972 1018
  972 1019
  973 1020
  973  974
  973 1019
  974 1021
  974  975
  974 1020
  975  976
  975 1021
  976  977
  976 1022
  976 1070
  976 1023
  977 1023
  977 1024
  978 1026
  978 1024
  978  979
  979  980
  980 1028
  980 1027
  980  981
  980 1026
  981 1077
  981 1029
  981  982
  981 1028
  983 1030
  983 1029
  983  984
  984 1031
  984 1030
  984  985
  985 1031
  986 1033
  986 1032
  986  987
  987 1034
  987  988
  987 1033
  988 1037
  988 1035
  988  989
  989  990
  989 1037
  990 1038
  990  991
  991 1041
  991 1040
  991  992
  991 1039
  992 1042
  992  993
  993 1043
  993 1042
  994 1044
  994 1089
  995 1044
  995  996
  996 1090
  996 1045
  996  997
  997 1046
  997  998
  998 1047
  998 1046
  999 2307
  999 1048
  999 1000
 1000 2296
 1001 1051
 1001 1002
 1001 2296
 1002 1052
 1002 1051
 1004 1054
 1005 1100
 1005 1054
 1005 1055
 1006 1100
 1006 1056
 1007 1057
 1007 1056
 1008 1057
 1008 1009
 1009 1058
 1009 1057
 1010 1104
 1010 1059
 1011 1061
 1011 1012
 1011 1060
 1011 1059
 1012 1061
 1013 1063
 1013 1062
 1013 1061
 1013 1014
 1014 1015
 1014 1064
 1015 1064
 1015 1065
 1015 1016
 1016 1065
 1017 1066
 1019 1066
 1019 1067
 1019 1020
 1020 1113
 1020 1068
 1020 1067
 1021 1022
 1021 1069
 1022 1070
 1022 1069
 1023 1024
 1023 1072
 1023 1070
 1024 1072
 1025 1074
 1025 1073
 1025 1026
 1025 1072
 1026 1119
 1026 1074
 1026 1075
 1026 1027
 1027 1075
 1028 1121
 1028 1120
 1028 1077
 1028 1076
 1029 1078
 1029 1030
 1029 1077
 1030 1124
 1030 1078
 1030 1079
 1031 1080
 1031 1032
 1032 1033
 1032 1081
 1032 1080
 1033 1081
 1034 1081
 1034 1128
 1034 1082
 1036 1129
 1036 1082
 1036 1083
 1036 1037
 1037 1084
 1037 1083
 1039 1131
 1039 1085
 1039 1040
 1039 1084
 1040 1086
 1040 1085
 1041 1042
 1042 1043
 1042 1086
 1043 1088
 1043 1087
 1043 1089
 1044 1136
 1044 1090
 1045 1091
 1045 1046
 1045 1090
 1046 1047
 1046 1091
 1047 1092
 1047 1093
 1048 2306
 1048 1095
 1049 2296
 1050 2298
 1050 2296
 1051 1098
 1051 1097
 1054 1146
 1054 1099
 1055 1146
 1056 1147
 1056 1101
 1056 1057
 1057 1103
 1057 1101
 1058 1150
 1058 1104
 1059 1105
 1059 1060
 1060 1152
 1060 1106
 1061 1106
 1061 1062
 1062 1107
 1062 1063
 1063 1155
 1063 1108
 1063 1107
 1063 1064
 1064 1065
 1064 1108
 1065 1110
 1065 1109
 1065 1066
 1066 1111
 1066 1112
 1066 1110
 1066 1067
 1067 1112
 1068 1114
 1068 1069
 1068 1113
 1069 1070
 1069 1115
 1070 1115
 1070 1071
 1071 1072
 1071 1115
 1072 1117
 1072 1116
 1073 1117
 1073 1118
 1074 1119
 1075 1167
 1075 1120
 1075 1119
 1076 1120
 1077 1123
 1077 1078
 1077 1121
 1078 1171
 1078 1123
 1079 1125
 1079 1080
 1079 1124
 1080 1127
 1080 1081
 1080 1125
 1081 1128
 1081 1127
 1082 1129
 1082 1128
 1083 1130
 1083 1084
 1083 1129
 1084 1131
 1084 1130
 1085 1086
 1085 1133
 1085 1131
 1086 1087
 1087 1088
 1087 1134
 1087 1135
 1087 1133
 1088 1135
 1089 1183
 1089 1136
 1090 1137
 1090 1136
 1091 1138
 1091 1137
 1092 1139
 1093 1140
 1093 1094
 1093 2306
 1094 1141
 1094 1095
 1094 1140
 1095 1141
 1095 1096
 1096 2298
 1096 1142
 1096 1141
 1096 2297
 1097 2298
 1097 1143
 1097 1098
 1097 1142
 1098 1143
 1099 1146
 1100 1147
 1100 1146
 1101 1102
 1101 1148
 1102 1103
 1102 1149
 1103 1150
 1103 1197
 1104 1199
 1104 1151
 1105 1151
 1105 1152
 1106 1153
 1107 1153
 1107 1155
 1107 1154
 1108 1156
 1108 1155
 1109 1110
 1109 1157
 1109 1156
 1110 1159
 1110 1157
 1110 1111
 1111 1112
 1111 1160
 1111 1159
 1112 1208
 1112 1161
 1112 1113
 1113 1114
 1114 1163
 1114 1115
 1114 1161
 1115 1163
 1116 1163
 1116 1164
 1116 1117
 1117 1118
 1117 1166
 1117 1164
 1118 1166
 1118 1119
 1119 1167
 1119 1166
 1120 1168
 1120 1167
 1121 1122
 1122 1169
 1123 1171
 1123 1169
 1124 1172
 1124 1171
 1125 1173
 1125 1126
 1126 1127
 1127 1174
 1127 1128
 1128 1129
 1128 1174
 1129 1177
 1129 1130
 1129 1175
 1130 1177
 1131 1132
 1131 1177
 1132 1133
 1132 1179
 1132 1180
 1132 1178
 1133 1181
 1133 1134
 1133 1180
 1134 1181
 1134 1135
 1135 1182
 1135 1183
 1136 1184
 1137 1185
 1137 1186
 1138 1139
 1138 1187
 1139 1140
 1139 1187
 1139 1188
 1140 1141
 1140 1188
 1141 1190
 1141 1142
 1142 1191
 1142 1143
 1142 2298
 1143 1144
 1144 1191
 1145 1194
 1147 1194
 1148 1196
 1149 1197
 1149 1196
 1150 1199
 1150 1198
 1151 1200
 1152 1201
 1152 1200
 1153 1202
 1153 1154
 1153 1201
 1154 1155
 1154 1203
 1155 1156
 1156 1157
 1156 1204
 1157 1249
 1157 1204
 1157 1205
 1158 1205
 1158 1159
 1159 1206
 1159 1160
 1159 1205
 1160 1207
 1160 1206
 1161 1209
 1161 1162
 1161 1208
 1162 1163
 1162 1210
 1163 1210
 1163 1212
 1163 1164
 1164 1213
 1164 1212
 1165 1166
 1166 1257
 1166 1167
 1166 1215
 1167 1215
 1167 1216
 1168 1217
 1168 1169
 1169 1170
 1170 1218
 1170 1217
 1171 1219
 1171 1172
 1171 1218
 1172 1219
 1172 1173
 1173 1174
 1173 1219
 1174 1175
 1174 1220
 1175 1221
 1175 1176
 1176 1224
 1176 1177
 1176 1223
 1176 1222
 1177 1224
 1178 1179
 1179 1226
 1179 1225
 1180 1271
 1180 1226
 1180 1227
 1180 1181
 1181 1182
 1182 1227
 1182 1228
 1182 1229
 1183 1184
 1183 1230
 1184 1274
 1184 1185
 1184 1231
 1185 1231
 1185 1232
 1186 1232
 1186 1187
 1187 1276
 1187 1233
 1188 1234
 1188 1233
 1189 1236
 1191 1282
 1191 1281
 1191 1237
 1191 1236
 1193 1239
 1193 1194
 1194 1239
 1194 1195
 1194 1240
 1195 1241
 1195 1196
 1195 1240
 1196 1241
 1197 1242
 1198 1243
 1199 1243
 1200 1245
 1200 2317
 1200 1244
 1201 1245
 1201 1246
 1201 1202
 1202 1203
 1203 1247
 1203 1248
 1204 1249
 1204 1248
 1205 1249
 1206 1251
 1206 1249
 1206 1207
 1207 1252
 1207 1251
 1208 1253
 1208 1209
 1209 1210
 1209 1253
 1210 1254
 1210 1253
 1211 1301
 1211 1255
 1211 1212
 1211 1254
 1212 1255
 1212 1256
 1213 1214
 1213 1256
 1214 1257
 1214 1256
 1215 1216
 1215 1257
 1216 1260
 1216 1217
 1216 1259
 1216 1258
 1217 1260
 1217 1261
 1217 1218
 1218 1219
 1219 1261
 1219 1263
 1219 1220
 1220 1221
 1220 1264
 1220 1263
 1221 1265
 1222 1266
 1222 1223
 1223 1224
 1224 1267
 1224 1268
 1224 1225
 1224 1266
 1225 1268
 1225 1269
 1225 1226
 1226 1270
 1226 1269
 1227 1272
 1227 1228
 1227 1318
 1227 1271
 1228 1319
 1228 1272
 1228 1273
 1229 1273
 1229 1230
 1230 1274
 1231 1323
 1231 1275
 1232 1276
 1232 1275
 1233 1278
 1234 1279
 1234 1235
 1235 1280
 1235 1279
 1235 1236
 1236 1281
 1236 1280
 1237 1282
 1239 1285
 1239 1284
 1240 1286
 1241 1287
 1241 1288
 1241 1242
 1241 1286
 1242 1288
 1242 1243
 1243 1336
 1243 1289
 1243 1244
 1243 1288
 1244 1289
 1244 1290
 1244 2317
 1245 1291
 1245 1292
 1245 1246
 1246 1293
 1246 1247
 1247 1341
 1247 1294
 1248 1342
 1248 1295
 1248 1294
 1248 1249
 1249 1296
 1249 1295
 1251 1345
 1251 1297
 1251 1252
 1251 1296
 1252 1299
 1252 1298
 1252 1253
 1252 1297
 1253 1300
 1253 1254
 1254 1301
 1255 1302
 1255 1256
 1255 1303
 1256 1257
 1256 1304
 1257 1304
 1257 1305
 1258 1259
 1259 1260
 1259 1306
 1259 1305
 1260 1355
 1260 1308
 1260 1261
 1261 1310
 1261 1262
 1261 1308
 1261 1309
 1262 1263
 1262 1310
 1263 1310
 1263 1311
 1264 1312
 1264 1313
 1264 1311
 1264 1265
 1265 1314
 1265 1266
 1265 1313
 1266 1267
 1266 1314
 1267 1314
 1267 1315
 1268 1315
 1269 1270
 1269 1315
 1270 1317
 1270 1316
 1271 1317
 1272 1366
 1272 1319
 1273 1321
 1273 1320
 1273 1274
 1273 1319
 1274 1322
 1274 1321
 1275 1370
 1275 1324
 1276 1324
 1276 1277
 1277 1325
 1277 1278
 1277 1324
 1278 1325
 1278 1279
 1279 1327
 1279 1326
 1280 1327
 1280 1328
 1282 1329
 1283 1330
 1285 1333
 1285 1378
 1285 1332
 1285 1286
 1286 1333
 1286 1287
 1287 1288
 1287 1333
 1288 1336
 1288 1335
 1289 1290
 1289 1338
 1289 1336
 1290 1339
 1291 2317
 1291 1292
 1292 1340
 1293 1340
 1293 1341
 1294 1342
 1295 1296
 1295 1344
 1295 1342
 1296 1344
 1296 1345
 1297 1346
 1297 1345
 1298 1346
 1298 1347
 1298 1299
 1299 1300
 1300 1347
 1301 1349
 1301 1348
 1302 1303
 1303 1349
 1303 1350
 1304 1351
 1304 1305
 1304 1350
 1305 1353
 1305 1352
 1305 1351
 1305 1306
 1306 1399
 1306 1354
 1306 1353
 1307 1354
 1307 1355
 1308 1356
 1308 1355
 1309 1310
 1309 1356
 1310 1311
 1310 1358
 1311 1358
 1312 1313
 1312 1358
 1313 1361
 1313 1359
 1313 1314
 1314 1362
 1314 1361
 1314 1315
 1315 1364
 1315 1316
 1315 1363
 1316 1365
 1316 1364
 1316 1317
 1317 1318
 1317 1366
 1319 1366
 1320 1414
 1320 1367
 1320 1368
 1320 1321
 1321 1322
 1321 1368
 1322 1369
 1322 1323
 1323 1370
 1323 1369
 1324 1371
 1324 1372
 1325 1373
 1325 1372
 1325 1326
 1326 1373
 1327 1419
 1327 1374
 1328 1421
 1328 1329
 1329 1375
 1329 1330
 1329 1421
 1330 1376
 1330 1375
 1330 1331
 1332 1378
 1333 1334
 1333 1378
 1333 1379
 1333 1425
 1334 1380
 1334 1335
 1335 1336
 1336 1381
 1336 1337
 1337 1430
 1337 1382
 1339 1382
 1339 2317
 1340 1384
 1340 1385
 1341 1385
 1341 1386
 1342 1434
 1342 1387
 1342 1343
 1342 1386
 1343 1387
 1344 1388
 1344 1345
 1344 1387
 1345 1346
 1345 1388
 1346 1347
 1346 1390
 1346 1389
 1347 1348
 1347 1391
 1348 1394
 1348 1392
 1348 1393
 1348 1349
 1349 1440
 1349 1395
 1349 1394
 1349 1350
 1350 1397
 1350 1351
 1350 1395
 1351 1397
 1352 1398
 1352 1397
 1353 1398
 1353 1399
 1354 1400
 1354 1399
 1355 1401
 1355 1356
 1355 1400
 1356 1402
 1356 1401
 1357 1402
 1357 1358
 1358 1404
 1358 1359
 1359 1360
 1359 1404
 1359 1405
 1360 1361
 1361 1407
 1362 1408
 1362 1363
 1363 1364
 1364 1409
 1364 1365
 1364 1410
 1365 1411
 1365 1410
 1365 1366
 1366 1367
 1366 1413
 1366 1412
 1366 1411
 1367 1414
 1367 1413
 1368 1415
 1368 1414
 1369 1370
 1369 1415
 1370 1371
 1370 1416
 1371 1372
 1371 1416
 1372 1417
 1372 1373
 1373 1419
 1373 1418
 1374 1421
 1374 1420
 1374 1419
 1375 1423
 1375 1422
 1375 1421
 1378 1425
 1378 1424
 1380 1427
 1381 1428
 1382 1431
 1382 1383
 1382 1430
 1383 1477
 1383 1432
 1383 1384
 1383 1431
 1385 1433
 1386 1480
 1386 1479
 1386 1434
 1387 1388
 1387 1434
 1388 1389
 1389 1390
 1389 1435
 1389 1436
 1390 1391
 1390 1436
 1391 1437
 1391 1392
 1392 1393
 1392 1439
 1393 1394
 1394 1440
 1395 1441
 1395 1440
 1396 1442
 1396 1397
 1396 1441
 1397 1443
 1397 1398
 1397 1442
 1398 1399
 1399 1444
 1399 1400
 1400 1401
 1401 1446
 1401 1402
 1402 1493
 1402 1447
 1402 1446
 1403 1404
 1403 1448
 1403 1447
 1404 1405
 1405 1406
 1405 1450
 1406 1407
 1406 1451
 1406 1450
 1407 1452
 1407 1408
 1408 1453
 1408 1454
 1409 1454
 1409 1455
 1409 1410
 1410 1456
 1410 1455
 1411 1457
 1411 1412
 1411 1456
 1412 1457
 1412 1413
 1413 1414
 1413 1459
 1414 1460
 1414 1459
 1415 1461
 1415 1460
 1416 1462
 1416 1461
 1417 1463
 1417 1462
 1418 2310
 1418 1419
 1418 1463
 1419 1420
 1419 1464
 1420 1421
 1420 1465
 1421 1466
 1421 1422
 1422 1423
 1422 1467
 1423 1468
 1425 1514
 1425 1470
 1426 1471
 1426 1427
 1427 1473
 1427 1428
 1427 1472
 1428 1429
 1429 1430
 1429 1475
 1430 1475
 1431 1520
 1431 1476
 1432 1478
 1432 1433
 1432 1477
 1433 1478
 1433 1479
 1434 1435
 1434 1480
 1435 1481
 1436 1437
 1436 1482
 1437 1438
 1437 1484
 1438 1439
 1438 1484
 1439 1486
 1439 1485
 1440 1486
 1440 1441
 1441 1442
 1441 1486
 1442 1488
 1442 1443
 1443 1488
 1443 1444
 1444 1445
 1444 1490
 1444 1489
 1445 1492
 1445 1446
 1446 1493
 1447 1494
 1447 1493
 1448 1494
 1448 1449
 1449 1450
 1449 1496
 1449 1495
 1450 1497
 1450 1451
 1451 1497
 1452 1498
 1452 1499
 1453 1500
 1453 1499
 1453 1454
 1454 1500
 1454 1455
 1455 1502
 1455 1456
 1456 1457
 1457 1502
 1457 1458
 1458 1504
 1458 1459
 1459 1505
 1459 1460
 1460 1551
 1460 1506
 1460 1505
 1461 1507
 1461 1506
 1462 1508
 1462 1507
 1463 2308
 1463 1508
 1464 1509
 1465 1510
 1466 1510
 1467 1556
 1467 1511
 1468 1512
 1470 1514
 1471 1516
 1471 1472
 1471 1515
 1471 1514
 1472 1516
 1472 1473
 1473 1517
 1473 1516
 1473 1474
 1474 1518
 1474 1475
 1474 1517
 1475 1519
 1475 1518
 1475 1476
 1476 1519
 1477 1566
 1477 1520
 1478 1521
 1478 1479
 1479 1523
 1479 1480
 1479 1522
 1480 1481
 1480 1523
 1481 1482
 1481 1524
 1482 1525
 1482 1483
 1483 1484
 1483 1526
 1484 1528
 1484 1529
 1485 1486
 1485 1530
 1486 1531
 1486 1487
 1487 1532
 1487 1488
 1487 1531
 1488 1533
 1488 1489
 1489 1490
 1489 1533
 1490 1534
 1490 1491
 1491 1536
 1491 1492
 1492 1537
 1492 1493
 1493 1538
 1493 1537
 1493 1494
 1494 1495
 1494 1539
 1495 1540
 1496 1497
 1496 1542
 1496 1541
 1497 2322
 1497 1542
 1498 2322
 1498 1544
 1498 1499
 1499 1545
 1500 1501
 1500 1545
 1501 1547
 1501 1502
 1501 1545
 1501 1546
 1502 1503
 1503 1589
 1503 1504
 1503 1547
 1504 1549
 1504 1505
 1505 1550
 1505 1551
 1506 1552
 1506 1551
 1507 1553
 1507 1552
 1508 1554
 1508 1553
 1509 1597
 1509 2311
 1509 1555
 1509 1510
 1510 1556
 1511 1558
 1511 1557
 1511 1512
 1511 1556
 1513 1514
 1513 1560
 1514 1515
 1515 1516
 1515 1561
 1516 1562
 1516 1517
 1517 1563
 1517 1518
 1518 1519
 1519 1520
 1519 1564
 1520 1564
 1521 1567
 1521 1566
 1521 1522
 1522 1523
 1522 1568
 1522 1567
 1523 1524
 1523 1568
 1524 1525
 1524 1569
 1525 1571
 1525 1570
 1526 1527
 1526 1571
 1527 1573
 1527 1528
 1528 1529
 1529 1574
 1529 1530
 1530 1618
 1530 1619
 1530 1531
 1531 1619
 1532 1575
 1532 1533
 1533 1534
 1534 1576
 1534 1535
 1535 1578
 1535 1536
 1535 1577
 1536 1579
 1536 1537
 1537 1538
 1538 1539
 1538 1580
 1539 1580
 1539 1540
 1540 1582
 1540 1581
 1541 1583
 1541 1582
 1542 1543
 1542 1583
 1543 1585
 1544 1629
 1544 1586
 1544 1585
 1545 1587
 1545 1586
 1545 1546
 1546 1588
 1546 1587
 1547 1589
 1547 1588
 1548 1549
 1548 1591
 1548 1589
 1549 1592
 1549 1550
 1550 1551
 1550 1593
 1551 1593
 1552 1635
 1552 1593
 1552 1594
 1553 1637
 1553 1594
 1553 1554
 1554 2309
 1554 1596
 1554 1595
 1555 1641
 1555 1640
 1555 1598
 1555 1556
 1555 1597
 1556 1598
 1556 1557
 1557 1600
 1557 1599
 1558 1600
 1559 1603
 1560 1603
 1560 1604
 1561 1604
 1562 1605
 1563 1649
 1563 1650
 1563 1607
 1563 1606
 1564 1607
 1564 1608
 1564 1565
 1565 1609
 1565 1608
 1565 1566
 1566 1567
 1566 1609
 1567 1568
 1567 1609
 1568 1610
 1568 1569
 1569 1612
 1569 1570
 1569 1613
 1570 1613
 1571 1658
 1571 1614
 1571 1613
 1572 1573
 1572 1614
 1572 1615
 1573 1616
 1574 1617
 1575 1576
 1575 1619
 1576 1620
 1576 1577
 1577 1621
 1578 1624
 1578 1579
 1578 1623
 1579 1625
 1579 1580
 1580 1625
 1581 1626
 1581 1625
 1581 1582
 1582 1671
 1582 1626
 1583 1672
 1583 1627
 1584 1628
 1585 1629
 1585 1628
 1586 1675
 1586 1587
 1586 1630
 1587 1676
 1587 1630
 1588 1632
 1588 1631
 1589 1590
 1590 1633
 1590 1591
 1590 1632
 1591 2316
 1591 1592
 1592 1593
 1592 1634
 1593 1635
 1594 1636
 1594 1635
 1595 1638
 1595 1596
 1595 1637
 1596 2311
 1596 1597
 1596 2309
 1597 2311
 1597 1639
 1598 1642
 1598 1641
 1599 1643
 1599 1642
 1601 1643
 1602 1603
 1603 1645
 1603 1604
 1604 1647
 1604 1605
 1604 1648
 1605 1606
 1605 1648
 1606 1648
 1606 1649
 1607 1694
 1607 1652
 1607 1651
 1608 1652
 1608 1653
 1608 1609
 1609 1610
 1610 1653
 1610 1611
 1611 1656
 1611 1612
 1611 1654
 1612 1657
 1612 1613
 1613 1657
 1614 1701
 1614 1658
 1615 1660
 1615 1659
 1616 1661
 1616 1617
 1616 1660
 1617 1618
 1617 1661
 1617 1663
 1617 1662
 1618 1664
 1618 1663
 1618 1619
 1619 1665
 1619 1664
 1620 1707
 1620 1621
 1620 1665
 1621 1708
 1621 1666
 1621 1622
 1622 1623
 1623 1668
 1623 1624
 1624 1669
 1624 1625
 1625 1669
 1626 1713
 1626 1671
 1626 1670
 1627 1671
 1628 1673
 1629 1675
 1629 1674
 1630 1675
 1631 1677
 1631 1676
 1632 1678
 1632 1677
 1633 2316
 1633 1680
 1633 1679
 1634 1681
 1634 1635
 1635 1725
 1635 1724
 1635 1636
 1636 1682
 1636 1725
 1637 1682
 1638 1683
 1638 1682
 1639 1684
 1639 1683
 1640 1684
 1640 1641
 1641 1642
 1642 1643
 1642 1685
 1643 1687
 1643 1686
 1643 1644
 1644 1687
 1645 1690
 1646 1647
 1647 1648
 1647 1692
 1648 1649
 1649 1693
 1650 1651
 1650 1693
 1651 1694
 1652 1695
 1652 1653
 1653 1654
 1653 1695
 1654 1696
 1654 1655
 1655 1656
 1655 1697
 1656 1699
 1656 1657
 1657 1700
 1657 1658
 1658 1700
 1659 1746
 1659 1701
 1660 1747
 1660 1703
 1661 1662
 1661 1703
 1662 1663
 1662 1704
 1663 1664
 1664 1705
 1664 1665
 1665 1706
 1665 1705
 1666 1708
 1666 1707
 1667 1709
 1667 1668
 1667 1708
 1668 1711
 1668 1669
 1668 1710
 1669 1711
 1670 1711
 1671 1714
 1671 1713
 1672 1759
 1672 1714
 1673 1715
 1673 1674
 1674 1716
 1674 2321
 1674 1675
 1675 1676
 1675 1717
 1676 1717
 1677 1719
 1677 1678
 1678 1720
 1678 1719
 1679 1720
 1680 1723
 1680 2316
 1680 1722
 1681 2316
 1681 1724
 1681 1767
 1682 1770
 1682 1771
 1682 1726
 1682 1725
 1683 1727
 1683 1726
 1684 1728
 1685 1729
 1687 1776
 1687 1731
 1687 1730
 1689 1690
 1689 1733
 1690 1733
 1690 1734
 1690 1691
 1692 1781
 1692 1735
 1693 1737
 1693 1736
 1694 1739
 1694 1695
 1694 1738
 1694 1737
 1695 1739
 1696 1741
 1696 1697
 1696 1739
 1697 1698
 1698 1743
 1698 1741
 1698 1699
 1699 1744
 1699 1700
 1700 1744
 1701 1745
 1701 1744
 1702 1747
 1702 1746
 1703 1704
 1703 1748
 1704 1749
 1705 1796
 1705 1795
 1705 1750
 1705 1706
 1705 1749
 1706 1750
 1707 1797
 1708 1751
 1709 1753
 1709 1752
 1710 1754
 1710 1711
 1710 1753
 1711 1755
 1711 1754
 1712 1755
 1712 1713
 1713 1714
 1713 1756
 1714 1757
 1715 1760
 1715 1759
 1715 2321
 1716 1807
 1716 2321
 1716 1717
 1717 1808
 1717 1718
 1717 1762
 1718 1762
 1718 1719
 1719 1720
 1720 1764
 1720 1721
 1721 1764
 1722 1812
 1722 1766
 1722 1723
 1722 1765
 1723 1767
 1724 1725
 1724 1768
 1725 1768
 1725 1769
 1726 1817
 1726 1772
 1726 1771
 1727 1773
 1727 1728
 1728 1774
 1728 1773
 1728 1729
 1729 1820
 1729 1775
 1729 1774
 1730 1821
 1730 1776
 1730 1775
 1731 1776
 1732 1779
 1733 1779
 1733 1734
 1734 1735
 1734 1780
 1734 1779
 1735 1781
 1735 1780
 1736 1781
 1737 1783
 1737 1827
 1738 1827
 1738 1739
 1738 1784
 1739 1785
 1739 1784
 1740 1830
 1740 1741
 1741 1742
 1741 1786
 1742 1788
 1743 1788
 1744 1790
 1744 1789
 1744 1745
 1745 1791
 1745 1790
 1746 1791
 1747 1793
 1748 1793
 1748 1794
 1749 1795
 1749 1794
 1750 1797
 1750 1796
 1751 1798
 1751 1752
 1752 1799
 1753 1844
 1753 1801
 1753 1754
 1754 1755
 1755 1801
 1755 1802
 1756 1757
 1756 1802
 1757 1803
 1757 1758
 1758 1805
 1758 1804
 1759 1805
 1759 1760
 1760 2321
 1760 1806
 1760 1807
 1761 1808
 1761 1807
 1762 1809
 1762 1808
 1763 1764
 1763 1809
 1764 1811
 1764 1810
 1765 1812
 1765 1811
 1766 1813
 1767 1814
 1767 1768
 1768 1769
 1768 1814
 1769 1815
 1769 1770
 1770 1771
 1771 1817
 1772 1818
 1772 1773
 1772 1817
 1773 1819
 1774 1861
 1774 1819
 1775 1821
 1775 1820
 1776 1822
 1776 1821
 1779 1865
 1779 1823
 1779 1824
 1781 1825
 1781 1782
 1782 1826
 1782 1783
 1782 1825
 1783 1827
 1783 1826
 1784 1785
 1784 1829
 1784 1827
 1785 1871
 1785 1830
 1785 1829
 1786 1787
 1786 1830
 1787 1833
 1787 1831
 1788 1833
 1788 1789
 1789 1790
 1789 1834
 1789 1833
 1790 1834
 1790 1791
 1791 1836
 1791 1835
 1792 1837
 1792 1836
 1793 1838
 1793 1794
 1793 1837
 1794 1795
 1795 1839
 1795 1796
 1796 1797
 1796 1840
 1796 1839
 1797 1841
 1797 1840
 1797 1798
 1798 1842
 1798 1841
 1799 1800
 1799 1842
 1800 1844
 1801 1845
 1801 1802
 1802 1803
 1802 1845
 1803 1804
 1804 1846
 1805 1848
 1806 1890
 1806 1889
 1806 1807
 1806 1849
 1806 1848
 1807 2321
 1807 1849
 1808 1851
 1808 1809
 1809 2315
 1809 1851
 1810 2315
 1810 1811
 1811 1852
 1812 1853
 1813 1896
 1813 1855
 1813 1854
 1814 1856
 1814 1815
 1814 1855
 1815 1856
 1815 1816
 1816 1858
 1816 1857
 1817 1859
 1817 1858
 1817 1818
 1818 1900
 1818 1860
 1818 1819
 1818 1859
 1819 1901
 1819 1860
 1820 1862
 1820 1861
 1821 1904
 1821 1863
 1821 1862
 1823 1865
 1824 1866
 1824 1825
 1824 1865
 1825 1866
 1826 1868
 1826 1827
 1826 1867
 1827 1828
 1827 1870
 1827 1868
 1828 1829
 1829 1871
 1830 1872
 1830 1871
 1831 1832
 1831 1872
 1832 1874
 1833 1915
 1833 1875
 1833 1834
 1833 1874
 1834 1835
 1835 1836
 1835 1875
 1836 1917
 1836 1876
 1837 1838
 1837 1878
 1838 1880
 1838 1839
 1838 1878
 1839 1881
 1840 1882
 1840 1841
 1841 1883
 1841 1882
 1842 1843
 1842 1883
 1843 1844
 1844 1925
 1844 1924
 1844 1845
 1845 1926
 1845 1925
 1845 1885
 1846 1847
 1846 1885
 1846 1887
 1847 1888
 1848 1889
 1848 1888
 1849 1850
 1849 1890
 1850 1892
 1851 2315
 1851 1892
 1852 1853
 1852 1894
 1853 1854
 1855 1937
 1855 1856
 1855 1896
 1856 1938
 1856 1897
 1856 1937
 1857 1939
 1857 1897
 1858 1940
 1858 1899
 1859 1900
 1859 1899
 1860 1900
 1861 1902
 1861 1901
 1861 1862
 1862 1903
 1863 1904
 1865 1948
 1865 1906
 1866 1908
 1866 1867
 1866 1907
 1867 1951
 1867 1868
 1867 1908
 1868 1909
 1868 1869
 1869 1910
 1869 1870
 1869 1909
 1870 1953
 1870 1911
 1870 1871
 1871 1872
 1871 1911
 1872 2302
 1872 1912
 1873 1874
 1873 2302
 1874 1914
 1874 1915
 1875 1916
 1875 1915
 1876 1916
 1877 1918
 1878 1919
 1878 1879
 1878 1918
 1879 1919
 1879 1880
 1879 1920
 1880 1921
 1880 1881
 1881 1921
 1881 1882
 1882 1923
 1882 1883
 1883 2300
 1883 1923
 1884 2300
 1884 1924
 1885 1927
 1885 1926
 1886 1927
 1886 1887
 1887 1929
 1888 1929
 1889 1931
 1889 1930
 1889 1890
 1890 1932
 1890 1931
 1891 1932
 1891 1892
 1892 1974
 1892 1893
 1892 2315
 1893 1975
 1893 1974
 1893 1894
 1893 2315
 1894 1934
 1894 2315
 1895 1896
 1895 1934
 1895 1936
 1896 1937
 1896 1936
 1897 1938
 1898 1940
 1898 1939
 1899 1900
 1899 1940
 1900 1901
 1900 1942
 1901 1985
 1901 1943
 1901 1942
 1902 1943
 1903 1944
 1904 1945
 1904 1944
 1905 1945
 1906 1948
 1907 1948
 1908 1951
 1908 1950
 1909 1951
 1910 1953
 1910 1952
 1911 1998
 1911 1954
 1911 1953
 1912 1954
 1913 1956
 1913 2302
 1914 1957
 1914 1915
 1914 1956
 1915 1916
 1915 1958
 1915 1957
 1916 1958
 1917 1958
 1918 1959
 1918 1960
 1918 1919
 1919 2006
 1919 1960
 1920 2008
 1920 1962
 1920 1961
 1921 1962
 1921 1963
 1921 1922
 1922 1923
 1922 1963
 1923 2300
 1923 2010
 1924 1925
 1924 1966
 1925 1967
 1925 1926
 1926 1967
 1927 1968
 1928 1968
 1928 1929
 1929 1970
 1929 1930
 1930 2017
 1930 1971
 1930 1970
 1930 1931
 1931 1971
 1932 1972
 1932 1933
 1932 1971
 1933 1974
 1934 1935
 1934 1975
 1935 1978
 1935 1976
 1936 1979
 1936 1978
 1936 1937
 1937 1980
 1937 1938
 1938 1981
 1938 1980
 1939 1982
 1940 1941
 1940 2301
 1941 1984
 1942 1985
 1942 1984
 1943 1986
 1943 1944
 1944 1988
 1944 1987
 1945 1989
 1945 1988
 1947 1991
 1948 1991
 1948 1992
 1948 1949
 1949 1950
 1949 1993
 1949 1992
 1950 1993
 1950 1994
 1950 1951
 1951 1994
 1951 1952
 1952 1996
 1953 1997
 1953 1998
 1954 1999
 1954 1998
 1954 2302
 1955 1999
 1955 2000
 1956 2001
 1956 1957
 1956 2044
 1956 2000
 1957 2001
 1958 2003
 1958 2002
 1959 2005
 1959 2003
 1960 2006
 1960 2005
 1961 2006
 1962 1963
 1963 1964
 1963 2008
 1963 2051
 1964 2009
 1964 2010
 1965 2011
 1965 2013
 1965 1966
 1966 1967
 1966 2014
 1967 2014
 1967 1968
 1968 2015
 1968 2058
 1968 2014
 1969 2016
 1970 2017
 1970 2016
 1971 2018
 1971 1972
 1971 2017
 1972 2019
 1972 2018
 1973 2020
 1974 2020
 1974 1975
 1975 2021
 1975 2020
 1976 2022
 1976 1977
 1977 2024
 1978 2024
 1978 1979
 1979 1980
 1979 2025
 1979 2069
 1979 2024
 1980 2025
 1980 1981
 1981 1982
 1981 2027
 1981 2026
 1982 2071
 1982 2028
 1982 2027
 1983 2301
 1983 2029
 1984 2030
 1984 2029
 1984 1985
 1985 1986
 1985 2031
 1985 2030
 1986 2032
 1986 2031
 1986 1987
 1987 1988
 1987 2032
 1988 2034
 1988 2033
 1991 2079
 1991 2036
 1991 2035
 1992 2080
 1992 2036
 1992 2037
 1993 1994
 1993 2037
 1994 2081
 1994 2038
 1994 2037
 1995 1996
 1995 2038
 1996 2040
 1997 2041
 1997 2040
 1997 1998
 1998 2042
 1998 1999
 1999 2042
 2000 2044
 2001 2045
 2001 2044
 2002 2045
 2002 2003
 2003 2047
 2003 2046
 2004 2047
 2004 2005
 2005 2049
 2005 2006
 2006 2007
 2006 2049
 2008 2097
 2008 2096
 2008 2050
 2008 2051
 2009 2098
 2009 2051
 2010 2053
 2010 2054
 2010 2011
 2010 2300
 2011 2300
 2011 2054
 2012 2320
 2012 2013
 2013 2056
 2014 2057
 2014 2056
 2014 2058
 2015 2059
 2015 2058
 2016 2061
 2016 2017
 2016 2060
 2017 2303
 2017 2061
 2018 2019
 2018 2063
 2018 2062
 2019 2065
 2020 2065
 2020 2066
 2020 2021
 2021 2066
 2021 2022
 2022 2067
 2022 2066
 2023 2068
 2023 2067
 2024 2295
 2024 2068
 2025 2026
 2025 2069
 2026 2027
 2027 2071
 2027 2070
 2028 2029
 2028 2071
 2029 2073
 2029 2030
 2030 2119
 2030 2073
 2030 2031
 2031 2032
 2032 2075
 2032 2074
 2033 2076
 2034 2076
 2035 2079
 2036 2080
 2037 2081
 2037 2080
 2038 2082
 2038 2081
 2039 2040
 2039 2082
 2040 2041
 2040 2084
 2041 2042
 2041 2084
 2042 2085
 2042 2087
 2042 2086
 2043 2044
 2044 2045
 2044 2088
 2045 2090
 2045 2088
 2045 2046
 2046 2091
 2046 2047
 2047 2134
 2047 2092
 2047 2091
 2048 2093
 2049 2050
 2049 2093
 2049 2094
 2050 2094
 2050 2096
 2051 2097
 2052 2099
 2052 2098
 2053 2054
 2053 2100
 2053 2099
 2054 2320
 2054 2100
 2055 2320
 2056 2102
 2056 2101
 2056 2057
 2057 2103
 2057 2058
 2057 2102
 2058 2103
 2058 2104
 2060 2105
 2060 2104
 2061 2303
 2061 2105
 2062 2063
 2062 2303
 2063 2149
 2063 2064
 2063 2106
 2064 2108
 2065 2109
 2065 2108
 2065 2066
 2066 2111
 2066 2067
 2066 2109
 2067 2111
 2068 2113
 2068 2112
 2069 2114
 2069 2070
 2069 2113
 2070 2115
 2070 2156
 2070 2114
 2071 2072
 2071 2116
 2071 2115
 2072 2118
 2073 2119
 2073 2118
 2074 2120
 2074 2119
 2074 2075
 2075 2076
 2075 2122
 2075 2121
 2076 2123
 2076 2122
 2079 2125
 2079 2124
 2080 2167
 2080 2126
 2080 2125
 2081 2127
 2081 2082
 2082 2169
 2082 2128
 2082 2083
 2082 2127
 2083 2129
 2084 2172
 2084 2130
 2084 2085
 2084 2129
 2085 2086
 2086 2174
 2086 2087
 2087 2174
 2087 2088
 2088 2132
 2088 2089
 2089 2178
 2089 2090
 2089 2133
 2089 2132
 2091 2179
 2091 2134
 2091 2133
 2093 2135
 2093 2094
 2094 2136
 2094 2137
 2094 2135
 2096 2138
 2096 2137
 2097 2139
 2097 2098
 2097 2138
 2098 2139
 2099 2186
 2099 2141
 2099 2100
 2100 2142
 2100 2141
 2101 2188
 2101 2102
 2102 2189
 2102 2144
 2103 2145
 2103 2144
 2104 2145
 2104 2105
 2105 2303
 2105 2147
 2106 2149
 2107 2108
 2107 2149
 2108 2151
 2108 2109
 2109 2151
 2109 2110
 2110 2153
 2110 2111
 2111 2153
 2112 2153
 2113 2200
 2113 2155
 2113 2114
 2113 2295
 2114 2155
 2116 2158
 2116 2157
 2116 2117
 2117 2118
 2117 2158
 2118 2160
 2118 2119
 2119 2162
 2119 2161
 2119 2120
 2120 2121
 2120 2162
 2121 2122
 2122 2164
 2122 2163
 2123 2164
 2125 2211
 2125 2167
 2125 2166
 2126 2127
 2126 2167
 2127 2215
 2127 2169
 2128 2129
 2128 2171
 2128 2219
 2129 2172
 2129 2171
 2130 2174
 2130 2172
 2131 2175
 2131 2174
 2132 2175
 2132 2176
 2132 2177
 2133 2178
 2134 2180
 2134 2179
 2135 2136
 2135 2181
 2135 2180
 2136 2181
 2136 2137
 2137 2183
 2137 2138
 2138 2184
 2138 2139
 2139 2185
 2139 2140
 2140 2186
 2141 2187
 2141 2186
 2141 2142
 2142 2188
 2142 2320
 2143 2250
 2143 2188
 2144 2145
 2144 2189
 2145 2192
 2145 2146
 2145 2190
 2146 2147
 2147 2148
 2147 2194
 2147 2192
 2147 2303
 2148 2149
 2148 2303
 2149 2194
 2149 2150
 2150 2196
 2151 2197
 2151 2152
 2151 2196
 2152 2153
 2153 2199
 2153 2198
 2153 2154
 2153 2197
 2154 2200
 2155 2156
 2155 2201
 2155 2200
 2156 2202
 2156 2157
 2157 2158
 2158 2203
 2158 2202
 2159 2205
 2159 2203
 2159 2160
 2160 2161
 2161 2206
 2161 2205
 2161 2162
 2162 2206
 2162 2163
 2163 2208
 2163 2164
 2164 2209
 2164 2208
 2167 2213
 2167 2168
 2167 2211
 2168 2215
 2168 2213
 2169 2217
 2169 2170
 2169 2215
 2170 2219
 2170 2217
 2171 2221
 2171 2219
 2172 2173
 2172 2221
 2173 2224
 2173 2222
 2173 2174
 2174 2226
 2174 2224
 2175 2176
 2175 2226
 2176 2177
 2176 2227
 2177 2230
 2177 2228
 2177 2178
 2178 2232
 2178 2179
 2178 2230
 2179 2233
 2179 2180
 2180 2235
 2180 2181
 2180 2233
 2181 2237
 2181 2235
 2181 2182
 2182 2239
 2182 2183
 2182 2237
 2183 2241
 2183 2184
 2183 2239
 2184 2243
 2184 2241
 2184 2185
 2185 2245
 2185 2186
 2185 2243
 2186 2246
 2187 2248
 2187 2188
 2187 2246
 2188 2320
 2188 2250
 2188 2248
 2189 2252
 2189 2190
 2189 2250
 2190 2253
 2190 2191
 2191 2255
 2191 2192
 2191 2253
 2192 2257
 2192 2255
 2192 2193
 2193 2259
 2193 2194
 2193 2257
 2194 2261
 2194 2259
 2194 2195
 2195 2263
 2195 2196
 2195 2261
 2196 2265
 2196 2197
 2196 2263
 2197 2267
 2197 2198
 2197 2265
 2198 2269
 2198 2267
 2199 2271
 2199 2200
 2199 2269
 2200 2273
 2200 2271
 2201 2275
 2201 2202
 2201 2273
 2202 2277
 2202 2275
 2202 2203
 2203 2278
 2203 2277
 2204 2280
 2204 2205
 2204 2278
 2205 2282
 2205 2280
 2206 2284
 2206 2207
 2206 2282
 2207 2286
 2207 2208
 2207 2284
 2208 2288
 2208 2286
 2208 2209
 2304 2305
 2309 2310
 2309 2311
 2310 2311
