    2  128
    2   82
    3   82
    4   83
    4   82
    6   84
    6   83
    8   84
    9   86
    9   85
   10   86
   11  132
   11   88
   11   87
   13   88
   14   89
   14   90
   16  135
   16   91
   16   90
   18   92
   18   91
   19   93
   21   94
   21   93
   22   94
   23   95
   23   94
   25   95
   26   96
   27   98
   27   97
   28   98
   29   99
   29   98
   31  100
   31   99
   33  145
   33  100
   33  101
   34  102
   36  103
   36  102
   38  104
   38  103
   39  104
   40  104
   40  105
   42  151
   42  106
   42  105
   44  107
   44  106
   46  108
   46  107
   48  108
   48  109
   50  155
   50  110
   50  109
   52  110
   53  112
   53  111
   55  113
   55  112
   57  159
   57  113
   57  114
   59  114
   59  115
   61  115
   61  116
   62  116
   62  117
   64  117
   64  118
   66  119
   66  118
   67  119
   68  120
   68  119
   70  121
   70  120
   71  122
   73  123
   73  122
   75  124
   75  123
   77  125
   77  124
   79  171
   79  125
   81  128
   82  129
   82   83
   83  130
   83   84
   84   85
   85  130
   85  131
   85   86
   87  131
   87  132
   88  133
   88   89
   88  132
   89   90
   89  134
   89  179
   89  133
   90  180
   90  134
   90  135
   91  136
   91   92
   92  137
   92   93
   92  136
   93  138
   93   94
   94  139
   94   95
   95  140
   95  139
   95   96
   96  140
   96   97
   97   98
   98  141
   98  143
   98   99
   99  189
   99  144
   99  143
   99  100
  100  145
  100  144
  101  146
  101  102
  101  145
  102  147
  102  146
  102  103
  103  148
  103  104
  103  147
  104  105
  104  148
  105  151
  105  149
  106  152
  106  107
  106  151
  107  108
  107  152
  108  153
  108  152
  108  109
  109  155
  109  154
  109  153
  110  203
  110  111
  110  155
  111  157
  111  112
  111  203
  112  157
  112  113
  113  159
  113  157
  114  160
  114  115
  114  159
  115  161
  115  160
  116  117
  117  118
  117  161
  117  163
  118  164
  118  119
  118  163
  119  165
  119  120
  120  166
  120  121
  120  165
  121  167
  121  122
  121  166
  122  123
  123  168
  123  167
  123  124
  124  168
  124  125
  124  169
  125  171
  125  170
  125  169
  126  171
  127  174
  127  128
  128  175
  128  174
  128  129
  129  130
  129  175
  130  177
  130  176
  130  131
  130  175
  131  177
  131  132
  131  178
  132  178
  133  179
  133  178
  134  179
  135  136
  135  181
  135  180
  136  137
  136  181
  137  232
  137  184
  137  138
  137  183
  137  182
  138  184
  138  185
  139  140
  140  141
  140  185
  140  186
  141  186
  141  142
  141  188
  143  189
  143  238
  143  188
  144  190
  144  145
  144  189
  145  146
  145  190
  145  191
  146  194
  147  195
  147  148
  147  194
  148  196
  148  195
  149  150
  150  198
  150  151
  150  196
  151  152
  151  198
  152  248
  152  200
  152  153
  153  249
  153  201
  153  154
  154  201
  154  202
  155  251
  155  203
  155  202
  156  157
  156  253
  157  204
  157  158
  158  206
  158  205
  158  159
  159  160
  160  256
  160  161
  160  208
  161  258
  161  208
  161  209
  161  162
  162  259
  162  163
  162  210
  162  209
  163  164
  163  210
  163  212
  164  213
  164  165
  165  214
  165  166
  166  167
  167  216
  167  215
  167  168
  167  214
  168  216
  168  169
  169  217
  170  171
  170  217
  171  220
  171  219
  171  218
  173  174
  174  221
  174  223
  174  175
  175  225
  175  223
  175  176
  176  273
  176  226
  176  177
  177  227
  177  178
  178  227
  178  179
  179  180
  179  228
  180  181
  180  229
  181  231
  181  230
  182  232
  183  234
  183  184
  183  232
  184  234
  184  185
  185  235
  185  236
  185  186
  185  234
  186  236
  187  237
  187  188
  188  238
  188  237
  189  190
  189  238
  190  240
  190  239
  191  241
  191  240
  192  193
  193  291
  193  242
  193  241
  195  243
  195  242
  195  196
  196  197
  196  244
  196  243
  197  198
  197  244
  197  245
  198  246
  198  245
  198  199
  199  248
  199  246
  200  248
  201  202
  201  249
  202  299
  203  253
  203  252
  203  251
  204  253
  205  253
  205  254
  205  206
  206  255
  206  207
  206  254
  207  255
  207  256
  208  257
  208  256
  209  258
  210  309
  210  260
  210  259
  211  212
  212  213
  212  260
  213  262
  213  214
  214  313
  214  263
  214  215
  214  262
  215  314
  215  315
  215  264
  215  216
  216  265
  216  264
  217  266
  217  218
  218  267
  218  266
  218  219
  219  318
  219  268
  219  267
  221  270
  221  222
  223  271
  223  270
  225  273
  225  271
  226  274
  226  227
  227  228
  228  274
  228  275
  228  229
  229  276
  229  230
  229  327
  229  275
  230  276
  230  277
  230  231
  231  232
  231  278
  231  277
  231  279
  232  280
  232  279
  232  331
  234  235
  234  281
  234  280
  235  283
  235  281
  235  236
  236  284
  236  283
  236  237
  237  238
  237  286
  237  284
  238  286
  239  286
  239  288
  239  240
  240  290
  240  241
  240  288
  241  291
  242  292
  242  243
  242  291
  243  293
  243  292
  244  245
  245  246
  245  293
  246  295
  246  294
  247  295
  248  297
  248  249
  248  296
  249  298
  249  297
  249  250
  250  299
  250  298
  251  300
  251  252
  251  299
  252  301
  252  347
  252  253
  253  301
  253  254
  254  255
  254  304
  254  302
  255  306
  255  256
  255  304
  256  306
  257  307
  258  308
  258  259
  259  309
  260  311
  260  310
  260  261
  260  309
  261  262
  261  312
  261  311
  262  359
  262  312
  262  313
  263  361
  263  314
  263  313
  264  363
  264  316
  264  265
  265  317
  265  266
  266  317
  267  318
  267  317
  268  318
  269  270
  270  320
  270  271
  270  322
  271  322
  271  272
  272  323
  272  322
  272  273
  273  325
  273  324
  273  323
  273  274
  274  275
  275  326
  276  328
  276  327
  277  329
  277  278
  278  330
  279  331
  280  332
  280  281
  281  333
  281  282
  282  333
  283  381
  283  284
  283  333
  283  334
  284  334
  284  335
  285  336
  285  286
  286  336
  287  337
  287  336
  288  289
  289  290
  289  337
  290  387
  290  339
  290  338
  290  291
  292  340
  292  293
  293  341
  293  294
  293  340
  294  295
  294  343
  294  341
  295  344
  295  296
  297  345
  297  344
  298  395
  298  299
  299  395
  299  346
  300  347
  300  346
  301  349
  301  348
  301  347
  302  350
  302  303
  303  350
  304  399
  304  350
  304  351
  305  351
  305  352
  305  306
  306  353
  306  307
  306  352
  307  353
  308  402
  308  309
  308  354
  308  355
  309  355
  309  310
  310  404
  311  358
  311  357
  311  312
  312  358
  313  361
  313  359
  314  362
  314  361
  315  363
  316  317
  316  364
  316  363
  317  365
  317  318
  318  366
  318  365
  320  321
  321  368
  321  367
  321  322
  322  368
  322  323
  323  370
  323  369
  324  371
  324  325
  324  370
  325  372
  325  371
  325  326
  326  373
  326  327
  326  372
  327  375
  327  373
  327  328
  328  329
  328  376
  328  375
  329  377
  329  376
  329  330
  330  378
  330  331
  330  377
  331  378
  331  379
  331  332
  333  428
  333  380
  333  381
  334  335
  334  381
  335  383
  335  382
  335  336
  336  383
  336  337
  337  385
  337  386
  337  384
  337  338
  338  433
  338  387
  338  386
  339  434
  339  340
  339  388
  339  387
  340  436
  340  341
  340  388
  340  389
  341  389
  341  391
  341  342
  342  392
  342  343
  342  391
  343  392
  343  393
  343  344
  344  345
  344  394
  344  393
  345  394
  346  347
  346  395
  347  443
  347  444
  347  397
  347  396
  349  350
  349  397
  349  398
  350  398
  351  447
  351  400
  351  399
  352  400
  353  401
  353  400
  353  354
  354  402
  354  401
  355  403
  355  402
  356  452
  356  404
  357  453
  357  405
  357  358
  357  404
  358  406
  358  405
  360  455
  360  361
  360  406
  361  408
  361  407
  363  458
  363  409
  363  408
  363  364
  364  411
  364  365
  364  409
  365  412
  365  460
  365  366
  365  411
  366  412
  367  368
  368  415
  368  414
  368  369
  369  417
  369  416
  369  370
  370  465
  370  371
  370  418
  371  419
  371  418
  372  421
  372  373
  372  419
  373  422
  373  421
  374  468
  374  423
  374  422
  374  375
  375  424
  375  423
  376  425
  377  378
  377  426
  377  425
  378  379
  379  427
  379  380
  379  426
  380  473
  380  427
  380  428
  381  429
  381  474
  381  428
  382  383
  382  429
  382  430
  383  476
  383  384
  383  431
  384  432
  384  385
  384  431
  385  386
  386  479
  387  434
  387  433
  388  436
  388  434
  389  482
  389  437
  389  436
  390  391
  390  438
  392  439
  392  393
  392  438
  393  439
  393  394
  394  395
  394  442
  394  440
  395  396
  396  489
  396  442
  397  445
  397  398
  397  444
  398  399
  399  447
  399  445
  400  449
  400  401
  400  447
  401  402
  401  449
  402  451
  402  450
  403  452
  403  451
  404  498
  404  453
  404  452
  405  406
  405  453
  406  454
  407  457
  407  408
  407  456
  407  455
  408  458
  408  457
  409  459
  409  458
  411  459
  412  505
  412  461
  412  460
  414  463
  414  415
  415  463
  416  417
  416  463
  417  511
  418  466
  418  465
  419  466
  420  513
  420  467
  421  422
  422  514
  422  468
  422  467
  423  469
  423  468
  424  470
  424  469
  424  425
  425  471
  425  426
  426  471
  426  427
  427  520
  427  472
  428  474
  429  430
  430  476
  430  475
  431  478
  431  432
  431  476
  432  479
  432  478
  433  527
  433  434
  433  479
  434  481
  434  480
  435  436
  436  482
  437  483
  437  438
  437  482
  437  484
  438  485
  438  439
  438  484
  439  486
  439  485
  440  487
  440  441
  441  536
  441  488
  441  442
  441  487
  442  489
  442  488
  443  490
  443  444
  443  489
  444  492
  444  490
  444  445
  445  446
  445  493
  446  494
  446  493
  446  447
  448  495
  448  449
  448  494
  450  546
  450  451
  450  495
  451  547
  451  452
  451  496
  452  498
  453  499
  453  498
  454  500
  454  455
  455  500
  455  456
  456  457
  456  501
  456  500
  457  458
  457  503
  458  504
  458  459
  459  460
  460  505
  460  504
  461  505
  462  463
  462  508
  463  464
  463  508
  464  511
  464  509
  465  511
  465  466
  466  564
  466  512
  466  513
  466  511
  467  514
  467  513
  468  469
  468  514
  469  517
  469  470
  469  515
  470  518
  470  517
  470  471
  471  518
  471  472
  472  570
  472  520
  472  519
  473  522
  473  520
  473  474
  474  523
  474  475
  475  524
  475  523
  475  476
  476  525
  476  477
  477  526
  477  525
  478  479
  479  527
  479  526
  480  529
  480  481
  480  528
  480  527
  481  580
  481  531
  481  529
  481  482
  482  531
  483  581
  483  484
  483  532
  483  531
  484  534
  484  532
  484  485
  485  534
  486  535
  486  534
  487  536
  488  537
  488  489
  489  490
  489  537
  490  589
  490  539
  490  538
  491  540
  491  539
  491  492
  492  542
  492  541
  492  493
  493  544
  493  494
  493  542
  494  495
  495  545
  495  546
  496  547
  496  546
  497  549
  497  498
  497  547
  498  499
  499  550
  499  500
  499  549
  499  551
  500  551
  500  552
  500  501
  501  553
  501  552
  502  554
  502  503
  503  555
  503  504
  503  554
  504  556
  504  555
  504  505
  505  506
  505  556
  506  557
  508  559
  508  560
  509  510
  510  511
  510  561
  510  560
  510  562
  511  562
  511  564
  512  565
  512  564
  513  565
  513  514
  514  515
  514  565
  515  567
  515  516
  515  615
  516  616
  516  567
  516  568
  517  569
  517  518
  518  569
  519  569
  520  521
  520  570
  521  572
  521  522
  521  571
  522  573
  522  572
  522  523
  523  574
  523  573
  525  526
  525  575
  525  574
  526  575
  526  576
  526  527
  527  578
  527  528
  527  576
  528  529
  529  579
  529  530
  529  578
  530  580
  531  580
  532  582
  532  581
  532  583
  533  534
  534  535
  534  585
  535  585
  535  536
  535  586
  535  587
  536  537
  537  588
  537  587
  538  635
  538  589
  538  588
  539  590
  539  589
  540  541
  541  591
  541  590
  541  542
  542  543
  542  591
  543  639
  543  593
  543  544
  544  545
  545  546
  545  593
  546  642
  546  596
  546  594
  546  547
  547  596
  548  597
  548  596
  548  549
  549  598
  549  550
  549  597
  550  646
  550  551
  550  599
  551  552
  552  553
  552  599
  553  554
  553  600
  554  601
  554  555
  555  650
  555  604
  555  556
  555  602
  556  652
  556  605
  556  557
  557  606
  557  605
  559  608
  559  560
  560  609
  560  608
  560  561
  561  610
  561  657
  561  609
  562  610
  563  611
  563  610
  564  612
  564  565
  564  611
  565  566
  565  612
  566  614
  566  613
  567  616
  568  617
  568  569
  568  616
  569  570
  569  618
  570  618
  570  619
  571  620
  571  572
  572  573
  572  621
  573  622
  573  574
  574  622
  574  575
  575  623
  575  622
  576  623
  576  577
  577  578
  577  624
  578  626
  578  579
  578  625
  579  627
  579  580
  579  628
  579  626
  580  628
  581  677
  581  582
  582  630
  582  629
  583  630
  583  584
  584  632
  584  631
  584  585
  584  630
  585  586
  585  633
  586  587
  587  588
  588  682
  588  634
  589  637
  589  590
  589  635
  590  591
  591  638
  591  637
  592  638
  592  639
  593  640
  593  594
  593  639
  594  641
  594  640
  594  595
  595  642
  595  641
  596  597
  596  642
  597  645
  597  644
  597  598
  598  646
  599  647
  599  600
  599  646
  600  648
  600  601
  600  647
  601  649
  601  648
  601  602
  602  649
  603  651
  603  650
  604  700
  604  652
  604  651
  605  653
  605  652
  606  653
  607  608
  607  656
  608  656
  610  659
  610  657
  610  611
  612  707
  612  613
  612  659
  612  660
  613  661
  613  614
  614  615
  614  661
  615  663
  615  616
  616  617
  616  663
  616  665
  617  666
  617  618
  618  667
  618  619
  619  668
  619  667
  619  620
  620  669
  620  715
  620  621
  620  668
  621  670
  621  622
  621  669
  622  670
  622  623
  623  624
  623  672
  623  718
  624  720
  624  672
  624  673
  624  625
  625  674
  625  673
  625  626
  626  722
  626  675
  626  627
  627  628
  627  675
  628  723
  628  676
  629  678
  629  677
  629  630
  630  631
  630  679
  631  680
  631  679
  632  633
  633  728
  633  682
  633  680
  633  634
  634  682
  635  683
  635  682
  636  637
  636  683
  637  638
  637  684
  637  686
  638  639
  638  686
  639  687
  639  688
  640  689
  640  688
  640  641
  641  691
  641  642
  641  689
  642  737
  642  692
  642  643
  644  693
  644  645
  645  741
  645  695
  645  694
  645  646
  646  696
  646  647
  647  648
  648  649
  648  696
  649  699
  649  698
  649  650
  649  697
  651  700
  651  699
  652  701
  652  700
  653  701
  654  701
  655  656
  655  704
  656  657
  657  705
  657  658
  657  704
  658  705
  658  659
  659  707
  659  706
  660  707
  661  708
  661  709
  661  662
  662  663
  663  710
  663  709
  664  665
  665  666
  665  711
  665  712
  666  667
  666  712
  666  714
  667  714
  668  715
  668  714
  669  716
  669  764
  669  670
  669  715
  670  671
  670  716
  671  717
  671  767
  671  718
  672  720
  672  718
  673  721
  673  720
  674  722
  675  722
  676  771
  676  722
  677  772
  677  724
  677  678
  677  723
  678  725
  678  724
  679  726
  679  680
  680  727
  680  681
  680  726
  681  728
  681  727
  682  730
  682  728
  682  683
  683  730
  684  685
  684  731
  684  730
  685  686
  685  731
  685  732
  685  733
  686  780
  686  734
  686  733
  688  735
  688  734
  688  689
  689  736
  689  735
  690  736
  690  691
  691  736
  692  738
  692  693
  692  737
  693  739
  693  738
  693  694
  694  740
  694  741
  694  739
  695  696
  695  742
  695  741
  696  743
  696  742
  696  697
  697  745
  697  744
  697  698
  697  743
  698  791
  698  746
  698  699
  699  747
  699  746
  699  700
  700  701
  700  747
  701  749
  701  748
  702  749
  703  704
  704  751
  704  753
  704  752
  704  705
  705  754
  705  753
  706  800
  706  755
  706  707
  707  708
  708  709
  708  757
  708  755
  709  758
  709  757
  709  710
  710  711
  710  758
  711  759
  711  712
  711  758
  712  713
  712  759
  713  761
  713  714
  714  761
  714  715
  715  763
  715  762
  716  717
  716  764
  717  766
  717  767
  717  765
  718  767
  719  816
  719  768
  719  767
  719  720
  720  769
  720  721
  721  818
  721  722
  721  770
  721  769
  722  819
  722  771
  723  772
  723  771
  724  821
  724  725
  724  772
  725  822
  725  774
  725  773
  725  726
  726  775
  726  727
  727  728
  728  776
  728  775
  729  827
  729  777
  729  730
  729  776
  730  778
  730  731
  730  777
  731  828
  731  779
  731  778
  733  830
  733  780
  733  779
  734  781
  734  735
  734  831
  735  736
  735  781
  735  783
  736  737
  737  784
  737  783
  737  738
  738  785
  738  784
  739  785
  740  787
  740  741
  740  786
  741  787
  741  742
  742  743
  742  789
  743  841
  743  790
  743  789
  744  790
  745  842
  745  791
  745  790
  746  747
  746  791
  747  844
  747  793
  747  792
  748  749
  749  795
  749  794
  749  793
  751  752
  751  797
  752  753
  752  798
  753  799
  753  798
  754  852
  754  800
  754  799
  755  802
  755  756
  755  800
  756  757
  756  803
  756  802
  757  758
  758  759
  758  804
  759  807
  759  805
  759  760
  760  761
  761  808
  761  809
  761  807
  762  763
  763  863
  763  811
  763  810
  764  811
  765  813
  765  811
  765  812
  765  766
  766  814
  766  767
  767  816
  767  814
  769  817
  769  818
  769  816
  770  869
  770  819
  770  818
  771  820
  771  772
  772  820
  773  821
  774  775
  774  822
  775  825
  775  776
  775  824
  776  825
  776  827
  777  828
  777  778
  779  830
  779  828
  780  831
  780  830
  781  832
  781  831
  782  882
  782  783
  782  832
  783  835
  783  833
  783  784
  784  785
  784  835
  785  786
  785  836
  786  837
  786  787
  787  887
  787  839
  787  838
  788  840
  788  789
  789  840
  791  891
  791  843
  791  792
  791  842
  792  892
  792  844
  792  843
  793  846
  793  845
  793  794
  793  844
  794  894
  794  847
  794  846
  796  849
  797  849
  797  798
  798  850
  798  849
  799  851
  800  899
  800  853
  800  852
  801  802
  801  853
  802  853
  802  803
  803  856
  803  855
  803  804
  803  854
  804  857
  804  805
  805  806
  806  858
  806  807
  806  859
  806  857
  807  859
  807  860
  807  808
  808  861
  808  860
  809  861
  809  810
  810  863
  810  861
  811  863
  812  910
  812  813
  812  864
  812  863
  813  864
  813  865
  813  814
  815  913
  815  866
  815  816
  815  865
  816  866
  816  867
  816  817
  818  916
  818  868
  819  870
  819  820
  819  869
  820  919
  820  871
  820  870
  821  872
  821  822
  821  871
  822  872
  822  873
  822  823
  823  874
  823  824
  823  873
  824  874
  824  825
  825  875
  825  874
  826  876
  826  875
  826  827
  827  877
  827  828
  828  878
  828  829
  828  879
  828  877
  829  879
  829  880
  829  830
  830  831
  831  881
  831  880
  833  883
  833  834
  833  882
  835  884
  835  836
  835  883
  836  884
  836  885
  837  885
  837  838
  838  887
  838  886
  838  885
  839  937
  839  888
  839  840
  839  887
  840  889
  840  888
  841  889
  841  842
  842  940
  842  891
  842  890
  842  889
  843  891
  844  893
  844  892
  845  894
  847  894
  849  896
  849  897
  849  850
  850  898
  850  851
  850  897
  852  899
  852  898
  853  950
  853  900
  853  899
  854  855
  854  901
  855  856
  855  902
  856  903
  856  857
  857  858
  857  903
  858  859
  858  905
  858  903
  859  906
  859  905
  861  907
  861  862
  862  909
  862  863
  862  907
  863  910
  864  912
  864  865
  864  910
  865  912
  865  913
  866  867
  866  914
  866  913
  867  915
  867  914
  867  868
  868  916
  868  915
  869  917
  869  870
  869  916
  870  918
  870  917
  871  921
  871  872
  871  919
  872  922
  872  921
  873  923
  873  874
  874  924
  874  875
  875  925
  875  876
  876  926
  876  925
  876  877
  877  878
  877  927
  878  928
  878  927
  879  929
  879  880
  880  930
  880  881
  880  929
  881  930
  881  882
  882  931
  882  883
  882  930
  883  977
  883  932
  883  931
  883  884
  884  885
  884  932
  885  886
  885  933
  885  934
  886  935
  886  936
  887  937
  888  985
  888  889
  888  937
  889  940
  889  985
  890  941
  890  940
  892  942
  892  941
  892  893
  893  943
  893  894
  893  942
  894  944
  894  943
  894  895
  895  944
  896  897
  896  947
  897  898
  898  949
  898  948
  898  899
  898  947
  899  998
  899  950
  900  951
  900  950
  900  901
  901  902
  901  952
  902 1001
  902  952
  902  953
  902  903
  903  904
  903  953
  904 1003
  904  955
  904  954
  905  956
  905  906
  906  956
  906  907
  907 1005
  907  908
  907  957
  907  956
  908 1007
  908  909
  909  958
  910 1008
  910  958
  911  960
  911  959
  912  961
  912  913
  913  961
  914 1012
  914  915
  914  961
  915  962
  915  963
  916  917
  917  963
  917  964
  918 1015
  918  965
  918  964
  920 1016
  920  966
  920  965
  921  966
  921  922
  921  967
  922  923
  922  968
  923  969
  923  924
  924  925
  924  969
  925  926
  925  969
  926  972
  926  927
  926  971
  927  972
  928  973
  928  929
  928  972
  929  930
  929  973
  930  931
  930  974
  931  975
  931  976
  932  933
  932  979
  932  977
  933  980
  933 1029
  933  979
  933  934
  934  935
  934  980
  935  981
  935  982
  936  937
  936  983
  938  983
  939  986
  939  985
  940  941
  941  988
  941  987
  941  942
  941  986
  942 1036
  942  989
  942  943
  943  944
  943  989
  944  992
  944  991
  944  990
  946  947
  946  994
  947  994
  947  948
  947  995
  948  949
  948  995
  949  996
  949  997
  950  951
  950  999
  950 1000
  950  998
  951 1000
  952 1047
  952 1000
  952 1001
  953 1048
  953 1002
  953  954
  954 1002
  955 1004
  955  956
  955 1003
  956 1004
  957 1007
  957 1006
  957 1005
  958 1008
  958 1007
  959 1009
  959  960
  959 1008
  960 1010
  960  961
  960 1009
  961 1012
  961 1010
  962 1013
  962  963
  963 1013
  963 1014
  963  964
  964 1015
  964 1060
  965 1016
  965 1015
  966  967
  966 1016
  967 1017
  967 1018
  967  968
  968 1019
  968  969
  968 1020
  968 1018
  969  970
  970 1021
  970 1020
  970  971
  971  972
  971 1023
  971 1021
  972 1024
  972  973
  974 1025
  974 1024
  974  975
  975 1026
  975  976
  975 1025
  976 1072
  976 1027
  976 1026
  977  978
  978 1028
  978 1027
  980 1075
  980 1030
  980 1029
  981  982
  982 1031
  982  983
  982 1030
  983 1032
  983 1031
  983  984
  984  985
  984 1032
  985 1034
  985 1033
  985  986
  986  987
  986 1034
  987  988
  987 1034
  988 1035
  989 1082
  989 1037
  989 1036
  990  991
  991 1039
  991 1038
  991 1037
  993  994
  993 1041
  994 1041
  994 1042
  995 1043
  995 1042
  996  997
  997 1044
  997 1043
  998 1044
  999 1000
  999 1044
 1000 1045
 1000 1046
 1001 1047
 1002 1094
 1002 1093
 1002 1003
 1002 1048
 1003 1049
 1003 1050
 1003 1004
 1004 1051
 1004 1005
 1004 1095
 1005 1052
 1005 1051
 1005 1006
 1006 1053
 1006 1098
 1006 1052
 1007 1054
 1007 1008
 1007 1053
 1008 1009
 1009 1101
 1009 1010
 1009 1054
 1010 1055
 1010 1057
 1011 1057
 1011 1012
 1012 1058
 1012 1013
 1012 1057
 1013 1014
 1013 1059
 1014 1059
 1015 1016
 1015 1060
 1016 1061
 1016 1062
 1017 1063
 1017 1018
 1018 1064
 1018 1019
 1019 1066
 1019 1020
 1019 1064
 1020 1021
 1021 1067
 1021 1068
 1021 1066
 1022 1023
 1023 1024
 1023 1068
 1023 1070
 1024 1070
 1024 1025
 1025 1026
 1025 1070
 1026 1071
 1027 1028
 1027 1074
 1027 1072
 1028 1074
 1028 1029
 1029 1074
 1030 1125
 1030 1076
 1030 1031
 1030 1075
 1031 1032
 1031 1076
 1032 1033
 1032 1077
 1033 1080
 1033 1034
 1033 1078
 1034 1035
 1034 1081
 1035 1036
 1036 1081
 1037 1084
 1037 1038
 1037 1082
 1038 1084
 1039 1084
 1040 1041
 1041 1087
 1041 1086
 1042 1088
 1042 1087
 1043 1089
 1043 1044
 1044 1045
 1044 1089
 1045 1091
 1045 1046
 1045 1090
 1046 1142
 1046 1091
 1046 1092
 1047 1048
 1048 1093
 1048 1092
 1050 1094
 1051 1052
 1051 1095
 1052 1098
 1052 1096
 1053 1054
 1053 1098
 1054 1099
 1054 1100
 1054 1101
 1055 1102
 1055 1056
 1055 1101
 1056 1103
 1056 1057
 1056 1102
 1057 1058
 1057 1103
 1058 1059
 1058 1104
 1058 1154
 1058 1105
 1059 1105
 1059 1106
 1060 1108
 1060 1106
 1060 1061
 1061 1062
 1062 1110
 1062 1109
 1062 1063
 1062 1108
 1063 1161
 1063 1111
 1063 1064
 1063 1110
 1065 1112
 1065 1111
 1065 1066
 1066 1113
 1066 1112
 1066 1067
 1067 1113
 1068 1115
 1068 1114
 1068 1069
 1069 1116
 1069 1070
 1069 1115
 1070 1119
 1070 1117
 1070 1071
 1071 1072
 1071 1119
 1072 1120
 1072 1073
 1073 1123
 1073 1122
 1073 1074
 1073 1121
 1074 1124
 1074 1075
 1075 1125
 1075 1124
 1076 1126
 1076 1173
 1077 1127
 1077 1126
 1077 1078
 1078 1174
 1078 1079
 1079 1129
 1079 1080
 1079 1128
 1080 1081
 1080 1129
 1080 1130
 1081 1132
 1081 1131
 1081 1130
 1081 1082
 1082 1133
 1082 1083
 1082 1132
 1083 1134
 1083 1133
 1083 1084
 1084 1135
 1084 1134
 1086 1137
 1086 1087
 1087 1186
 1087 1137
 1087 1088
 1088 1186
 1088 1139
 1088 1089
 1089 1140
 1089 1139
 1090 1140
 1090 1091
 1091 1142
 1091 1140
 1092 1190
 1092 1093
 1092 1142
 1093 1145
 1093 1144
 1093 1094
 1094 1095
 1095 1147
 1095 1146
 1095 1145
 1095 1096
 1096 1097
 1096 1148
 1097 1148
 1097 1149
 1097 1098
 1098 1149
 1099 1150
 1101 1150
 1101 1151
 1101 1102
 1102 1199
 1102 1152
 1102 1151
 1103 1104
 1103 1153
 1104 1154
 1104 1153
 1105 1106
 1105 1156
 1105 1154
 1106 1156
 1107 1158
 1107 1157
 1107 1108
 1107 1156
 1108 1205
 1108 1158
 1108 1159
 1108 1109
 1109 1159
 1110 1207
 1110 1206
 1110 1161
 1110 1160
 1111 1162
 1111 1112
 1111 1161
 1112 1210
 1112 1162
 1112 1163
 1113 1164
 1113 1114
 1114 1115
 1114 1165
 1114 1164
 1115 1165
 1116 1165
 1116 1214
 1116 1166
 1118 1215
 1118 1166
 1118 1167
 1118 1119
 1119 1168
 1119 1167
 1121 1217
 1121 1169
 1121 1122
 1121 1168
 1122 1170
 1122 1169
 1123 1124
 1124 1125
 1124 1170
 1125 1172
 1125 1171
 1125 1173
 1126 1173
 1126 1222
 1126 1174
 1128 1175
 1128 1129
 1128 1174
 1129 1176
 1129 1130
 1130 1176
 1130 1131
 1131 1178
 1131 1132
 1131 1177
 1132 1133
 1132 1179
 1133 1181
 1133 1180
 1133 1134
 1134 1183
 1134 1182
 1137 1185
 1137 1184
 1137 1138
 1138 1185
 1138 1186
 1139 1233
 1139 1187
 1139 1140
 1140 1189
 1140 1141
 1140 1187
 1142 1189
 1142 1236
 1143 1191
 1143 1190
 1144 1238
 1144 1145
 1144 1192
 1145 1146
 1146 1193
 1146 1192
 1147 1241
 1147 1194
 1147 1193
 1147 1148
 1148 1149
 1148 1194
 1149 1196
 1149 1195
 1149 1150
 1150 1197
 1150 1198
 1150 1196
 1150 1151
 1151 1198
 1152 1200
 1152 1153
 1152 1199
 1153 1154
 1153 1201
 1154 1201
 1154 1155
 1155 1156
 1155 1201
 1156 1203
 1156 1202
 1157 1203
 1157 1204
 1158 1205
 1159 1253
 1159 1206
 1159 1205
 1160 1206
 1161 1209
 1161 1162
 1161 1207
 1162 1257
 1162 1209
 1163 1211
 1163 1164
 1163 1210
 1164 1213
 1164 1165
 1164 1211
 1165 1214
 1165 1213
 1166 1215
 1166 1214
 1167 1216
 1167 1168
 1167 1215
 1168 1217
 1168 1216
 1169 1170
 1169 1219
 1169 1217
 1170 1171
 1171 1172
 1171 1220
 1171 1221
 1171 1219
 1172 1173
 1173 1269
 1173 1221
 1173 1222
 1174 1175
 1174 1223
 1174 1222
 1175 1176
 1176 1225
 1176 1224
 1177 1226
 1177 1225
 1177 1178
 1178 1227
 1178 1226
 1180 1228
 1180 1227
 1180 1181
 1181 1229
 1181 1228
 1182 1183
 1183 1229
 1184 1185
 1185 1231
 1185 1186
 1186 1232
 1187 1234
 1187 1233
 1188 1234
 1188 1189
 1189 1236
 1189 1283
 1189 1235
 1190 1285
 1190 1191
 1190 1237
 1190 1236
 1191 1237
 1191 1238
 1192 1239
 1192 1193
 1192 1238
 1193 1239
 1193 1241
 1194 1242
 1194 1241
 1195 1196
 1195 1243
 1196 1245
 1196 1243
 1196 1197
 1197 1198
 1197 1246
 1197 1245
 1198 1294
 1198 1247
 1198 1199
 1199 1200
 1200 1249
 1200 1201
 1200 1247
 1201 1249
 1202 1249
 1202 1250
 1202 1203
 1203 1204
 1203 1252
 1203 1250
 1204 1252
 1204 1205
 1205 1253
 1205 1252
 1206 1254
 1206 1253
 1207 1208
 1208 1255
 1209 1257
 1209 1255
 1210 1258
 1210 1257
 1211 1259
 1211 1212
 1212 1213
 1213 1260
 1213 1214
 1214 1215
 1214 1260
 1215 1263
 1215 1216
 1215 1261
 1216 1263
 1217 1218
 1217 1263
 1218 1219
 1218 1265
 1218 1266
 1218 1264
 1219 1267
 1219 1220
 1219 1266
 1220 1267
 1220 1221
 1221 1268
 1221 1269
 1222 1223
 1222 1269
 1223 1271
 1223 1270
 1223 1272
 1223 1224
 1224 1225
 1224 1273
 1224 1272
 1225 1226
 1225 1274
 1226 1227
 1226 1275
 1227 1276
 1227 1228
 1227 1275
 1228 1277
 1228 1229
 1229 1230
 1229 1277
 1230 1277
 1231 1280
 1231 1232
 1232 1280
 1232 1233
 1233 1234
 1233 1282
 1233 1280
 1234 1282
 1235 1283
 1236 1285
 1236 1283
 1237 1238
 1237 1286
 1237 1285
 1238 1286
 1238 1239
 1239 1288
 1239 1287
 1240 1288
 1241 1289
 1241 1242
 1242 1243
 1242 1289
 1243 1337
 1243 1290
 1243 1291
 1244 1291
 1244 1245
 1245 1292
 1245 1246
 1245 1291
 1246 1293
 1246 1292
 1247 1295
 1247 1248
 1247 1294
 1248 1249
 1248 1296
 1249 1296
 1249 1298
 1249 1250
 1250 1299
 1250 1298
 1251 1252
 1252 1345
 1252 1253
 1252 1301
 1253 1301
 1253 1302
 1254 1303
 1254 1255
 1255 1256
 1256 1304
 1256 1303
 1257 1305
 1257 1258
 1257 1304
 1258 1305
 1258 1259
 1259 1260
 1259 1305
 1260 1261
 1260 1306
 1261 1307
 1261 1262
 1262 1310
 1262 1263
 1262 1309
 1262 1308
 1263 1310
 1264 1265
 1265 1312
 1265 1311
 1266 1359
 1266 1312
 1266 1313
 1266 1267
 1267 1268
 1268 1269
 1268 1313
 1268 1314
 1268 1315
 1269 1315
 1269 1316
 1270 1362
 1270 1271
 1270 1316
 1270 1317
 1271 1317
 1271 1318
 1272 1273
 1273 1365
 1273 1319
 1273 1274
 1273 1318
 1274 1320
 1274 1319
 1274 1275
 1275 1322
 1275 1276
 1275 1320
 1276 1323
 1276 1277
 1277 1325
 1277 1278
 1277 1323
 1279 1327
 1279 1280
 1280 1281
 1280 1328
 1281 1329
 1281 1282
 1281 1328
 1282 1330
 1282 1329
 1282 1283
 1283 1378
 1283 1331
 1283 1330
 1285 1332
 1285 1286
 1285 1331
 1286 1380
 1286 1333
 1286 1332
 1287 1334
 1287 1288
 1288 1289
 1289 1335
 1289 1290
 1289 1336
 1289 1334
 1290 1337
 1290 1336
 1291 1337
 1292 1339
 1292 1337
 1292 1293
 1293 1340
 1293 1339
 1294 1341
 1294 1295
 1295 1296
 1295 1341
 1296 1342
 1296 1341
 1297 1391
 1297 1343
 1297 1298
 1297 1342
 1298 1343
 1298 1344
 1299 1300
 1299 1344
 1300 1345
 1300 1344
 1301 1302
 1301 1345
 1302 1348
 1302 1303
 1302 1347
 1302 1346
 1303 1348
 1303 1349
 1303 1304
 1304 1305
 1305 1349
 1305 1351
 1305 1306
 1306 1307
 1306 1352
 1306 1351
 1307 1353
 1308 1354
 1308 1309
 1309 1310
 1310 1355
 1310 1356
 1310 1311
 1310 1354
 1311 1356
 1311 1357
 1311 1312
 1312 1358
 1312 1357
 1313 1360
 1313 1314
 1313 1408
 1313 1359
 1314 1409
 1314 1360
 1314 1361
 1315 1361
 1316 1362
 1317 1364
 1317 1318
 1317 1362
 1318 1365
 1318 1364
 1319 1320
 1319 1367
 1319 1365
 1320 1368
 1320 1321
 1321 1368
 1321 1369
 1321 1322
 1322 1370
 1322 1369
 1322 1323
 1324 1371
 1324 1325
 1324 1370
 1325 1371
 1326 1327
 1327 1373
 1328 1375
 1328 1329
 1329 1377
 1329 1330
 1329 1375
 1330 1378
 1331 1427
 1331 1332
 1331 1379
 1331 1378
 1332 1379
 1333 1334
 1333 1381
 1333 1382
 1333 1380
 1334 1382
 1334 1335
 1335 1432
 1335 1336
 1335 1384
 1336 1433
 1336 1385
 1336 1337
 1337 1386
 1337 1385
 1339 1436
 1339 1387
 1339 1340
 1339 1386
 1340 1389
 1340 1388
 1340 1341
 1340 1387
 1341 1390
 1341 1342
 1342 1391
 1343 1392
 1343 1344
 1343 1393
 1344 1345
 1344 1394
 1345 1394
 1345 1395
 1346 1347
 1347 1348
 1347 1396
 1347 1395
 1348 1446
 1348 1398
 1348 1349
 1349 1400
 1349 1350
 1349 1398
 1350 1351
 1350 1400
 1351 1400
 1351 1401
 1352 1403
 1352 1401
 1352 1353
 1353 1404
 1353 1354
 1353 1403
 1354 1355
 1355 1404
 1355 1405
 1356 1405
 1357 1358
 1357 1405
 1358 1407
 1358 1406
 1359 1407
 1360 1457
 1360 1409
 1361 1411
 1361 1410
 1361 1362
 1361 1409
 1362 1363
 1362 1411
 1363 1413
 1363 1364
 1364 1461
 1364 1414
 1364 1365
 1365 1414
 1365 1366
 1366 1415
 1366 1414
 1367 1368
 1368 1416
 1368 1369
 1368 1415
 1369 1370
 1369 1417
 1370 1371
 1370 1418
 1370 1419
 1371 1420
 1371 1419
 1372 1420
 1373 1374
 1374 1470
 1374 1423
 1374 1422
 1374 1375
 1374 1424
 1375 1424
 1375 1376
 1376 1377
 1376 1424
 1377 1425
 1377 1427
 1378 1427
 1379 1429
 1379 1428
 1379 1427
 1380 1430
 1380 1381
 1381 1382
 1382 1430
 1383 1431
 1383 1432
 1384 1433
 1385 1386
 1385 1435
 1385 1433
 1386 1435
 1386 1436
 1387 1437
 1387 1436
 1388 1437
 1388 1438
 1388 1389
 1389 1390
 1390 1438
 1391 1440
 1391 1439
 1392 1393
 1393 1440
 1393 1441
 1394 1442
 1394 1395
 1394 1441
 1395 1444
 1395 1443
 1395 1442
 1395 1396
 1396 1492
 1396 1445
 1396 1444
 1397 1445
 1397 1446
 1398 1447
 1398 1446
 1399 1448
 1399 1400
 1399 1447
 1400 1401
 1400 1449
 1401 1449
 1402 1403
 1403 1452
 1403 1450
 1403 1404
 1404 1500
 1404 1453
 1404 1452
 1404 1405
 1405 1455
 1405 1406
 1405 1453
 1406 1456
 1406 1407
 1407 1408
 1407 1457
 1409 1457
 1410 1507
 1410 1458
 1410 1411
 1411 1460
 1411 1459
 1413 1461
 1413 1460
 1414 1463
 1414 1415
 1414 1461
 1415 1464
 1415 1416
 1417 1512
 1417 1464
 1418 1466
 1418 1465
 1418 1419
 1419 1420
 1419 1466
 1420 1468
 1420 1467
 1422 1470
 1423 1518
 1423 1470
 1423 1471
 1424 1425
 1424 1472
 1425 1472
 1425 1473
 1425 1426
 1427 1474
 1427 1473
 1427 1428
 1428 1523
 1428 1475
 1428 1474
 1429 1430
 1430 1477
 1430 1431
 1430 1475
 1431 1477
 1431 1432
 1431 1478
 1432 1478
 1432 1479
 1432 1433
 1433 1528
 1433 1480
 1434 1480
 1435 1481
 1435 1436
 1435 1480
 1436 1482
 1436 1437
 1436 1481
 1437 1438
 1437 1483
 1437 1482
 1438 1439
 1438 1484
 1439 1487
 1439 1485
 1439 1486
 1439 1440
 1440 1534
 1440 1488
 1440 1487
 1440 1441
 1441 1490
 1441 1442
 1441 1488
 1442 1490
 1443 1491
 1443 1490
 1444 1491
 1444 1492
 1445 1493
 1445 1492
 1446 1494
 1446 1447
 1446 1493
 1447 1448
 1447 1494
 1448 1495
 1448 1496
 1448 1449
 1449 1497
 1449 1450
 1449 1496
 1450 1499
 1450 1451
 1450 1497
 1451 1499
 1453 1501
 1453 1500
 1454 1455
 1455 1502
 1455 1456
 1455 1501
 1455 1503
 1456 1504
 1456 1503
 1456 1457
 1457 1458
 1457 1506
 1457 1505
 1457 1504
 1458 1507
 1458 1506
 1459 1460
 1459 1508
 1459 1507
 1460 1509
 1460 1461
 1460 1508
 1461 1462
 1462 1463
 1462 1509
 1463 1510
 1463 1511
 1463 1464
 1464 1512
 1464 1511
 1465 1513
 1465 1466
 1465 1512
 1466 1515
 1466 1513
 1466 1467
 1467 1516
 1467 1468
 1470 1518
 1470 1517
 1471 1519
 1471 1472
 1471 1518
 1472 1473
 1472 1519
 1473 1474
 1473 1520
 1473 1521
 1474 1523
 1474 1521
 1475 1524
 1475 1476
 1475 1523
 1476 1572
 1477 1526
 1477 1525
 1477 1478
 1478 1574
 1478 1479
 1478 1527
 1479 1528
 1479 1575
 1480 1529
 1480 1528
 1481 1482
 1482 1483
 1482 1529
 1482 1577
 1483 1530
 1483 1531
 1484 1532
 1484 1531
 1485 1486
 1485 1533
 1485 1532
 1486 1533
 1487 1534
 1488 1535
 1488 1534
 1489 1536
 1489 1490
 1490 1538
 1490 1491
 1490 1536
 1491 1538
 1492 1538
 1492 1539
 1493 1494
 1494 1539
 1494 1495
 1495 1589
 1495 1541
 1495 1540
 1495 1496
 1496 1497
 1496 1543
 1496 1541
 1497 1543
 1498 1499
 1498 1544
 1498 1543
 1499 1546
 1499 1545
 1499 1500
 1499 1544
 1500 1546
 1500 1501
 1501 1547
 1501 1502
 1501 1548
 1501 1546
 1502 1548
 1502 1503
 1503 1550
 1503 1549
 1505 1552
 1505 1551
 1505 1506
 1506 1553
 1506 1552
 1507 1554
 1507 1508
 1508 1509
 1508 1555
 1509 1556
 1509 1510
 1509 1555
 1510 1557
 1510 1556
 1510 1511
 1511 1558
 1511 1512
 1511 1557
 1512 1513
 1512 1558
 1513 1559
 1514 1561
 1514 1560
 1514 1515
 1515 1562
 1515 1516
 1515 1561
 1516 1562
 1517 1518
 1518 1564
 1518 1565
 1518 1566
 1519 1567
 1519 1520
 1520 1568
 1520 1521
 1520 1567
 1521 1570
 1521 1568
 1521 1522
 1522 1523
 1522 1570
 1523 1571
 1523 1524
 1524 1618
 1524 1572
 1524 1571
 1525 1573
 1525 1572
 1526 1574
 1527 1575
 1527 1574
 1528 1529
 1528 1575
 1529 1577
 1529 1576
 1530 1531
 1530 1577
 1531 1532
 1531 1578
 1531 1579
 1532 1627
 1532 1533
 1532 1579
 1533 1582
 1533 1627
 1533 1534
 1534 1582
 1535 1583
 1535 1536
 1535 1582
 1536 1584
 1537 1585
 1537 1538
 1538 1539
 1538 1587
 1538 1585
 1539 1587
 1539 1588
 1539 1540
 1540 1589
 1540 1588
 1541 1542
 1541 1589
 1542 1590
 1542 1591
 1542 1543
 1543 1544
 1543 1592
 1543 1639
 1544 1593
 1544 1592
 1545 1546
 1546 1594
 1546 1547
 1546 1593
 1547 1596
 1547 1548
 1548 1596
 1548 1549
 1549 1598
 1549 1597
 1550 1551
 1550 1598
 1551 1598
 1552 1600
 1552 1553
 1552 1599
 1553 1601
 1553 1600
 1553 1554
 1554 1649
 1554 1602
 1554 1555
 1554 1601
 1555 1603
 1555 1602
 1556 1604
 1556 1557
 1557 1558
 1557 1605
 1558 1605
 1559 1607
 1559 1605
 1559 1560
 1560 1561
 1560 1607
 1561 1607
 1561 1562
 1562 1610
 1562 1609
 1564 1565
 1564 1612
 1565 1612
 1566 1614
 1566 1567
 1566 1613
 1566 1612
 1567 1568
 1568 1614
 1569 1616
 1569 1570
 1569 1615
 1570 1617
 1570 1616
 1570 1571
 1571 1618
 1571 1617
 1572 1665
 1572 1573
 1573 1619
 1573 1620
 1573 1574
 1574 1621
 1574 1620
 1575 1622
 1575 1576
 1576 1623
 1576 1577
 1577 1623
 1577 1578
 1578 1625
 1578 1579
 1578 1624
 1579 1626
 1579 1625
 1580 1626
 1580 1627
 1581 1582
 1581 1628
 1581 1627
 1582 1628
 1582 1583
 1583 1676
 1583 1630
 1583 1584
 1583 1629
 1584 1631
 1584 1630
 1584 1585
 1585 1586
 1585 1631
 1586 1633
 1586 1632
 1586 1587
 1587 1588
 1587 1633
 1588 1589
 1588 1634
 1589 1636
 1589 1635
 1589 1637
 1590 1638
 1590 1591
 1591 1639
 1592 1684
 1592 1593
 1592 1640
 1592 1639
 1593 1594
 1593 1640
 1593 1641
 1594 1642
 1594 1641
 1595 1643
 1595 1642
 1596 1597
 1597 1689
 1597 1645
 1597 1598
 1597 1643
 1598 1645
 1598 1599
 1599 1690
 1599 1646
 1599 1600
 1599 1645
 1600 1601
 1600 1646
 1601 1647
 1601 1649
 1602 1695
 1602 1650
 1602 1603
 1603 1604
 1603 1650
 1604 1651
 1604 1652
 1604 1605
 1605 1653
 1605 1652
 1606 1699
 1606 1654
 1606 1607
 1606 1653
 1607 1655
 1607 1654
 1607 1608
 1608 1656
 1608 1609
 1608 1655
 1609 1657
 1609 1610
 1611 1612
 1611 1659
 1612 1659
 1613 1614
 1614 1660
 1614 1661
 1615 1662
 1615 1616
 1616 1617
 1617 1618
 1617 1662
 1618 1665
 1618 1664
 1618 1663
 1619 1665
 1619 1620
 1620 1621
 1620 1667
 1620 1666
 1621 1668
 1621 1622
 1621 1667
 1622 1623
 1622 1669
 1622 1668
 1623 1670
 1623 1624
 1624 1671
 1624 1625
 1624 1670
 1625 1671
 1625 1672
 1626 1627
 1627 1672
 1627 1628
 1628 1629
 1628 1674
 1628 1673
 1629 1676
 1629 1724
 1630 1677
 1630 1676
 1632 1678
 1632 1633
 1632 1677
 1633 1727
 1633 1679
 1633 1678
 1634 1680
 1634 1679
 1635 1636
 1636 1681
 1636 1680
 1637 1681
 1637 1638
 1638 1682
 1638 1639
 1639 1732
 1639 1684
 1639 1683
 1640 1641
 1640 1684
 1641 1685
 1641 1642
 1642 1735
 1642 1643
 1642 1686
 1643 1688
 1643 1687
 1643 1644
 1644 1738
 1644 1688
 1645 1740
 1645 1689
 1646 1647
 1646 1692
 1646 1690
 1647 1693
 1647 1648
 1647 1692
 1648 1693
 1648 1649
 1648 1694
 1649 1695
 1650 1744
 1650 1696
 1650 1695
 1651 1746
 1651 1697
 1651 1652
 1652 1697
 1652 1653
 1653 1699
 1654 1750
 1654 1701
 1654 1655
 1654 1699
 1655 1701
 1655 1656
 1656 1703
 1656 1657
 1656 1702
 1657 1703
 1658 1706
 1658 1659
 1659 1707
 1659 1660
 1660 1661
 1660 1707
 1661 1709
 1661 1710
 1661 1708
 1661 1662
 1662 1758
 1662 1759
 1662 1663
 1662 1711
 1662 1710
 1663 1664
 1663 1711
 1664 1712
 1664 1713
 1665 1666
 1666 1667
 1666 1713
 1667 1714
 1667 1668
 1668 1669
 1668 1717
 1668 1715
 1669 1717
 1670 1767
 1670 1718
 1670 1671
 1670 1717
 1671 1768
 1671 1672
 1671 1718
 1671 1719
 1672 1721
 1672 1720
 1672 1719
 1672 1673
 1673 1674
 1673 1722
 1673 1721
 1674 1722
 1675 1724
 1675 1722
 1676 1677
 1677 1725
 1677 1726
 1678 1727
 1679 1729
 1679 1680
 1679 1728
 1680 1730
 1680 1681
 1681 1682
 1682 1779
 1682 1730
 1682 1683
 1683 1780
 1683 1732
 1683 1731
 1684 1781
 1684 1733
 1684 1732
 1685 1734
 1685 1686
 1686 1734
 1687 1784
 1687 1688
 1687 1736
 1687 1735
 1688 1736
 1688 1738
 1689 1740
 1689 1739
 1689 1738
 1690 1740
 1691 1741
 1691 1692
 1691 1788
 1692 1693
 1692 1741
 1693 1743
 1693 1742
 1694 1744
 1696 1745
 1696 1746
 1696 1744
 1697 1748
 1697 1698
 1697 1746
 1698 1699
 1699 1749
 1699 1748
 1700 1750
 1701 1702
 1701 1750
 1702 1752
 1702 1703
 1704 1752
 1705 1706
 1706 1754
 1706 1707
 1707 1756
 1707 1755
 1707 1757
 1709 1804
 1709 1758
 1709 1757
 1710 1758
 1711 1806
 1711 1712
 1711 1761
 1711 1759
 1712 1761
 1712 1762
 1712 1713
 1713 1714
 1714 1762
 1714 1715
 1715 1765
 1715 1716
 1715 1763
 1716 1766
 1716 1717
 1717 1767
 1718 1813
 1718 1767
 1719 1814
 1719 1769
 1719 1768
 1720 1721
 1721 1722
 1721 1770
 1721 1771
 1722 1773
 1722 1772
 1724 1774
 1724 1773
 1724 1725
 1725 1819
 1725 1775
 1725 1726
 1725 1774
 1726 1820
 1726 1775
 1726 1727
 1726 1776
 1728 1777
 1728 1729
 1728 1776
 1729 1778
 1729 1730
 1729 1777
 1731 1825
 1731 1824
 1731 1780
 1731 1779
 1732 1781
 1732 1780
 1733 1782
 1733 1781
 1734 1783
 1734 1735
 1735 1784
 1735 1783
 1736 1785
 1736 1784
 1738 1832
 1738 1786
 1738 1785
 1739 1740
 1740 1786
 1740 1787
 1740 1788
 1741 1835
 1741 1789
 1741 1788
 1742 1743
 1743 1744
 1743 1791
 1743 1790
 1743 1789
 1744 1793
 1744 1745
 1744 1791
 1745 1793
 1745 1794
 1746 1794
 1747 1795
 1747 1748
 1748 1796
 1748 1749
 1748 1795
 1749 1796
 1749 1797
 1749 1750
 1750 1751
 1751 1752
 1751 1797
 1752 1799
 1752 1798
 1752 1753
 1753 1799
 1754 1755
 1754 1802
 1755 1802
 1755 1756
 1755 1803
 1756 1757
 1756 1804
 1758 1805
 1758 1804
 1760 1806
 1760 1805
 1761 1762
 1762 1763
 1762 1808
 1762 1807
 1763 1809
 1763 1808
 1763 1764
 1764 1765
 1764 1810
 1764 1809
 1765 1811
 1765 1810
 1765 1766
 1766 1812
 1766 1811
 1768 1862
 1768 1814
 1768 1813
 1769 1863
 1769 1815
 1769 1770
 1769 1814
 1770 1771
 1771 1815
 1771 1816
 1772 1773
 1773 1817
 1773 1774
 1773 1816
 1774 1819
 1774 1817
 1775 1868
 1775 1820
 1776 1869
 1776 1821
 1776 1777
 1776 1820
 1777 1823
 1777 1778
 1777 1821
 1778 1779
 1779 1823
 1779 1824
 1780 1781
 1780 1825
 1781 1876
 1781 1828
 1781 1782
 1781 1826
 1782 1783
 1783 1829
 1783 1828
 1783 1784
 1784 1785
 1784 1831
 1785 1831
 1785 1832
 1786 1833
 1786 1787
 1786 1832
 1787 1833
 1787 1788
 1788 1835
 1789 1837
 1789 1790
 1789 1836
 1789 1835
 1790 1837
 1791 1885
 1791 1792
 1792 1839
 1792 1838
 1792 1793
 1793 1839
 1794 1795
 1794 1839
 1795 1842
 1795 1796
 1795 1840
 1796 1797
 1796 1842
 1797 1845
 1797 1844
 1797 1843
 1797 1798
 1798 1893
 1798 1846
 1798 1799
 1798 1845
 1799 1894
 1799 1847
 1799 1846
 1801 1802
 1801 1849
 1802 1850
 1802 1803
 1803 1804
 1803 1850
 1804 1852
 1804 1899
 1804 1805
 1804 1851
 1805 1853
 1805 1852
 1805 1806
 1806 1855
 1806 1807
 1806 1854
 1806 1853
 1807 1808
 1808 1857
 1808 1809
 1808 1855
 1809 1810
 1810 1859
 1810 1857
 1810 1811
 1811 1860
 1811 1859
 1812 1813
 1813 1861
 1813 1860
 1813 1862
 1814 1863
 1814 1913
 1815 1816
 1815 1864
 1815 1863
 1816 1864
 1816 1865
 1816 1817
 1817 1867
 1817 1818
 1817 1865
 1818 1867
 1819 1918
 1820 1868
 1821 1870
 1821 1921
 1821 1869
 1822 1871
 1822 1823
 1823 1824
 1823 1872
 1823 1871
 1824 1872
 1824 1825
 1825 1874
 1825 1873
 1826 1827
 1827 1876
 1828 1829
 1828 1877
 1828 1876
 1829 1877
 1829 1878
 1830 1879
 1830 1831
 1831 1929
 1831 1832
 1831 1879
 1832 1880
 1832 1881
 1833 1881
 1834 1882
 1834 1835
 1835 1883
 1835 1882
 1836 1933
 1836 1884
 1836 1837
 1837 1885
 1837 1884
 1838 1839
 1838 1886
 1839 1886
 1839 1840
 1840 1841
 1840 1888
 1840 1889
 1840 1887
 1841 1938
 1841 1889
 1841 1890
 1842 1891
 1842 1843
 1842 1890
 1843 1892
 1843 1891
 1845 1941
 1845 1892
 1846 1942
 1846 1894
 1846 1893
 1847 1894
 1848 1897
 1849 1897
 1849 1850
 1850 1898
 1850 1897
 1851 1898
 1852 1853
 1852 1901
 1852 1899
 1853 1854
 1853 1902
 1854 1949
 1854 1903
 1854 1855
 1855 1904
 1855 1856
 1855 1903
 1856 1906
 1856 1904
 1856 1857
 1857 1858
 1857 1907
 1857 1906
 1858 1907
 1858 1908
 1859 1908
 1859 1860
 1859 1909
 1860 1910
 1860 1909
 1860 1861
 1861 1912
 1861 1911
 1861 1910
 1862 1913
 1863 1914
 1863 1913
 1864 1865
 1864 1914
 1865 1915
 1865 1866
 1866 1917
 1866 1867
 1866 1916
 1867 1918
 1867 1917
 1868 1920
 1868 1869
 1868 1918
 1869 1921
 1869 1920
 1870 1967
 1870 1922
 1870 1921
 1871 1872
 1872 1922
 1872 1873
 1873 1874
 1874 1925
 1874 1924
 1874 1875
 1875 1971
 1875 1925
 1876 1926
 1876 1877
 1877 1878
 1877 1928
 1877 1926
 1878 1928
 1878 1879
 1879 1975
 1880 1881
 1881 1882
 1881 1931
 1881 1930
 1882 1932
 1882 1931
 1883 1979
 1883 1933
 1883 1932
 1884 1981
 1884 1935
 1884 1885
 1884 1933
 1885 1935
 1885 1886
 1886 1935
 1887 1937
 1887 1936
 1888 1937
 1889 1938
 1889 1937
 1890 1891
 1890 1938
 1891 1940
 1891 1939
 1892 1988
 1892 1941
 1893 1942
 1893 1941
 1894 1943
 1894 1942
 1897 1945
 1897 1944
 1897 1898
 1898 1899
 1898 1947
 1898 1945
 1899 1947
 1899 1900
 1900 1901
 1901 1948
 1901 1949
 1903 1951
 1903 1949
 1903 1904
 1904 2000
 1904 1952
 1904 1951
 1906 1952
 1906 1953
 1906 1907
 1907 1955
 1907 1908
 1907 1953
 1909 1910
 1909 1956
 1909 1955
 1910 1957
 1910 1956
 1911 1957
 1912 1958
 1912 1957
 1913 2007
 1913 1959
 1913 1958
 1913 1914
 1914 1960
 1914 1959
 1915 1916
 1915 1960
 1916 1961
 1916 1960
 1916 1917
 1917 1918
 1917 1963
 1917 1961
 1918 1964
 1918 1963
 1919 1965
 1919 1964
 1920 1921
 1920 1966
 1920 1965
 1921 1967
 1922 1968
 1922 1923
 1922 1967
 1923 1969
 1923 1924
 1924 1925
 1924 1969
 1924 1970
 1925 1970
 1926 1927
 1926 1972
 1926 1971
 1927 1928
 1927 1972
 1927 1973
 1928 1974
 1928 1975
 1929 1930
 1929 1976
 1929 1975
 1930 1976
 1931 1978
 1931 2025
 1931 1977
 1931 1932
 1932 1978
 1933 1934
 1933 1979
 1934 2028
 1934 1981
 1935 1936
 1935 1981
 1936 1983
 1936 1982
 1936 1937
 1937 1938
 1937 1983
 1938 1985
 1938 1939
 1939 2033
 1939 1987
 1939 1940
 1939 1986
 1940 2034
 1940 1988
 1941 1990
 1941 1942
 1941 1988
 1942 1992
 1942 1943
 1942 1990
 1944 1945
 1944 1994
 1945 1946
 1946 1994
 1946 1947
 1947 1996
 1947 1948
 1947 1995
 1948 1997
 1948 1996
 1948 1949
 1949 1950
 1949 1999
 1949 1998
 1949 1997
 1951 1999
 1951 2000
 1952 2001
 1952 1953
 1952 2000
 1953 1954
 1953 2001
 1954 2002
 1954 2003
 1954 1955
 1955 2004
 1955 1956
 1955 2003
 1956 1957
 1956 2004
 1957 2005
 1957 2006
 1958 2052
 1958 2006
 1959 1960
 1959 2008
 1960 2010
 1960 1961
 1960 2008
 1961 1962
 1961 2011
 1963 2012
 1963 1964
 1963 2011
 1964 1965
 1964 2013
 1965 1966
 1965 2014
 1966 1967
 1967 2016
 1967 1968
 1967 2014
 1968 2065
 1968 2017
 1968 1969
 1968 2016
 1969 2017
 1969 1970
 1970 2019
 1970 1971
 1971 2020
 1971 1972
 1972 2021
 1972 1973
 1972 2020
 1973 2022
 1973 2021
 1974 2023
 1974 1975
 1975 2024
 1975 1976
 1976 2024
 1977 2025
 1977 2024
 1978 2027
 1978 1979
 1978 2025
 1979 1980
 1980 2028
 1980 2027
 1981 2078
 1981 2029
 1981 2028
 1982 2030
 1982 1983
 1983 2080
 1983 1984
 1983 2031
 1984 1985
 1985 2081
 1985 2032
 1985 2031
 1986 2033
 1986 2032
 1987 2034
 1987 2033
 1988 2036
 1988 2034
 1988 1989
 1989 1990
 1990 2037
 1990 2036
 1991 1992
 1992 2037
 1993 2040
 1993 1994
 1994 2040
 1994 2041
 1994 1995
 1995 2042
 1995 1996
 1996 2043
 1997 2043
 1997 2044
 1997 1998
 1998 2045
 1998 2093
 1998 1999
 1999 2094
 1999 2046
 1999 2045
 1999 2000
 2000 2046
 2001 2002
 2001 2048
 2001 2047
 2002 2003
 2002 2048
 2003 2004
 2003 2048
 2004 2049
 2004 2050
 2005 2051
 2005 2050
 2005 2006
 2006 2052
 2007 2008
 2007 2052
 2008 2054
 2008 2053
 2009 2054
 2009 2010
 2009 2056
 2010 2056
 2010 2057
 2010 2011
 2011 2058
 2011 2059
 2011 2057
 2011 2012
 2012 2060
 2012 2013
 2012 2059
 2013 2014
 2013 2060
 2014 2063
 2014 2062
 2014 2061
 2014 2015
 2015 2063
 2016 2064
 2017 2066
 2017 2065
 2018 2066
 2018 2019
 2019 2020
 2019 2068
 2020 2021
 2020 2069
 2021 2022
 2021 2070
 2022 2071
 2022 2070
 2022 2023
 2023 2071
 2023 2024
 2024 2025
 2024 2074
 2024 2072
 2025 2075
 2025 2074
 2026 2027
 2027 2077
 2027 2028
 2027 2075
 2028 2077
 2029 2079
 2029 2030
 2029 2078
 2030 2080
 2030 2079
 2031 2081
 2031 2080
 2032 2082
 2032 2081
 2033 2034
 2033 2083
 2034 2130
 2034 2084
 2034 2083
 2036 2085
 2036 2084
 2036 2037
 2037 2086
 2037 2038
 2038 2086
 2039 2040
 2040 2088
 2040 2041
 2041 2091
 2041 2042
 2042 2092
 2042 2043
 2043 2092
 2045 2094
 2045 2141
 2046 2096
 2046 2047
 2046 2094
 2047 2097
 2047 2096
 2047 2048
 2048 2098
 2048 2049
 2049 2099
 2049 2050
 2049 2098
 2050 2149
 2050 2051
 2050 2100
 2051 2052
 2052 2101
 2052 2100
 2053 2101
 2053 2102
 2053 2054
 2054 2153
 2054 2102
 2054 2103
 2056 2154
 2056 2155
 2056 2057
 2056 2103
 2056 2104
 2057 2104
 2057 2105
 2058 2105
 2059 2106
 2059 2060
 2059 2105
 2060 2106
 2060 2061
 2061 2108
 2061 2109
 2061 2062
 2061 2107
 2062 2109
 2063 2110
 2063 2109
 2064 2111
 2064 2065
 2065 2111
 2065 2066
 2066 2112
 2066 2111
 2067 2068
 2068 2069
 2068 2113
 2069 2115
 2069 2114
 2070 2116
 2070 2071
 2071 2118
 2071 2117
 2071 2116
 2072 2119
 2072 2073
 2074 2119
 2074 2075
 2075 2121
 2075 2120
 2075 2076
 2076 2123
 2076 2122
 2076 2077
 2076 2121
 2077 2124
 2077 2123
 2078 2125
 2078 2124
 2078 2079
 2079 2080
 2079 2126
 2080 2128
 2080 2126
 2080 2081
 2081 2128
 2082 2128
 2082 2129
 2082 2083
 2083 2130
 2084 2131
 2084 2085
 2084 2130
 2085 2133
 2085 2131
 2085 2086
 2086 2134
 2086 2133
 2088 2136
 2088 2089
 2089 2136
 2089 2137
 2089 2090
 2090 2091
 2090 2138
 2090 2137
 2091 2138
 2091 2139
 2091 2092
 2092 2140
 2092 2139
 2092 2093
 2093 2141
 2093 2140
 2094 2095
 2094 2141
 2095 2096
 2095 2142
 2096 2097
 2096 2143
 2097 2144
 2097 2098
 2098 2148
 2098 2147
 2098 2099
 2099 2148
 2099 2149
 2100 2101
 2100 2149
 2101 2102
 2101 2150
 2101 2152
 2102 2153
 2103 2154
 2103 2153
 2104 2105
 2104 2156
 2105 2106
 2105 2206
 2105 2157
 2106 2207
 2106 2157
 2106 2158
 2108 2159
 2108 2109
 2108 2158
 2109 2161
 2109 2159
 2109 2110
 2110 2111
 2110 2162
 2110 2161
 2111 2164
 2111 2162
 2111 2112
 2112 2213
 2112 2165
 2112 2113
 2112 2164
 2113 2214
 2113 2166
 2113 2114
 2114 2115
 2114 2167
 2114 2166
 2115 2116
 2116 2217
 2116 2168
 2116 2167
 2116 2117
 2117 2169
 2117 2168
 2118 2169
 2118 2170
 2118 2119
 2119 2171
 2119 2120
 2119 2170
 2120 2172
 2120 2121
 2120 2171
 2121 2174
 2121 2172
 2121 2122
 2122 2175
 2123 2175
 2123 2124
 2124 2125
 2124 2177
 2124 2175
 2125 2177
 2125 2126
 2126 2179
 2126 2178
 2127 2181
 2127 2128
 2127 2179
 2127 2180
 2128 2182
 2128 2129
 2129 2183
 2129 2182
 2129 2130
 2130 2131
 2130 2183
 2131 2185
 2131 2132
 2132 2186
 2132 2133
 2132 2185
 2133 2187
 2133 2186
 2136 2236
 2136 2189
 2136 2188
 2136 2137
 2137 2237
 2137 2189
 2137 2190
 2138 2139
 2139 2191
 2139 2140
 2139 2190
 2140 2141
 2140 2192
 2140 2193
 2141 2142
 2141 2193
 2142 2195
 2142 2143
 2143 2196
 2143 2195
 2143 2144
 2144 2197
 2144 2145
 2144 2196
 2145 2197
 2145 2146
 2146 2198
 2147 2148
 2148 2199
 2148 2198
 2148 2149
 2149 2150
 2149 2199
 2150 2201
 2150 2151
 2150 2200
 2151 2201
 2151 2202
 2151 2152
 2152 2203
 2152 2202
 2153 2204
 2153 2154
 2154 2204
 2155 2204
 2155 2205
 2156 2205
 2157 2255
 2157 2207
 2157 2206
 2158 2159
 2158 2209
 2158 2207
 2159 2209
 2160 2161
 2160 2210
 2161 2211
 2161 2210
 2162 2211
 2163 2211
 2164 2212
 2165 2214
 2165 2213
 2166 2216
 2166 2167
 2166 2214
 2167 2217
 2168 2219
 2168 2169
 2168 2217
 2169 2220
 2169 2170
 2170 2171
 2171 2221
 2171 2220
 2172 2173
 2173 2221
 2174 2270
 2174 2223
 2174 2222
 2175 2223
 2175 2176
 2176 2271
 2176 2224
 2176 2223
 2177 2225
 2179 2273
 2179 2226
 2179 2225
 2180 2227
 2180 2226
 2180 2181
 2181 2182
 2182 2229
 2182 2183
 2182 2227
 2183 2230
 2183 2184
 2184 2231
 2184 2230
 2184 2185
 2185 2232
 2185 2186
 2186 2233
 2186 2232
 2187 2233
 2188 2236
 2189 2236
 2190 2284
 2190 2238
 2190 2191
 2190 2237
 2191 2239
 2191 2238
 2192 2193
 2193 2194
 2193 2239
 2194 2195
 2194 2241
 2194 2240
 2195 2196
 2195 2241
 2196 2197
 2196 2244
 2196 2243
 2197 2244
 2197 2198
 2198 2199
 2198 2245
 2198 2244
 2199 2247
 2199 2245
 2199 2200
 2200 2247
 2200 2201
 2201 2295
 2201 2249
 2201 2248
 2202 2203
 2202 2250
 2203 2204
 2203 2250
 2203 2251
 2204 2205
 2204 2251
 2204 2253
 2205 2254
 2205 2253
 2206 2255
 2206 2254
 2207 2301
 2207 2256
 2207 2255
 2208 2209
 2208 2257
 2209 2257
 2209 2210
 2210 2211
 2210 2257
 2211 2259
 2211 2258
 2212 2306
 2212 2260
 2212 2213
 2212 2259
 2213 2262
 2213 2260
 2213 2214
 2213 2261
 2214 2215
 2215 2262
 2215 2263
 2216 2264
 2216 2217
 2217 2264
 2218 2311
 2218 2219
 2218 2265
 2218 2264
 2219 2266
 2219 2220
 2220 2267
 2220 2266
 2220 2221
 2221 2269
 2221 2222
 2221 2268
 2221 2267
 2222 2269
 2222 2270
 2223 2317
 2223 2316
 2223 2271
 2224 2272
 2224 2225
 2224 2271
 2225 2320
 2225 2273
 2225 2319
 2225 2272
 2226 2227
 2226 2275
 2226 2273
 2227 2228
 2227 2276
 2228 2277
 2228 2276
 2229 2278
 2229 2230
 2230 2279
 2230 2278
 2232 2233
 2232 2280
 2232 2279
 2233 2281
 2233 2280
 2236 2282
 2236 2237
 2237 2330
 2237 2284
 2237 2283
 2238 2239
 2238 2284
 2239 2287
 2239 2332
 2239 2286
 2239 2240
 2239 2285
 2240 2288
 2240 2241
 2241 2335
 2241 2289
 2241 2242
 2242 2289
 2242 2243
 2243 2244
 2243 2289
 2244 2245
 2244 2290
 2245 2246
 2245 2291
 2245 2292
 2246 2294
 2246 2247
 2246 2292
 2246 2340
 2247 2248
 2248 2342
 2248 2295
 2248 2294
 2249 2343
 2249 2296
 2250 2251
 2251 2297
 2251 2298
 2251 2252
 2251 2296
 2252 2298
 2253 2299
 2254 2255
 2255 2301
 2255 2300
 2256 2302
 2256 2349
 2256 2257
 2256 2301
 2257 2302
 2257 2258
 2258 2304
 2258 2259
 2258 2303
 2259 2352
 2259 2306
 2260 2307
 2260 2306
 2261 2262
 2262 2263
 2262 2307
 2263 2264
 2263 2308
 2264 2309
 2264 2311
 2265 2311
 2266 2313
 2266 2267
 2266 2312
 2267 2314
 2267 2313
 2267 2268
 2268 2315
 2269 2270
 2270 2315
 2271 2272
 2271 2318
 2271 2317
 2272 2318
 2273 2274
 2274 2321
 2274 2320
 2274 2275
 2275 2322
 2275 2276
 2275 2321
 2276 2322
 2276 2323
 2276 2277
 2277 2325
 2277 2278
 2277 2323
 2278 2326
 2278 2325
 2279 2326
 2279 2280
 2280 2281
 2280 2326
 2281 2327
 2282 2283
 2283 2374
 2283 2330
 2283 2329
 2284 2285
 2284 2330
 2285 2378
 2285 2331
 2286 2333
 2286 2287
 2287 2288
 2287 2334
 2287 2382
 2288 2384
 2288 2334
 2288 2335
 2289 2337
 2289 2290
 2289 2335
 2290 2337
 2290 2291
 2291 2389
 2291 2292
 2291 2338
 2291 2337
 2292 2338
 2292 2340
 2293 2393
 2293 2294
 2293 2341
 2293 2340
 2294 2341
 2295 2343
 2295 2342
 2296 2297
 2296 2344
 2296 2343
 2297 2345
 2297 2344
 2298 2346
 2298 2345
 2298 2299
 2299 2347
 2299 2300
 2299 2346
 2300 2348
 2300 2347
 2300 2301
 2301 2349
 2302 2350
 2302 2409
 2302 2349
 2303 2351
 2303 2304
 2303 2350
 2304 2351
 2305 2351
 2305 2413
 2306 2352
 2306 2307
 2307 2355
 2307 2354
 2307 2308
 2307 2353
 2308 2355
 2308 2309
 2309 2310
 2309 2356
 2309 2357
 2309 2355
 2310 2357
 2310 2311
 2311 2358
 2311 2357
 2312 2359
 2312 2358
 2313 2360
 2313 2314
 2313 2359
 2314 2360
 2314 2315
 2315 2432
 2315 2362
 2315 2361
 2315 2316
 2315 2360
 2316 2362
 2316 2363
 2316 2317
 2317 2363
 2318 2436
 2318 2364
 2318 2363
 2319 2365
 2319 2320
 2319 2364
 2320 2365
 2320 2321
 2321 2366
 2321 2365
 2322 2368
 2322 2366
 2322 2323
 2323 2368
 2324 2445
 2324 2369
 2324 2368
 2324 2325
 2325 2370
 2325 2369
 2326 2371
 2326 2327
 2327 2372
 2327 2328
 2330 2376
 2330 2331
 2330 2374
 2331 2378
 2331 2376
 2332 2380
 2332 2333
 2332 2378
 2333 2382
 2333 2380
 2334 2384
 2334 2382
 2335 2336
 2335 2384
 2336 2387
 2336 2385
 2336 2337
 2337 2389
 2337 2387
 2338 2339
 2338 2389
 2339 2340
 2339 2390
 2340 2393
 2340 2391
 2341 2395
 2341 2342
 2341 2393
 2342 2396
 2342 2343
 2343 2398
 2343 2344
 2343 2396
 2344 2400
 2344 2398
 2344 2345
 2345 2402
 2345 2346
 2345 2400
 2346 2404
 2346 2347
 2346 2402
 2347 2406
 2347 2404
 2347 2348
 2348 2408
 2348 2349
 2348 2406
 2349 2409
 2350 2411
 2350 2351
 2350 2409
 2351 2413
 2351 2411
 2352 2415
 2352 2353
 2352 2413
 2353 2416
 2353 2354
 2354 2418
 2354 2355
 2354 2416
 2355 2420
 2355 2418
 2355 2356
 2356 2422
 2356 2357
 2356 2420
 2357 2424
 2357 2422
 2357 2358
 2358 2426
 2358 2359
 2358 2424
 2359 2428
 2359 2360
 2359 2426
 2360 2430
 2360 2361
 2360 2428
 2361 2432
 2361 2430
 2362 2434
 2362 2363
 2362 2432
 2363 2436
 2363 2434
 2364 2438
 2364 2365
 2364 2436
 2365 2440
 2365 2438
 2365 2366
 2366 2441
 2366 2440
 2367 2443
 2367 2368
 2367 2441
 2368 2445
 2368 2443
 2369 2447
 2369 2370
 2369 2445
 2370 2449
 2370 2371
 2370 2447
 2371 2451
 2371 2449
 2371 2372
