    2  126
    2   82
    3   82
    4   83
    4   82
    6   84
    6   83
    8   84
    9   86
    9   85
   11  130
   11   87
   11   86
   13   87
   14   88
   14   89
   16  132
   16   90
   16   89
   18   91
   18   90
   19   92
   21   93
   21   92
   22   93
   23   94
   23   93
   25   94
   25   95
   27   96
   27   95
   28   96
   29   97
   29   96
   31   98
   31   97
   33  140
   33   99
   33   98
   34  100
   34   99
   36  101
   36  100
   38  102
   38  101
   39  102
   40  102
   40  103
   42  146
   42  104
   42  103
   44  105
   44  104
   46  106
   46  105
   48  106
   48  107
   50  150
   50  108
   50  107
   52  108
   53  110
   53  109
   55  111
   55  110
   57  153
   57  111
   57  112
   59  112
   59  113
   61  113
   61  114
   62  114
   62  115
   64  115
   64  116
   66  117
   66  116
   67  117
   68  118
   68  117
   70  119
   70  118
   71  120
   71  119
   73  121
   73  120
   75  122
   75  121
   77  123
   77  122
   79  165
   79  123
   81  126
   82  127
   82  126
   83  128
   83   84
   84   85
   85 2237
   85  129
   85   86
   87   88
   87  130
   88  174
   88   89
   88  173
   88  131
   90   91
   90  132
   91  134
   91   92
   91  133
   93  136
   93   94
   93  135
   94  137
   94   95
   96  182
   96  181
   96   97
   96  138
   97   98
   98  140
   98  139
   99  141
   99  140
  100  101
  101  102
  101  142
  102  144
  102  143
  103  146
  103  144
  104  147
  104  105
  105  106
  106  147
  106  107
  107  150
  107  148
  108  194
  108  109
  108  150
  109  110
  109  194
  110  196
  110  195
  110  151
  110  152
  110  111
  111  153
  112  113
  112  153
  113  155
  113  154
  114  115
  115  116
  115  155
  115  157
  117  159
  117  158
  117  118
  118  119
  119  161
  119  160
  120 2236
  120  121
  121 2236
  121  122
  122  162
  122  123
  123  165
  123  164
  123  163
  124  165
  125  168
  126  169
  126  168
  126  127
  127  128
  127  169
  128 2237
  129  130
  129 2237
  130  131
  130  172
  131  173
  131  172
  132  133
  132 2245
  132  174
  133 2245
  133  134
  133  175
  134  135
  135  178
  135  177
  135  136
  136 2240
  136  137
  136  178
  137  138
  137 2240
  137  179
  138  179
  139  225
  139  183
  139  140
  139  182
  140  141
  140  183
  141  185
  141  142
  142  186
  142  143
  143  188
  143  144
  143  187
  144  188
  145  190
  145  146
  146  147
  146  190
  147  232
  147  233
  147  148
  147  191
  148  149
  149  192
  150  235
  150  194
  150  193
  152  196
  153  239
  153  154
  153  197
  154  240
  154  198
  154  155
  154  239
  155  198
  155  156
  156  199
  156  286
  156  157
  156  242
  157  158
  157  199
  158  202
  158  159
  158  201
  159  203
  159  160
  160  161
  160  203
  162  205
  162  206
  162  163
  162 2236
  164  207
  164  165
  164  206
  165  209
  165  208
  168  210
  168  212
  168  211
  168  169
  169  213
  169  254
  169  212
  169  170
  170 2237
  171 2237
  171  172
  171  214
  171  215
  172  215
  172  173
  173  216
  173  215
  175  219
  175  218
  175 2245
  176  177
  176  219
  177  221
  177  178
  178 2240
  178  263
  178  221
  179  222
  179 2240
  180  181
  181  268
  181  224
  181  223
  181  182
  182  225
  183  226
  183  225
  185  272
  185  186
  185  226
  186  227
  186  187
  187  228
  187  227
  187  188
  188  189
  188  229
  188  228
  189  229
  190  231
  190  230
  190  191
  191  231
  191  232
  192  193
  192  234
  192  233
  193  279
  193  234
  193  235
  194  237
  194  235
  195  196
  195  237
  196  238
  196  197
  198  241
  198  240
  199  287
  199  243
  199  286
  200  201
  201  244
  201  202
  201  243
  202  244
  202  203
  203  290
  203  246
  203  204
  203  245
  204  292
  204 2236
  205  248
  205  206
  205  247
  206  249
  206  207
  206  248
  207  250
  207  249
  207  208
  208  295
  208  251
  208  250
  210  253
  211  253
  211  212
  212  254
  213  256
  213  254
  214  257
  214  256
  214 2237
  215  258
  215  257
  216  259
  216  217
  217 2281
  217 2245
  218  261
  218 2245
  218 2281
  219  220
  220  221
  220  262
  221  263
  221  262
  222  223
  223  266
  224  269
  224  225
  224  268
  225  271
  225  270
  225  269
  227  273
  227  228
  227  272
  228  274
  228  273
  229  274
  231  319
  231  276
  231  232
  231  275
  232  319
  232  277
  233  277
  234  279
  234  278
  235  280
  235  279
  236  237
  236  281
  237  238
  238  323
  238  282
  238  239
  238  281
  239  284
  239  240
  240  284
  241  285
  244  330
  244  245
  244  289
  245  331
  245  330
  245  290
  246  332
  246  291
  247  293
  247  248
  247  292
  247 2236
  248  249
  248  293
  249  250
  250  294
  251  295
  253  297
  254  299
  254  255
  255  300
  255  299
  255  256
  256  301
  256  300
  256  257
  257  342
  257  302
  257  258
  257  301
  258  302
  258  303
  259  304
  259  303
  259  260
  261 2281
  261  348
  261  306
  261  305
  262  307
  262  263
  262  306
  263  308
  263  307
  264  308
  264 2240
  265 2240
  265  266
  266  309
  266  267
  267  311
  267  268
  267  310
  268  311
  268  269
  269  270
  269  311
  270  271
  270  312
  271  272
  272  315
  272  314
  273  315
  273  274
  274  316
  274  275
  274  315
  275  316
  276  319
  276  318
  277  320
  277  319
  278  361
  279  361
  279  280
  280  362
  280  321
  280  361
  281  321
  282  364
  282  283
  282  324
  282  323
  283  324
  283  284
  284  325
  284  285
  285  286
  285  326
  286  287
  287  328
  287  288
  287  327
  288  289
  288  329
  290  332
  290  331
  292  334
  292  333
  293  335
  293  334
  294  336
  295  337
  295  336
  297  298
  298  339
  298  338
  298  299
  299  340
  299  339
  299  300
  300  340
  300  301
  301  342
  302  380
  302  343
  302  342
  303  345
  303  304
  304  305
  305  348
  305  347
  305  346
  305 2281
  306  307
  307  350
  307  349
  308  387
  308  351
  309  310
  309  352
  309  351
  310  352
  311 2250
  311  354
  311  353
  311  312
  312  390
  312  355
  313  314
  314  391
  315 2258
  315  356
  315  393
  315  316
  316  357
  316  356
  316  358
  317  359
  317  318
  318  396
  318  359
  318  319
  319  320
  319  396
  321  363
  321  322
  322  401
  322  363
  322  323
  323  401
  324  325
  324  365
  324  364
  325  366
  325  365
  325  326
  326  367
  326  366
  327  407
  327  328
  327  367
  328  368
  328  407
  329  330
  329  368
  330  410
  330  331
  330  369
  331  370
  331  410
  332  333
  333  334
  333  371
  334  413
  334  372
  334  371
  334  335
  335  373
  335  336
  335  372
  336  415
  336  374
  336  373
  337  374
  339  418
  339  377
  339  376
  339  340
  340  377
  340  341
  341  420
  342  379
  342  380
  343  381
  343  344
  343  380
  344  422
  344  382
  344  345
  345  346
  346  384
  346  383
  347  348
  347  385
  347  384
  348  349
  349  386
  349  350
  349  385
  350  427
  350  387
  352  353
  352  389
  352  388
  354  430
  354  473
  354  390
  354 2250
  355  431
  355  391
  356  394
  356  434
  356  393
  357  395
  357  394
  359  437
  359  396
  359  395
  360  361
  361  398
  361  362
  362  440
  362  399
  362  398
  363  401
  364  403
  364  402
  364  365
  364  401
  365  404
  365  403
  366  367
  366  404
  368  408
  368  407
  369  410
  369  409
  369  408
  370  412
  370  371
  371  413
  371  412
  372  414
  372  413
  373  414
  374  416
  376  418
  377  378
  377  418
  378  460
  378  420
  379  421
  379  380
  379  420
  380  461
  380  381
  381  462
  381  422
  381  461
  382  423
  382  383
  382  422
  384  425
  384  385
  384  424
  385  425
  385  386
  386  468
  386  427
  386  426
  387  428
  387  427
  388  389
  388  429
  388  428
  389 2251
  389  429
  390 2260
  390  431
  390  473
  391  392
  391  431
  392  393
  392 2258
  392  432
  393  433
  393  434
  394  435
  394  436
  394  434
  396  397
  396  438
  396  437
  397  398
  398  440
  398  439
  399  441
  399  400
  399  440
  401  443
  402  445
  402  444
  402  403
  403  446
  403  445
  404  446
  405  406
  406  407
  406  488
  407  448
  407  447
  408 2268
  408  448
  409 2268
  409  410
  409  450
  409  449
  410  450
  410  411
  411  412
  411  451
  411  452
  411  450
  412  413
  412  452
  413  454
  413  414
  414 2238
  414  454
  415  498
  415  497
  415  455
  415 2238
  415  416
  417  418
  417  457
  418  419
  418  457
  420  421
  421  505
  421  461
  422  463
  422  462
  423  424
  424  465
  425  466
  425  426
  425  467
  426  511
  426  468
  426  467
  427  469
  427  470
  427  468
  429 2251
  429  472
  429  471
  429  430
  430 2250
  430  516
  430  473
  430  472
  431 2259
  431 2260
  432  433
  432  474
  433  521
  433  476
  433  475
  434  522
  434  521
  434  435
  435  477
  435  522
  436  437
  437  438
  437  479
  438  481
  438  479
  439  482
  439  440
  439  481
  440  483
  440  482
  441  529
  441  442
  442  443
  443  484
  443  444
  444  445
  444  485
  445  532
  445  486
  445  487
  446  487
  446  488
  447  491
  447  448
  447  490
  447  489
  449  538
  449  450
  449  492
  450  493
  450  538
  451  452
  451  493
  452  494
  452  453
  453  454
  453  495
  454 2238
  455  498
  457  500
  457  501
  458  459
  459  460
  459  502
  459  501
  459  503
  460  504
  461  506
  461  462
  462  507
  462  463
  463  508
  463  464
  463  552
  463  507
  464  465
  465  466
  465  509
  466  510
  467  511
  467  510
  468  512
  468  511
  469  513
  469  512
  470  471
  471  515
  471  514
  472  516
  472  515
  473 2260
  473  517
  473  516
  474  519
  475  519
  476  520
  476  521
  477  478
  477  523
  477  524
  478  525
  478  479
  479  480
  479  526
  479  525
  480  527
  480  481
  482  569
  482  527
  482  483
  483  569
  483  528
  484  485
  484  530
  484  529
  485  486
  485  530
  485  531
  486  531
  486  572
  486  532
  487  533
  487  532
  488  489
  488 2274
  489  535
  489 2274
  490  536
  490  535
  490  491
  491 2268
  492  579
  492  538
  492  537
  493  539
  493  538
  495  541
  495  540
  496 2238
  496  583
  496  542
  497  584
  497  544
  497 2238
  498  545
  500  547
  500  501
  501  547
  502  588
  502  548
  502  503
  502  547
  503  548
  503  504
  504  590
  504  548
  505  549
  505  590
  506  549
  507  551
  507  552
  507  550
  508  553
  509  553
  509  510
  510  511
  510  555
  510  554
  511  555
  511  556
  512  557
  512  556
  513  514
  514  558
  515  559
  515  516
  516  560
  516  559
  517  561
  517  560
  518 2259
  518  562
  518  561
  518  519
  519  562
  519  520
  520  563
  521  564
  521  522
  522  607
  522  523
  522  565
  522  564
  523  566
  523  565
  525  567
  525  526
  525  566
  526  568
  526  567
  527  612
  527  569
  527  568
  528  529
  528  570
  530  571
  530  570
  531  571
  531  572
  532  573
  532  572
  533  574
  533  534
  534 2275
  534  575
  535 2274
  535  576
  535  536
  536  578
  536  576
  536  537
  537 2268
  538  580
  538  579
  539  581
  539  540
  540  582
  540  581
  540  541
  541  583
  541  582
  542  628
  542  543
  542  583
  543  628
  543  584
  543 2239
  544  585
  544  545
  544  584
  546  587
  547  587
  547  588
  548  590
  548  588
  549  550
  549  591
  549  590
  550  591
  550  592
  550  551
  551  593
  551  552
  552  594
  552  553
  552  593
  553  554
  554  596
  554  597
  554  555
  555  556
  555  597
  556  599
  556  598
  557  558
  558  601
  558  559
  558  600
  559  602
  559  601
  559  560
  560  603
  560  602
  562  605
  562  604
  562  563
  563  648
  563  606
  563  605
  564  607
  564  649
  564  606
  565  608
  565  607
  567  610
  567  568
  567  609
  569  613
  569 2264
  569  612
  570  613
  571  616
  571  615
  572  616
  572  617
  572  573
  573  618
  573  617
  573  574
  574  620
  574  575
  575 2274
  576  577
  576  621
  576  622
  577  622
  577  578
  577  623
  578  664
  578  579
  579  624
  579  664
  579  580
  580  581
  580  624
  581  582
  581  624
  582  627
  582  583
  582  625
  583  628
  584  585
  584  628
  585  629
  586  587
  586  632
  587  588
  588  589
  588  632
  589  634
  589  590
  590  634
  591  592
  591  635
  592  637
  593  637
  593  594
  594  595
  594  637
  595  596
  595  638
  596  597
  596  639
  596  640
  597  641
  597  598
  597  640
  598  642
  599  643
  600  686
  600  643
  601  602
  601  687
  602  689
  602  644
  602  645
  603  646
  603  645
  604  646
  605  648
  605  647
  606  692
  606  648
  607  693
  607  650
  607  649
  608  609
  609  651
  609  652
  609  610
  610  611
  610  652
  611  695
  611  653
  611  652
  612 2264
  612  654
  612  653
  613  614
  614  615
  614  656
  615  657
  615  698
  616  658
  617  659
  617  658
  617  618
  618  619
  618  660
  618  659
  619  660
  619  620
  620  661
  620  660
  621  662
  621  661
  622  663
  622  662
  622  623
  623  704
  623  703
  623  664
  623  663
  624  666
  624  665
  624  664
  625  707
  625  667
  626  668
  626  708
  627  669
  629  671
  629  670
  630  671
  632  673
  632  675
  634  715
  634  677
  634  676
  636  677
  637  680
  637  679
  637  638
  638  639
  638  680
  639  681
  639  640
  639  680
  640  682
  640  681
  641  683
  641  682
  642  684
  642  643
  643  686
  644  688
  644  689
  644  687
  645 2282
  645  689
  646  647
  647  690
  648  733
  648  691
  648  692
  649  693
  649  692
  650  736
  650  735
  650  651
  652  694
  652  695
  654  741
  654  655
  654  696
  654 2264
  655  656
  655  742
  655  741
  655 2264
  656  657
  657  697
  658  745
  658  659
  658  699
  658  698
  659  660
  659  699
  660  700
  662  702
  662  701
  663  703
  663  702
  664  705
  664  704
  665 2265
  665  706
  666  754
  666  707
  667  755
  667  708
  667  707
  668  709
  668  669
  668  708
  669  756
  669  709
  669  670
  670  757
  670  710
  670  756
  670  671
  671  711
  671  710
  673  674
  673  713
  674  713
  674  675
  674  714
  675  762
  675  676
  675  714
  676  762
  676  715
  677  716
  677  678
  677  715
  678  717
  678  679
  678  716
  679  717
  679  718
  680  719
  680  718
  681  721
  681  719
  681  720
  681  682
  682  721
  683  723
  683  684
  684  724
  684  685
  684  723
  686  687
  686  725
  687  725
  687  726
  688  728
  688  689
  688  727
  689  728
  689  729
  690  732
  690  731
  690  730
  691  732
  692  734
  692  693
  693  734
  693  735
  694  695
  694  737
  694  736
  695  739
  695  696
  695  738
  696  741
  697  743
  697  744
  697  742
  698  744
  699  791
  699  747
  699  746
  700  748
  700  701
  702  749
  703  750
  703  751
  703  704
  704  752
  704  705
  704  751
  705 2265
  705  752
  706  754
  706  753
  706 2265
  707  754
  708  800
  708  709
  708  755
  709  756
  710  803
  710  758
  710  757
  712  760
  713  760
  714  762
  714  761
  714  760
  715  763
  715  716
  715  762
  716  764
  716  717
  717  765
  717  718
  717  764
  718  767
  718  719
  719  720
  720  768
  720  721
  721  813
  721  768
  721  769
  721  722
  722  770
  722  769
  722  723
  723  770
  724  772
  725  726
  725  772
  726  817
  726  727
  726  773
  727  773
  727  774
  727  728
  728  774
  729  820
  729 2282
  729  774
  730 2282
  731  777
  731  732
  731  776
  732  823
  732  778
  732  777
  733  778
  734  826
  734  780
  734  735
  734  779
  735  781
  735  780
  737  783
  737  738
  737  782
  738  783
  738  739
  739  740
  739  783
  740  785
  740  784
  740  741
  741  786
  741  785
  743  788
  743  789
  743  744
  744  745
  745  746
  745  789
  746  791
  746  790
  747  792
  748  749
  748  792
  749  793
  749  794
  749  750
  750  794
  750  751
  751  795
  751  794
  752  797
  752 2265
  752  796
  753  798
  753  797
  753 2265
  754  798
  755  845
  755  799
  755  798
  756  757
  756  801
  757  802
  758  803
  760  805
  760  806
  760  761
  761  762
  761  806
  762  808
  763  855
  764  765
  764  809
  764  855
  765  766
  765  810
  766  811
  767  768
  767  811
  768  812
  769  861
  769  814
  769  813
  770  814
  770  771
  771  816
  771  772
  773  819
  773  774
  773  818
  774  819
  775  776
  775  820
  775 2282
  776  821
  777  823
  777  822
  778  779
  778  823
  779  824
  780  827
  780  828
  780  826
  781  782
  782  829
  783  831
  783  784
  783  830
  784  832
  784  785
  785  833
  785  832
  786  787
  786  834
  787  788
  788  789
  788  835
  789  790
  789  836
  790  837
  790  791
  791 2276
  791  838
  791  837
  792 2288
  792  839
  792  793
  792 2276
  793  794
  793  839
  794  840
  794  839
  794  795
  795  841
  795  796
  796  842
  797  844
  797  798
  797  843
  798  845
  799  846
  799  845
  800  846
  801  847
  803  849
  803  848
  804  849
  805  806
  805  852
  806  807
  808  900
  808  854
  810  857
  811  859
  811  858
  812  905
  812  860
  812  859
  812  813
  813  861
  813  860
  814  815
  814  862
  815  816
  816  863
  816  817
  817  863
  818  865
  818  864
  818  819
  819  820
  819  865
  820  866
  821  822
  822  867
  823  824
  823  868
  824  868
  824  869
  824  825
  825  916
  825  870
  825  826
  825  869
  826  870
  826  827
  827  917
  827  871
  828  829
  828  872
  829  830
  830 2286
  830  873
  831  832
  831 2286
  832  874
  832  875
  833  877
  833  834
  834  835
  835  836
  835  877
  836  837
  836  878
  837  838
  837  879
  838  880
  838  882
  839  840
  839 2288
  840  885
  840  884
  841  885
  841  886
  842  843
  842  886
  843  844
  844  889
  844  887
  845  846
  845  889
  846  892
  846  891
  846  847
  846  890
  847  934
  847  893
  847  892
  847  848
  848  894
  848  849
  848  893
  849  896
  849  895
  852  939
  852  897
  852  853
  853  854
  853  898
  854  941
  854  899
  854  900
  855  856
  856  902
  856  857
  857  945
  857  903
  857  902
  858  903
  859  905
  859  904
  860  906
  860  861
  861  906
  861  907
  862  909
  862  907
  863  910
  863  909
  864  911
  864  865
  864  910
  865  912
  865  911
  866  913
  867  914
  867  868
  867  913
  868  914
  869  957
  869  915
  870  917
  870  916
  871  872
  872  918
  872  873
  873 2287
  873 2285
  873  919
  874 2286
  874  963
  874  921
  874  875
  874 2285
  875  921
  875  876
  876  922
  876  877
  877  923
  877  878
  878  879
  879  923
  879  880
  880  881
  880  924
  881  969
  881  882
  881  926
  881  925
  882 2277
  882  926
  882  883
  883 2288
  883 2277
  883  927
  883  926
  884  972
  884  885
  885  886
  886  887
  886  929
  887  931
  887  930
  888  889
  888  931
  889  932
  889  890
  890 2253
  890  891
  891  892
  891 2253
  892  934
  893  979
  893  935
  893  934
  894  935
  894  895
  895  937
  895  936
  895  935
  897  939
  898  899
  898  941
  898  940
  898  939
  899  941
  900  942
  900  901
  900  941
  901  902
  902  943
  903  946
  903  945
  904  946
  905  947
  906  992
  906  907
  906  948
  906  947
  907  948
  907  908
  908  950
  908  909
  908  949
  909  910
  909  951
  910  911
  911  997
  911  952
  911  951
  912  954
  913  954
  914  915
  914  956
  914  955
  916  958
  916  917
  916  957
  917  958
  917  959
  917  918
  918  919
  919  960
  919  920
  920  963
  920 2285
  920  961
  921  964
  921  963
  921  965
  922  923
  922  965
  922  967
  923  924
  924  925
  924  967
  925  968
  925  969
  926  927
  926  970
  926  969
  927  971
  927 2288
  928  972
  928  971
  928 2288
  929 1018
  929  973
  929  972
  930  974
  930  973
  932  977
  932  975
  933  977
  933 2253
  934  979
  935 2242
  935  980
  935  936
  935  979
  936  981
  937  981
  939  984
  939  983
  940  985
  940  984
  941  986
  941  942
  941  985
  942  943
  942  987
  942  986
  943  988
  943  944
  944 1033
  944  988
  944  945
  944  989
  945  989
  945  946
  946  990
  946  989
  947  992
  947  991
  948  993
  948  949
  949  995
  949  993
  950  951
  950  996
  950  995
  952  998
  952  953
  952  997
  953  999
  953  954
  954  955
  955  956
  955 1000
  956 1001
  956  957
  957 1002
  958  959
  958 1004
  959  960
  959 1004
  960 1050
  960  961
  960 1006
  961 1007
  961  962
  962 1008
  962 1007
  962  963
  963 1009
  963 1008
  963  964
  964 1010
  964 1009
  965 1054
  965  966
  966 1011
  966  967
  966 1054
  967 1012
  967  968
  968 1057
  968 1014
  968  969
  968 1013
  969 1014
  970 1016
  970 1015
  970 1014
  971 1017
  971 1016
  972 1017
  973 1019
  974  975
  975 1063
  975  976
  975 1019
  976 1021
  976 1020
  976  977
  977 1022
  977 1021
  978 2253
  978 1023
  978  979
  979 2242
  980 1026
  980  981
  980 2242
  981 1027
  981 1026
  983 1029
  984 1073
  984 1029
  984 1030
  985 1073
  985 1031
  986  987
  986 1032
  986 1031
  987 1032
  987  988
  988 1033
  988 1032
  989 1077
  989 1034
  989  990
  990 1036
  990  991
  990 1035
  990 1034
  992 1037
  992 1036
  993 1039
  993  994
  993 1038
  994 1039
  994 1040
  994  995
  995  996
  995 1040
  996 1041
  996 1040
  997 1042
  997  998
  997 1041
  998 1043
  998  999
  999 1000
 1000 1045
 1000 1044
 1001 1002
 1001 1045
 1002 1047
 1002 1003
 1003 1004
 1003 1047
 1004 1091
 1004 1092
 1004 1049
 1004 1048
 1004 1005
 1005 1093
 1005 1006
 1005 1049
 1006 1094
 1006 1050
 1006 1093
 1007 1051
 1007 1008
 1007 1050
 1008 1051
 1008 1009
 1008 1052
 1009 1052
 1009 1010
 1010 1054
 1010 1053
 1011 1012
 1011 1055
 1011 1054
 1012 1055
 1012 1056
 1012 1013
 1013 1057
 1013 1056
 1014 1103
 1014 1058
 1014 1057
 1015 1059
 1015 1058
 1016 1059
 1017 1060
 1018 1062
 1019 1062
 1019 1108
 1019 1063
 1020 1064
 1020 1021
 1020 1063
 1021 1022
 1021 1064
 1022 1065
 1022 2252
 1023 2252
 1023 1068
 1024 2242
 1025 2244
 1025 2242
 1026 1071
 1026 1070
 1029 1118
 1029 1072
 1030 1118
 1030 1073
 1031 1074
 1031 1032
 1031 1073
 1032 1076
 1032 1074
 1033 1122
 1033 1077
 1034 1035
 1034 1077
 1035 1124
 1035 1079
 1035 1036
 1036 1079
 1036 1037
 1037 1080
 1037 1038
 1038 1127
 1038 1081
 1038 1080
 1038 1039
 1039 1040
 1039 1081
 1040 1083
 1040 1041
 1041 1083
 1041 1042
 1042 1086
 1042 1085
 1043 1044
 1043 1086
 1044 1045
 1044 1088
 1044 1087
 1045 1046
 1046 1088
 1046 1047
 1047 1048
 1047 1090
 1047 1089
 1048 1090
 1048 1091
 1049 1093
 1049 1092
 1050 1095
 1050 1051
 1050 1094
 1051 1097
 1051 1096
 1052 1053
 1052 1097
 1053 1099
 1053 1054
 1053 1098
 1054 1100
 1054 1055
 1055 1100
 1056 1102
 1056 1057
 1057 1102
 1058 1105
 1058 1104
 1058 1103
 1059 1105
 1059 1060
 1060 1061
 1060 1107
 1061 1062
 1061 1107
 1062 1155
 1062 1108
 1063 1064
 1063 1108
 1064 1110
 1064 1109
 1066 1111
 1066 1067
 1066 2252
 1067 1113
 1067 1068
 1067 1112
 1068 1113
 1068 1069
 1069 2244
 1069 1114
 1069 1113
 1069 2243
 1070 2244
 1070 1115
 1070 1071
 1070 1114
 1071 1115
 1072 1118
 1073 1119
 1074 1075
 1074 1120
 1075 1121
 1075 1076
 1076 1122
 1076 1169
 1077 1171
 1077 1078
 1077 1123
 1078 1124
 1079 1125
 1080 1125
 1080 1127
 1080 1126
 1081 1082
 1081 1127
 1082 1083
 1082 1129
 1083 1131
 1083 1084
 1083 1130
 1084 1085
 1084 1132
 1084 1131
 1085 1180
 1085 1132
 1085 1133
 1085 1086
 1086 1133
 1086 1087
 1087 1135
 1087 1134
 1087 1088
 1087 1133
 1088 1089
 1088 1135
 1089 1135
 1089 1136
 1089 1090
 1090 1137
 1090 1091
 1090 1136
 1091 1092
 1092 1139
 1093 1094
 1093 1139
 1094 1095
 1094 1140
 1095 1141
 1096 1142
 1096 1141
 1097 1144
 1097 1098
 1098 1144
 1099 1146
 1099 1100
 1100 1101
 1100 1146
 1101 1149
 1101 1102
 1101 1147
 1102 1103
 1103 1104
 1103 1149
 1104 1105
 1104 1151
 1104 1152
 1105 1153
 1105 1106
 1106 1154
 1106 1107
 1107 1154
 1107 1155
 1108 1156
 1109 1158
 1110 1111
 1110 1159
 1111 1112
 1111 1159
 1111 1160
 1112 1113
 1112 1160
 1112 1161
 1113 1162
 1113 1114
 1114 1163
 1114 1115
 1114 2244
 1115 1116
 1116 1163
 1117 1166
 1119 1166
 1120 1168
 1121 1169
 1121 1168
 1122 1171
 1122 1170
 1123 1172
 1124 1173
 1124 1172
 1125 1174
 1125 1126
 1125 1173
 1126 1127
 1126 1174
 1127 1128
 1128 1176
 1129 2278
 1129 1176
 1130 1177
 1131 1178
 1131 1132
 1131 1177
 1132 1180
 1132 1178
 1133 1181
 1133 1134
 1133 1180
 1134 1135
 1134 1182
 1135 1182
 1135 1184
 1135 1136
 1136 1185
 1136 1137
 1137 1185
 1137 1186
 1138 1139
 1138 1186
 1138 1187
 1139 1188
 1139 1140
 1140 1141
 1140 1188
 1141 1142
 1142 1189
 1142 1143
 1143 1144
 1143 1190
 1144 1145
 1145 1146
 1145 1191
 1146 1147
 1146 1193
 1147 1193
 1147 1148
 1148 1149
 1148 1195
 1148 1194
 1149 1150
 1150 1196
 1150 1151
 1151 1238
 1151 2284
 1151 1152
 1152 1197
 1152 1238
 1152 1153
 1153 1154
 1153 1197
 1154 1198
 1154 1199
 1155 1156
 1155 1200
 1156 1157
 1156 1201
 1157 1158
 1157 1202
 1158 1202
 1158 1159
 1159 1203
 1160 1204
 1160 1203
 1161 1206
 1163 1249
 1163 1248
 1163 1207
 1163 1206
 1165 1209
 1165 1166
 1166 1209
 1166 1167
 1166 1210
 1167 1211
 1167 1168
 1167 1210
 1169 1212
 1170 1213
 1171 1213
 1172 1215
 1172 2263
 1172 1173
 1172 1214
 1173 1215
 1173 1174
 1174 1175
 1175 1217
 1175 1218
 1176 2278
 1176 1218
 1177 2278
 1177 1178
 1177 1219
 1178 1219
 1178 1179
 1179 1221
 1179 1180
 1180 1221
 1181 1182
 1181 2289
 1182 1183
 1182 1222
 1183 1224
 1183 1184
 1183 1223
 1184 1224
 1184 1185
 1185 1186
 1186 1225
 1187 1188
 1187 1226
 1188 1229
 1188 1189
 1188 1227
 1189 1229
 1189 1190
 1190 1191
 1190 1230
 1191 2279
 1191 1231
 1191 1192
 1192 1232
 1192 1193
 1193 1232
 1193 1194
 1194 1234
 1195 1235
 1195 1236
 1196 2284
 1196 1236
 1196 1237
 1197 1284
 1197 1198
 1197 1239
 1197 1238
 1198 1285
 1198 1239
 1198 1240
 1199 1240
 1199 1200
 1200 1241
 1201 1288
 1201 1287
 1201 1242
 1201 1202
 1201 1241
 1202 1243
 1203 1245
 1203 1243
 1204 1246
 1204 1205
 1205 1247
 1205 1246
 1205 1206
 1206 1248
 1206 1247
 1207 1249
 1209 1252
 1209 1251
 1210 1253
 1210 1211
 1211 1254
 1211 1212
 1211 1253
 1212 1299
 1212 1301
 1212 1213
 1212 1300
 1212 1254
 1213 1301
 1213 1214
 1213 1255
 1214 1255
 1214 1256
 1214 2263
 1215 2263
 1215 1258
 1215 1216
 1216 1259
 1216 1217
 1217 1306
 1217 1260
 1218 1307
 1218 1260
 1219 1261
 1219 1220
 1219 2278
 1220 1263
 1220 1221
 1220 1262
 1221 2289
 1221 1264
 1222 1223
 1222 1265
 1222 2289
 1223 1267
 1224 1268
 1224 1225
 1224 1269
 1225 1226
 1225 1269
 1226 1270
 1226 1227
 1227 1228
 1228 1229
 1228 1273
 1228 1272
 1229 1274
 1229 1319
 1229 1273
 1230 1274
 1230 1275
 1231 1232
 1231 1276
 1232 1278
 1232 1279
 1232 1233
 1233 1280
 1233 1234
 1234 1235
 1235 1281
 1235 1236
 1236 1237
 1237 2283
 1237 1282
 1238 2284
 1238 1283
 1238 1284
 1238 2283
 1239 1285
 1239 1284
 1240 1330
 1240 1286
 1240 1241
 1240 1285
 1241 1287
 1241 1286
 1242 1332
 1242 1289
 1242 1243
 1242 1288
 1243 1289
 1243 1244
 1244 1290
 1244 1245
 1244 1289
 1245 1290
 1245 1246
 1246 1292
 1247 1292
 1247 1293
 1249 1294
 1250 1295
 1252 1298
 1252 1340
 1252 1297
 1252 1253
 1253 1298
 1253 1254
 1254 1298
 1255 1256
 1255 1303
 1255 1301
 1256 1304
 1256 2263
 1257 2263
 1257 1258
 1258 1305
 1259 1305
 1260 1307
 1261 2278
 1261 1308
 1261 1262
 1261 1307
 1262 1308
 1263 2269
 1263 1310
 1263 1264
 1264 1310
 1264 2289
 1264 1265
 1265 1266
 1266 1267
 1266 1311
 1267 1313
 1267 1268
 1268 1269
 1269 1313
 1269 1270
 1270 1271
 1270 1314
 1271 1317
 1271 1315
 1271 1272
 1272 1318
 1272 1317
 1273 1318
 1273 1319
 1274 1320
 1274 1319
 1275 2280
 1275 1320
 1276 1277
 1276 1321
 1277 1278
 1278 1323
 1278 1279
 1279 1324
 1279 1323
 1279 1280
 1280 1325
 1280 1324
 1280 1281
 1281 1327
 1281 1326
 1282 1328
 1282 1327
 1282 1283
 1283 2283
 1283 1328
 1284 2290
 1285 1374
 1285 1330
 1285 1329
 1286 1287
 1286 1330
 1287 1288
 1288 1331
 1289 1334
 1289 1290
 1289 1332
 1290 1335
 1290 1291
 1290 1334
 1291 1292
 1291 1335
 1292 1379
 1292 1336
 1292 1335
 1293 1381
 1293 1336
 1293 1294
 1294 1337
 1294 1295
 1294 1381
 1295 1338
 1295 1337
 1295 1296
 1297 1340
 1298 1299
 1298 1340
 1298 1341
 1298 1385
 1299 1342
 1299 1300
 1300 1301
 1301 1343
 1301 1302
 1302 1390
 1302 1344
 1304 1344
 1305 1346
 1305 1306
 1305 1347
 1306 1347
 1307 1394
 1307 1349
 1307 1308
 1307 1348
 1308 1349
 1308 1309
 1309 2269
 1309 1350
 1310 1352
 1310 1311
 1310 2269
 1311 1312
 1311 1353
 1312 1355
 1312 1354
 1312 1313
 1313 1401
 1313 1400
 1313 1356
 1313 1314
 1314 1315
 1314 1356
 1315 1357
 1316 1317
 1316 1357
 1317 1358
 1317 1359
 1318 1360
 1318 1319
 1319 1361
 1319 1320
 1320 2280
 1320 1361
 1321 1362
 1321 1363
 1321 2280
 1322 1323
 1322 1363
 1323 1366
 1323 1365
 1324 1367
 1325 1368
 1326 1327
 1326 1368
 1327 1369
 1327 1328
 1327 1370
 1328 1370
 1328 2290
 1329 2290
 1329 1373
 1330 1331
 1330 1374
 1331 1332
 1331 1375
 1332 1333
 1333 1334
 1333 1376
 1334 1377
 1334 1335
 1335 1379
 1336 1381
 1336 1379
 1337 1383
 1337 1382
 1337 1381
 1340 1385
 1340 1384
 1342 1387
 1343 1388
 1344 1391
 1344 1345
 1344 1390
 1345 1435
 1345 1392
 1345 1346
 1345 1391
 1347 1437
 1347 1348
 1347 1393
 1348 1438
 1348 1437
 1348 1394
 1349 1350
 1349 1394
 1350 1351
 1351 1395
 1351 1396
 1352 2269
 1352 1353
 1352 1397
 1353 1397
 1353 1354
 1354 1399
 1355 1400
 1356 1402
 1356 1401
 1357 1403
 1357 2273
 1357 1402
 1358 1359
 1358 2273
 1359 1405
 1360 1361
 1360 1405
 1361 1406
 1361 1362
 1362 2280
 1362 1451
 1362 1407
 1362 1406
 1363 1364
 1363 1408
 1363 1407
 1365 1455
 1365 1454
 1365 1366
 1365 1409
 1366 1367
 1366 1455
 1367 1410
 1367 1368
 1368 1411
 1369 1412
 1369 1413
 1369 1370
 1370 1414
 1370 1413
 1371 1372
 1371 1414
 1371 2290
 1372 1416
 1372 1373
 1373 1374
 1373 1417
 1374 1418
 1374 1417
 1375 1419
 1375 1418
 1376 1420
 1377 1421
 1378 2256
 1378 1379
 1378 1421
 1379 1380
 1379 1422
 1380 1381
 1380 1423
 1381 1424
 1381 1382
 1382 1383
 1382 1425
 1383 1426
 1385 1428
 1386 1429
 1386 1387
 1387 1431
 1387 1388
 1387 1430
 1388 1433
 1388 1389
 1389 1390
 1389 1433
 1391 1477
 1391 1434
 1392 1436
 1392 1393
 1392 1435
 1393 1436
 1394 1439
 1394 1438
 1395 1439
 1396 1441
 1396 1397
 1396 2269
 1397 1441
 1397 1442
 1398 1399
 1398 1442
 1399 1443
 1400 1444
 1400 1401
 1401 1445
 1401 1402
 1402 1446
 1402 1445
 1403 1447
 1403 1446
 1404 2273
 1404 1405
 1404 1449
 1404 2272
 1405 1450
 1406 1451
 1406 1450
 1407 1452
 1407 1451
 1408 2271
 1408 1453
 1408 1452
 1409 1454
 1409 1453
 1410 1456
 1411 1458
 1411 1457
 1411 1412
 1412 1459
 1412 1458
 1412 1413
 1413 1459
 1413 1414
 1414 1460
 1415 1460
 1415 1416
 1416 1462
 1416 1417
 1417 1463
 1417 1418
 1418 1464
 1418 1463
 1419 1465
 1419 1420
 1420 1466
 1420 1465
 1420 1421
 1421 2254
 1421 1466
 1422 1467
 1423 1468
 1424 1468
 1425 1469
 1426 1470
 1428 1429
 1429 1516
 1429 1472
 1429 1471
 1429 1430
 1429 1473
 1430 1473
 1430 1431
 1431 1474
 1431 1473
 1431 1432
 1432 1475
 1432 1433
 1432 1474
 1433 1476
 1433 1475
 1433 1434
 1435 1522
 1435 1477
 1436 1478
 1436 1479
 1436 1437
 1437 1480
 1437 1438
 1437 1479
 1438 1481
 1438 1480
 1439 1482
 1439 1481
 1440 1482
 1440 1441
 1441 1484
 1441 1442
 1442 1486
 1442 1484
 1443 1444
 1443 1487
 1444 1488
 1444 1487
 1444 1445
 1445 1489
 1445 1446
 1445 1488
 1446 1490
 1446 1489
 1447 1491
 1447 1490
 1447 2272
 1448 1491
 1448 1449
 1449 1493
 1450 1494
 1450 1493
 1451 1495
 1451 1494
 1451 1496
 1451 1452
 1452 2271
 1452 1496
 1453 1497
 1453 2271
 1454 1538
 1454 1455
 1454 1499
 1455 2267
 1455 1499
 1456 2267
 1456 1501
 1456 1457
 1457 1502
 1457 1501
 1458 1459
 1458 1502
 1459 1504
 1459 1460
 1459 1502
 1459 1503
 1460 1504
 1461 1544
 1461 1462
 1461 1504
 1462 1506
 1463 1506
 1463 1507
 1463 1464
 1464 1508
 1464 1548
 1464 1465
 1464 1507
 1465 1508
 1465 1509
 1466 1510
 1467 1552
 1467 2257
 1467 1511
 1467 1468
 1468 1512
 1468 1511
 1469 1514
 1469 1513
 1469 1470
 1469 1512
 1471 1516
 1472 1473
 1472 1517
 1473 1518
 1473 1474
 1474 1519
 1474 1475
 1475 1476
 1476 1477
 1476 1520
 1476 1519
 1477 1520
 1478 1523
 1478 1522
 1478 1479
 1479 1480
 1479 1523
 1480 1525
 1480 1481
 1481 1526
 1481 1525
 1482 1527
 1483 1484
 1483 1527
 1484 1529
 1484 1485
 1485 1486
 1487 1573
 1487 1574
 1487 1488
 1487 1530
 1488 1574
 1489 1532
 1489 1490
 1490 1532
 1491 1533
 1491 1532
 1492 1534
 1492 1533
 1493 1535
 1493 1534
 1494 1535
 1494 1495
 1495 1580
 1495 1496
 1495 1535
 1496 2270
 1497 1537
 1497 2270
 1498 1538
 1498 1537
 1499 1500
 1499 1538
 1501 1584
 1501 1540
 1502 1542
 1502 1503
 1502 1541
 1503 1543
 1503 1542
 1504 1544
 1504 1543
 1505 1546
 1505 1544
 1506 1547
 1506 1507
 1506 1546
 1507 1548
 1508 1589
 1508 1548
 1508 1549
 1509 1591
 1509 1550
 1509 1549
 1509 1510
 1510 2255
 1510 1551
 1510 1550
 1511 1595
 1511 1553
 1511 1512
 1511 1552
 1512 1553
 1512 1513
 1512 1554
 1513 1555
 1513 1554
 1514 1555
 1515 1558
 1516 1558
 1516 1559
 1517 1559
 1518 1561
 1518 1560
 1519 1602
 1519 1603
 1519 1562
 1519 1561
 1520 1562
 1520 1563
 1520 1521
 1521 1564
 1521 1563
 1521 1522
 1522 1523
 1522 1564
 1523 1524
 1523 1564
 1524 1565
 1524 1525
 1525 1567
 1525 1526
 1525 1568
 1526 1568
 1526 1527
 1527 1611
 1527 1569
 1528 1529
 1528 1569
 1528 1570
 1529 1571
 1529 1530
 1530 1572
 1531 1532
 1531 1574
 1532 1575
 1532 1533
 1533 1576
 1534 1578
 1535 1580
 1535 1579
 1536 1622
 1536 1581
 1536 2270
 1536 1580
 1537 1623
 1538 1624
 1538 1582
 1539 1540
 1539 1583
 1540 1584
 1540 1583
 1541 1628
 1541 1627
 1541 1542
 1541 1584
 1542 1628
 1543 1586
 1543 1585
 1544 1586
 1545 1587
 1545 1546
 1545 1586
 1546 2262
 1546 1547
 1547 1548
 1547 1588
 1548 1589
 1549 1590
 1549 1589
 1550 1592
 1550 1551
 1550 1591
 1551 2257
 1551 1552
 1551 2255
 1552 2257
 1552 1593
 1553 1554
 1553 1595
 1554 1637
 1554 1596
 1556 1596
 1557 1558
 1558 1598
 1558 1559
 1559 1600
 1559 1560
 1559 1601
 1560 1561
 1560 1601
 1561 1601
 1562 1645
 1562 1605
 1562 1604
 1563 1605
 1563 1606
 1563 1564
 1564 1565
 1565 1606
 1565 1566
 1566 1609
 1566 1567
 1566 1607
 1567 1610
 1567 1568
 1568 1611
 1568 1610
 1569 1652
 1569 1611
 1570 1613
 1570 1612
 1571 1614
 1571 1572
 1571 1613
 1572 1573
 1572 1614
 1572 1615
 1573 1616
 1573 1615
 1573 1574
 1574 1617
 1574 1616
 1575 1658
 1575 1576
 1575 1617
 1576 1659
 1576 1577
 1576 1618
 1578 1620
 1578 1579
 1578 1619
 1579 1621
 1579 1580
 1579 1620
 1580 1621
 1581 1664
 1581 1663
 1581 1623
 1581 1622
 1583 1625
 1584 1627
 1584 1626
 1585 1629
 1585 1628
 1586 1670
 1586 1629
 1587 2262
 1587 1631
 1587 1630
 1588 1632
 1588 1589
 1589 1676
 1589 1675
 1589 1590
 1590 1633
 1590 1676
 1591 1633
 1592 1634
 1593 1635
 1593 1634
 1594 1635
 1594 1595
 1595 1637
 1596 1638
 1596 1597
 1596 1637
 1597 1638
 1598 1641
 1599 1600
 1600 1601
 1600 1643
 1601 1602
 1602 1644
 1603 1644
 1604 1645
 1604 1644
 1605 1646
 1605 1606
 1606 1607
 1606 1646
 1607 1647
 1607 1608
 1608 1609
 1608 1648
 1609 1650
 1609 1610
 1610 1651
 1610 1611
 1611 1651
 1612 1697
 1612 1652
 1613 1698
 1613 1654
 1614 1615
 1614 1654
 1614 1655
 1615 1616
 1616 1656
 1616 1617
 1617 1657
 1617 1656
 1618 1659
 1618 1658
 1619 1660
 1619 1620
 1619 1659
 1620 1662
 1620 1621
 1620 1661
 1621 1662
 1622 1662
 1623 1665
 1623 1624
 1623 1664
 1624 1710
 1624 1665
 1625 1666
 1625 1626
 1626 1711
 1626 1667
 1626 1666
 1626 1627
 1627 1628
 1627 1668
 1628 1668
 1629 1670
 1630 1670
 1631 1674
 1631 2262
 1631 1673
 1632 2262
 1632 1675
 1632 1718
 1633 1721
 1633 1722
 1633 1677
 1633 1634
 1633 1676
 1634 1678
 1634 1677
 1635 1679
 1636 1680
 1638 1727
 1638 1682
 1638 1681
 1640 1641
 1640 1684
 1641 1684
 1641 1685
 1641 1642
 1643 1732
 1643 1686
 1644 1688
 1644 1687
 1645 1690
 1645 1646
 1645 1689
 1645 1688
 1646 1690
 1647 1692
 1647 1648
 1647 1690
 1648 1649
 1649 1694
 1649 1692
 1649 1650
 1650 1695
 1650 1651
 1651 1695
 1652 1696
 1652 1695
 1653 1698
 1653 1697
 1654 1655
 1654 1698
 1655 1700
 1656 1747
 1656 1746
 1656 1701
 1656 1657
 1656 1700
 1657 1701
 1658 1748
 1659 1702
 1660 1704
 1660 1703
 1661 1705
 1661 1662
 1661 1704
 1662 1706
 1662 1705
 1663 1706
 1663 1664
 1664 1708
 1664 1707
 1665 1708
 1666 1711
 1666 1710
 1667 1758
 1667 1668
 1667 1711
 1668 1759
 1668 1712
 1668 1713
 1669 1713
 1669 1670
 1670 1671
 1671 1715
 1671 1672
 1671 1714
 1672 1715
 1673 1763
 1673 1717
 1673 1674
 1673 1716
 1674 1718
 1675 1676
 1675 1719
 1676 1719
 1676 1720
 1677 1768
 1677 1723
 1677 1722
 1678 1724
 1678 1679
 1679 1725
 1679 1724
 1679 1680
 1680 1771
 1680 1726
 1680 1725
 1681 1772
 1681 1727
 1681 1726
 1682 1727
 1683 1730
 1684 1730
 1684 1685
 1685 1686
 1685 1731
 1685 1730
 1686 1732
 1686 1731
 1687 1732
 1688 1734
 1688 1778
 1689 1778
 1689 1690
 1689 1735
 1690 1736
 1690 1735
 1691 1781
 1691 1692
 1692 1693
 1692 1737
 1694 1739
 1695 1741
 1695 1740
 1695 1696
 1696 1742
 1696 1741
 1697 1742
 1698 1744
 1699 1744
 1700 1746
 1700 1745
 1701 1748
 1701 1747
 1702 1749
 1702 1703
 1703 1750
 1704 1794
 1704 1752
 1705 1706
 1705 1752
 1706 1752
 1706 1753
 1707 1708
 1707 1753
 1708 1755
 1708 1754
 1709 1756
 1709 1755
 1710 1756
 1710 1711
 1711 1757
 1711 1758
 1712 1759
 1712 1758
 1713 1760
 1713 1759
 1714 1715
 1714 1760
 1715 1762
 1715 1761
 1716 1763
 1716 1762
 1717 1764
 1718 1765
 1718 1719
 1719 1720
 1719 1765
 1720 1766
 1720 1721
 1721 1722
 1722 1768
 1723 1769
 1723 1724
 1723 1768
 1724 1770
 1724 1769
 1725 1811
 1725 1770
 1726 1772
 1726 1771
 1727 1773
 1727 1772
 1730 1814
 1730 1774
 1730 1775
 1732 1776
 1732 1733
 1733 1777
 1733 1734
 1733 1776
 1734 1778
 1734 1777
 1735 1736
 1735 1780
 1735 1778
 1736 1820
 1736 1781
 1736 1780
 1737 1738
 1737 1781
 1738 1784
 1738 1739
 1738 1782
 1739 1784
 1739 1740
 1740 1741
 1740 1785
 1740 1784
 1741 1785
 1741 1742
 1742 1826
 1742 1786
 1743 1787
 1744 1788
 1744 1745
 1744 1787
 1745 1746
 1745 1788
 1746 1789
 1746 1747
 1747 1748
 1747 1790
 1747 1789
 1748 1791
 1748 1790
 1748 1749
 1749 1792
 1749 1791
 1750 1751
 1750 1792
 1751 1794
 1752 1795
 1752 1753
 1753 1754
 1753 1795
 1754 1755
 1755 1796
 1756 1798
 1757 1839
 1757 1838
 1757 1758
 1757 1799
 1757 1798
 1758 1799
 1759 1801
 1759 1760
 1760 2261
 1760 1801
 1761 2261
 1761 1762
 1762 1802
 1763 1803
 1764 1845
 1764 1805
 1764 1804
 1765 1806
 1765 1766
 1765 1805
 1766 1806
 1766 1767
 1767 1808
 1767 1807
 1768 1809
 1768 1808
 1768 1769
 1769 1810
 1769 1770
 1769 1809
 1770 1850
 1770 1810
 1771 1853
 1771 1852
 1771 1811
 1772 1812
 1772 1853
 1774 1814
 1775 1815
 1775 1776
 1775 1814
 1776 1815
 1777 1817
 1777 1778
 1777 1816
 1778 1779
 1778 1819
 1778 1817
 1779 1780
 1780 1820
 1781 1821
 1781 1820
 1782 1783
 1782 1821
 1783 1823
 1784 1864
 1784 1824
 1784 1785
 1784 1823
 1785 1824
 1786 1826
 1786 1824
 1787 1788
 1787 1827
 1788 1829
 1788 1789
 1788 1827
 1789 1830
 1790 1831
 1790 1791
 1791 1832
 1791 1831
 1792 1793
 1792 1832
 1793 1794
 1794 1874
 1794 1873
 1794 1795
 1795 1875
 1795 1874
 1795 1834
 1796 1797
 1796 1834
 1796 1836
 1797 1837
 1798 1838
 1798 1837
 1799 1800
 1799 1839
 1800 1841
 1801 2261
 1801 1841
 1802 1803
 1802 1843
 1803 1804
 1805 1885
 1805 1806
 1805 1845
 1806 1886
 1806 1846
 1806 1885
 1807 1887
 1808 1888
 1808 1848
 1808 1809
 1809 1848
 1810 1849
 1811 1851
 1811 1850
 1812 1853
 1814 1896
 1814 1855
 1815 1857
 1815 1816
 1815 1856
 1816 1899
 1816 1817
 1816 1857
 1817 1858
 1817 1818
 1818 1859
 1818 1819
 1818 1858
 1819 1901
 1819 1860
 1819 1820
 1820 1821
 1820 1860
 1821 2248
 1821 1861
 1822 1823
 1822 2248
 1823 1863
 1823 1864
 1824 1865
 1824 1864
 1825 1826
 1825 1865
 1826 1867
 1827 1868
 1827 1828
 1827 1867
 1828 1868
 1828 1829
 1828 1869
 1829 1870
 1829 1830
 1830 1870
 1830 1831
 1831 1872
 1831 1832
 1832 2246
 1832 1872
 1833 2246
 1833 1873
 1834 1876
 1834 1875
 1835 1876
 1835 1836
 1836 1878
 1837 1878
 1838 1879
 1838 1839
 1839 1919
 1839 1879
 1839 1880
 1840 1880
 1840 1841
 1841 1922
 1841 1842
 1841 2261
 1842 1923
 1842 1922
 1842 1882
 1842 2261
 1843 1882
 1843 2261
 1844 1845
 1844 1882
 1844 1884
 1845 1885
 1845 1884
 1846 1887
 1846 1886
 1847 1888
 1847 1887
 1848 1849
 1848 1888
 1849 1850
 1849 1890
 1850 1933
 1850 1891
 1850 1890
 1851 1891
 1852 1892
 1853 1893
 1854 1893
 1855 1896
 1856 1896
 1857 1899
 1857 1898
 1858 1899
 1859 1901
 1859 1900
 1860 1945
 1860 1902
 1860 1901
 1861 1902
 1862 1904
 1862 2248
 1863 1905
 1863 1864
 1863 1904
 1864 1865
 1864 1906
 1864 1905
 1865 1906
 1866 1906
 1867 1907
 1867 1908
 1867 1868
 1868 1953
 1868 1908
 1869 1955
 1869 1910
 1869 1909
 1870 1910
 1870 1911
 1870 1871
 1871 1872
 1871 1911
 1872 2246
 1872 1957
 1873 1874
 1873 1914
 1874 1915
 1874 1875
 1875 1915
 1876 1916
 1877 1916
 1877 1878
 1878 1918
 1878 1879
 1879 1964
 1879 1919
 1879 1918
 1880 1920
 1880 1881
 1880 1919
 1881 1922
 1882 1924
 1882 1923
 1883 1926
 1883 1924
 1884 1927
 1884 1926
 1884 1885
 1885 1928
 1885 1886
 1886 1929
 1886 1928
 1887 1930
 1888 1889
 1888 2247
 1889 1932
 1890 1933
 1890 1932
 1891 1892
 1892 1936
 1892 1935
 1892 1934
 1892 1893
 1893 1937
 1893 1936
 1895 1939
 1896 1939
 1896 1940
 1896 1897
 1897 1898
 1897 1941
 1897 1940
 1898 1941
 1898 1942
 1898 1899
 1899 1942
 1899 1900
 1900 1944
 1901 1945
 1902 1946
 1902 1945
 1902 2248
 1903 1946
 1903 1947
 1904 1991
 1904 1947
 1904 1905
 1905 1948
 1906 1950
 1906 1949
 1907 1952
 1907 1950
 1908 1953
 1908 1952
 1909 1953
 1910 1911
 1911 1912
 1911 1955
 1911 1998
 1912 1956
 1912 1957
 1913 1958
 1913 1960
 1913 1914
 1914 1915
 1914 1961
 1915 1961
 1915 1916
 1916 1962
 1916 2005
 1916 1961
 1917 1963
 1918 1964
 1918 1963
 1919 1965
 1919 1920
 1919 1964
 1920 1966
 1920 1965
 1921 1967
 1922 1967
 1922 1923
 1923 1968
 1923 1967
 1924 1969
 1924 1925
 1925 1971
 1926 1971
 1926 1927
 1927 1928
 1927 1972
 1927 2016
 1927 1971
 1928 1972
 1928 1929
 1929 1930
 1929 1974
 1929 1973
 1930 2018
 1930 1975
 1930 1974
 1931 2247
 1931 1976
 1932 1977
 1932 1976
 1932 1933
 1933 1934
 1933 1978
 1933 1977
 1934 1979
 1934 1978
 1934 1935
 1935 1936
 1935 1979
 1936 1981
 1936 1980
 1939 2026
 1939 1983
 1939 1982
 1940 2027
 1940 1983
 1940 1984
 1941 1942
 1941 1984
 1942 2028
 1942 1985
 1942 1984
 1943 1944
 1943 1985
 1944 1987
 1945 1988
 1945 1989
 1945 1987
 1945 1946
 1946 1989
 1947 1991
 1948 1992
 1948 1949
 1948 1991
 1949 1992
 1949 1950
 1950 1994
 1950 1993
 1951 1994
 1951 1952
 1952 1996
 1952 1953
 1953 1954
 1953 1996
 1955 2044
 1955 2043
 1955 1997
 1955 1998
 1956 2045
 1956 1998
 1957 2000
 1957 2001
 1957 1958
 1957 2246
 1958 2246
 1958 2001
 1959 2266
 1959 1960
 1960 2003
 1961 2004
 1961 2003
 1961 2005
 1962 2006
 1962 2005
 1963 2008
 1963 1964
 1963 2007
 1964 2249
 1964 2008
 1965 1966
 1965 2010
 1965 2009
 1966 2012
 1967 2012
 1967 2013
 1967 1968
 1968 2013
 1968 1969
 1969 2014
 1969 2013
 1970 2015
 1970 2014
 1971 2241
 1971 2015
 1972 1973
 1972 2016
 1973 1974
 1974 2018
 1974 2017
 1975 1976
 1975 2018
 1976 2020
 1976 1977
 1977 2065
 1977 2020
 1977 1978
 1978 1979
 1979 2022
 1979 2021
 1980 2023
 1981 2023
 1982 2026
 1983 2027
 1984 2028
 1984 2027
 1985 2029
 1985 2028
 1986 1987
 1986 2029
 1987 1988
 1987 2031
 1988 1989
 1988 2031
 1989 2032
 1989 2034
 1989 2033
 1990 1991
 1991 1992
 1991 2035
 1992 2037
 1992 2035
 1992 1993
 1993 2038
 1993 1994
 1994 2080
 1994 2039
 1994 2038
 1995 2040
 1996 1997
 1996 2040
 1996 2041
 1997 2041
 1997 2043
 1998 2044
 1999 2046
 1999 2045
 2000 2001
 2000 2046
 2001 2088
 2001 2087
 2001 2046
 2001 2266
 2002 2266
 2003 2048
 2003 2047
 2003 2004
 2004 2049
 2004 2005
 2004 2048
 2005 2049
 2005 2050
 2007 2051
 2007 2050
 2008 2249
 2008 2051
 2009 2010
 2009 2249
 2010 2095
 2010 2011
 2010 2052
 2011 2054
 2012 2055
 2012 2054
 2012 2013
 2013 2057
 2013 2014
 2013 2055
 2014 2057
 2015 2059
 2015 2058
 2016 2060
 2016 2017
 2016 2059
 2017 2061
 2017 2102
 2017 2060
 2018 2019
 2018 2062
 2018 2061
 2019 2064
 2020 2065
 2020 2064
 2021 2066
 2021 2065
 2021 2022
 2022 2023
 2022 2068
 2022 2067
 2023 2069
 2023 2068
 2026 2071
 2026 2070
 2027 2113
 2027 2072
 2027 2071
 2028 2073
 2028 2029
 2029 2115
 2029 2074
 2029 2030
 2029 2073
 2030 2075
 2031 2118
 2031 2076
 2031 2032
 2031 2075
 2032 2033
 2033 2120
 2033 2034
 2034 2120
 2034 2035
 2035 2078
 2035 2036
 2036 2124
 2036 2037
 2036 2079
 2036 2078
 2038 2125
 2038 2080
 2038 2079
 2040 2081
 2040 2041
 2041 2082
 2041 2083
 2041 2081
 2043 2084
 2043 2083
 2044 2085
 2044 2045
 2044 2084
 2045 2085
 2046 2132
 2046 2087
 2047 2134
 2047 2048
 2048 2135
 2048 2090
 2049 2091
 2049 2090
 2050 2091
 2050 2051
 2051 2249
 2051 2093
 2052 2095
 2053 2054
 2053 2095
 2054 2097
 2054 2055
 2055 2097
 2055 2056
 2056 2099
 2056 2057
 2057 2099
 2058 2099
 2059 2146
 2059 2101
 2059 2060
 2059 2241
 2060 2101
 2061 2062
 2062 2104
 2062 2103
 2063 2064
 2063 2104
 2064 2106
 2064 2065
 2065 2108
 2065 2107
 2065 2066
 2066 2067
 2066 2108
 2067 2068
 2068 2110
 2068 2109
 2069 2110
 2071 2157
 2071 2113
 2071 2112
 2072 2073
 2072 2113
 2073 2161
 2073 2115
 2074 2075
 2074 2117
 2074 2165
 2075 2118
 2075 2117
 2076 2120
 2076 2118
 2077 2121
 2077 2120
 2078 2121
 2078 2122
 2078 2123
 2079 2124
 2080 2126
 2080 2125
 2081 2082
 2081 2127
 2081 2126
 2082 2127
 2082 2083
 2083 2129
 2083 2084
 2084 2130
 2084 2085
 2085 2131
 2085 2086
 2086 2132
 2087 2133
 2087 2132
 2087 2088
 2088 2134
 2088 2266
 2089 2196
 2089 2134
 2090 2091
 2090 2135
 2091 2137
 2091 2092
 2091 2136
 2093 2094
 2093 2139
 2093 2140
 2093 2138
 2093 2249
 2094 2095
 2094 2249
 2095 2140
 2095 2096
 2096 2142
 2097 2143
 2097 2098
 2097 2142
 2098 2099
 2099 2145
 2099 2144
 2099 2100
 2099 2143
 2100 2146
 2101 2102
 2101 2147
 2101 2146
 2102 2148
 2102 2103
 2103 2104
 2104 2149
 2104 2148
 2105 2151
 2105 2149
 2105 2106
 2106 2107
 2107 2152
 2107 2151
 2107 2108
 2108 2152
 2108 2109
 2109 2154
 2109 2110
 2110 2155
 2110 2154
 2113 2159
 2113 2114
 2113 2157
 2114 2161
 2114 2159
 2115 2163
 2115 2116
 2115 2161
 2116 2165
 2116 2163
 2117 2167
 2117 2165
 2118 2119
 2118 2167
 2119 2170
 2119 2168
 2119 2120
 2120 2172
 2120 2170
 2121 2122
 2121 2172
 2122 2123
 2122 2173
 2123 2176
 2123 2174
 2123 2124
 2124 2178
 2124 2125
 2124 2176
 2125 2179
 2125 2126
 2126 2181
 2126 2127
 2126 2179
 2127 2183
 2127 2181
 2127 2128
 2128 2185
 2128 2129
 2128 2183
 2129 2187
 2129 2130
 2129 2185
 2130 2189
 2130 2187
 2130 2131
 2131 2191
 2131 2132
 2131 2189
 2132 2192
 2133 2194
 2133 2134
 2133 2192
 2134 2266
 2134 2196
 2134 2194
 2135 2198
 2135 2136
 2135 2196
 2136 2199
 2136 2137
 2137 2201
 2137 2138
 2137 2199
 2138 2203
 2138 2201
 2138 2139
 2139 2205
 2139 2140
 2139 2203
 2140 2207
 2140 2205
 2140 2141
 2141 2209
 2141 2142
 2141 2207
 2142 2211
 2142 2143
 2142 2209
 2143 2213
 2143 2144
 2143 2211
 2144 2215
 2144 2213
 2145 2217
 2145 2146
 2145 2215
 2146 2219
 2146 2217
 2147 2221
 2147 2148
 2147 2219
 2148 2223
 2148 2221
 2148 2149
 2149 2224
 2149 2223
 2150 2226
 2150 2151
 2150 2224
 2151 2228
 2151 2226
 2152 2230
 2152 2153
 2152 2228
 2153 2232
 2153 2154
 2153 2230
 2154 2234
 2154 2232
 2154 2155
 2245 2281
 2250 2251
 2255 2256
 2255 2257
 2256 2257
 2270 2271
 2276 2277
 2279 2280
 2283 2284
 2285 2286
 2286 2287
