    2  126
    2   82
    3   82
    4   83
    4   82
    6   84
    6   83
    8   84
    9   86
    9   85
   11  130
   11   87
   11   86
   13   87
   14   88
   14   89
   16  132
   16   90
   16   89
   18   91
   18   90
   19   92
   21   93
   21   92
   22   93
   23   94
   23   93
   25   94
   25   95
   27   96
   27   95
   28   96
   29   97
   29   96
   31   98
   31   97
   33  140
   33   99
   33   98
   34  100
   34   99
   36  101
   36  100
   38  102
   38  101
   39  102
   40  102
   40  103
   42  146
   42  104
   42  103
   44  105
   44  104
   46  106
   46  105
   48  106
   48  107
   50  150
   50  108
   50  107
   52  108
   53  110
   53  109
   55  111
   55  110
   57  153
   57  111
   57  112
   59  112
   59  113
   61  113
   61  114
   62  114
   62  115
   64  115
   64  116
   66  117
   66  116
   67  117
   68  118
   68  117
   70  119
   70  118
   71  120
   71  119
   73  121
   73  120
   75  122
   75  121
   77  123
   77  122
   79  165
   79  123
   81  126
   82  127
   82  126
   83  128
   83   84
   84   85
   85 2319
   85  129
   85   86
   87   88
   87  130
   88  174
   88   89
   88  131
   90   91
   90  132
   91  134
   91   92
   91  133
   93  136
   93   94
   93  135
   94  137
   94   95
   96  182
   96  181
   96   97
   96  138
   97   98
   98  140
   98  139
   99  141
   99  140
  100  101
  101  102
  101  142
  102  144
  102  143
  103  146
  103  144
  104  147
  104  105
  105  106
  106  147
  106  107
  107  150
  107  148
  108  194
  108  109
  108  150
  109  110
  109  194
  110  196
  110  195
  110  151
  110  152
  110  111
  111  153
  112  113
  112  153
  113  155
  113  154
  114  115
  115  116
  115  155
  115  157
  117  159
  117  158
  117  118
  118  119
  119  161
  119  160
  120 2318
  120  121
  121 2318
  121  122
  122  162
  122  123
  123  165
  123  164
  123  163
  124  165
  125  168
  126  169
  126  168
  126  127
  127  128
  127  169
  128 2319
  129  130
  129 2319
  130  131
  130  172
  131  173
  131  172
  132  133
  132 2327
  132  174
  133 2327
  133  134
  133  175
  134  135
  135  178
  135  177
  135  136
  136 2322
  136  137
  137  138
  137 2322
  137  179
  138  179
  139  225
  139  183
  139  140
  139  182
  140  141
  140  183
  141  185
  141  142
  142  186
  142  143
  143  188
  143  144
  143  187
  144  188
  145  190
  145  146
  146  147
  146  190
  147  233
  147  234
  147  148
  147  191
  148  149
  149  192
  150  236
  150  194
  150  193
  152  196
  153  240
  153  154
  153  197
  154  241
  154  198
  154  155
  154  240
  155  156
  156  199
  156  288
  156  157
  156  243
  157  158
  157  199
  158  202
  158  159
  158  201
  159  203
  159  160
  160  161
  160  203
  162  205
  162  206
  162  163
  162 2318
  164  207
  164  165
  164  206
  165  209
  165  208
  168  210
  168  212
  168  211
  168  169
  169  213
  169  255
  169  212
  169  170
  170 2319
  171 2319
  171  172
  171  214
  171  215
  172  215
  172  173
  173  216
  173  174
  173  215
  175  219
  175  218
  175 2327
  176  177
  176  219
  177  221
  177  178
  178 2322
  178  265
  178  264
  178  221
  179  222
  179 2322
  180  181
  181  269
  181  224
  181  223
  181  182
  182  225
  183  226
  183  225
  185  186
  185  226
  186  227
  186  187
  187  228
  187  227
  187  188
  188  189
  188  229
  188  228
  189  229
  190  231
  190  230
  190  191
  191  233
  191  231
  191  232
  192  193
  192  235
  192  234
  193  281
  193  235
  193  236
  194  238
  194  236
  195  196
  195  238
  196  239
  196  197
  198  242
  198  243
  198  241
  199  289
  199  244
  199  288
  200  201
  201  245
  201  202
  201  244
  202  245
  202  203
  203  293
  203  247
  203  204
  203  246
  204  295
  204 2318
  205  249
  205  206
  205  248
  206  250
  206  207
  206  249
  207  251
  207  250
  207  208
  208  298
  208  252
  208  251
  210  254
  211  254
  211  212
  212  255
  213  257
  213  255
  214  258
  214  257
  214 2319
  215  259
  215  258
  216  260
  216  217
  217 2327
  218  309
  218  262
  218 2327
  218  261
  219  220
  220  221
  220  263
  221  264
  221  263
  222  223
  223  267
  224  225
  224  269
  225  272
  225  271
  225  270
  226  273
  227  274
  227  228
  227  273
  228  275
  228  274
  229  275
  231  277
  231  276
  232  278
  232  277
  232  233
  233  279
  233  278
  235  281
  235  280
  236  282
  236  281
  237  238
  237  283
  238  239
  239  328
  239  284
  239  240
  239  283
  240  286
  240  241
  241  286
  242  287
  245  246
  245  292
  245  291
  246  337
  246  336
  246  292
  246  293
  247  338
  247  294
  248  296
  248  249
  248  295
  248 2318
  249  250
  249  296
  250  251
  251  297
  252  298
  254  300
  254  301
  255  302
  255  256
  256  303
  256  302
  256  257
  257  304
  257  303
  257  258
  258  306
  258  259
  258  305
  259  306
  259  307
  260  308
  260  307
  260  261
  261 2327
  262  310
  262  309
  262  311
  263  312
  263  264
  263  311
  264  313
  264  312
  265  313
  265 2322
  266 2322
  266  267
  267  314
  267  268
  268  316
  268  269
  268  315
  269  316
  269  270
  270  317
  270  271
  270  316
  271  272
  271  317
  272  273
  273  320
  273  319
  274  320
  274  275
  275  321
  275  276
  275  320
  276  321
  277  324
  277  323
  277  278
  278  324
  279  325
  279  280
  279  324
  280  368
  281  368
  281  282
  282  369
  282  326
  282  368
  283  326
  284  372
  284  285
  284  329
  284  328
  285  330
  285  286
  286  331
  286  287
  287  288
  288  289
  288  332
  289  334
  289  333
  289  290
  290  291
  290  335
  292  336
  293  338
  293  337
  295  340
  295  339
  296  341
  296  340
  297  342
  297  341
  298  343
  298  342
  301  345
  301  344
  301  302
  302  346
  302  345
  302  303
  303  346
  303  304
  304  348
  304  305
  305  389
  305  306
  305  348
  306  389
  306  349
  307  351
  307  308
  308  309
  309  353
  309  352
  309  310
  310  354
  310  353
  311  312
  312  356
  312  355
  313  396
  313  357
  314  315
  314  358
  314  357
  315  358
  316 2332
  316  360
  316  359
  316  317
  317  400
  317  361
  318  319
  319  401
  320 2342
  320  362
  320  403
  320  321
  321  363
  321  362
  321  364
  322  365
  322  323
  323  366
  323  365
  323  324
  324  367
  324  366
  326  370
  326  327
  327  328
  327  370
  328  371
  329  414
  329  330
  329  373
  329  372
  330  373
  330  331
  331  374
  331  332
  332  375
  332  374
  333  418
  333  334
  333  375
  334  376
  334  418
  335  336
  335  376
  336  337
  336  377
  337  421
  337  379
  337  378
  338  339
  339  340
  339  380
  340  424
  340  381
  340  380
  340  341
  341  382
  341  381
  342  426
  342  383
  342  382
  343  383
  345  429
  345  386
  345  385
  345  346
  346  386
  346  347
  347  431
  348  388
  348  389
  349  390
  349  350
  349  389
  350  433
  350  391
  350  351
  351  352
  352  393
  352  392
  353  354
  353  394
  353  393
  354  355
  355  395
  355  356
  355  394
  356  438
  356  396
  358  359
  358  397
  358  398
  360  399
  360  400
  360 2332
  361  442
  361  401
  362  445
  362  404
  362  403
  363  405
  363  404
  365  406
  365  366
  365  405
  366  407
  366  406
  367  368
  368  409
  368  369
  369  451
  369  410
  369  409
  370  412
  370  371
  371  412
  371  372
  372  414
  372  413
  372  412
  373  415
  373  374
  373  414
  374  375
  374  415
  376  419
  376  418
  377  378
  377  420
  377  419
  378  420
  378  421
  379  423
  379  380
  380  424
  380  423
  381  425
  381  424
  382  425
  383  427
  385  429
  386  387
  386  429
  387  472
  387  431
  388  432
  388  389
  388  431
  389  473
  389  390
  390  474
  390  433
  390  473
  391  434
  391  392
  391  433
  393  436
  393  394
  393  435
  394  436
  394  395
  395  480
  395  438
  395  437
  396  439
  396  438
  397  398
  397  440
  397  439
  398 2333
  398  440
  399 2344
  399  485
  399  400
  399  441
  400 2344
  400  442
  401  442
  401  402
  402  403
  402 2342
  402  443
  403  444
  403  445
  404  446
  404  445
  404  447
  406  448
  406  407
  407  408
  407  449
  407  448
  408  409
  409  451
  409  450
  410  452
  410  411
  410  451
  412  454
  413  456
  413  455
  413  414
  414  457
  414  456
  415  457
  416  458
  416  417
  417  418
  418  459
  418  460
  419  460
  420  462
  420  421
  420  461
  421  462
  421  422
  422  423
  422  463
  422  464
  422  462
  423  424
  423  464
  424  466
  424  425
  425 2320
  425  466
  426  511
  426  510
  426  467
  426 2320
  426  427
  428  429
  428  469
  429  430
  429  469
  431  432
  432  518
  432  473
  433  475
  433  474
  434  435
  435  477
  436  478
  436  437
  437  524
  437  480
  437  479
  438  481
  438  482
  438  480
  440 2333
  440  484
  440  483
  440  441
  441  529
  441  485
  441  484
  441 2332
  442 2343
  442 2344
  443  444
  443  486
  444  487
  445  535
  445  534
  445  446
  446  489
  446  535
  447  448
  448  449
  448  491
  449  493
  449  491
  450  451
  450  493
  451  495
  451  494
  452  453
  453  496
  453  454
  454  497
  454  455
  455  456
  455  498
  456  546
  456  500
  456  499
  457  500
  457  501
  458  502
  458  501
  459  504
  459  503
  459  460
  459  502
  460  461
  461  552
  461  505
  461  462
  461  504
  462  506
  462  552
  463  464
  463  506
  464  507
  464  465
  465  466
  465  508
  466 2320
  467  511
  469  513
  469  514
  470  471
  471  472
  471  515
  471  514
  471  516
  472  517
  473  519
  473  474
  474  520
  474  475
  475  521
  475  476
  475  520
  476  477
  477  478
  477  522
  478  523
  478  479
  479  524
  479  523
  480  525
  480  524
  481  526
  481  525
  482  483
  483  527
  484  529
  484  528
  485 2344
  485  530
  485  529
  486  532
  487  488
  487  532
  488  533
  488  534
  489  490
  489  537
  490  491
  491  492
  491  539
  491  538
  492  540
  492  493
  493  494
  494  540
  494  541
  494  495
  495  584
  495  542
  495  541
  496  543
  496  542
  497  544
  497  498
  497  543
  498  499
  498  544
  499  545
  499  587
  499  546
  500  547
  501  549
  501  502
  503  550
  503  549
  503  504
  505  594
  505  552
  505  551
  506  553
  506  552
  508  555
  508  554
  509 2320
  509  598
  509  556
  510  599
  510  558
  510 2320
  511  559
  513  561
  513  514
  514  561
  515  604
  515  562
  515  516
  515  561
  516  562
  516  517
  517  606
  517  562
  518  606
  519  563
  520  565
  520  566
  520  564
  521  567
  521  566
  522  567
  522  523
  523  524
  523  568
  524  569
  524  570
  525  571
  525  570
  526  527
  526  572
  527  528
  528  573
  528  529
  529  574
  529  573
  530  575
  530  574
  531 2343
  531  575
  531  532
  532  576
  532  533
  533  534
  533  577
  534  578
  534  535
  535  579
  535  536
  535  578
  536  580
  536  537
  537  538
  538  539
  538  580
  539  583
  539  582
  540  583
  541  584
  541  628
  542  543
  542  585
  544  586
  544  545
  544  585
  545  586
  546  588
  546  547
  546  587
  547  589
  547  548
  548  590
  548  589
  549  550
  549  590
  550  593
  550  591
  550  551
  552  595
  552  594
  553  596
  553  554
  554  597
  554  555
  555  598
  555  597
  556  645
  556  557
  556  598
  557  645
  557  599
  557 2321
  558  600
  558  559
  558  599
  559  600
  560  603
  561  603
  561  604
  562  606
  562  604
  563  652
  563  564
  563  607
  563  606
  564  607
  564  608
  565  609
  565  566
  565  608
  566  610
  566  567
  566  609
  567  568
  568  612
  568  569
  569  614
  569  570
  569  613
  570  615
  570  614
  571  572
  572  573
  572  616
  573  618
  573  617
  573  574
  574  619
  574  618
  575  576
  576  621
  576  620
  576  577
  577  622
  577  621
  578  623
  578  622
  579  624
  579  580
  579  623
  580  581
  581  626
  581  625
  581  582
  582  583
  582  626
  583  628
  584  629
  584 2348
  584  628
  585  629
  586  587
  586  631
  587  632
  587  588
  588  634
  588  633
  588  589
  589  636
  590  591
  591  592
  591  637
  592  638
  592  593
  592  639
  593  683
  593  640
  593  594
  594  641
  594  640
  594  595
  595  596
  595  641
  596  642
  596  597
  596  641
  597  643
  597  598
  597  642
  598  645
  599  600
  599  645
  600  646
  601  646
  602  603
  602  649
  603  604
  604  650
  604  605
  605  651
  605  606
  606  652
  607  608
  607  653
  608  654
  609  654
  609  610
  610  655
  610  611
  610  654
  611  612
  611  656
  611  655
  612  613
  612  656
  613  658
  613  614
  613  657
  613  659
  614  659
  615  660
  616  617
  616  660
  617  618
  617  706
  618  708
  618  661
  618  662
  619  663
  620  663
  621  665
  621  664
  622  666
  622  665
  623  667
  623  624
  623  666
  624  625
  625  668
  625  669
  625  626
  626  670
  626  627
  627  671
  627  670
  628 2348
  628  671
  629  630
  630  631
  630  674
  631  675
  631  632
  632  633
  632  676
  633  677
  633  676
  633  634
  634  635
  634  678
  634  677
  635  678
  635  636
  636  679
  636  678
  637  638
  637  679
  638  681
  638  680
  638  639
  639  682
  639  683
  639  681
  640  684
  640  683
  641  685
  641  684
  642  728
  642  686
  643  687
  643  729
  644  688
  645  689
  645  688
  646  690
  646  689
  647  690
  649  692
  649  694
  651  737
  651  696
  651  695
  653  696
  654  699
  654  698
  655  656
  655  699
  656  700
  656  657
  657  658
  657  701
  657  700
  658  702
  659  703
  659  660
  660  705
  661  707
  661  708
  661  706
  662  709
  662  663
  663  664
  664  665
  664  710
  665  711
  665  712
  666  713
  666  712
  667  758
  667  757
  667  668
  667  713
  668  714
  668  669
  669  715
  669  670
  670  715
  671  672
  672  673
  672  716
  672 2348
  673  674
  673  764
  673  763
  673 2348
  674  675
  675  718
  675  717
  676  767
  676  677
  676  719
  676  718
  677  678
  677  719
  677  721
  678  679
  679  721
  679  680
  680  681
  680  723
  680  722
  681  723
  682  725
  682  683
  682  724
  683  726
  683  725
  684 2349
  684  727
  685  777
  685  728
  685  727
  686  778
  686  729
  686  728
  687  730
  687  688
  687  729
  688  779
  688  731
  688  730
  689  731
  690  733
  690  732
  692  693
  692  735
  693  735
  693  694
  693  736
  694  785
  694  695
  694  736
  695  785
  695  737
  696  738
  696  697
  696  737
  697  739
  697  698
  697  738
  698  739
  698  740
  699  741
  699  740
  700  743
  700  741
  700  742
  700  701
  701  702
  702  744
  702  745
  702  703
  702  743
  703  704
  704  796
  704  747
  704  705
  704  746
  705  706
  705  747
  707  750
  707  708
  707  749
  708  752
  709  710
  709  752
  710  754
  710  752
  711  802
  711  755
  711  754
  712  713
  712  755
  713  756
  713  757
  714  760
  714  715
  714  758
  715  761
  715  716
  716  763
  717  766
  717  764
  718  767
  718  766
  719  768
  719  767
  720  815
  720  721
  720  768
  721  771
  721  769
  721  722
  722  772
  722  723
  722  771
  723  724
  723  772
  724  773
  724  725
  725  820
  725  775
  725  774
  726 2349
  726  775
  727  776
  727 2349
  728  777
  729  824
  729  730
  729  778
  730  779
  731  780
  731  732
  731  779
  732  827
  732  781
  732  780
  734  783
  735  783
  736  785
  736  784
  736  783
  737  786
  737  738
  737  785
  738  787
  738  739
  739  789
  739  788
  740  790
  740  789
  741  790
  741  742
  742  791
  742  743
  742  792
  743  792
  743  793
  743  744
  744  794
  744  793
  745  794
  745  746
  746  796
  746  794
  747  796
  747  748
  748  842
  748  749
  748  797
  748  796
  749  797
  749  798
  749  750
  750  751
  751  845
  751  799
  751  752
  751  798
  752  753
  753  801
  753  754
  753  800
  755  803
  755  756
  755  802
  756  851
  756  804
  756  757
  756  803
  757  805
  757  758
  757  804
  758  805
  758  806
  758  759
  759  807
  759  760
  759  806
  760  807
  760  761
  761  808
  761  762
  761  807
  762  809
  762  808
  762  763
  763  810
  763  764
  764  811
  764  765
  764  812
  764  810
  765  812
  765  813
  765  766
  766  767
  767  814
  767  813
  769  816
  769  770
  769  815
  771  817
  771  772
  771  816
  772  817
  772  818
  773  818
  773  774
  774  820
  774  819
  774  818
  775  869
  775 2349
  776  822
  776  821
  777  822
  778  823
  779  780
  779  825
  780  826
  781  827
  783  829
  783  830
  783  784
  784  785
  784  830
  785  832
  786  881
  787  833
  787  881
  788  833
  788  834
  789  834
  789  835
  790  791
  790  835
  791  792
  791  837
  791  836
  792  838
  792  837
  794  839
  794  795
  795  841
  795  796
  795  839
  796  842
  797  844
  797  798
  797  842
  798  844
  798  845
  799  800
  799  846
  799  845
  800  847
  800  846
  800  801
  801  848
  801  847
  802  849
  802  803
  802  848
  803  850
  803  849
  804  853
  804  805
  804  851
  805  854
  805  853
  806  855
  806  807
  807  856
  807  808
  808  857
  808  809
  809  858
  809  857
  809  810
  810  811
  810  859
  811  860
  811  859
  812  861
  812  813
  813  862
  813  814
  813  861
  814  862
  814  815
  815  863
  815  816
  815  862
  816  908
  816  864
  816  863
  816  817
  817  818
  817  864
  818  819
  818  865
  818  866
  819  867
  819  868
  820  869
  820  868
  821  916
  821  870
  821 2349
  822  871
  822  916
  823  872
  823  871
  824  872
  825  873
  825  872
  827  875
  827  874
  828  875
  829  830
  829  878
  830  831
  831  879
  832  880
  833  882
  833  883
  834  931
  834  883
  835  885
  835  884
  836  933
  836  886
  836  885
  837  887
  837  838
  838  887
  838  839
  839  935
  839  840
  839  888
  839  887
  840  937
  840  841
  841  889
  842  938
  842  889
  843  891
  843  890
  844  892
  844  845
  845  892
  846  942
  846  847
  846  892
  847  893
  847  894
  848  849
  849  894
  849  895
  850  945
  850  896
  850  895
  852  946
  852  897
  852  896
  853  897
  853  854
  853  898
  854  855
  854  899
  855  900
  855  856
  856  857
  856  900
  857  858
  857  900
  858  903
  858  859
  858  902
  859  903
  860  904
  860  861
  860  903
  861  862
  861  904
  862  863
  862  905
  863  906
  863  907
  864  865
  864  910
  864  908
  865  911
  865  959
  865  910
  865  866
  866  867
  866  911
  867  912
  867  913
  867  868
  868  869
  868  913
  869  914
  869  870
  870  915
  870  914
  871  872
  871  917
  871  916
  872  919
  872  918
  872  917
  873  965
  873  920
  873  919
  873  874
  874  921
  874  875
  874  920
  875  923
  875  922
  878  970
  878  924
  879  880
  879  925
  880  926
  880  928
  880  927
  881  928
  882  930
  883  976
  883  930
  884  977
  884  931
  885  932
  886  934
  886  887
  886  933
  887  934
  888  937
  888  936
  888  935
  889  938
  889  937
  890  939
  890  891
  890  938
  891  940
  891  892
  891  939
  892  942
  892  940
  893  943
  893  894
  894  943
  894  944
  894  895
  895  945
  895  989
  896  946
  896  945
  897  898
  897  946
  898  947
  898  948
  898  899
  899  949
  899  900
  899  950
  899  948
  900  901
  901  951
  901  950
  901  902
  902  903
  902  953
  902  951
  903  954
  903  904
  905  955
  905  954
  905  906
  906  956
  906  907
  906  955
  907 1001
  907  957
  907  956
  908  909
  909  958
  909  957
  911 1004
  911  960
  911  959
  912  913
  913  961
  913  960
  914  962
  914  961
  915  916
  915  962
  916  963
  916  917
  917 2335
  917  918
  918  919
  918 2335
  919  965
  920 1011
  920  966
  920  965
  921  966
  921  922
  922  968
  922  967
  922  966
  924  970
  925  971
  925  972
  925  926
  925  970
  926  972
  927  928
  927  973
  927  972
  928  973
  928  929
  929  930
  929  973
  930  974
  931  977
  931  976
  932 1023
  932 1022
  932  933
  932  977
  933  978
  933  979
  933  934
  934  980
  934  935
  934 1024
  935  981
  935  980
  935  936
  936  982
  936 1027
  936  981
  937  983
  937  938
  937  982
  938  939
  939 1030
  939  940
  939  983
  940  984
  940  986
  941  986
  941  942
  942  987
  942  943
  942  986
  943  944
  943  988
  944  988
  945  946
  945  989
  946  990
  946  991
  947  992
  947  948
  948  993
  948  949
  949  995
  949  950
  949  993
  950  951
  951  996
  951  997
  951  995
  952  953
  953  954
  953  997
  953  999
  954  999
  954  955
  955  956
  955  999
  956 1000
  957  958
  957 1003
  957 1001
  958 1003
  958  959
  959 1003
  960 1054
  960 1005
  960  961
  960 1004
  961 1006
  961 1005
  962 1006
  962 1007
  963 1009
  963 1008
  964 1009
  964 2335
  965 1011
  966 2324
  966 1012
  966  967
  966 1011
  967 1013
  968 1013
  970 1016
  970 1015
  971 1017
  971 1016
  972 1018
  972 1017
  973  974
  973 1019
  973 1018
  974 1020
  974  975
  974 1019
  975 1070
  975 1020
  975  976
  975 1021
  976 1021
  977 1022
  977 1021
  979 1023
  980  981
  980 1024
  981 1027
  981 1025
  982  983
  982 1027
  983 1028
  983 1029
  983 1030
  984 1031
  984  985
  984 1030
  985 1032
  985  986
  985 1031
  986  987
  986 1032
  987  988
  987 1033
  987 1082
  987 1034
  988 1034
  988 1035
  989 1037
  989 1035
  989  990
  990  991
  991 1039
  991 1038
  991  992
  991 1037
  992 1089
  992 1040
  992  993
  992 1039
  994 1041
  994 1040
  994  995
  995 1042
  995 1041
  995  996
  996 1042
  997 1044
  997 1043
  997  998
  998 1045
  998  999
  998 1044
  999 1048
  999 1046
  999 1000
 1000 1001
 1000 1048
 1001 1049
 1001 1002
 1002 1052
 1002 1051
 1002 1003
 1002 1050
 1003 1053
 1003 1004
 1004 1054
 1004 1053
 1005 1055
 1005 1101
 1005 1006
 1006 1056
 1006 1055
 1007 1102
 1007 1008
 1007 1057
 1008 1058
 1008 1057
 1009 1059
 1010 2335
 1010 1060
 1010 1011
 1011 2324
 1012 1063
 1012 1013
 1012 2324
 1013 1064
 1013 1063
 1015 1066
 1016 1112
 1016 1066
 1016 1067
 1017 1112
 1017 1068
 1018 1069
 1018 1068
 1019 1069
 1019 1020
 1020 1070
 1020 1069
 1021 1116
 1021 1071
 1022 1073
 1022 1023
 1022 1072
 1022 1071
 1023 1024
 1024 1075
 1024 1074
 1024 1073
 1024 1025
 1025 1026
 1025 1076
 1026 1076
 1026 1077
 1026 1027
 1027 1077
 1028 1078
 1030 1078
 1030 1079
 1030 1031
 1031 1125
 1031 1080
 1031 1079
 1032 1033
 1032 1081
 1033 1082
 1033 1081
 1034 1035
 1034 1084
 1034 1082
 1035 1084
 1036 1086
 1036 1085
 1036 1037
 1036 1084
 1037 1131
 1037 1086
 1037 1087
 1037 1038
 1038 1087
 1039 1133
 1039 1132
 1039 1089
 1039 1088
 1040 1090
 1040 1041
 1040 1089
 1041 1136
 1041 1090
 1041 1091
 1042 1092
 1042 1043
 1043 1044
 1043 1093
 1043 1092
 1044 1093
 1045 1093
 1045 1140
 1045 1094
 1047 1141
 1047 1094
 1047 1095
 1047 1048
 1048 1096
 1048 1095
 1050 1143
 1050 1097
 1050 1051
 1050 1096
 1051 1098
 1051 1097
 1052 1053
 1053 1054
 1053 1098
 1054 1100
 1054 1099
 1054 1101
 1055 1101
 1055 1148
 1055 1102
 1056 1102
 1057 1103
 1057 1102
 1058 1104
 1058 1059
 1058 1103
 1059 1104
 1059 1105
 1060 2334
 1060 1107
 1061 2324
 1062 1109
 1062 2326
 1062 2324
 1063 1110
 1066 1158
 1066 1111
 1067 1158
 1068 1159
 1068 1113
 1069 1115
 1069 1113
 1069 1114
 1070 1162
 1070 1116
 1071 1117
 1072 1164
 1072 1073
 1072 1118
 1072 1117
 1073 1118
 1073 1074
 1074 1119
 1074 1118
 1075 1167
 1075 1120
 1075 1119
 1075 1076
 1076 1077
 1076 1120
 1077 1122
 1077 1121
 1077 1078
 1078 1123
 1078 1124
 1078 1122
 1078 1079
 1079 1124
 1080 1126
 1080 1081
 1080 1125
 1081 1082
 1081 1127
 1082 1127
 1082 1083
 1083 1084
 1083 1127
 1084 1129
 1084 1128
 1085 1129
 1085 1130
 1086 1131
 1087 1179
 1087 1132
 1087 1131
 1088 1132
 1089 1135
 1089 1090
 1089 1133
 1090 1183
 1090 1135
 1091 1137
 1091 1092
 1091 1136
 1092 1139
 1092 1093
 1092 1137
 1093 1140
 1093 1139
 1094 1141
 1094 1140
 1095 1142
 1095 1096
 1095 1141
 1096 1143
 1096 1142
 1097 1098
 1097 1145
 1097 1143
 1098 1099
 1099 1100
 1099 1146
 1099 1147
 1099 1145
 1100 1101
 1101 1195
 1101 1147
 1101 1148
 1102 1149
 1102 1148
 1103 1150
 1103 1149
 1104 1151
 1105 1152
 1105 1106
 1105 2334
 1106 1153
 1106 1107
 1106 1152
 1107 1153
 1107 1108
 1108 2326
 1108 1154
 1108 1153
 1108 2325
 1109 2326
 1109 1155
 1109 1110
 1109 1154
 1110 1155
 1111 1158
 1112 1159
 1112 1158
 1113 1114
 1113 1160
 1114 1115
 1114 1161
 1115 1162
 1115 1209
 1116 1211
 1116 1163
 1117 1163
 1117 1164
 1118 1165
 1118 1119
 1119 1165
 1119 1167
 1120 1168
 1120 1167
 1121 1122
 1121 1169
 1122 1171
 1122 1169
 1122 1123
 1123 1124
 1123 1172
 1123 1171
 1124 1220
 1124 1173
 1124 1125
 1125 1126
 1126 1175
 1126 1127
 1126 1173
 1127 1175
 1128 1175
 1128 1176
 1128 1129
 1129 1130
 1129 1178
 1129 1176
 1130 1178
 1130 1131
 1131 1179
 1131 1178
 1132 1180
 1132 1179
 1133 1134
 1134 1181
 1135 1183
 1135 1181
 1136 1184
 1136 1183
 1137 1185
 1137 1138
 1138 1139
 1139 1186
 1139 1140
 1140 1141
 1140 1186
 1141 1189
 1141 1142
 1141 1187
 1142 1189
 1143 1144
 1143 1189
 1144 1145
 1144 1191
 1144 1192
 1144 1190
 1145 1193
 1145 1146
 1145 1192
 1146 1193
 1146 1147
 1147 1194
 1147 1195
 1148 1196
 1148 1195
 1149 1197
 1149 1198
 1150 1151
 1150 1199
 1150 1198
 1151 1152
 1151 1199
 1151 1200
 1152 1153
 1152 1200
 1153 1154
 1153 1201
 1154 1203
 1154 1155
 1154 2326
 1155 1156
 1156 1203
 1157 1206
 1159 1206
 1160 1208
 1161 1209
 1161 1208
 1162 1211
 1162 1210
 1163 1212
 1164 1213
 1164 1212
 1165 1214
 1165 1166
 1165 1213
 1166 1214
 1167 1215
 1167 1168
 1168 1169
 1168 1215
 1169 1261
 1169 1216
 1169 1217
 1170 1217
 1170 1171
 1171 1218
 1171 1172
 1171 1217
 1172 1219
 1172 1218
 1173 1221
 1173 1174
 1173 1220
 1174 1175
 1174 1222
 1175 1222
 1175 1224
 1175 1176
 1176 1225
 1176 1224
 1177 1178
 1178 1269
 1178 1179
 1178 1227
 1179 1227
 1179 1228
 1180 1229
 1180 1181
 1181 1182
 1182 1230
 1182 1229
 1183 1231
 1183 1184
 1183 1230
 1184 1231
 1184 1185
 1185 1186
 1185 1231
 1186 1187
 1186 1232
 1187 1233
 1187 1188
 1188 1236
 1188 1189
 1188 1235
 1188 1234
 1189 1236
 1190 1191
 1191 1238
 1191 1237
 1192 1283
 1192 1238
 1192 1239
 1192 1193
 1193 1194
 1194 1195
 1194 1239
 1194 1240
 1194 1241
 1195 1241
 1195 1242
 1196 1286
 1196 1197
 1196 1242
 1196 1243
 1197 1243
 1197 1244
 1198 1244
 1199 1289
 1199 1245
 1200 1246
 1200 1245
 1201 1248
 1203 1295
 1203 1294
 1203 1249
 1203 1248
 1205 1251
 1205 1206
 1206 1251
 1206 1207
 1206 1252
 1207 1253
 1207 1208
 1207 1252
 1208 1253
 1209 1254
 1210 1255
 1211 1255
 1212 2347
 1212 1256
 1213 1257
 1213 1258
 1213 1214
 1214 1215
 1215 1259
 1215 1216
 1215 1260
 1215 1258
 1216 1261
 1216 1260
 1217 1261
 1218 1263
 1218 1261
 1218 1219
 1219 1264
 1219 1263
 1220 1265
 1220 1221
 1221 1222
 1221 1265
 1222 1266
 1222 1265
 1223 1314
 1223 1267
 1223 1224
 1223 1266
 1224 1267
 1224 1268
 1225 1226
 1225 1268
 1226 1269
 1226 1268
 1227 1228
 1227 1269
 1228 1272
 1228 1229
 1228 1271
 1228 1270
 1229 1272
 1229 1273
 1229 1230
 1230 1231
 1231 1273
 1231 1275
 1231 1232
 1232 1233
 1232 1276
 1232 1275
 1233 1277
 1234 1278
 1234 1235
 1235 1236
 1236 1279
 1236 1280
 1236 1237
 1236 1278
 1237 1280
 1237 1281
 1237 1238
 1238 1282
 1238 1281
 1239 1284
 1239 1240
 1239 1331
 1239 1283
 1240 1332
 1240 1284
 1240 1285
 1241 1285
 1242 1286
 1243 1288
 1243 1287
 1243 1286
 1244 1289
 1244 1288
 1245 1291
 1245 1290
 1246 1292
 1246 1247
 1246 1291
 1247 1293
 1247 1292
 1247 1248
 1248 1294
 1248 1293
 1249 1295
 1251 1297
 1252 1299
 1253 1254
 1253 1299
 1254 1301
 1254 1255
 1255 1349
 1255 1302
 1255 1256
 1255 1301
 1256 1302
 1256 1303
 1256 2347
 1257 1304
 1257 2347
 1257 1305
 1257 1258
 1258 1306
 1258 1259
 1259 1354
 1259 1260
 1259 1307
 1260 1355
 1260 1308
 1260 1261
 1261 1309
 1261 1308
 1263 1358
 1263 1310
 1263 1264
 1263 1309
 1264 1312
 1264 1311
 1264 1265
 1264 1310
 1265 1313
 1265 1266
 1266 1314
 1267 1315
 1267 1268
 1267 1316
 1268 1269
 1268 1317
 1269 1317
 1269 1318
 1270 1271
 1271 1272
 1271 1319
 1271 1318
 1272 1368
 1272 1321
 1272 1273
 1273 1323
 1273 1274
 1273 1321
 1274 1275
 1274 1323
 1275 1323
 1275 1324
 1276 1326
 1276 1324
 1276 1277
 1277 1327
 1277 1278
 1277 1326
 1278 1279
 1279 1327
 1279 1328
 1280 1328
 1281 1282
 1281 1328
 1282 1330
 1282 1329
 1283 1330
 1284 1379
 1284 1332
 1285 1334
 1285 1333
 1285 1286
 1285 1332
 1286 1287
 1286 1334
 1287 1336
 1287 1335
 1288 1383
 1288 1337
 1289 1337
 1289 1290
 1290 1338
 1290 1337
 1291 1338
 1292 1340
 1292 1339
 1293 1340
 1293 1341
 1295 1342
 1296 1343
 1297 1298
 1298 1346
 1298 1391
 1298 1345
 1298 1299
 1299 1346
 1299 1300
 1300 1301
 1300 1347
 1300 1346
 1301 1347
 1301 1349
 1301 1348
 1302 1303
 1302 1351
 1302 1349
 1303 1352
 1304 2347
 1304 1305
 1305 1353
 1306 1353
 1306 1354
 1307 1355
 1308 1309
 1308 1357
 1308 1355
 1309 1357
 1309 1358
 1310 1359
 1310 1358
 1311 1359
 1311 1360
 1311 1312
 1312 1313
 1313 1360
 1314 1362
 1314 1361
 1315 1316
 1316 1362
 1316 1363
 1317 1364
 1317 1318
 1317 1363
 1318 1366
 1318 1365
 1318 1364
 1318 1319
 1319 1412
 1319 1367
 1319 1366
 1320 1367
 1320 1368
 1321 1369
 1321 1368
 1322 1370
 1322 1323
 1322 1369
 1323 1324
 1323 1371
 1324 1371
 1325 1326
 1326 1374
 1326 1372
 1326 1327
 1327 1420
 1327 1375
 1327 1374
 1327 1328
 1328 1377
 1328 1329
 1328 1375
 1329 1378
 1329 1330
 1330 1331
 1330 1379
 1332 1379
 1333 1427
 1333 1380
 1333 1334
 1334 1382
 1334 1381
 1335 1336
 1336 1383
 1336 1382
 1337 1384
 1337 1385
 1338 1386
 1338 1385
 1338 1339
 1339 1386
 1340 1432
 1340 1387
 1341 1434
 1341 1387
 1341 1342
 1342 1388
 1342 1343
 1342 1434
 1343 1389
 1343 1388
 1343 1344
 1345 1391
 1346 1347
 1346 1391
 1346 1392
 1346 1438
 1347 1393
 1347 1348
 1348 1349
 1349 1394
 1349 1350
 1350 1443
 1351 1395
 1352 1396
 1352 1395
 1352 2347
 1353 1397
 1353 1354
 1353 1398
 1354 1398
 1354 1399
 1354 1355
 1355 1448
 1355 1400
 1356 1400
 1357 1401
 1357 1358
 1357 1400
 1358 1402
 1358 1359
 1358 1401
 1359 1360
 1359 1403
 1359 1402
 1360 1361
 1360 1404
 1361 1407
 1361 1405
 1361 1406
 1361 1362
 1362 1454
 1362 1408
 1362 1407
 1362 1363
 1363 1410
 1363 1364
 1363 1408
 1364 1410
 1365 1411
 1365 1410
 1366 1411
 1366 1412
 1367 1413
 1367 1412
 1368 1414
 1368 1369
 1368 1413
 1369 1370
 1369 1414
 1370 1415
 1370 1416
 1370 1371
 1371 1417
 1371 1372
 1371 1416
 1372 1419
 1372 1373
 1372 1417
 1373 1419
 1375 1421
 1375 1420
 1376 1377
 1377 1422
 1377 1378
 1377 1421
 1377 1423
 1378 1424
 1378 1423
 1378 1379
 1379 1380
 1379 1426
 1379 1425
 1379 1424
 1380 1427
 1380 1426
 1381 1382
 1381 1428
 1381 1427
 1382 1429
 1382 1383
 1382 1428
 1383 1384
 1383 1429
 1384 1429
 1384 1430
 1385 1430
 1385 1431
 1386 1432
 1386 1431
 1387 1434
 1387 1432
 1388 1436
 1388 1435
 1388 1434
 1391 1438
 1391 1437
 1392 1440
 1393 1440
 1394 1441
 1395 1444
 1395 1443
 1396 1491
 1396 1397
 1396 1444
 1397 1446
 1397 1445
 1398 1493
 1398 1399
 1398 1447
 1398 1446
 1399 1448
 1399 1494
 1400 1449
 1400 1448
 1401 1402
 1402 1403
 1402 1449
 1402 1496
 1403 1450
 1403 1451
 1404 1452
 1404 1451
 1405 1406
 1405 1453
 1405 1452
 1406 1453
 1407 1454
 1408 1455
 1408 1454
 1409 1456
 1409 1410
 1410 1458
 1410 1411
 1410 1456
 1411 1458
 1412 1458
 1412 1459
 1413 1414
 1414 1459
 1414 1415
 1415 1508
 1415 1461
 1415 1460
 1415 1416
 1416 1417
 1416 1463
 1416 1461
 1417 1463
 1418 1419
 1418 1464
 1418 1463
 1419 1466
 1419 1465
 1419 1420
 1419 1464
 1420 1466
 1420 1421
 1421 1467
 1421 1422
 1421 1468
 1421 1466
 1422 1468
 1422 1423
 1423 1470
 1423 1469
 1425 1472
 1425 1471
 1425 1426
 1426 1473
 1426 1472
 1427 1474
 1427 1428
 1428 1429
 1428 1475
 1429 1476
 1429 1475
 1430 1477
 1430 1476
 1431 2338
 1431 1432
 1431 1477
 1432 1433
 1432 1478
 1433 1434
 1433 1479
 1434 1480
 1434 1435
 1435 1436
 1435 1481
 1436 1482
 1438 1529
 1438 1484
 1439 1485
 1440 1441
 1440 1486
 1441 1487
 1441 1442
 1442 1443
 1442 1489
 1443 1489
 1444 1535
 1444 1490
 1445 1492
 1445 1491
 1446 1492
 1446 1493
 1447 1494
 1447 1493
 1448 1449
 1448 1494
 1449 1496
 1449 1495
 1450 1497
 1450 1451
 1450 1496
 1451 1452
 1451 1497
 1451 1498
 1452 1544
 1452 1453
 1452 1498
 1453 1501
 1453 1544
 1453 1454
 1454 1501
 1455 1502
 1455 1456
 1455 1501
 1456 1503
 1457 1504
 1457 1458
 1458 1459
 1458 1506
 1458 1504
 1459 1506
 1459 1507
 1459 1460
 1460 1508
 1460 1507
 1461 1462
 1461 1508
 1462 1509
 1462 1510
 1462 1463
 1463 1464
 1463 1511
 1463 1510
 1464 1512
 1464 1465
 1465 1466
 1465 1512
 1466 1513
 1466 1467
 1466 1512
 1467 1515
 1467 1468
 1468 1515
 1468 1469
 1469 1517
 1469 1516
 1470 1471
 1470 1517
 1471 1517
 1472 1519
 1472 1473
 1472 1518
 1473 1520
 1473 1519
 1473 1474
 1474 1566
 1474 1521
 1474 1475
 1474 1520
 1475 1522
 1475 1521
 1476 1523
 1476 1522
 1477 2336
 1477 1523
 1478 1524
 1478 2341
 1478 2339
 1479 1525
 1479 1524
 1480 1525
 1481 1571
 1481 1526
 1482 1527
 1484 1529
 1485 1531
 1485 1486
 1485 1530
 1485 1529
 1486 1531
 1486 1487
 1487 1532
 1487 1531
 1487 1488
 1488 1533
 1488 1489
 1488 1532
 1489 1534
 1489 1533
 1489 1490
 1490 1535
 1490 1534
 1491 1581
 1491 1535
 1492 1536
 1492 1537
 1492 1493
 1493 1538
 1493 1537
 1494 1539
 1494 1495
 1495 1540
 1495 1496
 1496 1540
 1496 1541
 1496 1497
 1497 1498
 1497 1541
 1498 1543
 1498 1499
 1499 1543
 1499 1544
 1500 1501
 1500 1545
 1500 1544
 1501 1545
 1501 1502
 1502 1592
 1502 1547
 1502 1503
 1502 1546
 1503 1548
 1503 1547
 1503 1504
 1504 1505
 1504 1548
 1505 1550
 1505 1549
 1505 1506
 1506 1507
 1506 1550
 1507 1508
 1507 1551
 1508 1553
 1508 1552
 1508 1554
 1509 1510
 1509 1554
 1510 1555
 1511 1512
 1511 1557
 1511 1556
 1512 1513
 1512 1558
 1513 1559
 1513 1558
 1514 1560
 1514 1559
 1515 1516
 1516 1605
 1516 1562
 1516 1517
 1516 1560
 1517 1562
 1517 1518
 1518 1606
 1518 1563
 1518 1519
 1518 1562
 1519 1520
 1519 1563
 1520 1564
 1520 1565
 1520 1566
 1521 1611
 1521 1567
 1521 1566
 1522 1568
 1522 1567
 1523 1569
 1523 1568
 1524 2340
 1524 1615
 1524 1570
 1525 1571
 1526 1573
 1526 1572
 1526 1527
 1526 1571
 1528 1575
 1529 1575
 1529 1530
 1530 1531
 1530 1576
 1531 1577
 1531 1532
 1532 1578
 1533 1578
 1533 1534
 1534 1579
 1535 1580
 1535 1579
 1536 1582
 1536 1581
 1536 1537
 1537 1538
 1537 1583
 1537 1582
 1538 1584
 1538 1539
 1538 1583
 1539 1540
 1539 1585
 1539 1584
 1540 1585
 1540 1541
 1541 1542
 1541 1586
 1542 1588
 1542 1543
 1543 1544
 1544 1589
 1544 1545
 1545 1546
 1545 1590
 1545 1589
 1546 1592
 1546 1637
 1547 1592
 1547 1548
 1548 1549
 1549 1550
 1549 1593
 1550 1595
 1550 1551
 1550 1594
 1551 1596
 1551 1552
 1552 1596
 1552 1553
 1553 1597
 1553 1596
 1554 1597
 1554 1555
 1555 1598
 1555 1556
 1556 1600
 1556 1599
 1557 1601
 1557 1558
 1558 1602
 1558 1559
 1559 1603
 1559 1560
 1559 1602
 1560 1604
 1560 1603
 1560 1561
 1561 1605
 1561 1604
 1562 1606
 1562 1605
 1563 1564
 1563 1608
 1563 1606
 1564 1609
 1564 1565
 1565 1566
 1565 1610
 1566 1611
 1567 1655
 1567 1612
 1567 1611
 1568 1657
 1568 1612
 1568 1569
 1569 2337
 1569 1614
 1569 1613
 1570 1661
 1570 1660
 1570 1616
 1570 1571
 1570 1615
 1571 1616
 1571 1572
 1572 1618
 1572 1617
 1573 1618
 1574 1621
 1575 1621
 1575 1622
 1576 1622
 1577 1623
 1578 1669
 1578 1670
 1578 1625
 1578 1624
 1579 1625
 1579 1626
 1580 1627
 1580 1626
 1580 1581
 1581 1582
 1581 1627
 1582 1583
 1582 1628
 1583 1628
 1583 1629
 1583 1584
 1584 1585
 1584 1631
 1584 1629
 1585 1631
 1586 1678
 1586 1587
 1586 1631
 1587 1588
 1587 1632
 1587 1633
 1588 1635
 1588 1634
 1589 1590
 1589 1636
 1589 1635
 1590 1636
 1591 1637
 1591 1636
 1592 1593
 1592 1637
 1593 1638
 1593 1594
 1594 1640
 1595 1642
 1595 1596
 1595 1640
 1596 1643
 1596 1597
 1597 1643
 1598 1644
 1598 1643
 1598 1599
 1599 1691
 1599 1644
 1600 1646
 1600 1645
 1601 1647
 1601 1602
 1601 1646
 1602 1648
 1603 1604
 1603 1649
 1603 1648
 1604 1650
 1604 1649
 1605 1651
 1605 1650
 1606 1607
 1607 1653
 1607 1608
 1607 1652
 1608 2346
 1608 1609
 1609 1654
 1610 1655
 1610 1654
 1610 1611
 1612 1656
 1612 1655
 1613 1658
 1613 1614
 1613 1657
 1614 2340
 1614 2337
 1614 1615
 1615 2340
 1615 1659
 1616 1662
 1616 1661
 1617 1663
 1617 1662
 1619 1663
 1620 1621
 1621 1665
 1621 1622
 1622 1667
 1622 1623
 1622 1668
 1623 1624
 1623 1668
 1624 1668
 1624 1669
 1625 1715
 1625 1672
 1625 1671
 1626 1672
 1626 1673
 1626 1627
 1627 1628
 1628 1674
 1628 1629
 1629 1676
 1629 1630
 1629 1674
 1630 1677
 1630 1631
 1631 1677
 1632 1722
 1632 1678
 1633 1680
 1633 1634
 1633 1679
 1634 1681
 1635 1681
 1635 1683
 1635 1682
 1636 1684
 1636 1683
 1636 1637
 1637 1685
 1637 1684
 1638 1728
 1638 1639
 1638 1685
 1639 1686
 1639 1640
 1639 1687
 1640 1641
 1641 1688
 1641 1642
 1642 1689
 1642 1643
 1643 1689
 1644 1733
 1644 1691
 1644 1690
 1645 1691
 1646 1693
 1646 1647
 1647 1694
 1647 1648
 1648 1695
 1649 1696
 1650 1697
 1650 1651
 1650 1696
 1651 1652
 1652 1697
 1652 1698
 1653 2346
 1653 1700
 1653 1699
 1654 1701
 1654 1655
 1655 1745
 1655 1656
 1655 1702
 1656 1702
 1656 1703
 1657 1703
 1658 1704
 1658 1703
 1659 1705
 1659 1704
 1660 1705
 1660 1661
 1661 1662
 1662 1663
 1662 1706
 1663 1708
 1663 1707
 1663 1664
 1664 1708
 1665 1711
 1666 1667
 1667 1668
 1667 1713
 1668 1669
 1669 1714
 1670 1671
 1670 1714
 1671 1715
 1672 1716
 1672 1673
 1673 1674
 1673 1716
 1674 1718
 1674 1675
 1675 1676
 1675 1718
 1676 1720
 1676 1677
 1677 1721
 1677 1678
 1678 1721
 1679 1767
 1679 1722
 1680 1768
 1680 1724
 1681 1682
 1681 1724
 1682 1683
 1682 1725
 1683 1684
 1684 1726
 1684 1685
 1685 1727
 1685 1726
 1686 1729
 1686 1728
 1687 1730
 1687 1688
 1687 1729
 1688 1732
 1688 1731
 1689 1690
 1689 1732
 1690 1732
 1691 1735
 1691 1734
 1692 1781
 1692 1735
 1693 2351
 1693 1736
 1693 1694
 1694 1737
 1694 1695
 1695 1696
 1695 1738
 1696 1738
 1697 1740
 1697 1698
 1698 1699
 1698 1740
 1699 1741
 1700 1744
 1700 2346
 1700 1742
 1701 2346
 1701 1745
 1701 1789
 1702 1746
 1702 1745
 1703 1792
 1703 1793
 1703 1747
 1703 1746
 1704 1748
 1704 1747
 1705 1749
 1706 1750
 1708 1798
 1708 1752
 1708 1751
 1710 1711
 1710 1754
 1711 1754
 1711 1755
 1711 1712
 1713 1803
 1713 1756
 1714 1758
 1714 1757
 1715 1760
 1715 1759
 1715 1758
 1716 1760
 1716 1717
 1717 1762
 1717 1718
 1717 1760
 1718 1719
 1719 1764
 1719 1762
 1719 1720
 1720 1765
 1720 1721
 1721 1765
 1722 1766
 1722 1765
 1723 1768
 1723 1767
 1724 1725
 1724 1769
 1725 1770
 1725 1726
 1726 1771
 1726 1772
 1726 1727
 1727 1772
 1728 1820
 1729 1773
 1730 1775
 1730 1774
 1731 1776
 1731 1732
 1731 1775
 1732 1733
 1732 1776
 1733 1777
 1733 1734
 1734 1735
 1734 1778
 1735 1779
 1736 1782
 1736 1781
 1736 2351
 1737 1830
 1737 2351
 1737 1738
 1738 1831
 1738 1739
 1738 1784
 1739 1784
 1739 1740
 1740 1741
 1741 1786
 1741 1742
 1742 1786
 1742 1743
 1743 1788
 1743 1744
 1743 1787
 1744 1789
 1745 1746
 1745 1790
 1746 1792
 1746 1790
 1747 1840
 1747 1794
 1747 1793
 1748 1795
 1748 1749
 1748 1794
 1749 1796
 1749 1795
 1749 1750
 1750 1843
 1750 1797
 1750 1796
 1751 1844
 1751 1798
 1751 1797
 1752 1798
 1753 1801
 1754 1801
 1754 1755
 1755 1756
 1755 1802
 1755 1801
 1756 1803
 1756 1802
 1757 1803
 1758 1805
 1758 1850
 1759 1850
 1759 1760
 1759 1806
 1760 1807
 1760 1806
 1761 1808
 1761 1807
 1761 1762
 1762 1763
 1762 1809
 1763 1811
 1764 1811
 1764 1812
 1765 1813
 1765 1812
 1765 1766
 1766 1814
 1766 1813
 1767 1814
 1768 1816
 1769 1816
 1769 1817
 1770 1818
 1770 1817
 1770 1771
 1771 1819
 1771 1772
 1772 1820
 1772 1819
 1773 1821
 1773 1774
 1774 1822
 1775 1867
 1775 1824
 1775 1776
 1776 1777
 1777 1824
 1777 1778
 1778 1779
 1778 1825
 1779 1826
 1779 1780
 1780 1828
 1780 1827
 1781 1828
 1781 1782
 1782 1829
 1782 1830
 1783 1831
 1783 1830
 1784 1832
 1784 1831
 1785 1786
 1785 1832
 1786 1834
 1786 1833
 1787 1835
 1787 1834
 1788 1836
 1789 1837
 1789 1790
 1790 1791
 1790 1837
 1791 1838
 1791 1792
 1792 1793
 1793 1840
 1794 1841
 1794 1840
 1795 1842
 1796 1884
 1796 1842
 1797 1844
 1797 1843
 1798 1845
 1798 1844
 1801 1888
 1801 1846
 1801 1847
 1803 1848
 1803 1804
 1804 1849
 1804 1805
 1804 1848
 1805 1850
 1805 1849
 1806 1852
 1806 1807
 1806 1850
 1807 1894
 1807 1852
 1807 1808
 1808 1853
 1809 1853
 1809 1810
 1810 1856
 1810 1854
 1811 1856
 1812 1813
 1812 1857
 1812 1856
 1813 1857
 1813 1814
 1814 1859
 1814 1858
 1815 1860
 1815 1859
 1816 1861
 1816 1817
 1816 1860
 1817 1818
 1818 1862
 1818 1819
 1819 1820
 1819 1863
 1819 1862
 1820 1864
 1820 1863
 1820 1821
 1821 1865
 1821 1864
 1822 1823
 1822 1865
 1823 1867
 1824 1868
 1824 1825
 1825 1826
 1825 1868
 1826 1827
 1827 1869
 1828 1871
 1829 1914
 1829 1913
 1829 1830
 1829 1872
 1829 1871
 1830 2351
 1830 1872
 1831 1874
 1831 1832
 1832 2345
 1832 1874
 1833 2345
 1833 1834
 1834 1875
 1835 1836
 1835 1876
 1836 1920
 1836 1878
 1837 1879
 1837 1838
 1837 1878
 1838 1879
 1838 1839
 1839 1881
 1839 1880
 1840 1882
 1840 1881
 1840 1841
 1841 1924
 1841 1883
 1841 1842
 1841 1882
 1842 1925
 1842 1883
 1843 1885
 1843 1884
 1844 1928
 1844 1886
 1844 1885
 1846 1888
 1847 1889
 1847 1848
 1847 1888
 1848 1889
 1849 1891
 1849 1850
 1849 1890
 1850 1851
 1850 1893
 1850 1891
 1851 1852
 1852 1894
 1853 1895
 1853 1894
 1854 1855
 1854 1895
 1855 1897
 1856 1898
 1856 1857
 1856 1897
 1857 1858
 1857 1898
 1858 1859
 1858 1899
 1859 1941
 1859 1900
 1860 1861
 1860 1902
 1861 1904
 1861 1862
 1861 1902
 1862 1905
 1863 1906
 1863 1864
 1864 1907
 1864 1906
 1865 1866
 1865 1907
 1866 1867
 1867 1949
 1867 1948
 1867 1868
 1868 1950
 1868 1949
 1868 1909
 1869 1870
 1869 1909
 1869 1911
 1870 1912
 1871 1913
 1871 1912
 1872 1873
 1872 1914
 1873 1916
 1874 2345
 1874 1916
 1875 1876
 1875 1918
 1876 1877
 1877 1920
 1878 1962
 1878 1879
 1878 1920
 1879 1963
 1879 1921
 1879 1962
 1880 1964
 1880 1921
 1881 1965
 1881 1923
 1881 1882
 1882 1924
 1883 1924
 1884 1926
 1884 1925
 1884 1885
 1885 1927
 1886 1928
 1888 1973
 1888 1930
 1889 1932
 1889 1890
 1889 1931
 1890 1976
 1890 1891
 1890 1932
 1891 1933
 1891 1892
 1892 1934
 1892 1893
 1892 1933
 1893 1978
 1893 1935
 1893 1894
 1894 1895
 1894 1935
 1895 1896
 1895 1936
 1896 1897
 1896 2330
 1897 1938
 1898 1938
 1898 1899
 1898 1939
 1899 1940
 1899 1939
 1900 1940
 1901 1942
 1902 1943
 1902 1903
 1902 1942
 1903 1943
 1903 1904
 1903 1944
 1904 1945
 1904 1905
 1905 1945
 1905 1906
 1906 1947
 1906 1907
 1907 2328
 1907 1947
 1908 2328
 1908 1948
 1909 1951
 1909 1950
 1910 1951
 1910 1911
 1911 1953
 1912 1953
 1913 1955
 1913 1954
 1913 1914
 1914 1956
 1914 1955
 1915 1956
 1915 1916
 1916 2001
 1916 1958
 1916 2345
 1917 1918
 1917 2345
 1917 1958
 1918 1959
 1918 2345
 1919 1959
 1919 1961
 1920 1962
 1920 1961
 1921 1963
 1922 1965
 1922 1964
 1923 1924
 1923 1965
 1924 1925
 1924 1967
 1925 2012
 1925 1968
 1925 1967
 1926 1968
 1927 1969
 1928 1970
 1928 1969
 1929 1970
 1930 1973
 1931 1973
 1932 1976
 1932 1975
 1933 1976
 1934 1978
 1934 1977
 1935 1980
 1935 1979
 1935 1978
 1936 1980
 1937 1982
 1937 2330
 1938 1983
 1938 1939
 1938 1982
 1939 1940
 1939 1984
 1939 1983
 1940 1984
 1941 1984
 1942 1985
 1942 1986
 1942 1943
 1943 2033
 1943 1986
 1944 2035
 1944 1988
 1944 1987
 1945 1988
 1945 1989
 1945 1946
 1946 1947
 1946 1989
 1947 1991
 1947 2328
 1948 1949
 1948 1993
 1949 1994
 1949 1950
 1950 1994
 1951 1995
 1951 1994
 1952 1995
 1952 1953
 1953 1997
 1953 1954
 1954 2045
 1954 1998
 1954 1997
 1954 1955
 1955 1998
 1956 1999
 1956 1957
 1956 1998
 1957 2001
 1958 2002
 1958 2001
 1958 2345
 1959 2002
 1959 1960
 1960 2005
 1960 2003
 1961 2006
 1961 2005
 1961 1962
 1962 2007
 1962 1963
 1963 2008
 1963 2007
 1964 2009
 1965 1966
 1965 2329
 1966 2011
 1967 2012
 1967 2011
 1968 2013
 1968 1969
 1969 2015
 1969 2014
 1970 2016
 1970 2015
 1972 2018
 1973 2018
 1973 2019
 1973 1974
 1974 1975
 1974 2020
 1974 2019
 1975 2020
 1975 2021
 1975 1976
 1976 2021
 1976 1977
 1977 2023
 1978 2024
 1978 1979
 1979 1980
 1979 2024
 1980 2026
 1980 2025
 1980 2330
 1981 2026
 1981 2027
 1982 2028
 1982 1983
 1982 2072
 1982 2027
 1983 2028
 1984 2030
 1984 2029
 1985 2032
 1985 2030
 1986 2033
 1986 2032
 1987 2033
 1988 1989
 1989 1990
 1989 2035
 1989 2079
 1990 2036
 1990 2037
 1991 2038
 1991 2328
 1991 2037
 1992 2038
 1992 2040
 1992 1993
 1993 2041
 1994 2042
 1994 2041
 1994 1995
 1995 2086
 1995 2043
 1995 2042
 1996 2044
 1997 2045
 1997 2044
 1998 2046
 1998 1999
 1998 2045
 1999 2047
 1999 2046
 2000 2048
 2001 2048
 2001 2002
 2002 2049
 2002 2048
 2003 2050
 2003 2004
 2004 2052
 2005 2052
 2005 2006
 2006 2007
 2006 2053
 2006 2097
 2006 2052
 2007 2053
 2007 2008
 2008 2009
 2008 2055
 2008 2054
 2009 2099
 2009 2056
 2009 2055
 2010 2329
 2010 2057
 2011 2058
 2011 2057
 2011 2012
 2012 2013
 2012 2059
 2012 2058
 2013 2060
 2013 2059
 2013 2014
 2014 2015
 2014 2060
 2015 2062
 2015 2061
 2018 2107
 2018 2064
 2018 2063
 2019 2108
 2019 2064
 2019 2065
 2020 2021
 2020 2065
 2021 2109
 2021 2066
 2021 2065
 2022 2023
 2022 2066
 2023 2068
 2024 2069
 2024 2068
 2024 2025
 2025 2070
 2025 2026
 2026 2070
 2027 2072
 2028 2073
 2028 2072
 2029 2073
 2029 2030
 2030 2075
 2030 2074
 2031 2075
 2031 2032
 2032 2077
 2032 2033
 2033 2034
 2033 2077
 2035 2125
 2035 2124
 2035 2078
 2035 2079
 2036 2126
 2036 2079
 2037 2081
 2037 2082
 2037 2038
 2038 2328
 2038 2082
 2039 2350
 2039 2040
 2040 2084
 2041 2085
 2041 2084
 2041 2042
 2042 2086
 2043 2087
 2043 2086
 2044 2089
 2044 2045
 2044 2088
 2045 2331
 2045 2089
 2046 2047
 2046 2091
 2046 2090
 2047 2093
 2048 2093
 2048 2094
 2048 2049
 2049 2094
 2049 2050
 2050 2095
 2050 2094
 2051 2096
 2051 2095
 2052 2323
 2052 2096
 2053 2054
 2053 2097
 2054 2055
 2055 2099
 2055 2098
 2056 2057
 2056 2099
 2057 2101
 2057 2058
 2058 2147
 2058 2101
 2058 2059
 2059 2060
 2060 2103
 2060 2102
 2061 2104
 2062 2104
 2063 2107
 2064 2108
 2065 2109
 2065 2108
 2066 2110
 2066 2109
 2067 2068
 2067 2110
 2068 2069
 2068 2112
 2069 2070
 2069 2112
 2070 2113
 2070 2115
 2070 2114
 2071 2072
 2072 2073
 2072 2116
 2073 2118
 2073 2116
 2073 2074
 2074 2119
 2074 2075
 2075 2162
 2075 2120
 2075 2119
 2076 2121
 2077 2078
 2077 2121
 2077 2122
 2078 2122
 2078 2124
 2079 2125
 2080 2127
 2080 2126
 2081 2082
 2081 2128
 2081 2127
 2082 2350
 2082 2128
 2083 2350
 2084 2130
 2084 2129
 2084 2085
 2085 2131
 2085 2086
 2085 2130
 2086 2131
 2086 2132
 2088 2133
 2088 2132
 2089 2331
 2089 2133
 2090 2091
 2090 2331
 2091 2177
 2091 2092
 2091 2134
 2092 2136
 2093 2137
 2093 2136
 2093 2094
 2094 2139
 2094 2095
 2094 2137
 2095 2139
 2096 2141
 2096 2140
 2097 2142
 2097 2098
 2097 2141
 2098 2143
 2098 2184
 2098 2142
 2099 2100
 2099 2144
 2099 2143
 2100 2146
 2101 2147
 2101 2146
 2102 2148
 2102 2147
 2102 2103
 2103 2104
 2103 2150
 2103 2149
 2104 2151
 2104 2150
 2107 2153
 2107 2152
 2108 2195
 2108 2154
 2108 2153
 2109 2155
 2109 2110
 2110 2197
 2110 2156
 2110 2111
 2110 2155
 2111 2157
 2112 2200
 2112 2158
 2112 2113
 2112 2157
 2113 2114
 2114 2202
 2114 2115
 2115 2202
 2115 2116
 2116 2160
 2116 2117
 2117 2206
 2117 2118
 2117 2161
 2117 2160
 2119 2207
 2119 2162
 2119 2161
 2121 2163
 2121 2122
 2122 2164
 2122 2165
 2122 2163
 2124 2166
 2124 2165
 2125 2167
 2125 2126
 2125 2166
 2126 2167
 2127 2214
 2127 2169
 2127 2128
 2128 2170
 2128 2169
 2129 2216
 2129 2130
 2130 2217
 2130 2172
 2131 2173
 2131 2172
 2132 2173
 2132 2133
 2133 2331
 2133 2175
 2134 2177
 2135 2136
 2135 2177
 2136 2179
 2136 2137
 2137 2179
 2137 2138
 2138 2181
 2138 2139
 2139 2181
 2140 2181
 2141 2228
 2141 2183
 2141 2142
 2141 2323
 2142 2183
 2144 2186
 2144 2185
 2144 2145
 2145 2146
 2145 2186
 2146 2188
 2146 2147
 2147 2190
 2147 2189
 2147 2148
 2148 2149
 2148 2190
 2149 2150
 2150 2192
 2150 2191
 2151 2192
 2153 2239
 2153 2195
 2153 2194
 2154 2155
 2154 2195
 2155 2243
 2155 2197
 2156 2157
 2156 2199
 2156 2247
 2157 2200
 2157 2199
 2158 2202
 2158 2200
 2159 2203
 2159 2160
 2159 2202
 2160 2203
 2160 2204
 2161 2206
 2162 2208
 2162 2207
 2163 2164
 2163 2209
 2163 2208
 2164 2209
 2164 2165
 2165 2211
 2165 2166
 2166 2212
 2166 2167
 2167 2213
 2167 2168
 2168 2214
 2169 2215
 2169 2214
 2169 2170
 2170 2216
 2170 2350
 2171 2278
 2171 2216
 2172 2173
 2172 2217
 2173 2220
 2173 2174
 2173 2218
 2174 2175
 2175 2176
 2175 2222
 2175 2220
 2175 2331
 2176 2177
 2176 2331
 2177 2222
 2177 2178
 2178 2224
 2179 2225
 2179 2180
 2179 2224
 2180 2181
 2181 2227
 2181 2226
 2181 2182
 2181 2225
 2182 2228
 2183 2184
 2183 2229
 2183 2228
 2184 2230
 2184 2185
 2185 2186
 2186 2231
 2186 2230
 2187 2233
 2187 2231
 2187 2188
 2188 2189
 2189 2234
 2189 2233
 2189 2190
 2190 2234
 2190 2191
 2191 2236
 2191 2192
 2192 2237
 2192 2236
 2195 2241
 2195 2196
 2195 2239
 2196 2243
 2196 2241
 2197 2245
 2197 2198
 2197 2243
 2198 2247
 2198 2245
 2199 2249
 2199 2247
 2200 2201
 2200 2249
 2201 2252
 2201 2250
 2201 2202
 2202 2254
 2202 2252
 2203 2204
 2203 2254
 2204 2205
 2204 2255
 2205 2258
 2205 2256
 2205 2206
 2206 2260
 2206 2207
 2206 2258
 2207 2261
 2207 2208
 2208 2263
 2208 2209
 2208 2261
 2209 2265
 2209 2263
 2209 2210
 2210 2267
 2210 2211
 2210 2265
 2211 2269
 2211 2212
 2211 2267
 2212 2271
 2212 2269
 2212 2213
 2213 2273
 2213 2214
 2213 2271
 2214 2274
 2215 2276
 2215 2216
 2215 2274
 2216 2350
 2216 2278
 2216 2276
 2217 2280
 2217 2218
 2217 2278
 2218 2281
 2218 2219
 2219 2283
 2219 2220
 2219 2281
 2220 2285
 2220 2283
 2220 2221
 2221 2287
 2221 2222
 2221 2285
 2222 2289
 2222 2287
 2222 2223
 2223 2291
 2223 2224
 2223 2289
 2224 2293
 2224 2225
 2224 2291
 2225 2295
 2225 2226
 2225 2293
 2226 2297
 2226 2295
 2227 2299
 2227 2228
 2227 2297
 2228 2301
 2228 2299
 2229 2303
 2229 2230
 2229 2301
 2230 2305
 2230 2303
 2230 2231
 2231 2306
 2231 2305
 2232 2308
 2232 2233
 2232 2306
 2233 2310
 2233 2308
 2234 2312
 2234 2235
 2234 2310
 2235 2314
 2235 2236
 2235 2312
 2236 2316
 2236 2314
 2236 2237
 2332 2333
 2336 2339
 2337 2340
 2337 2339
 2338 2339
 2339 2340
