    2  126
    2   82
    3   82
    4   83
    4   82
    6   84
    6   83
    8   84
    9   86
    9   85
   11  130
   11   87
   11   86
   13   87
   14   88
   14   89
   16  132
   16   90
   16   89
   18   91
   18   90
   19   92
   21   93
   21   92
   22   93
   23   94
   23   93
   25   94
   25   95
   27   96
   27   95
   28   96
   29   97
   29   96
   31   98
   31   97
   33  141
   33   99
   33   98
   34  100
   34   99
   36  101
   36  100
   38  102
   38  101
   39  102
   40  102
   40  103
   42  147
   42  104
   42  103
   44  105
   44  104
   46  106
   46  105
   48  106
   48  107
   50  151
   50  108
   50  107
   52  108
   53  110
   53  109
   55  111
   55  110
   57  154
   57  111
   57  112
   59  112
   59  113
   61  113
   61  114
   62  114
   62  115
   64  115
   64  116
   66  117
   66  116
   67  117
   68  118
   68  117
   70  119
   70  118
   71  120
   71  119
   73  121
   73  120
   75  122
   75  121
   77  123
   77  122
   79  166
   79  123
   81  126
   82  127
   82  126
   83  128
   83   84
   84   85
   85 2404
   85  129
   85   86
   87   88
   87  130
   88  175
   88   89
   88  131
   90   91
   90  132
   91  134
   91   92
   91  133
   93  136
   93   94
   93  135
   94  137
   94   95
   96  182
   96  138
   96  139
   96   97
   97   98
   98  141
   98  140
   99  142
   99  141
  100  101
  101  102
  101  143
  102  145
  102  144
  103  147
  103  145
  104  148
  104  105
  105  106
  106  148
  106  107
  107  151
  107  149
  108  196
  108  109
  108  151
  109  110
  109  196
  110  198
  110  197
  110  152
  110  153
  110  111
  111  154
  112  113
  112  154
  113  156
  113  155
  114  115
  115  116
  115  156
  115  158
  116  117
  117  160
  117  159
  118  119
  119  162
  119  161
  120 2403
  120  121
  121 2403
  121  122
  122  163
  122  123
  123  166
  123  165
  123  164
  124  166
  125  169
  126  170
  126  169
  126  127
  127  128
  127  170
  128 2404
  129  130
  129 2404
  130  131
  130  173
  131  174
  131  173
  132  133
  132 2412
  132  175
  133 2412
  133  134
  133  176
  134  135
  135  179
  135  178
  135  136
  136 2407
  136  137
  137  138
  137 2407
  137  180
  138  180
  139  183
  139  182
  140  141
  140  183
  141  142
  141  184
  141  185
  142  187
  142  143
  143  144
  143  188
  144  190
  144  145
  144  189
  145  190
  146  192
  146  147
  147  148
  147  192
  148  237
  148  238
  148  149
  148  193
  149  150
  150  194
  151  240
  151  196
  151  195
  153  198
  154  200
  154  155
  154  199
  155  245
  155  156
  155  200
  155  201
  156  157
  157  248
  157  202
  157  158
  157  247
  158  159
  158  202
  159  205
  159  160
  159  204
  160  206
  160  161
  161  162
  161  206
  163  208
  163  209
  163  164
  163 2403
  165  210
  165  166
  165  209
  166  212
  166  211
  169  213
  169  215
  169  214
  169  170
  170  216
  170  260
  170  215
  170  171
  171 2404
  172 2404
  172  173
  172  217
  173  218
  173  174
  174  219
  174  175
  174  218
  176  222
  176  221
  176 2412
  177  178
  177  222
  178  224
  178  179
  179 2407
  179  225
  179  224
  180  226
  180 2407
  181  182
  182  275
  182  228
  182  227
  182  183
  183  184
  184  229
  184  185
  184  228
  185  230
  185  229
  187  188
  187  230
  188  231
  188  189
  189  232
  189  231
  189  190
  190  191
  190  233
  190  232
  192  235
  192  234
  192  193
  193  237
  193  235
  194  195
  194  239
  194  238
  195  287
  195  239
  195  240
  196  242
  197  198
  197  242
  198  243
  198  199
  200  244
  200  245
  201  246
  201  247
  201  245
  202  296
  202  248
  202  249
  203  204
  204  250
  204  205
  204  249
  205  206
  206  300
  206  252
  206  207
  206  251
  207 2403
  208  254
  208  209
  208  253
  209  255
  209  210
  209  254
  210  256
  210  255
  210  211
  211  305
  211  257
  211  256
  213  259
  214  259
  215  260
  215  259
  216  262
  216  260
  217  263
  217  262
  217 2404
  218  264
  218  219
  218  263
  219  265
  219  220
  220 2412
  221  267
  221  268
  221 2412
  221  266
  222  223
  223  269
  223  224
  224  225
  224  269
  225  271
  225  270
  226  227
  227  273
  228  229
  228  275
  229  278
  229  277
  229  276
  230  279
  231  280
  231  232
  231  279
  232  281
  232  280
  233  281
  233  234
  235  283
  235  236
  235  282
  236  284
  236  283
  236  237
  237  285
  237  284
  239  287
  239  286
  240  288
  240  241
  240  287
  241  289
  241  242
  242  243
  243  335
  243  291
  243  244
  243  290
  244  293
  244  245
  245  293
  246  294
  248  296
  248  295
  249  250
  250  251
  250  299
  250  298
  251  300
  252  346
  252  301
  253  303
  253  254
  253  302
  253 2403
  254  255
  254  303
  255  256
  256  304
  257  305
  259  307
  259  308
  260  309
  260  261
  261  310
  261  309
  261  262
  262  263
  263  313
  263  264
  263  312
  264  313
  264  314
  265  315
  265  314
  265  266
  266 2412
  267  317
  267  268
  267  316
  268  318
  269  270
  269  318
  270  320
  270  319
  270  271
  271 2407
  271  320
  272  273
  272  321
  272 2407
  273  274
  274  275
  274  322
  275  323
  275  276
  276  324
  276  277
  276  323
  277  325
  277  324
  278  279
  279  326
  280  327
  280  281
  281  328
  281  282
  281  327
  283  331
  283  330
  283  284
  284  331
  285  332
  285  286
  287  379
  287  288
  288  333
  288  379
  289  334
  289  290
  289  333
  291  383
  291  292
  291  335
  292  336
  292  337
  292  293
  293  338
  293  294
  294  295
  295  296
  295  339
  296  341
  296  340
  296  297
  297  298
  297  342
  298  299
  299  344
  299  343
  300  345
  300  346
  300  344
  301  302
  302  348
  302  347
  303  349
  303  348
  304  350
  304  349
  305  351
  305  350
  308  353
  308  352
  308  309
  309  354
  309  353
  309  310
  310  355
  310  354
  310  311
  311  356
  311  312
  311  355
  312  356
  312  313
  313  358
  313  357
  314  360
  314  315
  315  316
  316  361
  316  317
  317  363
  317  318
  317  362
  318  319
  319  365
  319  320
  319  364
  320  409
  320  366
  321  322
  321  367
  321  366
  322  323
  323 2417
  323  368
  323  324
  324  370
  324  369
  325  371
  326  327
  326  371
  327  328
  327  372
  327  373
  328  375
  328  329
  329  330
  330  376
  330  331
  331  332
  331  378
  331  377
  332  379
  333  381
  333  334
  333  380
  334  335
  335  382
  336  427
  336  337
  336  384
  336  383
  337  384
  337  338
  338  385
  338  339
  339  386
  340  387
  340  341
  340  386
  341  432
  341  388
  341  387
  342  343
  342  388
  343  390
  343  344
  343  389
  344  390
  344  345
  345  391
  346  347
  347  348
  347  392
  348  438
  348  393
  348  392
  348  349
  349  394
  349  393
  350  440
  350  395
  350  394
  351  395
  353  443
  353  398
  353  397
  354  399
  354  398
  354  355
  355  445
  356  400
  356  401
  356  357
  357  402
  357  358
  357  401
  358  403
  358  402
  358  359
  359  404
  359  360
  360  361
  361  405
  361  362
  362  363
  362  407
  362  406
  363  364
  364  408
  364  365
  364  407
  365  453
  365  408
  365  409
  366  367
  367  368
  367  410
  367  411
  369  412
  369  413
  369 2417
  370  459
  370  414
  370  413
  371  415
  371  414
  372  416
  372  415
  373  417
  373  374
  373  416
  374  375
  374  418
  375  376
  376  377
  376  418
  377  420
  377  419
  377  378
  378  379
  378  422
  379  380
  380  423
  380  422
  381  382
  381  424
  382  425
  382  383
  383  427
  383  425
  384  429
  384  428
  384  385
  384  427
  385  430
  385  386
  387  432
  387  431
  388  433
  389  390
  389  434
  389  433
  390  434
  390  435
  391  437
  391  392
  391  435
  392  438
  392  437
  393  439
  393  438
  394  439
  395  485
  395  441
  397  443
  398  399
  398  443
  399  491
  400  446
  400  401
  400  445
  401  493
  401  447
  402  403
  403  494
  403  448
  403  447
  404  449
  404  405
  404  448
  405  450
  405  449
  405  406
  406  451
  406  407
  407  451
  407  452
  407  408
  408  500
  408  452
  409  454
  410  411
  410  454
  411 2418
  411  455
  412  458
  412  457
  412  413
  412  456
  413  459
  413  458
  414  415
  415  416
  415  460
  416  461
  416  462
  417  463
  417  418
  417  462
  417  464
  418  465
  418  419
  419  466
  419  465
  419  420
  420  467
  420  421
  420  466
  421  515
  421  468
  421  422
  421  467
  422  469
  423  470
  423  424
  423  469
  424  425
  425  426
  425  473
  425  472
  426  474
  426  473
  426  427
  428  475
  428  429
  428  474
  429  430
  430  525
  430  431
  430  475
  431  526
  431  432
  431  477
  431  476
  432  477
  432  478
  433  478
  434  480
  434  435
  434  479
  435  480
  435  436
  436  437
  436  481
  436  482
  436  480
  437  438
  437  482
  438  484
  438  483
  439 2405
  439  484
  440  485
  440 2405
  441  485
  442  443
  442  488
  443  444
  443  488
  445  491
  445  446
  446  543
  446  492
  447  494
  447  493
  448  495
  448  449
  448  494
  449  497
  449  450
  449  495
  450  498
  450  497
  450  451
  451  498
  451  452
  452  549
  452  500
  452  499
  453  502
  453  500
  453  454
  454  503
  454  455
  455 2418
  455  504
  455  503
  455  456
  456  505
  456  504
  456  457
  456 2417
  457  506
  457  505
  458  459
  459  507
  459  506
  460  557
  460  461
  460  508
  460  507
  461  559
  461  510
  461  508
  461  462
  462  510
  463  560
  463  464
  463  511
  463  510
  464  513
  464  512
  464  511
  464  465
  465  513
  466  514
  466  513
  467  515
  468  516
  468  469
  468  515
  469  517
  469  470
  469  516
  470  568
  470  518
  470  471
  470  517
  471  519
  471  520
  471  518
  471  472
  472  521
  472  520
  472  473
  473  523
  473  474
  473  521
  474  475
  475  524
  475  525
  476  526
  476  525
  477  528
  477  478
  477  526
  478  479
  478  528
  479  529
  479  480
  479  528
  479  530
  480  530
  480  531
  480  481
  481  532
  481  531
  482  532
  482  483
  483  484
  483  533
  484 2405
  485  536
  485  535
  485 2405
  486  536
  488  538
  488  539
  489  490
  490  491
  490  540
  490  539
  490  541
  492  544
  492  493
  493  544
  493  494
  494  495
  494  544
  495  546
  495  496
  495  594
  496  595
  496  546
  496  547
  497  548
  497  498
  498  548
  499  548
  500  501
  500  549
  501  551
  501  502
  501  550
  502  552
  502  551
  502  503
  503  553
  503  552
  505  506
  505  554
  505  553
  506  554
  506  555
  506  507
  507  556
  507  557
  507  555
  508  558
  508  509
  508  557
  509  559
  510  559
  511  561
  511  560
  511  562
  512  513
  513  514
  513  564
  514  564
  514  515
  514  565
  514  566
  515  516
  516  567
  516  566
  517  614
  517  568
  517  567
  518  569
  518  568
  519  520
  520  570
  520  569
  520  521
  521  522
  521  570
  522  618
  522  572
  522  523
  523  524
  524  525
  524  572
  525  621
  525  575
  525  573
  525  526
  526  575
  527  576
  527  575
  527  528
  528  577
  528  529
  528  576
  529  625
  529  530
  529  578
  530  531
  531  532
  531  578
  532  580
  532  579
  533  581
  534 2405
  534  582
  535  631
  535  584
  535 2405
  536  585
  538  587
  538  539
  539  587
  540  589
  540  636
  540  541
  540  588
  541  589
  541  542
  542  590
  542  589
  542  543
  544  545
  544  592
  544  591
  545  593
  545  592
  546  595
  547  596
  547  548
  547  595
  548  549
  548  597
  549  597
  549  598
  550  599
  550  551
  551  552
  551  600
  552  601
  552  553
  553  554
  553  601
  554  602
  554  601
  555  602
  555  556
  556  557
  556  603
  557  605
  557  558
  557  604
  558  606
  558  559
  558  607
  558  605
  559  607
  560  656
  560  561
  561  609
  561  608
  562  609
  562  563
  563  611
  563  610
  563  564
  563  609
  564  565
  564  612
  565  566
  566  567
  567  661
  567  613
  568  616
  568  569
  568  614
  569  570
  570  617
  570  616
  571  617
  571  618
  572  619
  572  573
  572  618
  573  620
  573  619
  573  574
  574  621
  574  620
  575  576
  575  621
  576  624
  576  623
  576  577
  577  625
  578  626
  578  579
  578  625
  579  627
  579  580
  579  626
  580  628
  580  627
  580  581
  581  629
  581  628
  582  630
  582  583
  582  629
  583  679
  583  631
  583  630
  583 2406
  584  632
  584  585
  584  631
  585  632
  586  635
  587  635
  587  588
  588  636
  588  635
  589  637
  589  638
  589  590
  590  591
  590  638
  591  686
  591  592
  591  638
  591  639
  592  640
  592  593
  593  594
  593  640
  594  642
  594  595
  595  596
  595  642
  595  644
  596  645
  596  597
  597  646
  597  598
  598  647
  598  646
  598  599
  599  648
  599  694
  599  600
  599  647
  600  649
  600  601
  600  648
  601  649
  601  602
  602  603
  602  651
  602  697
  603  699
  603  651
  603  652
  603  604
  604  653
  604  652
  604  605
  605  701
  605  654
  605  606
  606  607
  606  654
  607  702
  607  655
  608  657
  608  656
  608  609
  609  610
  609  658
  610  659
  610  658
  611  612
  612  707
  612  661
  612  659
  612  613
  613  661
  614  662
  614  661
  615  616
  615  662
  616  617
  616  663
  616  665
  617  618
  617  665
  618  666
  618  667
  619  668
  619  667
  619  620
  620  670
  620  621
  620  668
  621  716
  621  671
  621  622
  623  672
  623  624
  624  720
  624  674
  624  673
  624  625
  625  675
  625  626
  626  627
  627  676
  627  675
  628  678
  628  677
  628  676
  629  678
  629  630
  630  678
  631  680
  631  679
  632  680
  633  680
  634  635
  634  683
  635  636
  636  684
  637  685
  637  684
  637  638
  638  686
  639  686
  640  687
  640  688
  640  641
  641  642
  642  689
  642  688
  643  644
  644  645
  644  690
  644  691
  645  646
  645  691
  645  693
  646  693
  647  694
  647  693
  648  695
  648  743
  648  649
  648  694
  649  650
  649  695
  650  696
  650  746
  650  697
  651  699
  651  697
  652  700
  652  699
  653  701
  654  701
  655  750
  655  701
  656  751
  656  703
  656  657
  656  702
  657  704
  657  703
  658  705
  658  659
  659  706
  659  660
  659  705
  660  707
  660  706
  661  709
  661  707
  661  662
  662  709
  663  664
  663  710
  663  709
  664  665
  664  710
  664  711
  664  712
  665  759
  665  713
  665  712
  667  714
  667  713
  667  668
  668  715
  668  714
  669  715
  669  670
  670  715
  671  717
  671  672
  671  716
  672  718
  672  717
  672  673
  673  719
  673  720
  673  718
  674  675
  674  721
  674  720
  675  722
  675  721
  675  676
  676  724
  676  723
  676  722
  677  770
  677  725
  678  726
  678  725
  679  727
  679  726
  680  728
  680  727
  681  728
  683  730
  684  732
  685  733
  686  734
  686  687
  687  688
  687  736
  687  734
  688  737
  688  736
  688  689
  689  690
  689  737
  690  738
  690  691
  690  737
  691  692
  691  738
  692  740
  692  693
  693  740
  693  694
  694  742
  694  741
  695  696
  695  743
  696  745
  696  746
  696  744
  697  746
  698  795
  698  747
  698  746
  698  699
  699  748
  699  700
  700  797
  700  701
  700  749
  700  748
  701  798
  701  750
  702  751
  702  750
  703  800
  703  704
  703  751
  704  801
  704  753
  704  752
  704  705
  705  754
  705  706
  706  707
  707  755
  707  754
  708  806
  708  756
  708  709
  708  755
  709  757
  709  710
  709  756
  710  807
  710  758
  710  757
  712  809
  712  759
  712  758
  713  760
  713  714
  713  810
  714  715
  714  760
  714  762
  715  716
  716  763
  716  762
  716  717
  717  764
  717  763
  718  764
  719  766
  719  720
  719  765
  720  766
  720  721
  721  722
  721  768
  722  820
  722  769
  722  768
  723  769
  724  821
  724  770
  724  769
  725  771
  726  823
  726  772
  727  772
  728  774
  728  773
  730  731
  730  776
  731  776
  731  732
  731  777
  732  733
  732  778
  732  777
  733  829
  733  779
  733  778
  734  780
  734  781
  734  735
  734  779
  735  736
  735  782
  735  781
  736  737
  737  738
  737  783
  738  786
  738  784
  738  739
  739  740
  740  787
  740  788
  740  786
  741  742
  742  840
  742  790
  742  789
  743  790
  744  792
  744  790
  744  791
  744  745
  745  793
  745  746
  746  795
  746  793
  748  796
  748  797
  748  795
  749  846
  749  798
  749  797
  750  799
  750  751
  751  799
  752  800
  753  754
  753  801
  754  804
  754  755
  754  803
  755  804
  755  806
  756  807
  756  757
  758  809
  758  807
  759  810
  759  809
  760  811
  760  810
  761  859
  761  762
  761  811
  762  814
  762  812
  762  763
  763  764
  763  814
  764  765
  764  815
  765  816
  765  766
  766  864
  766  818
  766  817
  767  819
  767  768
  768  819
  770  868
  770  822
  770  771
  770  821
  771  869
  771  823
  771  822
  772  824
  772  773
  772  823
  773  871
  773  825
  773  824
  775  827
  776  827
  777  778
  777  828
  777  827
  778  828
  778  829
  779  876
  779  830
  779  829
  780  781
  780  830
  781  830
  781  782
  782  833
  782  832
  782  783
  782  831
  783  834
  783  784
  784  785
  785  835
  785  786
  785  836
  785  834
  786  836
  786  837
  786  787
  787  838
  787  837
  788  838
  788  789
  789  840
  789  838
  790  840
  791  887
  791  792
  791  841
  791  840
  792  841
  792  842
  792  793
  794  890
  794  843
  794  795
  794  842
  795  843
  795  844
  795  796
  797  893
  797  845
  798  847
  798  799
  798  846
  799  896
  799  848
  799  847
  800  849
  800  801
  800  848
  801  849
  801  850
  801  802
  802  851
  802  803
  802  850
  803  851
  803  804
  804  852
  804  851
  805  853
  805  852
  805  806
  806  854
  806  807
  807  855
  807  808
  807  856
  807  854
  808  856
  808  857
  808  809
  809  810
  810  858
  810  857
  812  860
  812  813
  812  859
  814  861
  814  815
  814  860
  815  861
  815  862
  816  862
  816  817
  817  864
  817  863
  817  862
  818  914
  818  865
  818  819
  818  864
  819  866
  819  865
  820  866
  820  821
  821  917
  821  867
  821  866
  822  868
  823  824
  823  869
  824  870
  825  871
  827  873
  827  874
  828  875
  828  874
  829  876
  830  927
  830  877
  830  831
  831  832
  831  878
  832  833
  832  879
  833  880
  833  834
  834  835
  834  880
  835  836
  835  882
  835  880
  836  883
  836  882
  838  884
  838  839
  839  886
  839  840
  839  884
  840  887
  841  889
  841  842
  841  887
  842  889
  842  890
  843  844
  843  891
  843  890
  844  892
  844  891
  844  845
  845  893
  845  892
  846  894
  846  847
  846  893
  847  895
  847  894
  848  898
  848  849
  848  896
  849  899
  849  898
  850  900
  850  851
  851  901
  851  852
  852  902
  852  853
  853  903
  853  902
  853  854
  854  855
  854  904
  855  905
  855  904
  856  906
  856  857
  857  907
  857  858
  857  906
  858  907
  858  859
  859  908
  859  860
  859  907
  860  954
  860  909
  860  908
  860  861
  861  862
  861  909
  862  863
  862  910
  862  911
  863  912
  863  913
  864  914
  865  962
  865  866
  865  914
  866  917
  866  962
  867  918
  867  917
  868  918
  869  919
  869  918
  870  920
  871  921
  871  920
  872  921
  873  874
  873  924
  874  875
  875  926
  875  925
  876  975
  876  926
  877  928
  877  927
  877  878
  878  879
  878  929
  879  978
  879  929
  879  930
  879  880
  880  881
  880  930
  881  980
  881  932
  881  931
  882  933
  882  883
  883  933
  883  884
  884  982
  884  885
  884  934
  884  933
  885  984
  885  886
  886  935
  887  985
  887  935
  888  937
  888  936
  889  938
  889  890
  890  938
  891  989
  891  892
  891  938
  892  939
  892  940
  893  894
  894  940
  894  941
  895  992
  895  942
  895  941
  897  993
  897  943
  897  942
  898  943
  898  899
  898  944
  899  900
  899  945
  900  946
  900  901
  901  902
  901  946
  902  903
  902  946
  903  949
  903  904
  903  948
  904  949
  905  950
  905  906
  905  949
  906  907
  906  950
  907  908
  907  951
  908  952
  908  953
  909  910
  909  956
  909  954
  910  957
  910 1006
  910  956
  910  911
  911  912
  911  957
  912  958
  912  959
  913  914
  913  960
  915  960
  916  963
  916  962
  916  917
  917  963
  918  965
  918  964
  919 1013
  919  966
  919  920
  920  967
  920  966
  921  969
  921  968
  923  971
  925  972
  926  973
  926  974
  927  928
  927  976
  927  977
  927  975
  928  977
  929 1024
  929  977
  929  978
  930 1025
  930  979
  930  931
  931  979
  932  981
  932  933
  932  980
  933  981
  934  984
  934  983
  934  982
  935  985
  935  984
  936  986
  936  937
  936  985
  937  987
  937  938
  937  986
  938  989
  938  987
  939  990
  939  940
  940  990
  940  991
  940  941
  941  992
  941 1037
  942  993
  942  992
  943  944
  943  993
  944  994
  944  995
  944  945
  945  996
  945  946
  945  997
  945  995
  946  947
  947  998
  947  997
  947  948
  948  949
  948 1000
  948  998
  949 1001
  949  950
  951 1002
  951 1001
  951  952
  952 1003
  952  953
  952 1002
  953 1049
  953 1004
  953 1003
  954  955
  955 1005
  955 1004
  957 1052
  957 1007
  957 1006
  958  959
  959 1008
  959  960
  959 1007
  960 1009
  960 1008
  960  961
  961  962
  961 1009
  962 1011
  962 1010
  962  963
  963 2420
  963  964
  963 1011
  964 1012
  964 2420
  965 1013
  965 1012
  966 1059
  966 1014
  967 1014
  967  968
  968 1016
  968 1015
  968 1014
  970  971
  970 1018
  971 1018
  971 1019
  971  972
  972 1020
  972  973
  972 1019
  973 1020
  974  975
  974 1021
  974 1020
  975 1021
  976  977
  976 1021
  977 1022
  977 1023
  978 1024
  979 1071
  979 1070
  979  980
  979 1025
  980 1026
  980 1027
  980  981
  981 1028
  981  982
  981 1072
  982 1029
  982 1028
  982  983
  983 1030
  983 1075
  983 1029
  984 1031
  984  985
  984 1030
  985  986
  986 1078
  986  987
  986 1031
  987 1032
  987 1034
  988 1034
  988  989
  989 1035
  989  990
  989 1034
  990  991
  990 1036
  991 1036
  992  993
  992 1037
  993 1038
  993 1039
  994 1040
  994  995
  995 1041
  995  996
  996 1043
  996  997
  996 1041
  997  998
  998 1044
  998 1045
  998 1043
  999 1000
 1000 1001
 1000 1045
 1000 1047
 1001 1047
 1001 1002
 1002 1003
 1002 1047
 1003 1048
 1004 1005
 1004 1051
 1004 1049
 1005 1051
 1005 1006
 1006 1051
 1007 1102
 1007 1053
 1007 1008
 1007 1052
 1008 1009
 1008 1053
 1009 1010
 1009 1054
 1010 1057
 1010 1011
 1010 1055
 1011 2419
 1011 1057
 1012 1013
 1012 2420
 1013 1059
 1013 1058
 1014 2409
 1014 1060
 1014 1015
 1014 1059
 1015 1061
 1016 1061
 1018 1064
 1018 1063
 1019 1065
 1019 1064
 1020 1066
 1020 1065
 1021 1022
 1021 1067
 1021 1066
 1022 1068
 1022 1023
 1022 1067
 1023 1119
 1023 1068
 1023 1069
 1024 1025
 1025 1070
 1025 1069
 1027 1071
 1028 1029
 1028 1072
 1029 1075
 1029 1073
 1030 1031
 1030 1075
 1031 1076
 1031 1077
 1031 1078
 1032 1079
 1032 1033
 1032 1078
 1033 1080
 1033 1034
 1033 1079
 1034 1035
 1034 1080
 1035 1036
 1035 1081
 1035 1131
 1035 1082
 1036 1082
 1036 1083
 1037 1085
 1037 1083
 1037 1038
 1038 1039
 1039 1087
 1039 1086
 1039 1040
 1039 1085
 1040 1138
 1040 1088
 1040 1041
 1040 1087
 1042 1089
 1042 1088
 1042 1043
 1043 1090
 1043 1089
 1043 1044
 1044 1090
 1045 1092
 1045 1091
 1045 1046
 1046 1093
 1046 1047
 1046 1092
 1047 1096
 1047 1094
 1047 1048
 1048 1049
 1048 1096
 1049 1097
 1049 1050
 1050 1100
 1050 1099
 1050 1051
 1050 1098
 1051 1101
 1051 1052
 1052 1102
 1052 1101
 1053 1103
 1053 1150
 1054 1104
 1054 1103
 1054 1055
 1055 1151
 1055 1056
 1056 1106
 1056 1057
 1056 1105
 1057 1106
 1057 1107
 1058 1108
 1058 1059
 1059 2409
 1060 1110
 1060 1061
 1060 2409
 1061 1112
 1061 1111
 1063 1114
 1064 1161
 1064 1114
 1064 1115
 1065 1161
 1065 1116
 1066 1117
 1066 1116
 1067 1117
 1067 1068
 1068 1119
 1068 1118
 1069 1165
 1069 1070
 1069 1119
 1070 1122
 1070 1121
 1070 1071
 1071 1072
 1072 1124
 1072 1123
 1072 1122
 1072 1073
 1073 1074
 1073 1125
 1074 1125
 1074 1126
 1074 1075
 1075 1126
 1076 1127
 1078 1127
 1078 1128
 1078 1079
 1079 1174
 1079 1129
 1079 1128
 1080 1081
 1080 1130
 1081 1131
 1081 1130
 1082 1083
 1082 1133
 1082 1131
 1083 1133
 1084 1135
 1084 1134
 1084 1085
 1084 1133
 1085 1180
 1085 1135
 1085 1136
 1085 1086
 1086 1136
 1087 1182
 1087 1181
 1087 1138
 1087 1137
 1088 1139
 1088 1089
 1088 1138
 1089 1185
 1089 1139
 1089 1140
 1090 1141
 1090 1091
 1091 1092
 1091 1142
 1091 1141
 1092 1142
 1093 1142
 1093 1189
 1093 1143
 1095 1190
 1095 1143
 1095 1144
 1095 1096
 1096 1145
 1096 1144
 1098 1192
 1098 1146
 1098 1099
 1098 1145
 1099 1147
 1099 1146
 1100 1101
 1101 1102
 1101 1147
 1102 1149
 1102 1148
 1102 1150
 1103 1150
 1103 1197
 1103 1151
 1105 1152
 1105 1106
 1105 1151
 1106 1153
 1106 1107
 1107 1153
 1107 1154
 1108 2419
 1108 1156
 1108 1155
 1109 1157
 1109 2409
 1110 1158
 1110 2411
 1111 1159
 1114 1207
 1114 1160
 1115 1207
 1116 1208
 1116 1162
 1117 1164
 1117 1163
 1117 1162
 1118 1119
 1118 1164
 1119 1211
 1119 1164
 1120 1166
 1120 1165
 1121 1213
 1121 1122
 1121 1167
 1122 1123
 1123 1168
 1123 1167
 1124 1216
 1124 1169
 1124 1168
 1124 1125
 1125 1126
 1125 1169
 1126 1171
 1126 1170
 1126 1127
 1127 1172
 1127 1173
 1127 1171
 1127 1128
 1128 1173
 1129 1175
 1129 1130
 1129 1174
 1130 1131
 1130 1176
 1131 1176
 1131 1132
 1132 1133
 1132 1176
 1133 1178
 1133 1177
 1134 1178
 1134 1179
 1135 1180
 1136 1228
 1136 1181
 1136 1180
 1137 1181
 1138 1184
 1138 1139
 1138 1182
 1139 1232
 1139 1184
 1140 1186
 1140 1141
 1140 1185
 1141 1188
 1141 1142
 1141 1186
 1142 1189
 1142 1188
 1143 1190
 1143 1189
 1144 1191
 1144 1145
 1144 1190
 1145 1192
 1145 1191
 1146 1147
 1146 1194
 1146 1192
 1147 1148
 1148 1149
 1148 1195
 1148 1196
 1148 1194
 1149 1150
 1150 1244
 1150 1196
 1150 1197
 1151 1152
 1151 1198
 1151 1197
 1152 1153
 1153 1200
 1153 1199
 1154 1201
 1154 1200
 1154 1155
 1154 2419
 1155 1202
 1155 1201
 1156 1202
 1156 1157
 1157 2411
 1157 1203
 1157 1202
 1158 2411
 1158 1204
 1158 1159
 1158 1203
 1159 1204
 1160 1207
 1161 1208
 1161 1207
 1162 1163
 1162 1209
 1163 1210
 1163 1164
 1164 1211
 1164 1258
 1165 1260
 1165 1166
 1165 1212
 1165 1211
 1166 1212
 1166 1213
 1167 1214
 1167 1168
 1167 1213
 1168 1214
 1168 1216
 1169 1217
 1169 1216
 1170 1171
 1170 1218
 1171 1220
 1171 1218
 1171 1172
 1172 1173
 1172 1221
 1172 1220
 1173 1269
 1173 1222
 1173 1174
 1174 1175
 1175 1224
 1175 1176
 1175 1222
 1176 1224
 1177 1224
 1177 1225
 1177 1178
 1178 1179
 1178 1227
 1178 1225
 1179 1227
 1179 1180
 1180 1228
 1180 1227
 1181 1229
 1181 1228
 1182 1183
 1183 1230
 1184 1232
 1184 1230
 1185 1233
 1185 1232
 1186 1234
 1186 1187
 1187 1188
 1188 1235
 1188 1189
 1189 1190
 1189 1235
 1190 1238
 1190 1191
 1190 1236
 1191 1238
 1192 1193
 1192 1238
 1193 1194
 1193 1240
 1193 1241
 1193 1239
 1194 1242
 1194 1195
 1194 1241
 1195 1242
 1195 1196
 1196 1243
 1196 1244
 1197 1198
 1197 1244
 1198 1246
 1198 1245
 1198 1247
 1198 1199
 1199 1200
 1199 1248
 1199 1247
 1200 1201
 1200 1249
 1201 1202
 1201 1249
 1202 1203
 1202 1250
 1203 1251
 1203 1204
 1203 2411
 1204 1205
 1205 1252
 1206 1255
 1207 1255
 1208 1256
 1208 1255
 1209 1257
 1210 1258
 1210 1257
 1211 1260
 1211 1258
 1212 1213
 1212 1261
 1212 1260
 1213 1261
 1213 1214
 1214 1263
 1214 1262
 1215 1263
 1216 1264
 1216 1217
 1217 1218
 1217 1264
 1218 1311
 1218 1265
 1218 1266
 1219 1266
 1219 1220
 1220 1267
 1220 1221
 1220 1266
 1221 1268
 1221 1267
 1222 1270
 1222 1223
 1222 1269
 1223 1224
 1223 1271
 1224 1271
 1224 1273
 1224 1225
 1225 1274
 1225 1273
 1226 1227
 1227 1319
 1227 1228
 1227 1276
 1228 1276
 1228 1277
 1229 1278
 1229 1230
 1230 1231
 1231 1279
 1231 1278
 1232 1280
 1232 1233
 1232 1279
 1233 1280
 1233 1234
 1234 1235
 1234 1280
 1235 1236
 1235 1281
 1236 1282
 1236 1237
 1237 1285
 1237 1238
 1237 1284
 1237 1283
 1238 1285
 1239 1240
 1240 1287
 1240 1286
 1241 1333
 1241 1287
 1241 1288
 1241 1242
 1242 1243
 1243 1244
 1243 1288
 1243 1289
 1243 1290
 1244 1290
 1244 1291
 1245 1336
 1245 1246
 1245 1291
 1245 1292
 1246 1292
 1246 1293
 1247 1248
 1248 1339
 1248 1294
 1248 1249
 1248 1293
 1249 1295
 1249 1294
 1250 1297
 1250 1296
 1251 1298
 1251 1297
 1252 1345
 1252 1299
 1252 1298
 1254 1301
 1254 1255
 1255 1256
 1255 1302
 1256 1303
 1256 1257
 1257 1304
 1257 1303
 1258 1352
 1258 1305
 1258 1304
 1258 1259
 1260 1306
 1260 1261
 1260 1305
 1261 1354
 1261 1307
 1261 1306
 1262 1308
 1262 1263
 1263 1264
 1264 1309
 1264 1265
 1264 1310
 1264 1308
 1265 1311
 1265 1310
 1266 1311
 1267 1313
 1267 1311
 1267 1268
 1268 1314
 1268 1313
 1269 1315
 1269 1270
 1270 1271
 1270 1315
 1271 1316
 1271 1315
 1272 1365
 1272 1317
 1272 1273
 1272 1316
 1273 1317
 1273 1318
 1274 1275
 1274 1318
 1275 1319
 1275 1318
 1276 1277
 1276 1319
 1277 1322
 1277 1278
 1277 1321
 1277 1320
 1278 1322
 1278 1323
 1278 1279
 1279 1280
 1280 1323
 1280 1325
 1280 1281
 1281 1282
 1281 1326
 1281 1325
 1282 1327
 1283 1328
 1283 1284
 1284 1285
 1285 1329
 1285 1330
 1285 1286
 1285 1328
 1286 1330
 1286 1331
 1286 1287
 1287 1332
 1287 1331
 1288 1334
 1288 1289
 1288 1382
 1288 1333
 1289 1383
 1289 1334
 1289 1335
 1290 1335
 1291 1336
 1292 1338
 1292 1293
 1292 1336
 1293 1339
 1293 1338
 1294 1295
 1294 1341
 1294 1339
 1295 1342
 1295 1296
 1295 1341
 1296 1342
 1296 1297
 1297 1343
 1297 1298
 1298 1345
 1299 1345
 1301 1348
 1301 1347
 1302 1349
 1303 1350
 1303 1349
 1304 1352
 1304 1351
 1305 1400
 1305 1306
 1305 1353
 1305 1352
 1306 1353
 1307 1308
 1307 1355
 1307 1356
 1307 1354
 1308 1356
 1308 1309
 1309 1405
 1309 1310
 1309 1358
 1310 1406
 1310 1359
 1310 1311
 1311 1360
 1311 1359
 1313 1409
 1313 1361
 1313 1314
 1313 1360
 1314 1363
 1314 1362
 1314 1315
 1314 1361
 1315 1364
 1315 1316
 1316 1365
 1317 1366
 1317 1318
 1317 1367
 1318 1319
 1318 1368
 1319 1368
 1319 1369
 1320 1321
 1321 1322
 1321 1370
 1321 1369
 1322 1419
 1322 1372
 1322 1323
 1323 1374
 1323 1324
 1323 1372
 1324 1325
 1324 1374
 1325 1374
 1325 1375
 1326 1377
 1326 1375
 1326 1327
 1327 1378
 1327 1328
 1327 1377
 1328 1329
 1329 1378
 1329 1379
 1330 1379
 1331 1332
 1331 1379
 1332 1381
 1332 1380
 1333 1381
 1334 1430
 1334 1383
 1335 1385
 1335 1384
 1335 1336
 1335 1383
 1336 1337
 1336 1385
 1337 1387
 1337 1338
 1338 1434
 1338 1388
 1338 1339
 1339 1388
 1339 1340
 1340 1389
 1340 1388
 1341 1389
 1342 1391
 1342 1390
 1343 1391
 1343 1392
 1344 1393
 1346 1394
 1348 1397
 1348 1443
 1348 1396
 1348 1349
 1349 1397
 1350 1351
 1350 1398
 1350 1397
 1351 1398
 1351 1400
 1351 1399
 1352 1400
 1353 1402
 1353 1401
 1353 1400
 1354 1403
 1354 1355
 1355 1356
 1356 1403
 1357 1404
 1357 1405
 1358 1406
 1359 1360
 1359 1408
 1359 1406
 1360 1408
 1360 1409
 1361 1410
 1361 1409
 1362 1410
 1362 1411
 1362 1363
 1363 1364
 1364 1411
 1365 1413
 1365 1412
 1366 1367
 1367 1413
 1367 1414
 1368 1415
 1368 1369
 1368 1414
 1369 1417
 1369 1416
 1369 1415
 1369 1370
 1370 1464
 1370 1418
 1370 1417
 1371 1418
 1371 1419
 1372 1420
 1372 1419
 1373 1421
 1373 1374
 1373 1420
 1374 1375
 1374 1422
 1375 1422
 1376 1377
 1377 1425
 1377 1423
 1377 1378
 1378 1472
 1378 1426
 1378 1425
 1378 1379
 1379 1428
 1379 1380
 1379 1426
 1380 1429
 1380 1381
 1381 1382
 1381 1430
 1383 1430
 1384 1479
 1384 1431
 1384 1385
 1385 1433
 1385 1432
 1387 1434
 1387 1433
 1388 1436
 1388 1389
 1388 1434
 1389 1437
 1389 1390
 1390 1437
 1391 1484
 1391 1438
 1392 1439
 1392 1393
 1393 1440
 1393 1394
 1393 1439
 1394 1441
 1394 1440
 1394 1395
 1396 1443
 1397 1491
 1397 1398
 1397 1444
 1397 1490
 1398 1445
 1399 1400
 1399 1445
 1400 1446
 1400 1401
 1401 1495
 1401 1447
 1401 1446
 1402 1403
 1403 1449
 1403 1404
 1403 1447
 1404 1449
 1404 1405
 1404 1450
 1405 1450
 1405 1451
 1405 1406
 1406 1500
 1406 1452
 1407 1452
 1408 1453
 1408 1409
 1408 1452
 1409 1454
 1409 1410
 1409 1453
 1410 1411
 1410 1455
 1410 1454
 1411 1412
 1411 1456
 1412 1459
 1412 1457
 1412 1458
 1412 1413
 1413 1506
 1413 1460
 1413 1459
 1413 1414
 1414 1462
 1414 1415
 1414 1460
 1415 1462
 1416 1463
 1416 1462
 1417 1463
 1417 1464
 1418 1465
 1418 1464
 1419 1466
 1419 1420
 1419 1465
 1420 1421
 1420 1466
 1421 1467
 1421 1468
 1421 1422
 1422 1469
 1422 1423
 1422 1468
 1423 1471
 1423 1424
 1423 1469
 1424 1471
 1426 1473
 1426 1472
 1427 1428
 1428 1474
 1428 1429
 1428 1473
 1428 1475
 1429 1476
 1429 1475
 1429 1430
 1430 1431
 1430 1478
 1430 1477
 1430 1476
 1431 1479
 1431 1478
 1432 1433
 1432 1480
 1432 1479
 1433 1481
 1433 1434
 1433 1480
 1434 1435
 1435 1436
 1435 1481
 1436 1482
 1436 1483
 1436 1437
 1437 1484
 1437 1483
 1438 1485
 1438 1439
 1438 1484
 1439 1487
 1439 1486
 1439 1485
 1440 1488
 1440 1487
 1443 1490
 1443 1489
 1444 1492
 1445 1492
 1445 1493
 1446 1495
 1446 1493
 1446 1494
 1447 1496
 1447 1448
 1447 1495
 1448 1543
 1449 1498
 1449 1497
 1449 1450
 1450 1545
 1450 1451
 1450 1499
 1451 1500
 1451 1546
 1452 1501
 1452 1500
 1453 1454
 1454 1455
 1454 1501
 1454 1548
 1455 1502
 1455 1503
 1456 1504
 1456 1503
 1457 1458
 1457 1505
 1457 1504
 1458 1505
 1459 1506
 1460 1507
 1460 1506
 1461 1508
 1461 1462
 1462 1510
 1462 1463
 1462 1508
 1463 1510
 1464 1510
 1464 1511
 1465 1466
 1466 1511
 1466 1467
 1467 1560
 1467 1513
 1467 1512
 1467 1468
 1468 1469
 1468 1515
 1468 1513
 1469 1515
 1470 1471
 1470 1516
 1470 1515
 1471 1518
 1471 1517
 1471 1472
 1471 1516
 1472 1518
 1472 1473
 1473 1519
 1473 1474
 1473 1520
 1473 1518
 1474 1520
 1474 1475
 1475 1522
 1475 1521
 1477 1524
 1477 1523
 1477 1478
 1478 1525
 1478 1524
 1479 1526
 1479 1480
 1480 1481
 1480 1527
 1481 1528
 1481 1482
 1481 1527
 1482 1529
 1482 1528
 1482 1483
 1483 1530
 1483 1529
 1484 1531
 1484 1530
 1485 1486
 1485 1531
 1486 1532
 1486 1487
 1487 1534
 1487 1533
 1488 1534
 1490 1583
 1490 1536
 1491 1537
 1492 1539
 1492 1538
 1493 1540
 1493 1539
 1494 1495
 1494 1541
 1495 1542
 1495 1496
 1495 1541
 1496 1589
 1496 1543
 1496 1542
 1497 1544
 1497 1543
 1498 1545
 1499 1546
 1499 1545
 1500 1501
 1500 1546
 1501 1548
 1501 1547
 1502 1503
 1502 1548
 1503 1504
 1503 1549
 1503 1550
 1504 1598
 1504 1505
 1504 1550
 1505 1553
 1505 1598
 1505 1506
 1506 1553
 1507 1554
 1507 1508
 1507 1553
 1508 1555
 1509 1556
 1509 1510
 1510 1511
 1510 1558
 1510 1556
 1511 1558
 1511 1559
 1511 1512
 1512 1560
 1512 1559
 1513 1514
 1513 1560
 1514 1561
 1514 1562
 1514 1515
 1515 1516
 1515 1563
 1515 1610
 1516 1564
 1516 1563
 1517 1518
 1518 1565
 1518 1519
 1518 1564
 1519 1567
 1519 1520
 1520 1567
 1520 1521
 1521 1569
 1521 1568
 1522 1523
 1522 1569
 1523 1569
 1524 1571
 1524 1525
 1524 1570
 1525 1572
 1525 1571
 1525 1526
 1526 1620
 1526 1573
 1526 1527
 1526 1572
 1527 1574
 1527 1573
 1528 1575
 1528 1529
 1529 1530
 1529 1576
 1530 1576
 1531 1578
 1531 1577
 1532 1578
 1533 1580
 1534 1581
 1536 1583
 1537 1585
 1537 1538
 1537 1584
 1537 1583
 1538 1585
 1539 1586
 1539 1585
 1540 1587
 1540 1541
 1540 1586
 1541 1588
 1541 1587
 1541 1542
 1542 1589
 1542 1588
 1543 1635
 1543 1544
 1544 1590
 1544 1591
 1544 1545
 1545 1592
 1545 1591
 1546 1593
 1546 1547
 1547 1594
 1547 1548
 1548 1594
 1548 1549
 1549 1596
 1549 1550
 1549 1595
 1550 1597
 1550 1596
 1551 1597
 1551 1598
 1552 1553
 1552 1599
 1552 1598
 1553 1599
 1553 1554
 1554 1646
 1554 1601
 1554 1555
 1554 1600
 1555 1602
 1555 1601
 1555 1556
 1556 1557
 1556 1602
 1557 1604
 1557 1603
 1557 1558
 1558 1559
 1558 1604
 1559 1560
 1559 1605
 1560 1607
 1560 1606
 1560 1608
 1561 1609
 1561 1562
 1562 1610
 1563 1654
 1563 1564
 1563 1611
 1563 1610
 1564 1565
 1564 1611
 1564 1612
 1565 1613
 1565 1612
 1566 1614
 1566 1613
 1567 1568
 1568 1659
 1568 1616
 1568 1569
 1568 1614
 1569 1616
 1569 1570
 1570 1660
 1570 1617
 1570 1571
 1570 1616
 1571 1572
 1571 1617
 1572 1618
 1572 1620
 1573 1665
 1573 1621
 1573 1574
 1574 1575
 1574 1621
 1575 1622
 1575 1623
 1575 1576
 1576 1669
 1576 1668
 1576 1623
 1576 1577
 1577 1624
 1577 1669
 1578 1625
 1578 1624
 1578 1579
 1579 1626
 1579 1580
 1579 1625
 1580 1627
 1580 1581
 1580 1626
 1582 1629
 1583 1629
 1584 1630
 1584 1629
 1585 1630
 1585 1631
 1586 1632
 1586 1587
 1586 1631
 1587 1588
 1588 1589
 1588 1632
 1589 1635
 1589 1634
 1589 1633
 1590 1635
 1590 1591
 1591 1592
 1591 1637
 1591 1636
 1592 1638
 1592 1593
 1592 1637
 1593 1594
 1593 1639
 1593 1638
 1594 1640
 1594 1595
 1595 1641
 1595 1596
 1595 1640
 1596 1641
 1596 1642
 1597 1598
 1598 1642
 1598 1599
 1599 1600
 1599 1644
 1599 1643
 1600 1646
 1600 1693
 1601 1647
 1601 1646
 1603 1648
 1603 1604
 1603 1647
 1604 1696
 1604 1649
 1604 1648
 1605 1650
 1605 1649
 1606 1607
 1607 1651
 1607 1650
 1608 1651
 1608 1609
 1609 1652
 1609 1610
 1610 1701
 1610 1654
 1610 1653
 1611 1612
 1611 1654
 1612 1655
 1612 1613
 1613 1704
 1613 1614
 1613 1656
 1614 1658
 1614 1657
 1614 1615
 1615 1707
 1615 1658
 1616 1709
 1616 1659
 1617 1618
 1617 1662
 1617 1660
 1618 1663
 1618 1619
 1618 1662
 1619 1663
 1619 1620
 1619 1664
 1620 1665
 1621 1713
 1621 1666
 1621 1665
 1622 1715
 1622 1667
 1622 1623
 1623 1667
 1624 1719
 1624 1718
 1624 1670
 1625 1670
 1625 1626
 1626 1672
 1626 1671
 1627 1672
 1628 1675
 1629 1675
 1629 1676
 1630 1677
 1630 1676
 1631 1678
 1631 1677
 1632 1727
 1632 1728
 1632 1633
 1632 1680
 1632 1679
 1633 1634
 1633 1680
 1634 1681
 1634 1682
 1635 1636
 1636 1637
 1636 1682
 1637 1683
 1637 1638
 1638 1639
 1638 1686
 1638 1684
 1639 1686
 1640 1736
 1640 1687
 1640 1641
 1640 1686
 1641 1737
 1641 1642
 1641 1687
 1641 1688
 1642 1690
 1642 1689
 1642 1688
 1642 1643
 1643 1644
 1643 1691
 1643 1690
 1644 1691
 1645 1693
 1645 1691
 1646 1647
 1647 1694
 1647 1695
 1648 1696
 1649 1698
 1649 1650
 1649 1697
 1650 1699
 1650 1651
 1651 1652
 1652 1748
 1652 1699
 1652 1653
 1653 1749
 1653 1701
 1653 1700
 1654 1750
 1654 1702
 1654 1701
 1655 1703
 1655 1656
 1656 1703
 1657 1753
 1657 1658
 1657 1705
 1657 1704
 1658 1705
 1658 1707
 1659 1709
 1659 1708
 1659 1707
 1660 1709
 1661 1710
 1661 1662
 1661 1757
 1662 1663
 1662 1710
 1663 1712
 1663 1711
 1664 1713
 1666 1714
 1666 1715
 1666 1713
 1667 1717
 1667 1668
 1667 1715
 1668 1717
 1668 1669
 1669 1718
 1669 1717
 1670 1720
 1670 1719
 1671 1721
 1671 1720
 1673 1721
 1674 1675
 1675 1723
 1675 1676
 1676 1725
 1677 1726
 1678 1679
 1678 1773
 1678 1727
 1678 1726
 1679 1727
 1680 1775
 1680 1681
 1680 1730
 1680 1728
 1681 1730
 1681 1731
 1681 1682
 1682 1683
 1683 1731
 1683 1684
 1684 1734
 1684 1685
 1684 1732
 1685 1735
 1685 1686
 1686 1736
 1687 1782
 1687 1736
 1688 1783
 1688 1738
 1688 1737
 1689 1690
 1690 1691
 1690 1739
 1690 1740
 1691 1742
 1691 1741
 1693 1743
 1693 1742
 1693 1694
 1694 1788
 1694 1744
 1694 1695
 1694 1743
 1695 1789
 1695 1744
 1695 1696
 1695 1745
 1697 1746
 1697 1698
 1697 1745
 1698 1747
 1698 1699
 1698 1746
 1700 1794
 1700 1793
 1700 1749
 1700 1748
 1701 1750
 1701 1749
 1702 1751
 1702 1750
 1703 1752
 1703 1704
 1704 1753
 1704 1752
 1705 1754
 1705 1753
 1707 1801
 1707 1755
 1707 1754
 1708 1709
 1709 1755
 1709 1756
 1709 1757
 1710 1804
 1710 1758
 1710 1757
 1711 1712
 1712 1713
 1712 1760
 1712 1759
 1712 1758
 1713 1762
 1713 1714
 1713 1760
 1714 1762
 1714 1763
 1715 1763
 1716 1764
 1716 1717
 1717 1765
 1717 1764
 1718 1765
 1718 1719
 1719 1720
 1720 1721
 1720 1766
 1721 1768
 1721 1767
 1721 1722
 1722 1768
 1723 1771
 1725 1772
 1725 1726
 1725 1773
 1726 1773
 1727 1774
 1727 1728
 1728 1774
 1729 1775
 1729 1774
 1730 1731
 1731 1732
 1731 1777
 1731 1776
 1732 1778
 1732 1777
 1732 1733
 1733 1734
 1733 1779
 1733 1778
 1734 1780
 1734 1779
 1734 1735
 1735 1781
 1735 1780
 1737 1831
 1737 1783
 1737 1782
 1738 1832
 1738 1784
 1738 1739
 1738 1783
 1739 1740
 1740 1784
 1740 1785
 1741 1742
 1742 1786
 1742 1743
 1742 1785
 1743 1788
 1743 1786
 1744 1837
 1744 1789
 1745 1838
 1745 1790
 1745 1746
 1745 1789
 1746 1792
 1746 1747
 1746 1790
 1747 1748
 1748 1792
 1748 1793
 1749 1750
 1749 1794
 1750 1845
 1750 1797
 1750 1751
 1750 1795
 1751 1752
 1752 1798
 1752 1797
 1752 1753
 1753 1754
 1753 1800
 1754 1800
 1754 1801
 1755 1802
 1755 1756
 1755 1801
 1756 1802
 1756 1757
 1757 1804
 1758 1806
 1758 1759
 1758 1805
 1758 1804
 1759 1806
 1760 1854
 1760 1761
 1761 1808
 1761 1807
 1761 1762
 1762 1808
 1763 1764
 1763 1808
 1764 1811
 1764 1810
 1764 1809
 1765 1812
 1765 1811
 1766 1814
 1767 1862
 1767 1815
 1768 1863
 1768 1816
 1770 1771
 1770 1818
 1771 1818
 1771 1819
 1771 1772
 1772 1820
 1772 1819
 1773 1821
 1773 1868
 1773 1820
 1774 1822
 1774 1821
 1774 1775
 1775 1824
 1775 1776
 1775 1823
 1775 1822
 1776 1777
 1777 1826
 1777 1778
 1777 1824
 1778 1779
 1779 1828
 1779 1826
 1779 1780
 1780 1829
 1780 1828
 1781 1782
 1782 1830
 1782 1829
 1782 1831
 1783 1832
 1783 1882
 1784 1785
 1784 1833
 1784 1832
 1785 1833
 1785 1834
 1785 1786
 1786 1836
 1786 1787
 1786 1834
 1787 1836
 1788 1887
 1789 1837
 1790 1839
 1790 1890
 1790 1838
 1791 1840
 1791 1792
 1792 1793
 1792 1841
 1792 1840
 1793 1841
 1793 1794
 1794 1843
 1794 1842
 1795 1796
 1796 1845
 1797 1798
 1797 1846
 1797 1845
 1798 1846
 1798 1847
 1799 1848
 1799 1800
 1800 1898
 1800 1801
 1800 1848
 1801 1849
 1801 1850
 1802 1850
 1803 1851
 1803 1804
 1804 1852
 1804 1851
 1805 1902
 1805 1853
 1805 1806
 1806 1854
 1806 1853
 1807 1808
 1807 1855
 1808 1855
 1808 1809
 1809 1810
 1809 1857
 1809 1858
 1809 1856
 1810 1907
 1810 1811
 1810 1858
 1810 1859
 1811 1812
 1811 1859
 1812 1861
 1812 1860
 1812 1813
 1813 1814
 1813 1861
 1814 1910
 1814 1862
 1814 1861
 1815 1911
 1815 1863
 1815 1862
 1816 1863
 1817 1866
 1818 1866
 1818 1819
 1819 1820
 1819 1867
 1820 1868
 1821 1869
 1821 1870
 1822 1823
 1822 1870
 1822 1871
 1823 1918
 1823 1872
 1823 1824
 1824 1873
 1824 1825
 1824 1872
 1825 1875
 1825 1873
 1825 1826
 1826 1827
 1826 1876
 1826 1875
 1827 1876
 1827 1877
 1828 1877
 1828 1829
 1828 1878
 1829 1879
 1829 1878
 1829 1830
 1830 1881
 1830 1880
 1830 1879
 1831 1882
 1832 1883
 1832 1882
 1833 1834
 1833 1883
 1834 1884
 1834 1835
 1835 1886
 1835 1836
 1835 1885
 1836 1887
 1836 1886
 1837 1889
 1837 1838
 1837 1887
 1838 1890
 1838 1889
 1839 1936
 1839 1891
 1839 1890
 1840 1841
 1841 1891
 1841 1842
 1842 1843
 1843 1894
 1843 1893
 1843 1844
 1844 1940
 1844 1894
 1845 1895
 1845 1846
 1846 1847
 1846 1897
 1846 1895
 1847 1897
 1847 1848
 1848 1944
 1849 1850
 1850 1851
 1850 1900
 1850 1899
 1851 1901
 1851 1900
 1852 1948
 1852 1902
 1852 1901
 1853 1950
 1853 1904
 1853 1854
 1853 1902
 1854 1904
 1854 1855
 1855 1904
 1856 1906
 1856 1905
 1857 1906
 1858 1907
 1858 1906
 1859 1908
 1859 1907
 1860 1909
 1860 1908
 1861 1957
 1861 1909
 1862 1910
 1863 1912
 1863 1911
 1866 1914
 1866 1913
 1867 1915
 1867 1914
 1868 1916
 1868 1869
 1869 1917
 1870 1917
 1870 1918
 1870 1871
 1871 1918
 1872 1920
 1872 1918
 1872 1873
 1873 1967
 1873 1921
 1873 1920
 1875 1921
 1875 1922
 1875 1876
 1876 1924
 1876 1877
 1876 1922
 1878 1879
 1878 1925
 1878 1924
 1879 1926
 1879 1925
 1880 1926
 1881 1927
 1881 1926
 1882 1974
 1882 1928
 1882 1927
 1882 1883
 1883 1929
 1883 1928
 1884 1885
 1884 1929
 1885 1930
 1885 1929
 1885 1886
 1886 1887
 1886 1932
 1886 1930
 1887 1933
 1887 1932
 1888 1934
 1888 1933
 1888 1889
 1889 1890
 1889 1934
 1890 1936
 1891 1937
 1891 1892
 1891 1936
 1892 1938
 1892 1893
 1893 1894
 1893 1938
 1893 1939
 1894 1939
 1895 1896
 1895 1941
 1895 1940
 1896 1897
 1896 1941
 1896 1942
 1897 1943
 1897 1944
 1898 1899
 1898 1945
 1898 1944
 1899 1945
 1900 1947
 1900 1992
 1900 1946
 1900 1901
 1901 1947
 1902 1903
 1902 1948
 1903 1995
 1903 1950
 1904 1905
 1904 1950
 1905 1952
 1905 1951
 1905 1906
 1906 1953
 1906 1907
 1906 1952
 1907 1955
 1907 1908
 1908 2000
 1908 1956
 1908 1955
 1909 2001
 1909 1956
 1910 1958
 1910 1957
 1911 2004
 1911 1959
 1911 1958
 1913 1914
 1913 1961
 1914 1915
 1915 1962
 1915 1916
 1916 1963
 1916 1962
 1917 1964
 1917 1963
 1917 1918
 1918 1919
 1918 1966
 1918 1964
 1919 1920
 1920 1967
 1921 1968
 1921 1922
 1921 1967
 1922 1923
 1922 1968
 1923 1970
 1923 1924
 1924 1971
 1924 1925
 1924 1970
 1925 1926
 1925 1971
 1926 1972
 1926 1973
 1927 1973
 1927 1974
 1928 1929
 1928 1975
 1929 1977
 1929 1930
 1929 1975
 1930 1931
 1930 1978
 1931 1978
 1932 1979
 1932 1933
 1932 1978
 1933 1934
 1933 1979
 1934 1935
 1934 1980
 1935 1936
 1936 1983
 1936 1982
 1936 1937
 1937 2027
 1937 1938
 1937 1983
 1938 1984
 1938 1939
 1939 1986
 1939 1940
 1940 1987
 1940 1941
 1941 1988
 1941 1942
 1941 1987
 1942 1989
 1942 1988
 1943 1989
 1943 1990
 1943 1944
 1944 1991
 1944 1945
 1945 1991
 1946 1992
 1946 1991
 1947 1993
 1947 1948
 1947 1992
 1948 1949
 1949 1995
 1950 1996
 1950 1951
 1950 1995
 1951 1997
 1951 1996
 1951 1952
 1952 1953
 1952 1998
 1952 1997
 1953 1954
 1954 1999
 1954 1998
 1954 1955
 1955 2000
 1956 2000
 1957 2002
 1957 2001
 1957 1958
 1958 2003
 1959 2004
 1961 2051
 1961 2006
 1962 2008
 1962 2007
 1963 2054
 1963 1964
 1963 2008
 1964 2009
 1964 1965
 1965 2010
 1965 1966
 1965 2009
 1966 2056
 1966 2011
 1966 1967
 1967 1968
 1967 2011
 1968 1969
 1968 2012
 1969 1970
 1969 2013
 1970 2014
 1970 1971
 1971 2014
 1971 1972
 1972 2016
 1972 1973
 1973 2016
 1974 1975
 1974 2018
 1975 2019
 1975 1976
 1976 2019
 1976 1977
 1976 2020
 1977 2021
 1977 1978
 1978 2022
 1978 2021
 1978 1979
 1979 1980
 1979 2023
 1980 1981
 1980 2024
 1981 2413
 1981 2025
 1982 2026
 1982 2025
 1982 1983
 1983 2027
 1984 1985
 1984 2027
 1985 2028
 1985 1986
 1986 1987
 1986 2030
 1987 1988
 1987 2031
 1988 1989
 1988 2032
 1989 2032
 1989 1990
 1990 2034
 1990 1991
 1991 1992
 1991 2036
 1991 2034
 1992 2036
 1992 1993
 1993 1994
 1994 2039
 1994 2037
 1995 2040
 1995 2039
 1996 2041
 1996 1997
 1997 2041
 1998 2043
 1998 2042
 1999 2000
 1999 2043
 2000 2001
 2000 2045
 2001 2091
 2001 2046
 2001 2045
 2002 2046
 2003 2047
 2004 2048
 2004 2047
 2005 2048
 2006 2051
 2007 2051
 2008 2054
 2008 2053
 2009 2054
 2010 2056
 2010 2055
 2011 2058
 2011 2012
 2011 2056
 2012 2058
 2013 2060
 2013 2014
 2013 2415
 2014 2061
 2014 2015
 2015 2016
 2015 2062
 2015 2061
 2016 2062
 2017 2018
 2017 2062
 2018 2064
 2018 2019
 2019 2065
 2019 2064
 2020 2114
 2020 2021
 2020 2066
 2020 2065
 2021 2066
 2021 2022
 2022 2023
 2023 2024
 2023 2067
 2024 2069
 2024 2413
 2025 2026
 2025 2071
 2026 2072
 2026 2027
 2027 2028
 2028 2073
 2028 2072
 2029 2073
 2029 2030
 2030 2075
 2030 2031
 2031 2076
 2031 2077
 2031 2032
 2032 2033
 2033 2034
 2033 2078
 2033 2077
 2034 2080
 2034 2035
 2035 2036
 2036 2080
 2036 2081
 2037 2081
 2037 2038
 2038 2084
 2038 2082
 2039 2085
 2039 2084
 2039 2040
 2040 2086
 2040 2041
 2041 2042
 2041 2087
 2042 2088
 2042 2087
 2043 2044
 2043 2414
 2044 2090
 2045 2091
 2045 2090
 2046 2092
 2046 2047
 2047 2094
 2047 2093
 2048 2095
 2048 2094
 2050 2097
 2051 2097
 2051 2098
 2051 2052
 2052 2053
 2052 2099
 2052 2098
 2053 2099
 2053 2100
 2053 2054
 2054 2100
 2054 2055
 2055 2102
 2056 2103
 2056 2057
 2057 2058
 2057 2103
 2058 2105
 2058 2104
 2058 2415
 2059 2105
 2059 2106
 2060 2107
 2060 2061
 2060 2153
 2060 2106
 2061 2107
 2062 2109
 2062 2108
 2063 2111
 2063 2109
 2064 2112
 2064 2111
 2065 2112
 2066 2067
 2066 2115
 2067 2068
 2067 2115
 2067 2161
 2068 2069
 2068 2116
 2068 2117
 2069 2118
 2069 2413
 2070 2118
 2070 2120
 2070 2071
 2071 2121
 2071 2072
 2072 2122
 2072 2073
 2073 2168
 2073 2123
 2073 2122
 2074 2124
 2074 2123
 2075 2125
 2075 2124
 2075 2076
 2076 2077
 2077 2126
 2077 2125
 2077 2078
 2078 2079
 2078 2126
 2079 2128
 2080 2129
 2080 2081
 2080 2128
 2081 2130
 2081 2129
 2082 2131
 2082 2083
 2083 2133
 2084 2133
 2084 2085
 2085 2086
 2085 2134
 2085 2179
 2085 2133
 2086 2134
 2086 2087
 2087 2088
 2087 2136
 2088 2181
 2088 2414
 2088 2136
 2089 2414
 2089 2138
 2090 2139
 2090 2138
 2090 2091
 2091 2092
 2091 2140
 2091 2139
 2092 2141
 2092 2140
 2092 2093
 2093 2094
 2093 2141
 2094 2143
 2094 2142
 2097 2190
 2097 2145
 2097 2144
 2098 2191
 2098 2145
 2098 2146
 2099 2100
 2099 2146
 2100 2192
 2100 2147
 2100 2146
 2101 2102
 2101 2147
 2102 2149
 2103 2150
 2103 2149
 2103 2104
 2104 2151
 2104 2105
 2105 2151
 2106 2153
 2107 2108
 2107 2153
 2108 2154
 2108 2109
 2109 2156
 2109 2110
 2110 2156
 2110 2111
 2111 2158
 2111 2112
 2112 2113
 2112 2158
 2113 2114
 2114 2160
 2115 2161
 2115 2160
 2116 2209
 2116 2161
 2117 2163
 2117 2118
 2117 2164
 2118 2413
 2118 2164
 2119 2120
 2119 2164
 2120 2166
 2120 2121
 2121 2166
 2121 2122
 2122 2168
 2123 2168
 2124 2171
 2124 2125
 2124 2170
 2125 2171
 2125 2172
 2126 2127
 2126 2173
 2126 2172
 2127 2175
 2128 2175
 2128 2129
 2129 2176
 2129 2130
 2130 2176
 2130 2131
 2131 2177
 2131 2176
 2132 2178
 2132 2177
 2133 2408
 2133 2178
 2134 2135
 2134 2179
 2135 2136
 2136 2181
 2136 2180
 2137 2138
 2137 2181
 2138 2183
 2138 2139
 2139 2231
 2139 2183
 2139 2140
 2140 2185
 2140 2184
 2141 2186
 2141 2185
 2142 2187
 2143 2187
 2144 2190
 2145 2191
 2146 2192
 2146 2191
 2147 2193
 2147 2192
 2148 2149
 2148 2193
 2149 2150
 2149 2195
 2150 2151
 2150 2195
 2151 2152
 2151 2198
 2151 2197
 2152 2153
 2153 2154
 2153 2199
 2154 2201
 2154 2199
 2154 2155
 2155 2202
 2155 2156
 2156 2246
 2156 2203
 2156 2202
 2157 2204
 2158 2159
 2158 2204
 2158 2205
 2159 2205
 2159 2207
 2160 2208
 2160 2161
 2160 2207
 2161 2208
 2162 2210
 2162 2209
 2163 2164
 2163 2211
 2163 2210
 2164 2211
 2165 2166
 2165 2211
 2166 2213
 2166 2167
 2167 2214
 2167 2168
 2167 2213
 2168 2214
 2168 2169
 2168 2215
 2169 2170
 2170 2217
 2171 2416
 2171 2217
 2172 2173
 2172 2416
 2173 2261
 2173 2174
 2173 2218
 2174 2220
 2174 2175
 2175 2221
 2175 2176
 2176 2223
 2176 2177
 2176 2221
 2177 2223
 2178 2267
 2178 2224
 2179 2226
 2179 2225
 2179 2408
 2180 2227
 2180 2269
 2180 2226
 2181 2182
 2181 2228
 2181 2227
 2182 2230
 2183 2231
 2183 2230
 2184 2232
 2184 2231
 2184 2185
 2185 2186
 2186 2187
 2186 2234
 2186 2233
 2187 2235
 2187 2234
 2190 2237
 2190 2236
 2191 2280
 2191 2238
 2191 2237
 2192 2239
 2192 2193
 2193 2283
 2193 2240
 2193 2194
 2193 2239
 2194 2241
 2194 2195
 2195 2285
 2195 2196
 2195 2241
 2196 2197
 2197 2287
 2197 2198
 2198 2287
 2198 2199
 2199 2244
 2199 2200
 2200 2291
 2200 2201
 2200 2245
 2200 2244
 2202 2292
 2202 2246
 2202 2245
 2203 2247
 2203 2246
 2204 2247
 2204 2205
 2205 2248
 2205 2249
 2205 2247
 2207 2250
 2207 2208
 2207 2249
 2208 2251
 2208 2209
 2209 2251
 2210 2299
 2210 2253
 2210 2211
 2211 2253
 2211 2212
 2212 2301
 2212 2213
 2212 2254
 2213 2256
 2213 2255
 2214 2215
 2214 2257
 2215 2257
 2216 2217
 2216 2257
 2217 2416
 2217 2259
 2218 2261
 2219 2220
 2219 2261
 2220 2263
 2220 2221
 2221 2263
 2221 2222
 2222 2265
 2222 2223
 2223 2265
 2224 2265
 2225 2226
 2225 2268
 2225 2267
 2225 2408
 2226 2268
 2228 2271
 2228 2270
 2228 2229
 2229 2230
 2229 2271
 2230 2273
 2230 2231
 2231 2275
 2231 2274
 2231 2232
 2232 2233
 2232 2275
 2233 2234
 2234 2277
 2234 2276
 2235 2277
 2237 2324
 2237 2280
 2237 2279
 2238 2239
 2238 2280
 2239 2328
 2239 2282
 2240 2241
 2240 2284
 2240 2332
 2241 2285
 2241 2284
 2242 2287
 2242 2285
 2243 2288
 2243 2244
 2243 2287
 2244 2288
 2244 2289
 2245 2291
 2246 2292
 2247 2248
 2247 2293
 2248 2294
 2248 2249
 2249 2296
 2249 2250
 2250 2297
 2250 2251
 2251 2298
 2251 2252
 2252 2299
 2253 2300
 2253 2299
 2253 2254
 2254 2301
 2255 2363
 2255 2301
 2256 2257
 2256 2302
 2257 2305
 2257 2258
 2257 2303
 2258 2259
 2259 2260
 2259 2307
 2259 2305
 2259 2416
 2260 2261
 2260 2416
 2261 2307
 2261 2262
 2262 2263
 2262 2309
 2263 2310
 2263 2264
 2264 2265
 2265 2312
 2265 2311
 2265 2266
 2265 2310
 2266 2313
 2267 2313
 2267 2268
 2268 2269
 2268 2314
 2268 2313
 2269 2315
 2269 2270
 2270 2271
 2271 2316
 2271 2315
 2272 2318
 2272 2316
 2272 2273
 2273 2274
 2274 2319
 2274 2318
 2274 2275
 2275 2319
 2275 2276
 2276 2321
 2276 2277
 2277 2322
 2277 2321
 2280 2326
 2280 2281
 2280 2324
 2281 2328
 2281 2326
 2282 2330
 2282 2283
 2282 2328
 2283 2332
 2283 2330
 2284 2334
 2284 2332
 2285 2286
 2285 2334
 2286 2337
 2286 2335
 2286 2287
 2287 2339
 2287 2337
 2288 2289
 2288 2339
 2289 2290
 2289 2340
 2290 2343
 2290 2341
 2290 2291
 2291 2345
 2291 2292
 2291 2343
 2292 2346
 2292 2293
 2293 2348
 2293 2294
 2293 2346
 2294 2350
 2294 2348
 2294 2295
 2295 2352
 2295 2296
 2295 2350
 2296 2354
 2296 2297
 2296 2352
 2297 2356
 2297 2354
 2297 2298
 2298 2358
 2298 2299
 2298 2356
 2299 2359
 2300 2361
 2300 2301
 2300 2359
 2301 2363
 2301 2361
 2302 2365
 2302 2303
 2302 2363
 2303 2366
 2303 2304
 2304 2368
 2304 2305
 2304 2366
 2305 2370
 2305 2368
 2305 2306
 2306 2372
 2306 2307
 2306 2370
 2307 2374
 2307 2372
 2307 2308
 2308 2376
 2308 2309
 2308 2374
 2309 2378
 2309 2310
 2309 2376
 2310 2380
 2310 2311
 2310 2378
 2311 2382
 2311 2380
 2312 2384
 2312 2313
 2312 2382
 2313 2386
 2313 2384
 2314 2388
 2314 2315
 2314 2386
 2315 2390
 2315 2388
 2315 2316
 2316 2391
 2316 2390
 2317 2393
 2317 2318
 2317 2391
 2318 2395
 2318 2393
 2319 2397
 2319 2320
 2319 2395
 2320 2399
 2320 2321
 2320 2397
 2321 2401
 2321 2399
 2321 2322
 2409 2410
 2417 2418
 2419 2420
