    2  126
    2   82
    3   82
    4   83
    4   82
    6   84
    6   83
    8   84
    9   86
    9   85
   11  130
   11   87
   11   86
   13   87
   14   88
   14   89
   16  132
   16   90
   16   89
   18   91
   18   90
   19   92
   21   93
   21   92
   22   93
   23   94
   23   93
   25   94
   25   95
   27   96
   27   95
   28   96
   29   97
   29   96
   31   98
   31   97
   33  140
   33   99
   33   98
   34  100
   34   99
   36  101
   36  100
   38  102
   38  101
   39  102
   40  102
   40  103
   42  146
   42  104
   42  103
   44  105
   44  104
   46  106
   46  105
   48  106
   48  107
   50  150
   50  108
   50  107
   52  108
   53  110
   53  109
   55  111
   55  110
   57  153
   57  111
   57  112
   59  112
   59  113
   61  113
   61  114
   62  114
   62  115
   64  115
   64  116
   66  117
   66  116
   67  117
   68  118
   68  117
   70  119
   70  118
   71  120
   71  119
   73  121
   73  120
   75  122
   75  121
   77  123
   77  122
   79  165
   79  123
   81  126
   82  127
   82  126
   83  128
   83   84
   84 2387
   84   85
   85 2387
   85  129
   85   86
   87   88
   87  130
   88  174
   88   89
   88  131
   90   91
   90  132
   91  134
   91   92
   91  133
   93  136
   93   94
   93  135
   94  137
   94   95
   96  182
   96  181
   96   97
   96  138
   97   98
   98  140
   98  139
   99  141
   99  140
  100  101
  101  102
  101  142
  102  144
  102  143
  103  146
  103  144
  104  147
  104  105
  105  106
  106  147
  106  107
  107  150
  107  148
  108  195
  108  109
  108  150
  109  110
  109  195
  110  197
  110  196
  110  151
  110  152
  110  111
  111  153
  112  113
  112  153
  113  155
  113  154
  114  115
  115  116
  115  155
  115  157
  117  159
  117  158
  117  118
  118  119
  119  161
  119  160
  120 2386
  120  121
  121 2386
  121  122
  122  162
  122  123
  123  165
  123  164
  123  163
  124  165
  125  168
  126  169
  126  168
  126  127
  127  128
  127  169
  129  130
  129 2387
  130  131
  130  172
  131  173
  131  172
  132  133
  132 2395
  132  174
  133 2395
  133  134
  133  175
  134  135
  135  178
  135  177
  135  136
  136 2390
  136  137
  137  138
  137 2390
  137  179
  138  179
  139  140
  139  182
  140  141
  140  183
  140  184
  141  186
  141  142
  142  143
  142  187
  143  189
  143  144
  143  188
  144  189
  145  191
  145  146
  146  147
  146  191
  147  236
  147  237
  147  148
  147  192
  148  149
  149  193
  150  239
  150  195
  150  194
  152  197
  153  199
  153  154
  153  198
  154  244
  154  155
  154  199
  154  200
  155  156
  156  201
  156  293
  156  157
  156  246
  157  158
  157  201
  158  204
  158  159
  158  203
  159  205
  159  160
  160  161
  160  205
  162  207
  162  208
  162  163
  162 2386
  164  209
  164  165
  164  208
  165  211
  165  210
  168  212
  168  214
  168  213
  168  169
  169  215
  169  258
  169  214
  169  170
  170 2387
  171 2387
  171  172
  171  216
  172  217
  172  173
  173  218
  173  174
  173  217
  175  221
  175  220
  175 2395
  176  177
  176  221
  177  223
  177  178
  178 2390
  178  224
  178  223
  179  225
  179 2390
  180  181
  181  273
  181  227
  181  226
  181  182
  182  183
  183  228
  183  184
  183  227
  184  229
  184  228
  186  187
  186  229
  187  230
  187  188
  188  231
  188  230
  188  189
  189  190
  189  232
  189  231
  191  234
  191  233
  191  192
  192  236
  192  234
  193  194
  193  238
  193  237
  194  285
  194  238
  194  239
  195  241
  196  197
  196  241
  197  242
  197  198
  199  243
  199  244
  200  245
  200  246
  200  244
  201  294
  201  247
  201  293
  202  203
  203  248
  203  204
  203  247
  204  248
  204  205
  205  298
  205  250
  205  206
  205  249
  206  300
  206 2386
  207  252
  207  208
  207  251
  208  253
  208  209
  208  252
  209  254
  209  253
  209  210
  210  303
  210  255
  210  254
  212  257
  213  257
  214  258
  214  257
  215  260
  215  258
  216  261
  216  260
  216 2387
  217  262
  217  218
  217  261
  218  263
  218  219
  219 2395
  220  265
  220  266
  220 2395
  220  264
  221  222
  222  267
  222  223
  223  224
  223  267
  224  269
  224  268
  225  226
  226  271
  227  228
  227  273
  228  276
  228  275
  228  274
  229  277
  230  278
  230  231
  230  277
  231  279
  231  278
  232  279
  232  233
  234  281
  234  235
  234  280
  235  282
  235  281
  235  236
  236  283
  236  282
  238  285
  238  284
  239  286
  239  240
  239  285
  240  287
  240  241
  241  242
  242  333
  242  289
  242  243
  242  288
  243  291
  243  244
  244  291
  245  292
  248  249
  248  297
  248  296
  249  298
  250  344
  250  299
  251  301
  251  252
  251  300
  251 2386
  252  253
  252  301
  253  254
  254  302
  255  303
  257  305
  257  306
  258  307
  258  259
  259  308
  259  307
  259  260
  260  261
  261  311
  261  262
  261  310
  262  312
  263  313
  263  312
  263  264
  264 2395
  265  315
  265  266
  265  314
  266  316
  267  317
  267  268
  267  316
  268  318
  268  317
  268  269
  269 2390
  269  318
  270  271
  270  319
  270 2390
  271  272
  272  273
  272  320
  273  321
  273  274
  274  322
  274  275
  274  321
  275  323
  275  322
  276  277
  277  324
  278  325
  278  279
  279  326
  279  280
  279  325
  281  329
  281  328
  281  282
  282  329
  283  330
  283  284
  285  376
  285  286
  286  377
  286  331
  286  376
  287  332
  287  288
  287  331
  289  380
  289  290
  289  333
  290  334
  290  335
  290  291
  291  336
  291  292
  292  293
  293  294
  293  337
  294  339
  294  338
  294  295
  295  296
  295  340
  296  297
  297  342
  297  341
  298  343
  298  344
  298  342
  300  346
  300  345
  301  347
  301  346
  302  348
  302  347
  303  349
  303  348
  306  351
  306  350
  306  307
  307  352
  307  351
  307  308
  308  353
  308  352
  308  309
  309  354
  309  310
  309  353
  310  355
  310  354
  310  311
  311  356
  311  312
  311  355
  312  358
  312  313
  313  314
  314  359
  314  315
  315  361
  315  316
  315  360
  317  363
  317  318
  317  362
  318  406
  318  364
  319  320
  319  365
  319  364
  320  365
  320  321
  321 2400
  321  366
  321  322
  322  368
  322  367
  323  369
  324  325
  324  369
  325 2412
  325  326
  325  370
  325  413
  326  372
  326  327
  327  328
  328  373
  328  329
  329  330
  329  375
  329  374
  330  376
  331  378
  331  332
  332  333
  333  379
  334  424
  334  335
  334  381
  334  380
  335  381
  335  336
  336  382
  336  337
  337  383
  338  384
  338  339
  338  383
  339  429
  339  385
  339  384
  340  341
  340  385
  341  387
  341  342
  341  386
  342  387
  342  343
  343  388
  344  345
  345  346
  345  389
  346  435
  346  390
  346  389
  346  347
  347  391
  347  390
  348  437
  348  392
  348  391
  349  392
  351  440
  351  395
  351  394
  351  352
  352  395
  352  353
  353  442
  354  397
  354  398
  355  399
  355  356
  355  398
  356  400
  356  399
  356  357
  357  401
  357  358
  358  359
  359  402
  359  360
  360  361
  360  404
  360  403
  361  362
  362  363
  362  404
  363  450
  363  405
  363  406
  365  366
  365  407
  365  408
  367  409
  367  410
  367 2400
  368  456
  368  411
  368  410
  369  412
  369  411
  370  459
  370  414
  370  413
  370  371
  371  372
  371  415
  372  373
  373  374
  373  415
  374  417
  374  416
  374  375
  375  376
  375  419
  376  377
  377  420
  377  419
  378  379
  378  421
  379  422
  379  380
  380  422
  381  426
  381  382
  381  424
  382  427
  382  383
  384  429
  384  428
  385  430
  386  387
  386  431
  386  430
  387  431
  387  432
  388  434
  388  389
  388  433
  388  432
  389  435
  389  434
  390  436
  390  435
  391  436
  392  482
  392  438
  394  440
  395  396
  395  440
  396  488
  396  442
  397  443
  397  398
  397  442
  398  490
  399  444
  399  400
  400  491
  400  445
  400  444
  401  402
  401  445
  402  446
  402  403
  403  448
  403  404
  403  447
  404  448
  404  449
  404  405
  405  497
  405  450
  405  449
  406  451
  407  408
  407  451
  408 2401
  408  452
  409  455
  409  454
  409  410
  409  453
  410  456
  410  455
  411  412
  412  413
  412 2412
  412  457
  413  458
  414  460
  414  415
  414  459
  414  461
  415  416
  416  462
  416  417
  417  464
  417  418
  417  463
  418  465
  418  419
  419  466
  420  421
  420  466
  421  467
  421  422
  422  423
  422  469
  423  471
  423  470
  423  424
  424  471
  424  425
  425  472
  425  426
  425  471
  426  427
  426  472
  427  473
  427  428
  428  429
  428  474
  429  475
  430  475
  431  477
  431  432
  431  476
  432  477
  432  433
  433  434
  433  478
  433  477
  434  435
  434  479
  435  481
  435  436
  436 2388
  436  481
  437  482
  437 2388
  438  482
  439  440
  439  485
  440  441
  440  485
  442  443
  443  539
  443  489
  444  491
  444  490
  445  492
  445  446
  445  491
  446  494
  446  447
  446  493
  446  492
  447  495
  447  494
  447  448
  448  495
  448  449
  449  545
  449  497
  449  496
  450  499
  450  497
  450  451
  451  452
  452 2401
  452  501
  452  500
  452  453
  453  502
  453  501
  453  454
  453 2400
  454  503
  454  502
  455  503
  456  504
  457  458
  457  504
  458  507
  458  505
  458  459
  460  556
  460  461
  460  508
  460  507
  461  510
  461  509
  461  508
  461  462
  462  463
  462  510
  463  511
  463  510
  463  464
  464  512
  465  513
  465  466
  465  512
  466  467
  467  564
  467  468
  467  514
  468  565
  468  516
  468  515
  468  469
  469  517
  469  516
  469  470
  470  519
  470  471
  470  518
  470  517
  471  472
  472  520
  472  521
  473  522
  473  521
  474  524
  474  523
  474  475
  474  522
  475  476
  476  525
  476  477
  476  524
  476  526
  477  526
  477  527
  478  528
  478  527
  479  528
  479  480
  480  481
  480  529
  481 2388
  482  483
  482  531
  482 2388
  483  532
  485  534
  485  535
  486  487
  487  488
  487  536
  487  535
  487  537
  489  540
  489  490
  490  540
  491  492
  491  541
  491  540
  492  542
  492  493
  492  589
  493  590
  493  542
  493  543
  494  544
  494  495
  495  544
  496  544
  497  498
  497  545
  498  547
  498  499
  498  546
  499  548
  499  547
  499  500
  500  501
  500  549
  500  548
  502  503
  502  550
  502  549
  503  551
  503  550
  503  504
  504  553
  504  552
  504  551
  505  554
  505  506
  505  553
  506  555
  507  556
  507  555
  508  557
  508  556
  508  558
  509  510
  510  511
  510  560
  511  560
  511  512
  511  561
  511  562
  512  513
  513  563
  513  562
  513  514
  514  609
  514  564
  514  563
  515  565
  515  564
  516  566
  516  517
  516  565
  517  566
  517  518
  518  613
  518  568
  518  519
  519  520
  520  521
  520  568
  521  616
  521  571
  521  569
  521  570
  521  522
  522  523
  522  571
  523  572
  523  571
  523  524
  524  573
  524  525
  524  572
  525  620
  525  526
  525  574
  526  527
  527  575
  527  574
  528  576
  529  577
  530 2388
  530  578
  531  625
  531  580
  531 2388
  532  581
  534  583
  534  535
  535  583
  536  585
  536  630
  536  537
  536  584
  537  585
  537  538
  538  632
  538  585
  538  539
  539  632
  540  541
  540  587
  540  586
  541  588
  541  587
  542  590
  543  591
  543  544
  543  590
  544  545
  544  592
  545  592
  545  593
  546  594
  546  547
  547  548
  547  595
  548  596
  548  549
  549  550
  549  596
  550  597
  550  596
  551  597
  551  552
  552  553
  552  598
  553  600
  553  599
  553  554
  554  601
  554  555
  554  602
  554  600
  555  602
  555  556
  556  650
  556  557
  557  604
  557  603
  558  604
  558  559
  559  606
  559  605
  559  560
  559  604
  560  561
  560  607
  561  562
  562  563
  563  655
  563  608
  564  611
  564  565
  564  609
  565  566
  566  612
  566  611
  567  612
  567  613
  568  614
  568  569
  568  613
  569  615
  569  614
  569  570
  570  616
  570  615
  571  572
  571  616
  572  619
  572  618
  572  573
  573  620
  574  621
  574  575
  574  620
  575  622
  575  576
  576  623
  576  577
  577  624
  577  623
  578  673
  578  579
  578  624
  579  673
  579  625
  579 2389
  580  626
  580  581
  580  625
  581  626
  582  629
  583  629
  583  584
  584  630
  584  629
  585  631
  585  632
  586  680
  586  632
  587  633
  587  634
  587  588
  588  589
  588  634
  589  636
  589  590
  590  591
  590  636
  590  638
  591  639
  591  592
  592  640
  592  593
  593  641
  593  640
  593  594
  594  642
  594  688
  594  595
  594  641
  595  643
  595  596
  595  642
  596  643
  596  597
  597  598
  597  645
  597  691
  598  693
  598  645
  598  646
  598  599
  599  647
  599  646
  599  600
  600  695
  600  648
  600  601
  601  602
  601  648
  602  696
  602  649
  603  651
  603  650
  603  604
  604  605
  604  652
  605  653
  605  652
  606  607
  607  701
  607  655
  607  653
  607  608
  608  655
  609  656
  609  655
  610  611
  610  656
  611  612
  611  657
  611  659
  612  613
  612  659
  613  660
  613  661
  614  662
  614  661
  614  615
  615  664
  615  616
  615  662
  616  710
  616  665
  616  617
  618  666
  618  619
  619  714
  619  668
  619  667
  619  620
  620  669
  620  621
  621  622
  622  670
  622  623
  622  669
  623  671
  623  624
  623  670
  624  673
  624  672
  625  626
  625  673
  626  674
  627  674
  628  629
  628  677
  629  630
  630  678
  630  631
  631  679
  631  632
  632  680
  633  681
  633  680
  634  681
  634  682
  634  635
  635  636
  636  683
  636  682
  637  638
  638  639
  638  684
  638  685
  639  640
  639  685
  639  687
  640  687
  641  688
  641  687
  642  689
  642  737
  642  643
  642  688
  643  644
  643  689
  644  690
  644  740
  644  691
  645  693
  645  691
  646  694
  646  693
  647  695
  648  695
  649  744
  649  695
  650  745
  650  697
  650  651
  650  696
  651  698
  651  697
  652  699
  652  653
  653  700
  653  654
  653  699
  654  701
  654  700
  655  703
  655  701
  655  656
  656  703
  657  658
  657  704
  657  703
  658  659
  658  704
  658  705
  658  706
  659  753
  659  707
  659  706
  661  708
  661  707
  661  662
  662  709
  662  708
  663  709
  663  664
  664  709
  665  711
  665  666
  665  710
  666  712
  666  711
  666  667
  667  713
  667  714
  667  712
  668  669
  668  715
  668  714
  669  716
  669  715
  669  670
  670  718
  670  717
  670  716
  671  764
  671  719
  672  720
  672  719
  673  721
  673  720
  674  722
  674  721
  675  722
  677  724
  678  726
  679  727
  680  728
  680  681
  681  682
  681  729
  681  730
  682  731
  682  730
  682  683
  683  684
  683  731
  684  732
  684  685
  684  731
  685  686
  685  732
  686  734
  686  687
  687  734
  687  688
  688  736
  688  735
  689  690
  689  737
  690  739
  690  740
  690  738
  691  740
  692  789
  692  741
  692  740
  692  693
  693  742
  693  694
  694  791
  694  695
  694  743
  694  742
  695  792
  695  744
  696  745
  696  744
  697  794
  697  698
  697  745
  698  795
  698  747
  698  746
  698  699
  699  748
  699  700
  700  701
  701  749
  701  748
  702  800
  702  750
  702  703
  702  749
  703  751
  703  704
  703  750
  704  801
  704  752
  704  751
  706  803
  706  753
  706  752
  707  754
  707  708
  707  804
  708  709
  708  754
  708  756
  709  710
  710  757
  710  756
  710  711
  711  758
  711  757
  712  758
  713  760
  713  714
  713  759
  714  760
  714  715
  715  716
  715  762
  716  814
  716  763
  716  762
  717  763
  718  815
  718  764
  718  763
  719  765
  719  764
  720  816
  720  766
  722  768
  722  767
  722  766
  724  725
  724  770
  725  770
  725  726
  725  771
  726  727
  726  772
  726  771
  727  822
  727  773
  727  772
  728  774
  728  775
  728  773
  729  730
  729  776
  729  775
  730  731
  731  732
  731  777
  732  780
  732  778
  732  733
  733  734
  734  781
  734  782
  734  780
  735  736
  736  833
  736  784
  736  783
  737  784
  738  786
  738  784
  738  785
  738  739
  739  787
  739  740
  740  789
  740  787
  742  790
  742  791
  742  789
  743  839
  743  792
  743  791
  744  793
  744  745
  745  793
  746  794
  747  748
  747  795
  748  798
  748  749
  748  797
  749  798
  749  800
  750  801
  750  751
  752  803
  752  801
  753  804
  753  803
  754  805
  754  804
  755  852
  755  756
  755  805
  756  808
  756  806
  756  757
  757  758
  757  808
  758  759
  758  809
  759  810
  759  760
  760  857
  760  812
  760  811
  761  813
  761  762
  762  813
  764  861
  764  765
  764  815
  765  816
  765  862
  766  817
  766  767
  766  816
  767  864
  767  818
  767  817
  769  820
  770  820
  771  772
  771  821
  771  820
  772  821
  772  822
  773  869
  773  823
  773  822
  774  775
  774  823
  775  824
  775  776
  776  826
  776  825
  776  777
  776  824
  777  827
  777  778
  778  779
  779  828
  779  780
  779  829
  779  827
  780  829
  780  830
  780  781
  781  831
  781  830
  782  831
  782  783
  783  833
  783  831
  784  833
  785  879
  785  786
  785  834
  785  833
  786  834
  786  835
  786  787
  788  882
  788  836
  788  789
  788  835
  789  836
  789  837
  789  790
  791  885
  791  838
  792  840
  792  793
  792  839
  793  888
  793  841
  793  840
  794  842
  794  795
  794  841
  795  842
  795  843
  795  796
  796  844
  796  797
  796  843
  797  844
  797  798
  798  845
  798  844
  799  846
  799  845
  799  800
  800  847
  800  801
  801  848
  801  802
  801  849
  801  847
  802  849
  802  850
  802  803
  803  804
  804  851
  804  850
  806  853
  806  807
  806  852
  808  854
  808  809
  808  853
  809  854
  809  855
  810  855
  810  811
  811  857
  811  856
  811  855
  812  906
  812  858
  812  813
  812  857
  813  859
  813  858
  814  859
  814  815
  815  909
  815  860
  816  817
  816  862
  817  863
  818  864
  820  866
  820  867
  821  868
  821  867
  822  869
  823  919
  824  870
  824  919
  825  870
  825  826
  825  871
  826  872
  826  827
  827  828
  827  872
  828  829
  828  874
  828  872
  829  875
  829  874
  831  876
  831  832
  832  878
  832  833
  832  876
  833  879
  834  881
  834  835
  834  879
  835  881
  835  882
  836  837
  836  883
  836  882
  837  884
  837  883
  837  838
  838  885
  838  884
  839  886
  839  840
  839  885
  840  887
  840  886
  841  890
  841  842
  841  888
  842  891
  842  890
  843  892
  843  844
  844  893
  844  845
  845  894
  845  846
  846  895
  846  894
  846  847
  847  848
  847  896
  848  897
  848  896
  849  898
  849  850
  850  899
  850  851
  850  898
  851  899
  851  852
  852  900
  852  853
  852  899
  853  946
  853  901
  853  900
  853  854
  854  855
  854  901
  855  856
  855  902
  855  903
  856  904
  856  905
  857  906
  858  954
  858  859
  858  906
  859  909
  859  908
  859  954
  860  910
  860  909
  861  910
  862  911
  862  910
  863  912
  864  913
  865  913
  866  867
  866  916
  867  868
  868  918
  868  917
  869  967
  869  918
  870  871
  870  920
  870  921
  871  970
  871  921
  871  922
  871  872
  872  873
  872  922
  873  972
  873  924
  873  923
  874  925
  874  875
  875  925
  875  876
  876  974
  876  877
  876  926
  876  925
  877  976
  877  878
  878  927
  879  977
  879  927
  880  929
  880  928
  881  930
  881  882
  882  930
  883  981
  883  884
  883  930
  884  931
  884  932
  885  886
  886  932
  886  933
  887  984
  887  934
  887  933
  889  985
  889  935
  889  934
  890  935
  890  891
  890  936
  891  892
  891  937
  892  938
  892  893
  893  894
  893  938
  894  895
  894  938
  895  941
  895  896
  895  940
  896  941
  897  942
  897  898
  897  941
  898  899
  898  942
  899  900
  899  943
  900  944
  900  945
  901  902
  901  948
  901  946
  902  949
  902  998
  902  948
  902  903
  903  904
  903  949
  904  950
  904  951
  905  906
  905  952
  907  952
  908  954
  908  909
  909  955
  910  957
  911 1005
  911  958
  911  912
  912  959
  912  913
  912  958
  913  961
  913  960
  915  963
  917  964
  918  965
  918  966
  919  968
  919  967
  920  969
  921 1016
  921  969
  921  970
  922 1017
  922  971
  922  923
  923  971
  924  973
  924  925
  924  972
  925  973
  926  976
  926  975
  926  974
  927  977
  927  976
  928  978
  928  929
  928  977
  929  979
  929  930
  929  978
  930  981
  930  979
  931  982
  931  932
  932  982
  932  983
  932  933
  933  984
  933 1029
  934  985
  934  984
  935  936
  935  985
  936  986
  936  987
  936  937
  937  988
  937  938
  937  989
  937  987
  938  939
  939  990
  939  989
  939  940
  940  941
  940  992
  940  990
  941  993
  941  942
  943  994
  943  993
  943  944
  944  995
  944  945
  944  994
  945 1041
  945  996
  945  995
  946  947
  947  997
  947  996
  949 1044
  949  999
  949  998
  950  951
  951 1000
  951  952
  951  999
  952 1001
  952 1000
  952  953
  953  954
  953 1001
  954 1003
  954 1002
  954  955
  955 2403
  955  956
  955 1003
  956 1004
  956  957
  956 2403
  957 1005
  957 1004
  958 1051
  958 1006
  959 1006
  959  960
  960 1008
  960 1007
  960 1006
  962  963
  962 1010
  963 1010
  963 1011
  963  964
  964 1012
  964  965
  964 1011
  965 1012
  966  967
  966 1013
  966 1012
  967 1013
  968  969
  968 1014
  968 1013
  969 1014
  969 1015
  969 1016
  970 1016
  971 1063
  971 1062
  971  972
  971 1017
  972 1018
  972 1019
  972  973
  973 1020
  973  974
  973 1064
  974 1021
  974 1020
  974  975
  975 1022
  975 1067
  975 1021
  976 1023
  976  977
  976 1022
  977  978
  978 1070
  978  979
  978 1023
  979 1024
  979 1026
  980 1026
  980  981
  981 1027
  981  982
  981 1026
  982  983
  982 1028
  983 1028
  984  985
  984 1029
  985 1030
  985 1031
  986 1032
  986  987
  987 1033
  987  988
  988 1035
  988  989
  988 1033
  989  990
  990 1036
  990 1037
  990 1035
  991  992
  992  993
  992 1037
  992 1039
  993 1039
  993  994
  994  995
  994 1039
  995 1040
  996  997
  996 1043
  996 1041
  997 1043
  997  998
  998 1043
  999 1094
  999 1045
  999 1000
  999 1044
 1000 1001
 1000 1045
 1001 1002
 1001 1046
 1002 1049
 1002 1003
 1002 1047
 1003 2402
 1003 1049
 1004 1005
 1004 2403
 1005 1051
 1005 1050
 1006 2392
 1006 1052
 1006 1007
 1006 1051
 1007 1053
 1008 1053
 1010 1056
 1010 1055
 1011 1057
 1011 1056
 1012 1058
 1012 1057
 1013 1059
 1013 1058
 1014 1060
 1014 1015
 1014 1059
 1015 1110
 1015 1060
 1015 1061
 1016 1017
 1017 1062
 1017 1061
 1019 1063
 1020 1021
 1020 1064
 1021 1067
 1021 1065
 1022 1023
 1022 1067
 1023 1068
 1023 1069
 1023 1070
 1024 1071
 1024 1025
 1024 1070
 1025 1072
 1025 1026
 1025 1071
 1026 1027
 1026 1072
 1027 1028
 1027 1073
 1027 1122
 1027 1074
 1028 1074
 1028 1075
 1029 1077
 1029 1075
 1029 1030
 1030 1031
 1031 1079
 1031 1078
 1031 1032
 1031 1077
 1032 1129
 1032 1080
 1032 1033
 1032 1079
 1034 1081
 1034 1080
 1034 1035
 1035 1082
 1035 1081
 1035 1036
 1036 1082
 1037 1084
 1037 1083
 1037 1038
 1038 1085
 1038 1039
 1038 1084
 1039 1088
 1039 1086
 1039 1040
 1040 1041
 1040 1088
 1041 1089
 1041 1042
 1042 1092
 1042 1091
 1042 1043
 1042 1090
 1043 1093
 1043 1044
 1044 1094
 1044 1093
 1045 1095
 1045 1141
 1046 1096
 1046 1095
 1046 1047
 1047 1142
 1047 1048
 1048 1098
 1048 1049
 1048 1097
 1049 1098
 1049 1099
 1050 1100
 1050 1051
 1051 2392
 1052 1103
 1052 1053
 1052 2392
 1053 1104
 1053 1103
 1055 1106
 1056 1152
 1056 1106
 1056 1107
 1057 1152
 1057 1108
 1058 1109
 1058 1108
 1059 1109
 1059 1060
 1060 1155
 1060 1110
 1061 1156
 1061 1062
 1061 1110
 1062 1113
 1062 1063
 1062 1112
 1063 1064
 1064 1115
 1064 1114
 1064 1113
 1064 1065
 1065 1066
 1065 1116
 1066 1116
 1066 1117
 1066 1067
 1067 1117
 1068 1118
 1070 1118
 1070 1119
 1070 1071
 1071 1165
 1071 1120
 1071 1119
 1072 1073
 1072 1121
 1073 1122
 1073 1121
 1074 1075
 1074 1124
 1074 1122
 1075 1124
 1076 1126
 1076 1125
 1076 1077
 1076 1124
 1077 1171
 1077 1126
 1077 1127
 1077 1078
 1078 1127
 1079 1173
 1079 1172
 1079 1129
 1079 1128
 1080 1130
 1080 1081
 1080 1129
 1081 1176
 1081 1130
 1081 1131
 1082 1132
 1082 1083
 1083 1084
 1083 1133
 1083 1132
 1084 1133
 1085 1133
 1085 1180
 1085 1134
 1087 1181
 1087 1134
 1087 1135
 1087 1088
 1088 1136
 1088 1135
 1090 1183
 1090 1137
 1090 1091
 1090 1136
 1091 1138
 1091 1137
 1092 1093
 1093 1094
 1093 1138
 1094 1140
 1094 1139
 1094 1141
 1095 1141
 1095 1188
 1095 1142
 1097 1143
 1097 1098
 1097 1142
 1098 1144
 1098 1099
 1099 1144
 1099 1145
 1100 2402
 1100 1147
 1100 1146
 1101 1148
 1101 2392
 1102 1149
 1102 2394
 1102 2392
 1103 1150
 1106 1198
 1106 1151
 1107 1198
 1108 1199
 1108 1153
 1109 1155
 1109 1153
 1109 1154
 1110 1202
 1110 1155
 1111 1157
 1111 1156
 1112 1204
 1112 1113
 1112 1158
 1113 1114
 1114 1159
 1114 1158
 1115 1207
 1115 1160
 1115 1159
 1115 1116
 1116 1117
 1116 1160
 1117 1162
 1117 1161
 1117 1118
 1118 1163
 1118 1164
 1118 1162
 1118 1119
 1119 1164
 1120 1166
 1120 1121
 1120 1165
 1121 1122
 1121 1167
 1122 1167
 1122 1123
 1123 1124
 1123 1167
 1124 1169
 1124 1168
 1125 1169
 1125 1170
 1126 1171
 1127 1219
 1127 1172
 1127 1171
 1128 1172
 1129 1175
 1129 1130
 1129 1173
 1130 1223
 1130 1175
 1131 1177
 1131 1132
 1131 1176
 1132 1179
 1132 1133
 1132 1177
 1133 1180
 1133 1179
 1134 1181
 1134 1180
 1135 1182
 1135 1136
 1135 1181
 1136 1183
 1136 1182
 1137 1138
 1137 1185
 1137 1183
 1138 1139
 1139 1140
 1139 1186
 1139 1187
 1139 1185
 1140 1141
 1141 1235
 1141 1187
 1141 1188
 1142 1143
 1142 1189
 1142 1188
 1143 1144
 1144 1191
 1144 1190
 1145 1192
 1145 1191
 1145 1146
 1145 2402
 1146 1193
 1146 1192
 1147 1193
 1147 1148
 1148 2394
 1148 1194
 1148 1193
 1149 2394
 1149 1195
 1149 1150
 1149 1194
 1150 1195
 1151 1198
 1152 1199
 1152 1198
 1153 1154
 1153 1200
 1154 1155
 1154 1201
 1155 1202
 1155 1249
 1156 1251
 1156 1157
 1156 1203
 1156 1202
 1157 1203
 1157 1204
 1158 1205
 1158 1159
 1158 1204
 1159 1205
 1159 1207
 1160 1208
 1160 1207
 1161 1162
 1161 1209
 1162 1211
 1162 1209
 1162 1163
 1163 1164
 1163 1212
 1163 1211
 1164 1260
 1164 1213
 1164 1165
 1165 1166
 1166 1215
 1166 1167
 1166 1213
 1167 1215
 1168 1215
 1168 1216
 1168 1169
 1169 1170
 1169 1218
 1169 1216
 1170 1218
 1170 1171
 1171 1219
 1171 1218
 1172 1220
 1172 1219
 1173 1174
 1174 1221
 1175 1223
 1175 1221
 1176 1224
 1176 1223
 1177 1225
 1177 1178
 1178 1179
 1179 1226
 1179 1180
 1180 1181
 1180 1226
 1181 1229
 1181 1182
 1181 1227
 1182 1229
 1183 1184
 1183 1229
 1184 1185
 1184 1231
 1184 1232
 1184 1230
 1185 1233
 1185 1186
 1185 1232
 1186 1233
 1186 1187
 1187 1234
 1187 1235
 1188 1189
 1188 1235
 1189 1237
 1189 1236
 1189 1238
 1189 1190
 1190 1191
 1190 1239
 1190 1238
 1191 1240
 1192 1193
 1192 1240
 1193 1194
 1193 1241
 1194 1242
 1194 1195
 1194 2394
 1195 1196
 1196 1243
 1197 1246
 1198 1246
 1199 1247
 1199 1246
 1200 1248
 1201 1249
 1201 1248
 1202 1251
 1202 1250
 1203 1204
 1203 1252
 1203 1251
 1204 1252
 1204 1205
 1205 1254
 1205 1253
 1206 1254
 1207 1255
 1207 1208
 1208 1209
 1208 1255
 1209 1302
 1209 1256
 1209 1257
 1210 1257
 1210 1211
 1211 1258
 1211 1212
 1211 1257
 1212 1259
 1212 1258
 1213 1261
 1213 1214
 1213 1260
 1214 1215
 1214 1262
 1215 1262
 1215 1264
 1215 1216
 1216 1265
 1216 1264
 1217 1218
 1218 1310
 1218 1219
 1218 1267
 1219 1267
 1219 1268
 1220 1269
 1220 1221
 1221 1222
 1222 1270
 1222 1269
 1223 1271
 1223 1224
 1223 1270
 1224 1271
 1224 1225
 1225 1226
 1225 1271
 1226 1227
 1226 1272
 1227 1273
 1227 1228
 1228 1276
 1228 1229
 1228 1275
 1228 1274
 1229 1276
 1230 1231
 1231 1278
 1231 1277
 1232 1324
 1232 1278
 1232 1279
 1232 1233
 1233 1234
 1234 1235
 1234 1279
 1234 1280
 1234 1281
 1235 1281
 1235 1282
 1236 1327
 1236 1237
 1236 1282
 1236 1283
 1237 1283
 1237 1284
 1238 1239
 1239 1330
 1239 1285
 1239 1240
 1239 1284
 1240 1286
 1240 1285
 1241 1288
 1241 1287
 1242 1289
 1242 1288
 1243 1336
 1243 1290
 1243 1289
 1245 1292
 1245 1246
 1246 1247
 1246 1293
 1247 1294
 1247 1248
 1248 1295
 1248 1294
 1249 1343
 1249 1296
 1249 1295
 1250 1296
 1251 1297
 1251 1252
 1251 1296
 1252 1345
 1252 1298
 1252 1297
 1253 1299
 1253 1254
 1254 1255
 1255 1300
 1255 1256
 1255 1301
 1255 1299
 1256 1302
 1256 1301
 1257 1302
 1258 1304
 1258 1302
 1258 1259
 1259 1305
 1259 1304
 1260 1306
 1260 1261
 1261 1262
 1261 1306
 1262 1307
 1262 1306
 1263 1356
 1263 1308
 1263 1264
 1263 1307
 1264 1308
 1264 1309
 1265 1266
 1265 1309
 1266 1310
 1266 1309
 1267 1268
 1267 1310
 1268 1313
 1268 1269
 1268 1312
 1268 1311
 1269 1313
 1269 1314
 1269 1270
 1270 1271
 1271 1314
 1271 1316
 1271 1272
 1272 1273
 1272 1317
 1272 1316
 1273 1318
 1274 1319
 1274 1275
 1275 1276
 1276 1320
 1276 1321
 1276 1277
 1276 1319
 1277 1321
 1277 1322
 1277 1278
 1278 1323
 1278 1322
 1279 1325
 1279 1280
 1279 1373
 1279 1324
 1280 1374
 1280 1325
 1280 1326
 1281 1326
 1282 1327
 1283 1329
 1283 1284
 1283 1327
 1284 1330
 1284 1329
 1285 1332
 1285 1331
 1285 1330
 1286 1333
 1286 1287
 1286 1332
 1287 1333
 1287 1288
 1288 1334
 1288 1289
 1289 1336
 1290 1336
 1292 1339
 1292 1338
 1293 1340
 1294 1341
 1294 1340
 1295 1342
 1296 1391
 1296 1297
 1296 1344
 1297 1344
 1298 1299
 1298 1346
 1298 1347
 1298 1345
 1299 1347
 1299 1300
 1300 1396
 1300 1301
 1300 1349
 1301 1397
 1301 1350
 1301 1302
 1302 1351
 1302 1350
 1304 1400
 1304 1352
 1304 1305
 1304 1351
 1305 1354
 1305 1353
 1305 1306
 1305 1352
 1306 1355
 1306 1307
 1307 1356
 1308 1357
 1308 1309
 1308 1358
 1309 1310
 1309 1359
 1310 1359
 1310 1360
 1311 1312
 1312 1313
 1312 1361
 1312 1360
 1313 1410
 1313 1363
 1313 1314
 1314 1365
 1314 1315
 1314 1363
 1315 1316
 1315 1365
 1316 1365
 1316 1366
 1317 1368
 1317 1366
 1317 1318
 1318 1369
 1318 1319
 1318 1368
 1319 1320
 1320 1369
 1320 1370
 1321 1370
 1322 1323
 1322 1370
 1323 1372
 1323 1371
 1324 1372
 1325 1421
 1325 1374
 1326 1376
 1326 1375
 1326 1327
 1326 1374
 1327 1328
 1327 1376
 1328 1378
 1328 1329
 1329 1425
 1329 1379
 1329 1330
 1330 1379
 1330 1331
 1331 1380
 1331 1379
 1332 1380
 1333 1382
 1333 1381
 1334 1382
 1334 1383
 1336 1384
 1337 1385
 1339 1388
 1339 1434
 1339 1387
 1339 1340
 1340 1388
 1341 1342
 1341 1389
 1341 1388
 1342 1343
 1342 1389
 1342 1391
 1342 1390
 1343 1391
 1344 1393
 1344 1392
 1344 1391
 1345 1394
 1345 1346
 1346 1347
 1347 1394
 1348 1395
 1348 1396
 1349 1397
 1350 1351
 1350 1399
 1350 1397
 1351 1399
 1351 1400
 1352 1401
 1352 1400
 1353 1401
 1353 1402
 1353 1354
 1354 1355
 1355 1402
 1356 1404
 1356 1403
 1357 1358
 1358 1404
 1358 1405
 1359 1406
 1359 1360
 1359 1405
 1360 1408
 1360 1407
 1360 1406
 1360 1361
 1361 1455
 1361 1409
 1361 1408
 1362 1409
 1362 1410
 1363 1411
 1363 1410
 1364 1412
 1364 1365
 1364 1411
 1365 1366
 1365 1413
 1366 1413
 1367 1368
 1368 1416
 1368 1414
 1368 1369
 1369 1463
 1369 1417
 1369 1416
 1369 1370
 1370 1419
 1370 1371
 1370 1417
 1371 1420
 1371 1372
 1372 1373
 1372 1421
 1374 1421
 1375 1470
 1375 1422
 1375 1376
 1376 1424
 1376 1423
 1378 1425
 1378 1424
 1379 1427
 1379 1380
 1379 1425
 1380 1428
 1380 1381
 1381 1428
 1382 1475
 1382 1429
 1383 1430
 1383 1384
 1384 1431
 1384 1385
 1384 1430
 1385 1432
 1385 1431
 1385 1386
 1387 1434
 1388 1482
 1388 1389
 1388 1435
 1388 1481
 1389 1436
 1389 1390
 1390 1391
 1391 1437
 1391 1392
 1392 1486
 1392 1393
 1392 1438
 1393 1394
 1394 1440
 1394 1395
 1394 1438
 1395 1440
 1395 1396
 1395 1441
 1396 1441
 1396 1442
 1396 1397
 1397 1491
 1397 1443
 1398 1443
 1399 1444
 1399 1400
 1399 1443
 1400 1445
 1400 1401
 1400 1444
 1401 1402
 1401 1446
 1401 1445
 1402 1403
 1402 1447
 1403 1450
 1403 1448
 1403 1449
 1403 1404
 1404 1497
 1404 1451
 1404 1450
 1404 1405
 1405 1453
 1405 1406
 1405 1451
 1406 1453
 1407 1454
 1407 1453
 1408 1454
 1408 1455
 1409 1456
 1409 1455
 1410 1457
 1410 1411
 1410 1456
 1411 1412
 1411 1457
 1412 1458
 1412 1459
 1412 1413
 1413 1460
 1413 1414
 1413 1459
 1414 1462
 1414 1415
 1414 1460
 1415 1462
 1417 1464
 1417 1463
 1418 1419
 1419 1465
 1419 1420
 1419 1464
 1419 1466
 1420 1467
 1420 1466
 1420 1421
 1421 1422
 1421 1469
 1421 1468
 1421 1467
 1422 1470
 1422 1469
 1423 1424
 1423 1471
 1423 1470
 1424 1472
 1424 1425
 1424 1471
 1425 1426
 1426 1427
 1426 1472
 1427 1473
 1427 1474
 1427 1428
 1428 1475
 1428 1474
 1429 1476
 1429 1430
 1429 1475
 1430 1478
 1430 1477
 1430 1476
 1431 1479
 1431 1478
 1434 1481
 1434 1480
 1435 1483
 1436 1483
 1436 1484
 1437 1484
 1437 1485
 1438 1487
 1438 1439
 1438 1486
 1439 1534
 1440 1489
 1440 1488
 1440 1441
 1441 1536
 1441 1442
 1441 1490
 1442 1491
 1442 1537
 1443 1492
 1443 1491
 1444 1445
 1445 1446
 1445 1492
 1445 1539
 1446 1493
 1446 1494
 1447 1495
 1447 1494
 1448 1449
 1448 1496
 1448 1495
 1449 1496
 1450 1497
 1451 1498
 1451 1497
 1452 1499
 1452 1453
 1453 1501
 1453 1454
 1453 1499
 1454 1501
 1455 1501
 1455 1502
 1456 1457
 1457 1502
 1457 1458
 1458 1551
 1458 1504
 1458 1503
 1458 1459
 1459 1460
 1459 1506
 1459 1504
 1460 1506
 1461 1462
 1461 1507
 1461 1506
 1462 1509
 1462 1508
 1462 1463
 1462 1507
 1463 1509
 1463 1464
 1464 1510
 1464 1465
 1464 1511
 1464 1509
 1465 1511
 1465 1466
 1466 1513
 1466 1512
 1468 1515
 1468 1514
 1468 1469
 1469 1516
 1469 1515
 1470 1517
 1470 1471
 1471 1472
 1471 1518
 1472 1519
 1472 1473
 1472 1518
 1473 1520
 1473 1519
 1473 1474
 1474 2406
 1474 1521
 1474 1520
 1475 1522
 1475 1521
 1476 1477
 1476 1522
 1477 1523
 1477 1478
 1478 1525
 1478 1524
 1479 1525
 1481 1573
 1481 1527
 1482 1528
 1483 1530
 1483 1529
 1484 1531
 1484 1530
 1485 1486
 1485 1532
 1486 1533
 1486 1487
 1486 1532
 1487 1579
 1487 1534
 1487 1533
 1488 1535
 1488 1534
 1489 1536
 1490 1537
 1490 1536
 1491 1492
 1491 1537
 1492 1539
 1492 1538
 1493 1494
 1493 1539
 1494 1495
 1494 1540
 1494 1541
 1495 1588
 1495 1496
 1495 1541
 1496 1544
 1496 1588
 1496 1497
 1497 1544
 1498 1545
 1498 1499
 1498 1544
 1499 1546
 1500 1547
 1500 1501
 1501 1502
 1501 1549
 1501 1547
 1502 1549
 1502 1550
 1502 1503
 1503 1551
 1503 1550
 1504 1505
 1504 1551
 1505 1552
 1505 1553
 1505 1506
 1506 1507
 1506 1554
 1506 1600
 1507 1555
 1507 1554
 1508 1509
 1509 1556
 1509 1510
 1509 1555
 1510 1558
 1510 1511
 1511 1558
 1511 1512
 1512 1560
 1512 1559
 1513 1514
 1513 1560
 1514 1560
 1515 1562
 1515 1516
 1515 1561
 1516 1563
 1516 1562
 1516 1517
 1517 1610
 1517 1564
 1517 1518
 1517 1563
 1518 1565
 1518 1564
 1519 1566
 1519 1520
 1520 2404
 1520 1566
 1521 1567
 1521 2409
 1521 2406
 1522 1569
 1522 1568
 1523 1569
 1524 1615
 1524 1570
 1525 1571
 1527 1573
 1528 1575
 1528 1529
 1528 1574
 1528 1573
 1529 1575
 1530 1576
 1530 1575
 1531 1577
 1531 1532
 1531 1576
 1532 1578
 1532 1577
 1532 1533
 1533 1579
 1533 1578
 1534 1625
 1534 1535
 1535 1580
 1535 1581
 1535 1536
 1536 1582
 1536 1581
 1537 1583
 1537 1538
 1538 1584
 1538 1539
 1539 1584
 1539 1540
 1540 1586
 1540 1541
 1540 1585
 1541 1587
 1541 1586
 1542 1587
 1542 1588
 1543 1544
 1543 1589
 1543 1588
 1544 1589
 1544 1545
 1545 1636
 1545 1591
 1545 1546
 1545 1590
 1546 1592
 1546 1591
 1546 1547
 1547 1548
 1547 1592
 1548 1594
 1548 1593
 1548 1549
 1549 1550
 1549 1594
 1550 1551
 1550 1595
 1551 1597
 1551 1596
 1551 1598
 1552 1599
 1552 1553
 1553 1600
 1554 1644
 1554 1555
 1554 1601
 1554 1600
 1555 1556
 1555 1601
 1555 1602
 1556 1603
 1556 1602
 1557 1604
 1557 1603
 1558 1559
 1559 1649
 1559 1606
 1559 1560
 1559 1604
 1560 1606
 1560 1561
 1561 1650
 1561 1607
 1561 1562
 1561 1606
 1562 1563
 1562 1607
 1563 1608
 1563 1610
 1564 1655
 1564 1611
 1564 1565
 1565 1566
 1565 1611
 1566 1613
 1566 1612
 1567 1568
 1567 2408
 1567 2411
 1568 1659
 1568 1614
 1569 1615
 1569 1614
 1570 1617
 1570 1616
 1570 1571
 1570 1615
 1572 1619
 1573 1619
 1574 1620
 1574 1619
 1575 1620
 1575 1621
 1576 1622
 1576 1621
 1577 1622
 1577 1578
 1578 1579
 1578 1622
 1579 1625
 1579 1624
 1579 1623
 1580 1625
 1580 1581
 1581 1582
 1581 1627
 1581 1626
 1582 1628
 1582 1583
 1582 1627
 1583 1584
 1583 1629
 1583 1628
 1584 1630
 1584 1585
 1585 1631
 1585 1586
 1585 1630
 1586 1631
 1586 1632
 1587 1588
 1588 1632
 1588 1589
 1589 1590
 1589 1634
 1589 1633
 1590 1636
 1590 1683
 1591 1637
 1591 1636
 1593 1638
 1593 1594
 1593 1637
 1594 1686
 1594 1639
 1594 1638
 1595 1640
 1595 1639
 1596 1597
 1597 1641
 1597 1640
 1598 1641
 1598 1599
 1599 1642
 1599 1600
 1600 1691
 1600 1644
 1600 1643
 1601 1602
 1601 1644
 1602 1645
 1602 1603
 1603 1694
 1603 1604
 1603 1646
 1604 1648
 1604 1647
 1604 1605
 1605 1697
 1605 1648
 1606 1699
 1606 1649
 1607 1608
 1607 1652
 1607 1650
 1608 1653
 1608 1609
 1608 1652
 1609 1653
 1609 1610
 1609 1654
 1610 1655
 1611 1703
 1611 1656
 1611 1655
 1612 1705
 1612 1657
 1612 1613
 1613 1658
 1613 2404
 1613 1657
 1614 1709
 1614 1708
 1614 1660
 1615 1660
 1615 1616
 1616 1662
 1616 1661
 1617 1662
 1618 1665
 1619 1665
 1619 1666
 1620 1667
 1620 1666
 1621 1668
 1621 1667
 1622 1717
 1622 1718
 1622 1623
 1622 1670
 1622 1669
 1623 1624
 1623 1670
 1624 1671
 1624 1672
 1625 1626
 1626 1627
 1626 1672
 1627 1673
 1627 1628
 1628 1629
 1628 1676
 1628 1674
 1629 1676
 1630 1726
 1630 1677
 1630 1631
 1630 1676
 1631 1727
 1631 1632
 1631 1677
 1631 1678
 1632 1680
 1632 1679
 1632 1678
 1632 1633
 1633 1634
 1633 1681
 1633 1680
 1634 1681
 1635 1683
 1635 1681
 1636 1637
 1637 1684
 1637 1685
 1638 1686
 1639 1688
 1639 1640
 1639 1687
 1640 1689
 1640 1641
 1641 1642
 1642 1738
 1642 1689
 1642 1643
 1643 1739
 1643 1691
 1643 1690
 1644 1740
 1644 1692
 1644 1691
 1645 1693
 1645 1646
 1646 1693
 1647 1743
 1647 1648
 1647 1695
 1647 1694
 1648 1695
 1648 1697
 1649 1699
 1649 1698
 1649 1697
 1650 1699
 1651 1700
 1651 1652
 1651 1747
 1652 1653
 1652 1700
 1653 1702
 1653 1701
 1654 1703
 1656 1704
 1656 1705
 1656 1703
 1657 1706
 1657 1658
 1657 1705
 1658 2405
 1658 2407
 1658 1707
 1659 2407
 1659 2410
 1659 1708
 1659 1707
 1660 1710
 1660 1709
 1661 1711
 1661 1710
 1663 1711
 1664 1665
 1665 1713
 1665 1666
 1666 1715
 1667 1716
 1668 1669
 1668 1763
 1668 1717
 1668 1716
 1669 1717
 1670 1765
 1670 1671
 1670 1720
 1670 1718
 1671 1720
 1671 1721
 1671 1672
 1672 1673
 1673 1721
 1673 1674
 1674 1724
 1674 1675
 1674 1722
 1675 1725
 1675 1676
 1676 1726
 1677 1772
 1677 1726
 1678 1773
 1678 1728
 1678 1727
 1679 1680
 1680 1681
 1680 1729
 1680 1730
 1681 1732
 1681 1731
 1683 1733
 1683 1732
 1683 1684
 1684 1778
 1684 1734
 1684 1685
 1684 1733
 1685 1779
 1685 1734
 1685 1686
 1685 1735
 1687 1736
 1687 1688
 1687 1735
 1688 1737
 1688 1689
 1688 1736
 1690 1784
 1690 1783
 1690 1739
 1690 1738
 1691 1740
 1691 1739
 1692 1741
 1692 1740
 1693 1742
 1693 1694
 1694 1743
 1694 1742
 1695 1744
 1695 1743
 1697 1791
 1697 1745
 1697 1744
 1698 1699
 1699 1745
 1699 1746
 1699 1747
 1700 1794
 1700 1748
 1700 1747
 1701 1702
 1702 1703
 1702 1750
 1702 1749
 1702 1748
 1703 1752
 1703 1704
 1703 1750
 1704 1752
 1704 1753
 1705 1753
 1706 1754
 1706 1753
 1707 1755
 1707 1754
 1708 1755
 1708 1709
 1709 1710
 1710 1711
 1710 1756
 1711 1758
 1711 1757
 1711 1712
 1712 1758
 1713 1761
 1715 1762
 1715 1716
 1715 1763
 1716 1763
 1717 1764
 1717 1718
 1718 1719
 1719 1765
 1720 1721
 1721 1722
 1721 1767
 1721 1766
 1722 1768
 1722 1767
 1722 1723
 1723 1724
 1723 1769
 1723 1768
 1724 1770
 1724 1769
 1724 1725
 1725 1771
 1725 1770
 1727 1820
 1727 1773
 1727 1772
 1728 1821
 1728 1774
 1728 1729
 1728 1773
 1729 1730
 1730 1774
 1730 1775
 1731 1732
 1732 1776
 1732 1733
 1732 1775
 1733 1778
 1733 1776
 1734 1826
 1734 1779
 1735 1827
 1735 1780
 1735 1736
 1735 1779
 1736 1782
 1736 1737
 1736 1780
 1737 1738
 1738 1782
 1738 1783
 1739 1740
 1739 1784
 1740 1834
 1740 1787
 1740 1741
 1740 1785
 1741 1742
 1742 1788
 1742 1787
 1742 1743
 1743 1744
 1743 1790
 1744 1790
 1744 1791
 1745 1792
 1745 1746
 1745 1791
 1746 1792
 1746 1747
 1747 1794
 1748 1796
 1748 1749
 1748 1795
 1748 1794
 1749 1796
 1750 1843
 1750 1751
 1751 1798
 1751 1797
 1751 1752
 1752 1798
 1753 1754
 1753 1798
 1754 1801
 1754 1800
 1754 1799
 1755 1802
 1755 1801
 1756 1803
 1757 1851
 1757 1804
 1758 1852
 1758 1805
 1760 1761
 1760 1807
 1761 1807
 1761 1808
 1761 1762
 1762 1809
 1762 1808
 1763 1810
 1763 1857
 1763 1809
 1764 1811
 1764 1810
 1765 1813
 1765 1766
 1765 1812
 1765 1811
 1766 1767
 1767 1815
 1767 1768
 1767 1813
 1768 1769
 1769 1817
 1769 1815
 1769 1770
 1770 1818
 1770 1817
 1771 1772
 1772 1819
 1772 1818
 1772 1820
 1773 1821
 1773 1820
 1774 1775
 1774 1822
 1774 1821
 1775 1822
 1775 1823
 1775 1776
 1776 1825
 1776 1777
 1776 1823
 1777 1825
 1778 1876
 1779 1826
 1780 1828
 1780 1879
 1780 1827
 1781 1829
 1781 1782
 1782 1783
 1782 1830
 1782 1829
 1783 1830
 1783 1784
 1784 1832
 1784 1831
 1785 1786
 1786 1834
 1787 1788
 1787 1835
 1787 1834
 1788 1835
 1788 1836
 1789 1837
 1789 1790
 1790 1887
 1790 1791
 1790 1837
 1791 1838
 1791 1839
 1792 1839
 1793 1840
 1793 1794
 1794 1841
 1794 1840
 1795 1891
 1795 1842
 1795 1796
 1795 1841
 1796 1843
 1796 1842
 1797 1798
 1797 1844
 1798 1844
 1798 1799
 1799 1800
 1799 1846
 1799 1847
 1799 1845
 1800 1896
 1800 1848
 1800 1847
 1801 1849
 1801 1848
 1802 1850
 1802 1849
 1802 1803
 1803 1899
 1803 1851
 1803 1850
 1804 1900
 1804 1852
 1804 1851
 1805 1852
 1806 1855
 1807 1855
 1807 1808
 1808 1809
 1808 1856
 1809 1857
 1810 1858
 1810 1859
 1811 1812
 1811 1859
 1811 1860
 1812 1907
 1812 1861
 1812 1813
 1813 1862
 1813 1814
 1813 1861
 1814 1864
 1814 1862
 1814 1815
 1815 1816
 1815 1865
 1815 1864
 1816 1865
 1816 1866
 1817 1866
 1817 1818
 1817 1867
 1818 1868
 1818 1867
 1818 1819
 1819 1869
 1819 1820
 1819 1868
 1820 1871
 1821 1822
 1821 1872
 1822 1823
 1822 1872
 1823 1873
 1823 1824
 1824 1875
 1824 1825
 1824 1874
 1825 1876
 1825 1875
 1826 1878
 1826 1877
 1826 1827
 1826 1876
 1827 1879
 1827 1878
 1828 1925
 1828 1880
 1828 1879
 1829 1830
 1829 1880
 1830 1880
 1830 1831
 1831 1882
 1831 1832
 1832 1883
 1832 1882
 1832 1833
 1833 1884
 1833 1883
 1834 1884
 1834 1835
 1835 1836
 1835 1886
 1835 1884
 1836 1886
 1836 1837
 1837 1933
 1838 1839
 1839 1840
 1839 1889
 1839 1888
 1840 1890
 1840 1889
 1841 1891
 1841 1890
 1842 1939
 1842 1893
 1842 1843
 1842 1891
 1843 1893
 1843 1844
 1844 1894
 1844 1893
 1845 1894
 1845 1846
 1846 1847
 1847 1896
 1848 1897
 1848 1896
 1849 1898
 1850 1945
 1850 1898
 1851 1899
 1852 1901
 1852 1900
 1855 1903
 1855 1902
 1856 1903
 1857 1905
 1857 1858
 1858 1906
 1859 1906
 1859 1907
 1860 1907
 1861 1909
 1861 1907
 1861 1862
 1862 1955
 1862 1910
 1862 1909
 1863 1864
 1863 1910
 1864 1910
 1864 1865
 1865 1913
 1865 1866
 1865 1911
 1866 1913
 1867 1868
 1867 1914
 1867 1913
 1868 1914
 1868 1869
 1869 1915
 1870 1871
 1870 1915
 1871 1917
 1871 1916
 1872 1918
 1872 1873
 1872 1917
 1873 1874
 1873 1918
 1874 1919
 1874 1918
 1874 1875
 1875 1876
 1875 1921
 1875 1919
 1876 1922
 1876 1921
 1877 1922
 1877 1878
 1878 1879
 1878 1923
 1879 1925
 1880 1926
 1880 1881
 1881 1882
 1881 1926
 1882 1883
 1882 1927
 1883 1929
 1884 1885
 1884 1930
 1885 1886
 1885 1930
 1885 1931
 1886 1932
 1886 1933
 1887 1888
 1887 1934
 1887 1933
 1888 1935
 1888 1934
 1888 1889
 1889 1936
 1889 1935
 1889 1890
 1890 1936
 1891 1938
 1891 1892
 1892 1939
 1892 1938
 1893 1894
 1893 1939
 1894 1940
 1894 1895
 1895 1942
 1895 1896
 1895 1941
 1896 1943
 1896 1897
 1897 1988
 1897 1944
 1897 1898
 1897 1943
 1898 1989
 1898 1944
 1899 1946
 1899 1945
 1900 1992
 1900 1947
 1900 1946
 1902 1903
 1902 1949
 1903 1904
 1904 1949
 1904 1950
 1904 1905
 1905 1951
 1905 1950
 1906 1952
 1906 1951
 1906 1907
 1907 1908
 1907 1954
 1907 1952
 1908 1909
 1909 1955
 1910 1911
 1910 1955
 1911 1912
 1911 1956
 1912 1958
 1912 1913
 1913 1959
 1913 1914
 1914 1915
 1914 1959
 1915 1916
 1915 1960
 1916 1961
 1916 1962
 1917 1918
 1917 1963
 1918 1965
 1918 1919
 1918 1963
 1919 1920
 1919 1966
 1920 1966
 1920 1921
 1921 1922
 1921 1966
 1922 1923
 1922 1967
 1923 1924
 1923 1968
 1924 1925
 1925 1971
 1925 1970
 1925 1926
 1926 2014
 1926 1927
 1926 1971
 1927 1972
 1927 1928
 1928 1974
 1928 1929
 1929 1975
 1929 1930
 1930 1976
 1930 1931
 1931 1977
 1931 1976
 1932 1977
 1932 1978
 1932 1933
 1933 1979
 1933 1934
 1934 1979
 1935 1979
 1936 1981
 1936 1937
 1936 1980
 1937 1938
 1938 1983
 1939 1984
 1939 1940
 1939 1983
 1940 1985
 1940 1984
 1941 2028
 1941 1985
 1942 1987
 1942 1943
 1942 1986
 1943 1988
 1944 1988
 1945 1990
 1945 1989
 1945 1946
 1946 1991
 1947 1992
 1949 2037
 1949 1994
 1950 1996
 1950 1995
 1951 2040
 1951 1952
 1951 1996
 1952 1997
 1952 1953
 1953 1998
 1953 1954
 1953 1997
 1954 2042
 1954 1999
 1954 1955
 1955 1956
 1955 1999
 1956 1957
 1956 2000
 1957 1958
 1957 2001
 1958 2002
 1958 1959
 1959 2002
 1959 1960
 1960 2004
 1960 1961
 1961 2004
 1962 1963
 1962 2006
 1963 2007
 1963 1964
 1964 2007
 1964 1965
 1964 2008
 1965 2009
 1965 1966
 1966 2009
 1966 1967
 1967 1968
 1967 2010
 1968 1969
 1968 2011
 1969 2396
 1969 2012
 1970 2013
 1970 2012
 1970 1971
 1971 2014
 1972 1973
 1972 2014
 1973 2015
 1973 1974
 1974 1975
 1974 2017
 1975 2018
 1976 2018
 1976 1977
 1976 2019
 1977 2019
 1977 1978
 1978 2021
 1978 1979
 1979 2022
 1979 1980
 1979 2021
 1980 2022
 1980 1981
 1981 1982
 1982 2025
 1982 2023
 1983 2026
 1983 2025
 1984 2027
 1984 1985
 1985 2027
 1986 2029
 1986 2028
 1987 2030
 1987 1988
 1988 1989
 1988 2031
 1989 2076
 1989 2032
 1989 2031
 1990 2032
 1991 2033
 1992 2034
 1992 2033
 1993 2034
 1994 2037
 1995 2037
 1996 2040
 1996 2039
 1997 2040
 1998 2042
 1998 2041
 1999 2044
 1999 2000
 1999 2042
 2000 2044
 2001 2046
 2001 2398
 2002 2047
 2002 2003
 2002 2046
 2003 2004
 2003 2048
 2003 2047
 2004 2048
 2005 2006
 2005 2048
 2006 2050
 2006 2007
 2007 2097
 2007 2050
 2008 2099
 2008 2009
 2008 2052
 2008 2051
 2009 2052
 2009 2010
 2010 2011
 2010 2053
 2011 2055
 2011 2396
 2012 2013
 2012 2057
 2013 2058
 2013 2014
 2014 2058
 2015 2059
 2015 2058
 2016 2059
 2016 2017
 2017 2061
 2017 2018
 2018 2110
 2018 2062
 2018 2019
 2019 2020
 2020 2063
 2020 2021
 2020 2062
 2021 2065
 2022 2066
 2022 2065
 2023 2066
 2023 2024
 2024 2069
 2024 2067
 2025 2070
 2025 2069
 2025 2026
 2026 2071
 2026 2027
 2027 2028
 2027 2072
 2028 2073
 2028 2072
 2029 2030
 2029 2397
 2030 2075
 2031 2076
 2031 2075
 2032 2077
 2032 2033
 2033 2079
 2033 2078
 2034 2080
 2034 2079
 2036 2082
 2037 2082
 2037 2083
 2037 2038
 2038 2039
 2038 2084
 2038 2083
 2039 2084
 2039 2085
 2039 2040
 2040 2085
 2040 2041
 2041 2087
 2042 2088
 2042 2043
 2043 2044
 2043 2088
 2044 2090
 2044 2089
 2044 2398
 2045 2090
 2045 2091
 2046 2092
 2046 2047
 2046 2138
 2046 2091
 2047 2092
 2048 2094
 2048 2093
 2049 2096
 2049 2094
 2050 2097
 2050 2096
 2051 2097
 2052 2053
 2052 2100
 2053 2054
 2053 2100
 2053 2146
 2054 2101
 2054 2102
 2055 2102
 2055 2103
 2055 2396
 2056 2103
 2056 2105
 2056 2057
 2057 2058
 2057 2106
 2058 2107
 2058 2059
 2059 2153
 2059 2108
 2059 2107
 2060 2109
 2060 2108
 2061 2110
 2061 2109
 2062 2111
 2062 2063
 2062 2110
 2063 2064
 2063 2111
 2064 2113
 2065 2114
 2065 2113
 2065 2066
 2066 2115
 2066 2114
 2067 2116
 2067 2068
 2068 2118
 2069 2118
 2069 2070
 2070 2071
 2070 2119
 2070 2164
 2070 2118
 2071 2119
 2071 2072
 2072 2073
 2072 2121
 2073 2166
 2073 2397
 2073 2121
 2074 2397
 2074 2123
 2075 2124
 2075 2123
 2075 2076
 2076 2077
 2076 2125
 2076 2124
 2077 2126
 2077 2125
 2077 2078
 2078 2079
 2078 2126
 2079 2128
 2079 2127
 2082 2175
 2082 2130
 2082 2129
 2083 2176
 2083 2130
 2083 2131
 2084 2085
 2084 2131
 2085 2177
 2085 2132
 2085 2131
 2086 2087
 2086 2132
 2087 2134
 2088 2135
 2088 2134
 2088 2089
 2089 2136
 2089 2090
 2090 2136
 2091 2138
 2092 2093
 2092 2138
 2093 2139
 2093 2094
 2094 2141
 2094 2095
 2095 2141
 2095 2096
 2096 2143
 2096 2097
 2097 2098
 2097 2143
 2098 2099
 2099 2145
 2100 2146
 2100 2145
 2101 2194
 2101 2146
 2102 2148
 2102 2103
 2102 2149
 2103 2396
 2103 2149
 2104 2105
 2105 2151
 2105 2106
 2106 2151
 2106 2107
 2107 2153
 2108 2153
 2109 2156
 2109 2110
 2109 2155
 2110 2156
 2110 2157
 2111 2112
 2111 2158
 2111 2157
 2112 2160
 2113 2160
 2113 2114
 2114 2161
 2114 2115
 2115 2161
 2115 2116
 2116 2162
 2116 2161
 2117 2163
 2117 2162
 2118 2391
 2118 2163
 2119 2120
 2119 2164
 2120 2121
 2121 2166
 2121 2165
 2122 2123
 2122 2166
 2123 2168
 2123 2124
 2124 2215
 2124 2168
 2124 2125
 2125 2170
 2125 2126
 2126 2171
 2126 2170
 2127 2172
 2128 2172
 2129 2175
 2130 2176
 2131 2177
 2131 2176
 2132 2178
 2132 2177
 2133 2134
 2133 2178
 2134 2135
 2134 2180
 2135 2136
 2135 2180
 2136 2137
 2136 2183
 2136 2182
 2137 2138
 2138 2139
 2138 2184
 2139 2186
 2139 2184
 2139 2140
 2140 2187
 2140 2141
 2141 2230
 2141 2188
 2141 2187
 2142 2189
 2143 2144
 2143 2189
 2143 2190
 2144 2190
 2144 2192
 2145 2193
 2145 2146
 2145 2192
 2146 2193
 2147 2195
 2147 2194
 2148 2149
 2148 2196
 2148 2195
 2149 2196
 2149 2150
 2150 2151
 2150 2196
 2151 2198
 2151 2152
 2152 2199
 2152 2153
 2152 2198
 2153 2199
 2153 2154
 2154 2155
 2155 2201
 2156 2399
 2156 2201
 2157 2158
 2157 2399
 2158 2245
 2158 2159
 2158 2202
 2159 2204
 2160 2205
 2160 2204
 2160 2161
 2161 2207
 2161 2162
 2161 2205
 2162 2207
 2163 2209
 2163 2208
 2164 2210
 2164 2165
 2164 2209
 2165 2211
 2165 2252
 2165 2210
 2166 2167
 2166 2212
 2166 2211
 2167 2214
 2168 2215
 2168 2214
 2169 2216
 2169 2215
 2169 2170
 2170 2171
 2171 2172
 2171 2218
 2171 2217
 2172 2219
 2172 2218
 2175 2221
 2175 2220
 2176 2263
 2176 2222
 2176 2221
 2177 2223
 2177 2178
 2178 2266
 2178 2224
 2178 2179
 2178 2223
 2179 2225
 2180 2268
 2180 2226
 2180 2181
 2180 2225
 2181 2182
 2182 2270
 2182 2183
 2183 2270
 2183 2184
 2184 2228
 2184 2185
 2185 2274
 2185 2186
 2185 2229
 2185 2228
 2187 2275
 2187 2230
 2187 2229
 2188 2231
 2188 2230
 2189 2231
 2189 2190
 2190 2232
 2190 2233
 2190 2231
 2192 2234
 2192 2193
 2192 2233
 2193 2235
 2193 2194
 2194 2235
 2195 2282
 2195 2237
 2195 2196
 2196 2237
 2196 2197
 2197 2284
 2197 2198
 2197 2238
 2198 2240
 2198 2239
 2199 2241
 2199 2240
 2200 2241
 2200 2201
 2201 2399
 2201 2243
 2202 2245
 2203 2204
 2203 2245
 2204 2247
 2204 2205
 2205 2247
 2205 2206
 2206 2249
 2206 2207
 2207 2249
 2208 2249
 2209 2296
 2209 2251
 2209 2210
 2209 2391
 2210 2251
 2212 2254
 2212 2253
 2212 2213
 2213 2214
 2213 2254
 2214 2256
 2214 2215
 2215 2258
 2215 2257
 2215 2216
 2216 2217
 2216 2258
 2217 2218
 2218 2260
 2218 2259
 2219 2260
 2221 2307
 2221 2263
 2221 2262
 2222 2223
 2222 2263
 2223 2311
 2223 2265
 2224 2225
 2224 2267
 2224 2315
 2225 2268
 2225 2267
 2226 2270
 2226 2268
 2227 2271
 2227 2228
 2227 2270
 2228 2271
 2228 2272
 2229 2274
 2230 2275
 2231 2232
 2231 2276
 2232 2277
 2232 2233
 2233 2279
 2233 2234
 2234 2280
 2234 2235
 2235 2281
 2235 2236
 2236 2282
 2237 2283
 2237 2282
 2237 2238
 2238 2284
 2239 2346
 2239 2284
 2240 2241
 2240 2285
 2241 2288
 2241 2242
 2241 2286
 2242 2243
 2243 2244
 2243 2290
 2243 2288
 2243 2399
 2244 2245
 2244 2399
 2245 2290
 2245 2246
 2246 2247
 2246 2292
 2247 2293
 2247 2248
 2248 2249
 2249 2295
 2249 2294
 2249 2250
 2249 2293
 2250 2296
 2251 2252
 2251 2297
 2251 2296
 2252 2298
 2252 2253
 2253 2254
 2254 2299
 2254 2298
 2255 2301
 2255 2299
 2255 2256
 2256 2257
 2257 2302
 2257 2301
 2257 2258
 2258 2302
 2258 2259
 2259 2304
 2259 2260
 2260 2305
 2260 2304
 2263 2309
 2263 2264
 2263 2307
 2264 2311
 2264 2309
 2265 2313
 2265 2266
 2265 2311
 2266 2315
 2266 2313
 2267 2317
 2267 2315
 2268 2269
 2268 2317
 2269 2320
 2269 2318
 2269 2270
 2270 2322
 2270 2320
 2271 2272
 2271 2322
 2272 2273
 2272 2323
 2273 2326
 2273 2324
 2273 2274
 2274 2328
 2274 2275
 2274 2326
 2275 2329
 2275 2276
 2276 2331
 2276 2277
 2276 2329
 2277 2333
 2277 2331
 2277 2278
 2278 2335
 2278 2279
 2278 2333
 2279 2337
 2279 2280
 2279 2335
 2280 2339
 2280 2337
 2280 2281
 2281 2341
 2281 2282
 2281 2339
 2282 2342
 2283 2344
 2283 2284
 2283 2342
 2284 2346
 2284 2344
 2285 2348
 2285 2286
 2285 2346
 2286 2349
 2286 2287
 2287 2351
 2287 2288
 2287 2349
 2288 2353
 2288 2351
 2288 2289
 2289 2355
 2289 2290
 2289 2353
 2290 2357
 2290 2355
 2290 2291
 2291 2359
 2291 2292
 2291 2357
 2292 2361
 2292 2293
 2292 2359
 2293 2363
 2293 2294
 2293 2361
 2294 2365
 2294 2363
 2295 2367
 2295 2296
 2295 2365
 2296 2369
 2296 2367
 2297 2371
 2297 2298
 2297 2369
 2298 2373
 2298 2371
 2298 2299
 2299 2374
 2299 2373
 2300 2376
 2300 2301
 2300 2374
 2301 2378
 2301 2376
 2302 2380
 2302 2303
 2302 2378
 2303 2382
 2303 2304
 2303 2380
 2304 2384
 2304 2382
 2304 2305
 2400 2401
 2402 2403
 2404 2409
 2404 2406
 2405 2407
 2405 2409
 2407 2408
 2408 2409
 2408 2410
 2410 2411
