    2  126
    2   82
    3   82
    4   83
    4   82
    6   84
    6   83
    8   84
    9   86
    9   85
   11  130
   11   87
   11   86
   13   87
   14   88
   14   89
   16  132
   16   90
   16   89
   18   91
   18   90
   19   92
   21   93
   21   92
   22   93
   23   94
   23   93
   25   94
   25   95
   27   96
   27   95
   28   96
   29   97
   29   96
   31   98
   31   97
   33  140
   33   99
   33   98
   34  100
   34   99
   36  101
   36  100
   38  102
   38  101
   39  102
   40  102
   40  103
   42  146
   42  104
   42  103
   44  105
   44  104
   46  106
   46  105
   48  106
   48  107
   50  150
   50  108
   50  107
   52  108
   53  110
   53  109
   55  111
   55  110
   57  153
   57  111
   57  112
   59  112
   59  113
   61  113
   61  114
   62  114
   62  115
   64  115
   64  116
   66  117
   66  116
   67  117
   68  118
   68  117
   70  119
   70  118
   71  120
   71  119
   73  121
   73  120
   75  122
   75  121
   77  123
   77  122
   79  165
   79  123
   81  126
   82  127
   82  126
   83  128
   83   84
   84   85
   85 2209
   85  129
   85   86
   87   88
   87  130
   88  174
   88   89
   88  173
   88  131
   90   91
   90  132
   91  134
   91   92
   91  133
   93  136
   93   94
   93  135
   94  137
   94   95
   96  182
   96  181
   96   97
   96  138
   97   98
   98  140
   98  139
   99  141
   99  140
  100  101
  101  102
  101  142
  102  144
  102  143
  103  146
  103  144
  104  147
  104  105
  105  106
  106  147
  106  107
  107  150
  107  148
  108  193
  108  109
  108  150
  109  110
  109  193
  110  195
  110  194
  110  151
  110  152
  110  111
  111  153
  112  113
  112  153
  113  155
  113  154
  114  115
  115  116
  115  155
  115  157
  117  159
  117  158
  117  118
  118  119
  119  161
  119  160
  120 2208
  120  121
  121 2208
  121  122
  122  162
  122  123
  123  165
  123  164
  123  163
  124  165
  125  168
  126  169
  126  168
  126  127
  127  128
  127  169
  128 2209
  129  130
  129 2209
  130  131
  130  172
  131  173
  131  172
  132  133
  132 2217
  132  174
  133 2217
  133  134
  133  175
  134  135
  135  178
  135  177
  135  136
  136 2212
  136  137
  136  178
  137  138
  137 2212
  137  179
  138  179
  139  224
  139  183
  139  140
  139  182
  140  141
  140  183
  141  185
  141  142
  142  186
  142  143
  143  188
  143  144
  143  187
  144  188
  145  190
  145  146
  146  230
  146  147
  146  190
  147  148
  147  232
  147  231
  147  230
  148  149
  149  191
  150  234
  150  193
  150  192
  152  195
  153  238
  153  154
  153  196
  154  239
  154  197
  154  155
  154  238
  155  197
  155  156
  156  198
  156  284
  156  157
  156  241
  157  158
  157  198
  158  201
  158  159
  158  200
  159  202
  159  160
  160  161
  160  202
  162  204
  162  205
  162  163
  162 2208
  164  206
  164  165
  164  205
  165  208
  165  207
  168  209
  168  211
  168  210
  168  169
  169  212
  169  253
  169  211
  169  170
  170 2209
  171 2209
  171  172
  171  213
  171  214
  172  214
  172  173
  173  215
  173  214
  175  218
  175  217
  175 2217
  176  177
  176  218
  177  220
  177  178
  178 2212
  178  262
  178  220
  179  221
  179 2212
  180  181
  181  267
  181  223
  181  222
  181  182
  182  224
  183  225
  183  224
  185  271
  185  186
  185  225
  186  226
  186  187
  187  227
  187  226
  187  188
  188  189
  188  228
  188  227
  189  228
  190  230
  190  229
  191  192
  191  233
  191  232
  192  277
  192  233
  192  234
  193  236
  193  234
  194  195
  194  236
  195  237
  195  196
  197  240
  197  239
  198  285
  198  242
  198  284
  199  200
  200  243
  200  201
  200  242
  201  243
  201  202
  202  288
  202  245
  202  203
  202  244
  203  290
  203 2208
  204  247
  204  205
  204  246
  205  248
  205  206
  205  247
  206  249
  206  248
  206  207
  207  293
  207  250
  207  249
  209  252
  210  252
  210  211
  211  253
  212  255
  212  253
  213  256
  213  255
  213 2209
  214  257
  214  256
  215  258
  215  216
  216 2253
  216 2217
  217  260
  217 2217
  217 2253
  218  219
  219  220
  219  261
  220  262
  220  261
  221  222
  222  265
  223  268
  223  224
  223  267
  224  270
  224  269
  224  268
  226  272
  226  227
  226  271
  227  273
  227  272
  228  273
  230  317
  230  316
  230  274
  230  231
  231  275
  231  317
  232  275
  233  277
  233  276
  234  278
  234  277
  235  236
  235  279
  236  237
  237  321
  237  280
  237  238
  237  279
  238  282
  238  239
  239  282
  240  283
  243  328
  243  244
  243  287
  244  329
  244  328
  244  288
  245  330
  245  289
  246  291
  246  247
  246  290
  246 2208
  247  248
  247  291
  248  249
  249  292
  250  293
  252  295
  253  297
  253  254
  254  298
  254  297
  254  255
  255  299
  255  298
  255  256
  256  340
  256  300
  256  257
  256  299
  257  300
  257  301
  258  302
  258  301
  258  259
  260 2253
  260  346
  260  304
  260  303
  261  305
  261  262
  261  304
  262  306
  262  305
  263  306
  263 2212
  264 2212
  264  265
  265  307
  265  266
  266  309
  266  267
  266  308
  267  309
  267  268
  268  269
  268  309
  269  270
  269  310
  270  271
  271  313
  271  312
  272  313
  272  273
  273  314
  273  274
  273  313
  274  314
  275  318
  275  317
  276  359
  277  359
  277  278
  278  360
  278  319
  278  359
  279  320
  279  319
  280  362
  280  281
  280  322
  280  321
  281  322
  281  282
  282  323
  282  283
  283  284
  283  324
  284  285
  285  326
  285  286
  285  325
  286  287
  286  327
  288  330
  288  329
  290  332
  290  331
  291  333
  291  332
  292  334
  293  335
  293  334
  295  296
  296  337
  296  336
  296  297
  297  338
  297  337
  297  298
  298  338
  298  299
  299  340
  300  377
  300  341
  300  340
  301  343
  301  302
  302  303
  303  346
  303  345
  303  344
  303 2253
  304  347
  304  305
  305  348
  305  347
  306  384
  306  349
  307  308
  307  350
  307  349
  308  350
  309 2222
  309  352
  309  351
  309  310
  310  387
  310  353
  311  312
  312  388
  313 2230
  313  354
  313  390
  313  314
  314  355
  314  354
  314  356
  315  357
  315  316
  316  393
  316  357
  316  317
  317  318
  317  393
  319  361
  320  398
  320  361
  320  321
  321  398
  322  323
  322  363
  322  362
  323  364
  323  363
  323  324
  324  365
  324  364
  325  404
  325  326
  325  365
  326  366
  326  404
  327  405
  327  328
  327  366
  328  407
  328  329
  328  367
  329  368
  329  407
  330  331
  331  332
  331  369
  332  411
  332  410
  332  333
  332  369
  333  411
  333  334
  333  370
  334  412
  334  371
  334  370
  335  371
  337  415
  337  374
  337  373
  337  338
  338  374
  338  339
  339  417
  340  376
  340  377
  341  378
  341  342
  341  377
  342  419
  342  379
  342  343
  343  344
  344  381
  344  380
  345  346
  345  382
  345  381
  346  347
  347  383
  347  382
  348  423
  348  384
  350  351
  350  386
  350  385
  352  426
  352  467
  352  387
  352 2222
  353  427
  353  388
  354  391
  354  430
  354  390
  355  392
  355  391
  357  433
  357  393
  357  392
  358  359
  359  395
  359  360
  360  436
  360  396
  360  395
  361  398
  362  399
  362  400
  362  363
  362  398
  363  401
  363  400
  364  365
  364  401
  366  404
  367  406
  367  407
  367  405
  368  409
  368  369
  369  410
  369  409
  370  411
  371  413
  373  415
  374  375
  374  415
  375  456
  375  417
  376  418
  376  377
  376  417
  377  457
  377  378
  378  458
  378  419
  378  457
  379  420
  379  380
  379  419
  381  382
  381  421
  382  462
  382  421
  382  383
  383  463
  383  423
  383  422
  384  424
  384  423
  385  386
  385  425
  385  424
  386 2223
  386  425
  387 2232
  387  427
  387  467
  388  389
  388  427
  389  390
  389 2230
  389  428
  390  429
  390  430
  391  431
  391  432
  392  433
  393  394
  393  434
  393  433
  394  395
  395  436
  395  435
  396  437
  396  397
  396  436
  398  439
  399  441
  399  440
  399  400
  400  442
  400  441
  401  442
  402  403
  403  404
  403  481
  404  444
  404  443
  405 2240
  405  444
  406 2240
  406  407
  406  446
  406  445
  407  446
  407  408
  408  409
  408  447
  408  448
  408  446
  409  410
  409  448
  410  450
  410  411
  411 2210
  411  450
  412  491
  412  490
  412  451
  412 2210
  412  413
  414  415
  414  453
  415  416
  415  453
  417  418
  418  498
  418  457
  419  459
  419  458
  420  421
  421  461
  422  504
  422  462
  422  463
  423  464
  423  465
  423  463
  425 2223
  425  466
  425  426
  426 2222
  426  509
  426  508
  426  467
  426  466
  427 2231
  427 2232
  428  429
  428  468
  429  514
  429  470
  429  469
  429  430
  430  515
  430  514
  430  431
  431  471
  431  515
  433  434
  433  473
  434  475
  434  473
  435  520
  435  476
  435  436
  435  475
  436  476
  437  522
  437  438
  438  439
  439  477
  439  440
  440  441
  440  478
  441  525
  441  479
  441  480
  442  481
  442  480
  443  484
  443  444
  443  483
  443  482
  445  531
  445  446
  445  485
  446  486
  446  531
  447  448
  447  486
  448  487
  448  449
  449  450
  449  488
  450 2210
  451  491
  453  493
  453  494
  454  455
  455  456
  455  495
  455  494
  455  496
  456  497
  457  499
  457  458
  458  500
  458  459
  459  501
  459  460
  459  545
  459  500
  460  461
  461  462
  461  502
  462  504
  462  503
  463  505
  463  504
  464  506
  464  505
  465  466
  466  508
  466  507
  467 2232
  467  510
  467  509
  468  512
  469  512
  470  513
  470  514
  471  472
  471  516
  471  517
  472  518
  472  473
  473  474
  473  519
  473  518
  474  520
  474  475
  476  562
  476  521
  476  520
  477  478
  477  523
  477  522
  478  479
  478  523
  478  524
  479  524
  479  565
  479  525
  480  526
  480  525
  481  482
  481 2246
  482  528
  482 2246
  482  483
  483  529
  483  528
  484 2240
  485  572
  485  531
  485  530
  486  532
  486  531
  488  534
  488  533
  489 2210
  489  576
  489  535
  490  577
  490  537
  490 2210
  491  538
  493  540
  493  494
  494  540
  495  581
  495  541
  495  496
  495  540
  496  541
  496  497
  497  583
  497  541
  498  542
  498  583
  499  542
  500  544
  500  545
  500  543
  501  546
  502  546
  502  503
  503  504
  503  548
  503  547
  504  548
  504  549
  505  550
  505  549
  506  507
  507  551
  508  552
  508  509
  509  553
  509  552
  510  554
  510  553
  511 2231
  511  555
  511  554
  511  512
  512  555
  512  513
  513  556
  514  557
  514  515
  515  600
  515  516
  515  558
  515  557
  516  559
  516  558
  518  560
  518  519
  518  559
  519  561
  519  560
  520  605
  520  562
  520  561
  521  522
  521  563
  523  564
  523  563
  524  564
  524  565
  525  566
  525  565
  526  567
  526  527
  527 2247
  527  568
  528 2246
  528  569
  528  529
  529  571
  529  569
  529  530
  530 2240
  531  573
  531  572
  532  574
  532  533
  533  575
  533  574
  533  534
  534  576
  534  575
  535  621
  535  536
  535  576
  536  621
  536  577
  536 2211
  537  578
  537  538
  537  577
  539  580
  540  580
  540  581
  541  583
  541  581
  542  543
  542  584
  542  583
  543  584
  543  585
  543  544
  544  586
  544  545
  545  587
  545  546
  545  586
  546  547
  547  589
  547  590
  547  548
  548  549
  548  590
  549  592
  549  591
  550  551
  551  594
  551  552
  551  593
  552  595
  552  594
  552  553
  553  596
  553  595
  555  598
  555  597
  555  556
  556  641
  556  599
  556  598
  557  600
  557  642
  557  599
  558  601
  558  600
  560  603
  560  561
  560  602
  562  606
  562 2236
  562  605
  563  606
  564  609
  564  565
  564  608
  565  610
  565  566
  566  611
  566  610
  566  567
  567  613
  567  568
  568 2246
  569  570
  569  614
  569  615
  570  615
  570  571
  570  616
  571  657
  571  572
  572  617
  572  657
  572  573
  573  574
  573  617
  574  575
  574  617
  575  620
  575  576
  575  618
  576  621
  577  578
  577  621
  578  622
  579  580
  579  625
  580  581
  581  582
  581  625
  582  627
  582  583
  583  627
  584  585
  584  628
  585  630
  586  630
  586  587
  587  588
  587  630
  588  589
  588  631
  589  590
  589  632
  589  633
  590  634
  590  591
  590  633
  591  635
  592  636
  593  679
  593  636
  594  595
  594  680
  595  682
  595  637
  595  638
  596  639
  596  638
  597  639
  598  641
  598  640
  599  685
  599  641
  600  686
  600  643
  600  642
  601  602
  602  644
  602  645
  602  603
  603  604
  603  645
  604  688
  604  646
  604  645
  605 2236
  605  647
  605  646
  606  607
  607  608
  607  649
  608  650
  608  691
  609  651
  610  652
  610  651
  610  611
  611  612
  611  653
  611  652
  612  653
  612  613
  613  654
  613  653
  614  655
  614  654
  615  656
  615  655
  615  616
  616  696
  616  657
  616  656
  617  659
  617  658
  617  657
  618  698
  618  660
  619  661
  619  699
  620  662
  622  664
  622  663
  623  664
  625  666
  625  668
  627  706
  627  670
  627  669
  629  670
  630  673
  630  672
  630  631
  631  632
  631  673
  632  674
  632  633
  632  673
  633  675
  633  674
  634  676
  634  675
  635  677
  635  636
  636  679
  636  677
  637  681
  637  682
  637  680
  638 2254
  638  682
  639  640
  640  683
  641  724
  641  684
  641  685
  642  686
  642  685
  643  727
  643  726
  643  644
  645  687
  645  688
  647  732
  647  648
  647  689
  647 2236
  648  649
  648  733
  648  732
  648 2236
  649  650
  650  690
  651  735
  651  652
  651  692
  651  691
  652  653
  652  692
  653  693
  655  695
  655  694
  656  740
  656  696
  656  695
  657 2237
  657  696
  658  697
  658 2237
  659  698
  659  743
  660  744
  660  699
  660  698
  661  700
  661  662
  661  699
  662  745
  662  700
  662  663
  663  746
  663  701
  663  745
  663  664
  664  702
  664  701
  666  667
  666  704
  667  704
  667  668
  667  705
  668  751
  668  669
  668  705
  669  751
  669  706
  670  707
  670  671
  670  706
  671  708
  671  672
  671  707
  672  708
  672  709
  673  710
  673  709
  674  712
  674  710
  674  711
  674  675
  675  712
  676  714
  676  677
  677  715
  677  714
  678  716
  679  680
  679  716
  680  716
  680  717
  681  719
  681  682
  681  718
  682  719
  682  720
  683  723
  683  722
  683  721
  684  723
  685  725
  685  686
  686  725
  686  726
  687  688
  687  728
  687  727
  688  730
  688  689
  688  729
  689  732
  690  777
  690  734
  690  733
  691  734
  692  780
  692  737
  692  736
  693  738
  693  694
  695  782
  695  740
  695  739
  696  741
  696 2237
  696  740
  697  742
  697 2237
  697  743
  698  743
  699  788
  699  700
  699  744
  700  745
  701  747
  701  791
  701  746
  703  749
  704  749
  705  751
  705  750
  705  749
  706  752
  706  707
  706  751
  707  753
  707  708
  708  754
  708  709
  708  753
  709  756
  709  710
  710  711
  711  757
  711  712
  712  801
  712  757
  712  758
  712  713
  713  759
  713  758
  713  714
  714  759
  715  761
  716  717
  717  805
  717  718
  717  762
  718  762
  718  763
  718  719
  719  763
  720  807
  720 2254
  720  763
  721 2254
  722  766
  722  723
  722  765
  723  810
  723  767
  723  766
  724  767
  725  813
  725  769
  725  726
  725  768
  726  770
  726  769
  728  772
  728  729
  728  771
  729  772
  729  730
  730  731
  730  772
  731  774
  731  773
  731  732
  732  775
  732  774
  734  735
  734  777
  735  779
  735  736
  735  778
  736  780
  736  779
  737  781
  738  826
  738  739
  738  781
  739  826
  739  782
  740  783
  740  782
  741  785
  741 2237
  741  784
  742 2237
  742  786
  742  785
  743  786
  744  831
  744  787
  744  786
  745  746
  745  789
  746  790
  747  791
  749  793
  749  794
  749  750
  750  751
  750  794
  751  796
  752  841
  753  754
  753  797
  753  841
  754  755
  754  798
  755  799
  756  757
  756  799
  757  800
  758  847
  758  802
  758  801
  759  802
  759  760
  760  804
  760  761
  762  850
  762  763
  762  806
  763  806
  764  765
  764  807
  764 2254
  765  808
  766  810
  766  809
  767  811
  767  768
  767  810
  768  813
  768  811
  769  815
  769  814
  770  771
  771  816
  772 2258
  772  773
  772  817
  772  818
  773  819
  773  774
  774  820
  774  819
  775  821
  775  776
  776  777
  777  778
  777  822
  778  823
  779  780
  779  824
  780 2248
  780  825
  780  824
  781 2259
  781  826
  781 2248
  782  827
  782  783
  782  826
  783  828
  783  784
  784  829
  785  874
  785  786
  785  830
  786  831
  787  832
  787  831
  788  832
  789  833
  791  835
  791  834
  792  835
  793  794
  793  838
  794  795
  796  884
  796  840
  798  843
  799  845
  799  844
  800  889
  800  846
  800  845
  800  801
  801  847
  801  846
  802  803
  802  848
  803  804
  804  849
  804  805
  805  849
  806  851
  806  807
  806  850
  807  852
  808  853
  808  809
  810  811
  810  854
  811  855
  811  812
  812  900
  812  856
  812  813
  812  855
  813  856
  813  814
  814  901
  814  857
  815  816
  815  858
  816  817
  817  859
  818  860
  818  819
  818 2258
  819  860
  819  861
  820  863
  820  821
  821  822
  822  823
  822  863
  823  824
  823  864
  824  825
  824  865
  825  866
  825  868
  826  827
  826 2259
  827  871
  827  828
  827  870
  828  871
  829  830
  829  871
  830  873
  831  832
  831  874
  832  877
  832  876
  832  833
  832  875
  833  918
  833  878
  833  877
  833  834
  834  835
  834  878
  835  880
  835  879
  838  923
  838  881
  838  839
  839  840
  839  882
  840  925
  840  883
  840  884
  841  842
  842  886
  842  843
  843  929
  843  887
  843  886
  844  887
  845  889
  845  888
  846  890
  846  847
  847  890
  847  891
  848  893
  848  891
  849  894
  849  893
  850  895
  850  851
  850  894
  851  896
  851  895
  852  897
  853  898
  853  854
  853  897
  855  900
  855  941
  855  899
  856  901
  856  900
  857  858
  858  902
  858  859
  859  903
  859 2258
  860 2258
  860  947
  860  905
  860 2257
  861  905
  861  862
  862  906
  862  863
  863  907
  863  864
  864  865
  865  907
  865  866
  866  867
  866  908
  867  953
  867  868
  867  910
  867  909
  868 2249
  868  910
  868  869
  869 2259
  869 2249
  869  911
  869  910
  870  956
  870  912
  871  872
  871  913
  872  915
  872  914
  873  874
  873  915
  874  916
  874  875
  875 2225
  875  876
  876  877
  876 2225
  877  918
  878  919
  878  879
  878  918
  879  921
  879  920
  879  919
  881  923
  882  883
  882  925
  882  924
  882  923
  883  925
  884  926
  884  885
  884  925
  885  886
  886  927
  887  930
  887  929
  888  930
  889  931
  889  890
  890  975
  890  891
  890  932
  891  932
  891  892
  892  934
  892  893
  892  933
  893  894
  893  935
  893  934
  894  895
  895  979
  895  936
  895  935
  896  938
  897  898
  897  938
  898  899
  898  940
  898  939
  900  942
  900  901
  901  943
  901  902
  902  903
  903  944
  903  904
  904  947
  904 2257
  904  945
  905  949
  906  907
  906  949
  906  951
  907  908
  908  909
  908  951
  909  952
  909  953
  910  911
  910  954
  910  953
  911  955
  911 2259
  912  955
  912 2259
  913  998
  913  957
  913  956
  914  958
  914  957
  916  961
  916  959
  917  961
  917 2225
  918  919
  918  963
  919 2214
  919  964
  919  920
  919  963
  920  965
  921  965
  923  968
  923  967
  924  969
  924  968
  925  970
  925  926
  925  969
  926 1012
  926  971
  926  927
  926  970
  927  971
  927  928
  928 1013
  928  929
  928  972
  928  971
  929  972
  929  930
  930  973
  930  972
  931  975
  931  974
  932  976
  932  933
  933 1018
  933  977
  933  976
  934  978
  934  977
  936  980
  936  937
  936  979
  937  938
  938  939
  938  981
  939  940
  939  982
  940  983
  940  984
  940  941
  941  942
  942  943
  942  986
  943  944
  943  986
  944  945
  944  987
  945  988
  945  946
  946  989
  946  988
  946  947
  947 2257
  947  990
  947  989
  947  948
  948  949
  948  991
  948  990
  949 1033
  949  991
  949  950
  950  992
  950  951
  950 1033
  951  992
  951  993
  951  952
  952 1036
  952 1035
  952  953
  952  994
  952  993
  953  994
  954  996
  954  995
  955  997
  955  996
  956  997
  957  999
  958  959
  959 1042
  959  960
  959  999
  960 1001
  960 1000
  960  961
  961 1002
  961 1001
  962 2225
  962 1003
  962  963
  963 2214
  964 1006
  964  965
  964 2214
  965 1007
  965 1006
  967 1009
  968 1052
  968 1009
  968 1010
  969 1052
  969 1011
  970 1012
  970 1011
  971 1013
  971 1012
  972 1056
  972 1014
  972  973
  973 1016
  973  974
  973 1015
  973 1014
  975 1017
  975 1059
  975 1016
  976 1018
  976 1017
  977 1019
  977 1018
  977  978
  978 1020
  978 1019
  979 1021
  979  980
  979 1020
  980 1022
  980  981
  981  982
  981 1023
  982 1024
  983  984
  983 1024
  984 1026
  984  985
  985  986
  985 1026
  986 1070
  986 1071
  986 1028
  986 1027
  987 1073
  987 1072
  987 1029
  987 1028
  988 1030
  988  989
  988 1029
  989 1030
  989  990
  989 1031
  990 1031
  990  991
  991 1033
  992 1034
  992 1033
  993 1034
  993 1035
  994 1081
  994 1037
  994  995
  994 1036
  995 1037
  995  996
  996 1038
  997 1039
  998 1041
  999 1041
  999 1086
  999 1042
 1000 1043
 1000 1001
 1000 1042
 1001 1002
 1001 1043
 1002 1044
 1002 2224
 1003 2224
 1003 1047
 1004 2214
 1005 2216
 1005 2214
 1006 1050
 1006 1049
 1009 1096
 1009 1051
 1010 1096
 1010 1052
 1011 1053
 1011 1012
 1011 1052
 1012 1055
 1012 1053
 1013 1056
 1013 1100
 1014 1015
 1014 1056
 1015 1102
 1015 1058
 1015 1016
 1016 1059
 1016 1058
 1017 1060
 1017 1018
 1017 1059
 1018 1019
 1018 1060
 1019 1062
 1019 1020
 1020 1064
 1020 1062
 1020 1021
 1021 1065
 1022 1066
 1022 1023
 1022 1065
 1023 1024
 1023 1067
 1024 1025
 1025 1067
 1025 1026
 1026 1027
 1026 1069
 1026 1068
 1027 1069
 1027 1070
 1028 1117
 1028 1072
 1028 1071
 1029 1030
 1029 1074
 1029 1073
 1030 1075
 1030 1074
 1031 1032
 1031 1075
 1032 1077
 1032 1033
 1032 1076
 1033 1078
 1033 1034
 1034 1078
 1035 1080
 1035 1036
 1036 1081
 1037 1083
 1037 1082
 1037 1081
 1038 1083
 1038 1039
 1039 1040
 1039 1085
 1040 1041
 1041 1133
 1041 1085
 1041 1086
 1042 1043
 1042 1086
 1043 1044
 1043 1087
 1045 1089
 1045 1046
 1045 2224
 1046 1091
 1046 1047
 1046 1090
 1047 1091
 1047 1048
 1048 2216
 1048 1092
 1048 1091
 1048 2215
 1049 2216
 1049 1093
 1049 1050
 1049 1092
 1050 1093
 1051 1096
 1052 1097
 1053 1054
 1053 1098
 1054 1099
 1054 1055
 1055 1100
 1055 1147
 1056 1149
 1056 1057
 1056 1101
 1057 1102
 1058 1103
 1058 1059
 1059 1103
 1059 1104
 1060 1061
 1060 1105
 1061 1107
 1062 1109
 1062 1107
 1062 1063
 1062 1108
 1063 1064
 1063 1110
 1063 1109
 1064 1158
 1064 1110
 1064 1111
 1064 1065
 1065 1111
 1065 1066
 1066 1113
 1066 1112
 1066 1067
 1066 1111
 1067 1068
 1067 1113
 1068 1113
 1068 1114
 1068 1069
 1069 1115
 1069 1070
 1069 1114
 1070 1071
 1071 1117
 1072 1118
 1072 1073
 1073 1074
 1073 1118
 1074 1119
 1074 1120
 1075 1121
 1075 1076
 1076 1122
 1077 1124
 1077 1078
 1078 1125
 1078 1079
 1079 1127
 1079 1125
 1080 1127
 1080 1081
 1081 1128
 1081 1082
 1082 1083
 1082 1129
 1082 1130
 1083 1131
 1083 1084
 1084 1132
 1084 1085
 1085 1132
 1085 1133
 1086 1134
 1087 1136
 1088 1089
 1088 1137
 1089 1090
 1089 1137
 1089 1138
 1090 1091
 1090 1138
 1090 1139
 1091 1140
 1091 1092
 1092 1141
 1092 1093
 1092 2216
 1093 1094
 1094 1141
 1095 1144
 1097 1144
 1098 1146
 1099 1147
 1099 1146
 1100 1149
 1100 1148
 1101 1150
 1102 1151
 1102 1150
 1103 1152
 1103 1104
 1103 1151
 1104 1105
 1104 1152
 1105 1106
 1106 1154
 1107 2250
 1107 1154
 1108 1155
 1108 1109
 1109 1110
 1109 1155
 1110 1158
 1110 1156
 1111 1159
 1111 1112
 1111 1158
 1112 1159
 1112 1113
 1113 1160
 1113 1162
 1113 1114
 1114 1115
 1114 1162
 1115 1163
 1115 1164
 1116 1117
 1116 1164
 1116 1165
 1117 1166
 1117 1118
 1118 1119
 1118 1166
 1119 1120
 1120 1167
 1120 1121
 1121 1122
 1121 1168
 1122 1123
 1123 1124
 1123 1169
 1124 1125
 1124 1171
 1125 1172
 1125 1171
 1126 1127
 1126 1173
 1126 1172
 1127 1128
 1128 1174
 1128 1129
 1129 1216
 1129 2256
 1129 1130
 1130 1175
 1130 1216
 1130 1131
 1131 1132
 1131 1175
 1132 1176
 1132 1175
 1132 1177
 1133 1134
 1133 1178
 1134 1135
 1134 1179
 1135 1136
 1135 1180
 1136 1137
 1137 1181
 1137 1180
 1138 1182
 1138 1181
 1139 1184
 1141 1227
 1141 1226
 1141 1185
 1141 1184
 1143 1187
 1143 1144
 1144 1187
 1144 1145
 1144 1188
 1145 1189
 1145 1146
 1145 1188
 1147 1190
 1148 1191
 1149 1191
 1150 1193
 1150 2235
 1150 1151
 1150 1192
 1151 1193
 1151 1152
 1152 1153
 1153 1195
 1154 2250
 1154 1196
 1155 2250
 1155 1156
 1155 1197
 1156 1197
 1156 1157
 1157 1199
 1157 1158
 1158 2260
 1159 1160
 1159 2260
 1160 1161
 1160 1200
 1161 1202
 1161 1162
 1161 1201
 1162 1202
 1162 1163
 1163 1164
 1164 1203
 1165 1166
 1165 1204
 1166 1207
 1166 1167
 1166 1206
 1167 1207
 1167 1168
 1168 1169
 1168 1208
 1169 2251
 1169 1209
 1169 1170
 1170 1210
 1171 1211
 1171 1210
 1171 1172
 1172 1211
 1173 1213
 1173 1214
 1174 2256
 1174 1214
 1174 1215
 1175 1176
 1175 1217
 1175 1216
 1176 1263
 1176 1217
 1176 1218
 1177 1218
 1177 1178
 1178 1219
 1179 1266
 1179 1265
 1179 1220
 1179 1180
 1179 1219
 1180 1221
 1181 1223
 1181 1221
 1182 1224
 1182 1183
 1183 1225
 1183 1224
 1183 1184
 1184 1226
 1184 1225
 1185 1227
 1187 1230
 1187 1229
 1188 1231
 1188 1189
 1189 1232
 1189 1190
 1189 1231
 1190 1277
 1190 1279
 1190 1191
 1190 1278
 1190 1232
 1191 1279
 1191 1192
 1191 1233
 1192 1233
 1192 1234
 1192 2235
 1193 2235
 1193 1236
 1193 1194
 1194 1237
 1194 1195
 1195 1284
 1195 1196
 1195 1238
 1196 1285
 1196 1239
 1196 1238
 1197 1239
 1197 1240
 1197 2250
 1198 1241
 1198 1199
 1198 1240
 1199 2260
 1199 1241
 1200 1201
 1200 1243
 1200 2260
 1201 1245
 1202 1246
 1202 1203
 1202 1247
 1203 1204
 1203 1247
 1204 1248
 1204 1205
 1205 1206
 1206 1207
 1206 1251
 1206 1250
 1207 1252
 1207 1297
 1207 1251
 1208 1253
 1209 1210
 1209 1254
 1210 1256
 1210 1257
 1210 1211
 1211 1258
 1211 1212
 1212 1213
 1213 1259
 1213 1214
 1214 1215
 1215 1260
 1216 2256
 1216 1261
 1216 1262
 1216 2255
 1217 1263
 1217 1262
 1218 1308
 1218 1264
 1218 1219
 1218 1263
 1219 1265
 1219 1264
 1220 1310
 1220 1267
 1220 1221
 1220 1266
 1221 1267
 1221 1222
 1222 1268
 1222 1223
 1222 1267
 1223 1268
 1223 1224
 1224 1270
 1224 1268
 1225 1270
 1225 1271
 1227 1272
 1228 1273
 1230 1276
 1230 1318
 1230 1275
 1230 1231
 1231 1276
 1231 1232
 1232 1276
 1233 1234
 1233 1281
 1233 1279
 1234 1282
 1234 2235
 1235 2235
 1235 1236
 1237 1283
 1238 1285
 1239 2250
 1239 1286
 1239 1240
 1240 1286
 1241 2241
 1241 1288
 1241 1242
 1242 1288
 1242 2260
 1242 1243
 1243 1244
 1244 1245
 1244 1289
 1245 1291
 1245 1246
 1246 1247
 1247 1291
 1247 1292
 1248 1249
 1248 1292
 1249 1295
 1249 1293
 1249 1250
 1250 1296
 1250 1251
 1250 1295
 1251 1297
 1252 1298
 1252 1297
 1252 1253
 1253 2252
 1253 1298
 1254 1255
 1256 1301
 1256 1257
 1256 1300
 1257 1302
 1257 1301
 1257 1258
 1258 1303
 1258 1302
 1258 1259
 1259 1305
 1259 1304
 1260 1306
 1260 1305
 1260 1261
 1260 2255
 1261 2255
 1261 1306
 1262 2261
 1263 1349
 1263 1348
 1263 1308
 1264 1265
 1264 1308
 1265 1266
 1266 1309
 1267 1312
 1267 1268
 1267 1310
 1268 1313
 1268 1269
 1269 1270
 1269 1313
 1270 1354
 1270 1314
 1270 1313
 1271 1356
 1271 1314
 1271 1272
 1272 1315
 1272 1273
 1272 1356
 1273 1316
 1273 1315
 1273 1274
 1275 1318
 1276 1277
 1276 1318
 1276 1319
 1276 1360
 1277 1320
 1277 1278
 1278 1279
 1279 1321
 1279 1280
 1280 1365
 1280 1322
 1282 1283
 1282 1322
 1283 1324
 1283 1284
 1283 1325
 1284 1325
 1285 1369
 1285 1327
 1285 1286
 1285 1326
 1286 1327
 1286 1287
 1287 2241
 1287 1328
 1288 1372
 1288 1330
 1288 2241
 1289 1290
 1289 1330
 1290 1332
 1290 1331
 1291 1376
 1291 1375
 1291 1292
 1291 1332
 1292 1377
 1292 1333
 1292 1376
 1293 1333
 1294 1333
 1295 1379
 1295 2245
 1295 1334
 1296 1335
 1296 1297
 1297 1336
 1297 1298
 1298 1337
 1298 1336
 1299 1337
 1299 1338
 1299 1300
 1299 2252
 1300 1301
 1300 1338
 1301 1341
 1301 1340
 1302 1341
 1303 1343
 1304 1305
 1304 1343
 1305 1344
 1305 1306
 1305 1345
 1306 1345
 1306 2261
 1307 2261
 1307 1348
 1308 1309
 1308 1349
 1309 1310
 1309 1350
 1310 1311
 1311 1312
 1311 1351
 1312 1352
 1312 1313
 1313 1354
 1314 1356
 1314 1354
 1315 1358
 1315 1357
 1315 1356
 1318 1360
 1318 1359
 1320 1362
 1321 1363
 1322 1366
 1322 1323
 1322 1365
 1323 1410
 1323 1367
 1323 1324
 1323 1366
 1325 1412
 1325 1326
 1325 1368
 1326 1413
 1326 1412
 1326 1369
 1327 1328
 1327 1369
 1328 1329
 1329 1371
 1329 1370
 1330 1331
 1330 1372
 1331 1374
 1332 1375
 1333 1378
 1333 2245
 1333 1377
 1334 1380
 1335 1336
 1335 1380
 1336 1381
 1336 1337
 1337 2252
 1337 1426
 1337 1382
 1337 1381
 1338 1339
 1338 1383
 1338 1382
 1340 1430
 1340 1429
 1340 1341
 1340 1384
 1341 1342
 1341 1430
 1342 1385
 1342 1343
 1343 1386
 1344 1387
 1344 1388
 1344 1345
 1345 1389
 1345 1388
 1346 1347
 1346 1389
 1346 2261
 1347 1391
 1347 1348
 1348 1349
 1348 1392
 1349 1393
 1349 1392
 1350 1394
 1350 1393
 1351 1395
 1352 1396
 1353 2228
 1353 1354
 1353 1396
 1354 1355
 1354 1397
 1355 1356
 1355 1398
 1356 1399
 1356 1357
 1357 1358
 1357 1400
 1358 1401
 1360 1403
 1361 1404
 1361 1362
 1362 1406
 1362 1363
 1362 1405
 1363 1408
 1363 1364
 1364 1365
 1364 1408
 1366 1450
 1366 1409
 1367 1411
 1367 1368
 1367 1410
 1369 1414
 1369 1413
 1370 1414
 1371 1416
 1371 1372
 1371 2241
 1372 2241
 1372 1416
 1372 1417
 1373 1374
 1373 1417
 1374 1418
 1375 1419
 1376 1420
 1376 1377
 1376 1419
 1377 1421
 1377 1420
 1378 1422
 1379 2245
 1379 1380
 1379 1424
 1379 2244
 1380 1425
 1381 1426
 1381 1425
 1382 1427
 1382 1426
 1383 2243
 1383 1428
 1383 1427
 1384 1429
 1384 1428
 1385 1474
 1386 1432
 1386 1431
 1386 1387
 1387 1433
 1387 1432
 1387 1388
 1388 1433
 1388 1389
 1389 1434
 1390 1434
 1390 1391
 1391 1436
 1391 1392
 1392 1437
 1392 1393
 1393 1438
 1393 1437
 1394 1439
 1394 1395
 1395 1440
 1395 1439
 1395 1396
 1396 2226
 1396 1440
 1397 1441
 1398 1442
 1399 1442
 1400 1443
 1401 1444
 1403 1404
 1404 1489
 1404 1446
 1404 1445
 1404 1405
 1404 1447
 1405 1447
 1405 1406
 1406 1448
 1406 1447
 1406 1407
 1407 1492
 1407 1408
 1407 1448
 1408 1492
 1408 1449
 1408 1409
 1410 1495
 1410 1411
 1410 1450
 1411 1451
 1411 1452
 1411 1412
 1412 1453
 1412 1413
 1412 1452
 1413 1454
 1413 1453
 1414 1455
 1414 1454
 1415 1455
 1415 1416
 1416 1457
 1416 1417
 1417 1459
 1417 1457
 1418 1419
 1418 1460
 1419 1461
 1419 1460
 1419 1420
 1420 1462
 1420 1421
 1420 1461
 1421 1463
 1421 1462
 1421 1422
 1422 1464
 1422 2244
 1423 1464
 1423 1424
 1424 1466
 1425 1467
 1425 1466
 1426 1468
 1426 1467
 1426 1427
 1426 1469
 1427 2243
 1427 1469
 1428 1470
 1428 2243
 1429 1511
 1429 1430
 1429 1472
 1430 2239
 1430 1472
 1431 1475
 1431 1474
 1432 1433
 1432 1475
 1433 1477
 1433 1434
 1433 1475
 1433 1476
 1434 1477
 1435 1517
 1435 1436
 1435 1477
 1436 1479
 1437 1479
 1437 1480
 1437 1438
 1438 1481
 1438 1521
 1438 1439
 1438 1480
 1439 1481
 1439 1482
 1440 1483
 1441 1525
 1441 2229
 1441 1484
 1441 1442
 1442 1485
 1442 1484
 1443 1487
 1443 1486
 1443 1444
 1443 1485
 1445 1489
 1446 1447
 1446 1490
 1447 1491
 1447 1448
 1448 1492
 1449 1450
 1449 1493
 1449 1492
 1451 1496
 1451 1452
 1451 1495
 1452 1453
 1452 1496
 1453 1498
 1453 1454
 1454 1499
 1454 1498
 1455 1500
 1456 1457
 1456 1500
 1457 1502
 1457 1458
 1458 1459
 1460 1546
 1460 1547
 1460 1461
 1460 1503
 1461 1547
 1462 1505
 1462 1463
 1463 1464
 1463 1505
 1464 1506
 1464 1505
 1465 1507
 1465 1506
 1466 1508
 1466 1507
 1467 1508
 1467 1468
 1468 1553
 1468 1469
 1468 1508
 1469 2242
 1470 1510
 1470 2242
 1471 1511
 1471 1510
 1472 1473
 1472 1511
 1474 2239
 1474 1513
 1475 1515
 1475 1476
 1475 1514
 1476 1516
 1476 1515
 1477 1517
 1477 1516
 1478 1519
 1478 1517
 1479 1520
 1479 1480
 1479 1519
 1480 1521
 1481 1562
 1481 1521
 1481 1522
 1482 1564
 1482 1523
 1482 1522
 1482 1483
 1483 2227
 1483 1524
 1483 1523
 1484 1568
 1484 1526
 1484 1485
 1484 1525
 1485 1526
 1485 1486
 1485 1527
 1486 1528
 1486 1527
 1487 1528
 1488 1531
 1489 1531
 1489 1532
 1490 1532
 1491 1534
 1491 1533
 1492 1575
 1492 1576
 1492 1493
 1492 1535
 1492 1534
 1493 1535
 1493 1536
 1493 1494
 1494 1537
 1494 1536
 1494 1495
 1495 1496
 1495 1537
 1496 1497
 1496 1537
 1497 1538
 1497 1498
 1498 1540
 1498 1499
 1498 1541
 1499 1541
 1499 1500
 1500 1584
 1500 1542
 1501 1502
 1501 1542
 1501 1543
 1502 1544
 1502 1503
 1503 1545
 1504 1505
 1504 1547
 1505 1548
 1505 1506
 1506 1549
 1507 1551
 1508 1553
 1508 1552
 1509 1595
 1509 1554
 1509 2242
 1509 1553
 1510 1596
 1511 1597
 1511 1555
 1512 1513
 1512 1556
 1513 1557
 1513 1556
 1514 1601
 1514 1600
 1514 1515
 1514 1557
 1515 1601
 1516 1559
 1516 1558
 1517 1559
 1518 1560
 1518 1519
 1518 1559
 1519 2234
 1519 1520
 1520 1521
 1520 1561
 1521 1562
 1522 1563
 1522 1562
 1523 1565
 1523 1524
 1523 1564
 1524 2229
 1524 1525
 1524 2227
 1525 2229
 1525 1566
 1526 1527
 1526 1568
 1527 1609
 1527 1569
 1528 1569
 1529 1569
 1530 1531
 1531 1571
 1531 1532
 1532 1573
 1532 1533
 1532 1574
 1533 1534
 1533 1574
 1534 1574
 1535 1617
 1535 1578
 1535 1577
 1536 1578
 1536 1579
 1536 1537
 1537 1538
 1538 1579
 1538 1539
 1539 1582
 1539 1540
 1539 1580
 1540 1583
 1540 1541
 1541 1584
 1541 1583
 1542 1624
 1542 1584
 1543 1586
 1543 1585
 1544 1587
 1544 1545
 1544 1586
 1545 1546
 1545 1587
 1545 1588
 1546 1589
 1546 1588
 1546 1547
 1547 1590
 1547 1589
 1548 1630
 1548 1549
 1548 1590
 1549 1631
 1549 1550
 1549 1591
 1551 1593
 1551 1552
 1551 1592
 1552 1594
 1552 1553
 1552 1593
 1553 1594
 1554 1636
 1554 1635
 1554 1596
 1554 1595
 1556 1598
 1556 1557
 1557 1600
 1557 1599
 1558 1602
 1558 1601
 1559 1642
 1559 1602
 1560 1645
 1560 2234
 1560 1603
 1561 1604
 1561 1562
 1562 1648
 1562 1647
 1562 1563
 1563 1605
 1563 1648
 1564 1605
 1565 1606
 1566 1607
 1567 1607
 1567 1568
 1568 1609
 1569 1610
 1569 1609
 1570 1610
 1571 1613
 1572 1573
 1573 1574
 1573 1615
 1574 1575
 1575 1616
 1576 1616
 1577 1617
 1577 1616
 1578 1618
 1578 1579
 1579 1580
 1579 1618
 1580 1619
 1580 1581
 1581 1582
 1581 1620
 1582 1622
 1583 1623
 1583 1584
 1583 1622
 1584 1623
 1585 1669
 1585 1624
 1586 1670
 1586 1626
 1587 1588
 1587 1626
 1587 1627
 1588 1589
 1589 1628
 1589 1590
 1590 1629
 1590 1628
 1591 1631
 1591 1630
 1592 1632
 1592 1593
 1592 1631
 1593 1634
 1593 1594
 1593 1633
 1594 1634
 1595 1634
 1596 1637
 1596 1597
 1596 1636
 1597 1682
 1597 1637
 1598 1638
 1598 1599
 1599 1683
 1599 1639
 1599 1638
 1599 1600
 1600 1601
 1600 1640
 1601 1640
 1602 1642
 1603 1642
 1604 2234
 1604 1647
 1604 1690
 1605 1693
 1605 1694
 1605 1649
 1605 1606
 1605 1648
 1606 1650
 1606 1607
 1606 1649
 1607 1651
 1608 1652
 1610 1699
 1610 1654
 1610 1653
 1612 1613
 1612 1656
 1613 1656
 1613 1657
 1613 1614
 1615 1658
 1616 1660
 1616 1659
 1617 1662
 1617 1618
 1617 1661
 1617 1660
 1618 1662
 1619 1664
 1619 1620
 1619 1662
 1620 1621
 1621 1666
 1621 1664
 1621 1622
 1622 1667
 1622 1623
 1623 1667
 1624 1668
 1624 1667
 1625 1670
 1625 1669
 1626 1627
 1626 1670
 1627 1672
 1628 1719
 1628 1718
 1628 1673
 1628 1629
 1628 1672
 1629 1673
 1630 1720
 1631 1674
 1632 1676
 1632 1675
 1633 1677
 1633 1634
 1633 1676
 1634 1678
 1634 1677
 1635 1678
 1635 1636
 1636 1680
 1636 1679
 1637 1680
 1638 1683
 1638 1682
 1639 1730
 1639 1640
 1639 1683
 1640 1731
 1640 1684
 1640 1685
 1641 1685
 1641 1642
 1642 1643
 1643 1687
 1643 1644
 1643 1686
 1644 1687
 1645 1735
 1645 1689
 1645 1646
 1645 2234
 1645 1688
 1646 1690
 1647 1648
 1647 1691
 1648 1691
 1648 1692
 1649 1740
 1649 1695
 1649 1694
 1650 1696
 1650 1651
 1651 1697
 1651 1696
 1651 1652
 1652 1743
 1652 1698
 1652 1697
 1653 1744
 1653 1699
 1653 1698
 1654 1699
 1655 1702
 1656 1702
 1656 1657
 1657 1658
 1657 1703
 1657 1702
 1658 1704
 1658 1703
 1659 1704
 1660 1706
 1660 1750
 1661 1750
 1661 1662
 1661 1707
 1662 1708
 1662 1707
 1663 1753
 1663 1664
 1664 1665
 1664 1709
 1666 1711
 1667 1713
 1667 1712
 1667 1668
 1668 1714
 1668 1713
 1669 1714
 1670 1716
 1671 1716
 1672 1718
 1672 1717
 1673 1720
 1673 1719
 1674 1721
 1674 1675
 1675 1722
 1676 1766
 1676 1724
 1677 1678
 1677 1724
 1678 1724
 1678 1725
 1679 1680
 1679 1725
 1680 1727
 1680 1726
 1681 1728
 1681 1727
 1682 1728
 1682 1683
 1683 1729
 1683 1730
 1684 1731
 1684 1730
 1685 1732
 1685 1731
 1686 1687
 1686 1732
 1687 1734
 1687 1733
 1688 1735
 1688 1734
 1689 1736
 1690 1737
 1690 1691
 1691 1692
 1691 1737
 1692 1738
 1692 1693
 1693 1694
 1694 1740
 1695 1741
 1695 1696
 1695 1740
 1696 1742
 1696 1741
 1697 1783
 1697 1742
 1698 1744
 1698 1743
 1699 1745
 1699 1744
 1702 1786
 1702 1746
 1702 1747
 1703 1704
 1703 1747
 1704 1748
 1704 1705
 1705 1749
 1705 1706
 1705 1748
 1706 1750
 1706 1749
 1707 1708
 1707 1752
 1707 1750
 1708 1792
 1708 1753
 1708 1752
 1709 1710
 1709 1753
 1710 1756
 1710 1711
 1710 1754
 1711 1756
 1711 1712
 1712 1713
 1712 1757
 1712 1756
 1713 1757
 1713 1714
 1714 1798
 1714 1758
 1715 1759
 1716 1760
 1716 1717
 1716 1759
 1717 1718
 1717 1760
 1718 1761
 1718 1719
 1719 1720
 1719 1762
 1719 1761
 1720 1763
 1720 1762
 1720 1721
 1721 1764
 1721 1763
 1722 1723
 1722 1764
 1723 1766
 1724 1767
 1724 1725
 1725 1726
 1725 1767
 1726 1727
 1727 1768
 1728 1770
 1729 1811
 1729 1810
 1729 1730
 1729 1771
 1729 1770
 1730 1771
 1731 1773
 1731 1732
 1732 2233
 1732 1773
 1733 2233
 1733 1734
 1734 1774
 1735 1775
 1736 1817
 1736 1777
 1736 1776
 1737 1778
 1737 1738
 1737 1777
 1738 1778
 1738 1739
 1739 1780
 1739 1779
 1740 1781
 1740 1780
 1740 1741
 1741 1782
 1741 1742
 1741 1781
 1742 1822
 1742 1782
 1743 1825
 1743 1824
 1743 1783
 1744 1784
 1744 1825
 1746 1786
 1747 1787
 1747 1748
 1748 1788
 1748 1787
 1749 1789
 1749 1750
 1749 1788
 1750 1751
 1750 1791
 1750 1789
 1751 1752
 1752 1791
 1753 1793
 1753 1792
 1754 1755
 1754 1793
 1755 1795
 1756 1836
 1756 1796
 1756 1757
 1756 1795
 1757 1796
 1758 1798
 1758 1796
 1759 1760
 1759 1799
 1760 1801
 1760 1761
 1760 1799
 1761 1802
 1762 1803
 1762 1763
 1763 1804
 1763 1803
 1764 1765
 1764 1804
 1765 1766
 1766 1846
 1766 1845
 1766 1767
 1767 1847
 1767 1846
 1767 1806
 1768 1769
 1768 1806
 1768 1808
 1769 1809
 1770 1810
 1770 1809
 1771 1772
 1771 1811
 1772 1813
 1773 2233
 1773 1813
 1774 1775
 1774 1815
 1775 1776
 1777 1857
 1777 1778
 1777 1817
 1778 1858
 1778 1818
 1778 1857
 1779 1859
 1780 1860
 1780 1820
 1780 1781
 1781 1820
 1782 1821
 1783 1823
 1783 1822
 1784 1825
 1786 1868
 1786 1827
 1787 1829
 1787 1788
 1787 1828
 1788 1789
 1788 1829
 1789 1830
 1789 1790
 1790 1831
 1790 1791
 1790 1830
 1791 1873
 1791 1832
 1791 1792
 1792 1793
 1792 1832
 1793 2220
 1793 1833
 1794 1795
 1794 2220
 1795 1835
 1795 1836
 1796 1837
 1796 1836
 1797 1798
 1797 1837
 1798 1839
 1799 1840
 1799 1800
 1799 1839
 1800 1840
 1800 1801
 1800 1841
 1801 1842
 1801 1802
 1802 1842
 1802 1803
 1803 1844
 1803 1804
 1804 2218
 1804 1844
 1805 2218
 1805 1845
 1806 1848
 1806 1847
 1807 1848
 1807 1808
 1808 1850
 1809 1850
 1810 1851
 1810 1811
 1811 1891
 1811 1851
 1811 1852
 1812 1852
 1812 1813
 1813 1894
 1813 1814
 1813 2233
 1814 1895
 1814 1894
 1814 1854
 1814 2233
 1815 1854
 1815 2233
 1816 1817
 1816 1854
 1816 1856
 1817 1857
 1817 1856
 1818 1859
 1818 1858
 1819 1860
 1819 1859
 1820 1821
 1820 1860
 1821 1822
 1821 1862
 1822 1905
 1822 1863
 1822 1862
 1823 1863
 1824 1864
 1825 1865
 1826 1865
 1827 1868
 1828 1868
 1829 1871
 1829 1870
 1830 1871
 1831 1873
 1831 1872
 1832 1917
 1832 1874
 1832 1873
 1833 1874
 1834 1876
 1834 2220
 1835 1877
 1835 1836
 1835 1876
 1836 1921
 1836 1837
 1836 1877
 1837 1878
 1838 1878
 1839 1879
 1839 1880
 1839 1840
 1840 1925
 1840 1880
 1841 1927
 1841 1882
 1841 1881
 1842 1882
 1842 1883
 1842 1843
 1843 1844
 1843 1883
 1844 2218
 1844 1929
 1845 1846
 1845 1886
 1846 1887
 1846 1847
 1847 1887
 1848 1888
 1849 1888
 1849 1850
 1850 1890
 1850 1851
 1851 1936
 1851 1891
 1851 1890
 1852 1892
 1852 1853
 1852 1891
 1853 1894
 1854 1896
 1854 1895
 1855 1898
 1855 1896
 1856 1899
 1856 1898
 1856 1857
 1857 1900
 1857 1858
 1858 1901
 1858 1900
 1859 1902
 1860 1861
 1860 2219
 1861 1904
 1862 1905
 1862 1904
 1863 1864
 1864 1908
 1864 1907
 1864 1906
 1864 1865
 1865 1909
 1865 1908
 1867 1911
 1868 1911
 1868 1912
 1868 1869
 1869 1870
 1869 1913
 1869 1912
 1870 1913
 1870 1914
 1870 1871
 1871 1914
 1871 1872
 1872 1916
 1873 1917
 1874 1918
 1874 1917
 1874 2220
 1875 1918
 1875 1919
 1876 1963
 1876 1919
 1876 1877
 1877 1920
 1878 1922
 1878 1921
 1879 1924
 1879 1922
 1880 1925
 1880 1924
 1881 1925
 1882 1883
 1883 1884
 1883 1927
 1883 1970
 1884 1928
 1884 1929
 1885 1930
 1885 1932
 1885 1886
 1886 1887
 1886 1933
 1887 1933
 1887 1888
 1888 1934
 1888 1977
 1888 1933
 1889 1935
 1890 1936
 1890 1935
 1891 1937
 1891 1892
 1891 1936
 1892 1938
 1892 1937
 1893 1939
 1894 1939
 1894 1895
 1895 1940
 1895 1939
 1896 1941
 1896 1897
 1897 1943
 1898 1943
 1898 1899
 1899 1900
 1899 1944
 1899 1988
 1899 1943
 1900 1944
 1900 1901
 1901 1902
 1901 1946
 1901 1945
 1902 1990
 1902 1947
 1902 1946
 1903 2219
 1903 1948
 1904 1949
 1904 1948
 1904 1905
 1905 1906
 1905 1950
 1905 1949
 1906 1951
 1906 1950
 1906 1907
 1907 1908
 1907 1951
 1908 1953
 1908 1952
 1911 1998
 1911 1955
 1911 1954
 1912 1999
 1912 1955
 1912 1956
 1913 1914
 1913 1956
 1914 2000
 1914 1957
 1914 1956
 1915 1916
 1915 1957
 1916 1959
 1917 1960
 1917 1961
 1917 1959
 1917 1918
 1918 1961
 1919 1963
 1920 1964
 1920 1921
 1920 1963
 1921 1964
 1921 1922
 1922 1966
 1922 1965
 1923 1966
 1923 1924
 1924 1968
 1924 1925
 1925 1926
 1925 1968
 1927 2016
 1927 2015
 1927 1969
 1927 1970
 1928 2017
 1928 1970
 1929 1972
 1929 1973
 1929 1930
 1929 2218
 1930 2218
 1930 1973
 1931 2238
 1931 1932
 1932 1975
 1933 1976
 1933 1975
 1933 1977
 1934 1978
 1934 1977
 1935 1980
 1935 1936
 1935 1979
 1936 2221
 1936 1980
 1937 1938
 1937 1982
 1937 1981
 1938 1984
 1939 1984
 1939 1985
 1939 1940
 1940 1985
 1940 1941
 1941 1986
 1941 1985
 1942 1987
 1942 1986
 1943 2213
 1943 1987
 1944 1945
 1944 1988
 1945 1946
 1946 1990
 1946 1989
 1947 1948
 1947 1990
 1948 1992
 1948 1949
 1949 2037
 1949 1992
 1949 1950
 1950 1951
 1951 1994
 1951 1993
 1952 1995
 1953 1995
 1954 1998
 1955 1999
 1956 2000
 1956 1999
 1957 2001
 1957 2000
 1958 1959
 1958 2001
 1959 1960
 1959 2003
 1960 1961
 1960 2003
 1961 2004
 1961 2006
 1961 2005
 1962 1963
 1963 1964
 1963 2007
 1964 2009
 1964 2007
 1964 1965
 1965 2010
 1965 1966
 1966 2052
 1966 2011
 1966 2010
 1967 2012
 1968 1969
 1968 2012
 1968 2013
 1969 2013
 1969 2015
 1970 2016
 1971 2018
 1971 2017
 1972 1973
 1972 2018
 1973 2060
 1973 2059
 1973 2018
 1973 2238
 1974 2238
 1975 2020
 1975 2019
 1975 1976
 1976 2021
 1976 1977
 1976 2020
 1977 2021
 1977 2022
 1979 2023
 1979 2022
 1980 2221
 1980 2023
 1981 1982
 1981 2221
 1982 2067
 1982 1983
 1982 2024
 1983 2026
 1984 2027
 1984 2026
 1984 1985
 1985 2029
 1985 1986
 1985 2027
 1986 2029
 1987 2031
 1987 2030
 1988 2032
 1988 1989
 1988 2031
 1989 2033
 1989 2074
 1989 2032
 1990 1991
 1990 2034
 1990 2033
 1991 2036
 1992 2037
 1992 2036
 1993 2038
 1993 2037
 1993 1994
 1994 1995
 1994 2040
 1994 2039
 1995 2041
 1995 2040
 1998 2043
 1998 2042
 1999 2085
 1999 2044
 1999 2043
 2000 2045
 2000 2001
 2001 2087
 2001 2046
 2001 2002
 2001 2045
 2002 2047
 2003 2090
 2003 2048
 2003 2004
 2003 2047
 2004 2005
 2005 2092
 2005 2006
 2006 2092
 2006 2007
 2007 2050
 2007 2008
 2008 2096
 2008 2009
 2008 2051
 2008 2050
 2010 2097
 2010 2052
 2010 2051
 2012 2053
 2012 2013
 2013 2054
 2013 2055
 2013 2053
 2015 2056
 2015 2055
 2016 2057
 2016 2017
 2016 2056
 2017 2057
 2018 2104
 2018 2059
 2019 2106
 2019 2020
 2020 2107
 2020 2062
 2021 2063
 2021 2062
 2022 2063
 2022 2023
 2023 2221
 2023 2065
 2024 2067
 2025 2026
 2025 2067
 2026 2069
 2026 2027
 2027 2069
 2027 2028
 2028 2071
 2028 2029
 2029 2071
 2030 2071
 2031 2118
 2031 2073
 2031 2032
 2031 2213
 2032 2073
 2033 2034
 2034 2076
 2034 2075
 2035 2036
 2035 2076
 2036 2078
 2036 2037
 2037 2080
 2037 2079
 2037 2038
 2038 2039
 2038 2080
 2039 2040
 2040 2082
 2040 2081
 2041 2082
 2043 2129
 2043 2085
 2043 2084
 2044 2045
 2044 2085
 2045 2133
 2045 2087
 2046 2047
 2046 2089
 2046 2137
 2047 2090
 2047 2089
 2048 2092
 2048 2090
 2049 2093
 2049 2092
 2050 2093
 2050 2094
 2050 2095
 2051 2096
 2052 2098
 2052 2097
 2053 2054
 2053 2099
 2053 2098
 2054 2099
 2054 2055
 2055 2101
 2055 2056
 2056 2102
 2056 2057
 2057 2103
 2057 2058
 2058 2104
 2059 2105
 2059 2104
 2059 2060
 2060 2106
 2060 2238
 2061 2168
 2061 2106
 2062 2063
 2062 2107
 2063 2109
 2063 2064
 2063 2108
 2065 2066
 2065 2111
 2065 2112
 2065 2110
 2065 2221
 2066 2067
 2066 2221
 2067 2112
 2067 2068
 2068 2114
 2069 2115
 2069 2070
 2069 2114
 2070 2071
 2071 2117
 2071 2116
 2071 2072
 2071 2115
 2072 2118
 2073 2074
 2073 2119
 2073 2118
 2074 2120
 2074 2075
 2075 2076
 2076 2121
 2076 2120
 2077 2123
 2077 2121
 2077 2078
 2078 2079
 2079 2124
 2079 2123
 2079 2080
 2080 2124
 2080 2081
 2081 2126
 2081 2082
 2082 2127
 2082 2126
 2085 2131
 2085 2086
 2085 2129
 2086 2133
 2086 2131
 2087 2135
 2087 2088
 2087 2133
 2088 2137
 2088 2135
 2089 2139
 2089 2137
 2090 2091
 2090 2139
 2091 2142
 2091 2140
 2091 2092
 2092 2144
 2092 2142
 2093 2094
 2093 2144
 2094 2095
 2094 2145
 2095 2148
 2095 2146
 2095 2096
 2096 2150
 2096 2097
 2096 2148
 2097 2151
 2097 2098
 2098 2153
 2098 2099
 2098 2151
 2099 2155
 2099 2153
 2099 2100
 2100 2157
 2100 2101
 2100 2155
 2101 2159
 2101 2102
 2101 2157
 2102 2161
 2102 2159
 2102 2103
 2103 2163
 2103 2104
 2103 2161
 2104 2164
 2105 2166
 2105 2106
 2105 2164
 2106 2238
 2106 2168
 2106 2166
 2107 2170
 2107 2108
 2107 2168
 2108 2171
 2108 2109
 2109 2173
 2109 2110
 2109 2171
 2110 2175
 2110 2173
 2110 2111
 2111 2177
 2111 2112
 2111 2175
 2112 2179
 2112 2177
 2112 2113
 2113 2181
 2113 2114
 2113 2179
 2114 2183
 2114 2115
 2114 2181
 2115 2185
 2115 2116
 2115 2183
 2116 2187
 2116 2185
 2117 2189
 2117 2118
 2117 2187
 2118 2191
 2118 2189
 2119 2193
 2119 2120
 2119 2191
 2120 2195
 2120 2193
 2120 2121
 2121 2196
 2121 2195
 2122 2198
 2122 2123
 2122 2196
 2123 2200
 2123 2198
 2124 2202
 2124 2125
 2124 2200
 2125 2204
 2125 2126
 2125 2202
 2126 2206
 2126 2204
 2126 2127
 2217 2253
 2222 2223
 2227 2228
 2227 2229
 2228 2229
 2242 2243
 2248 2249
 2251 2252
 2255 2256
 2257 2258
