    2  126
    2   82
    3   82
    4   83
    4   82
    6   84
    6   83
    8   84
    9   86
    9   85
   11  130
   11   87
   11   86
   13   87
   14   88
   14   89
   16  132
   16   90
   16   89
   18   91
   18   90
   19   92
   21   93
   21   92
   22   93
   23   94
   23   93
   25   94
   25   95
   27   96
   27   95
   28   96
   29   97
   29   96
   31   98
   31   97
   33  141
   33   99
   33   98
   34  100
   34   99
   36  101
   36  100
   38  102
   38  101
   39  102
   40  102
   40  103
   42  147
   42  104
   42  103
   44  105
   44  104
   46  106
   46  105
   48  106
   48  107
   50  151
   50  108
   50  107
   52  108
   53  110
   53  109
   55  111
   55  110
   57  154
   57  111
   57  112
   59  112
   59  113
   61  113
   61  114
   62  114
   62  115
   64  115
   64  116
   66  117
   66  116
   67  117
   68  118
   68  117
   70  119
   70  118
   71  120
   73  121
   73  120
   75  122
   75  121
   77  123
   77  122
   79  166
   79  123
   81  126
   82  127
   82  126
   83  128
   83   84
   84   85
   85 2421
   85  129
   85   86
   87   88
   87  130
   88  175
   88   89
   88  131
   90   91
   90  132
   91  134
   91   92
   91  133
   93  136
   93   94
   93  135
   94  137
   94   95
   96  182
   96  138
   96  139
   96   97
   97   98
   98  141
   98  140
   99  142
   99  141
  100  101
  101  102
  101  143
  102  145
  102  144
  103  147
  103  145
  104  148
  104  105
  105  106
  106  148
  106  107
  107  151
  107  149
  108  196
  108  109
  108  151
  109  110
  109  196
  110  198
  110  197
  110  152
  110  153
  110  111
  112  113
  112  154
  113  156
  113  155
  114  115
  115  116
  115  156
  115  158
  116  117
  117  160
  117  159
  118  119
  119  162
  119  120
  119  161
  120 2420
  120  121
  121 2420
  121  122
  122  163
  122  123
  123  166
  123  165
  123  164
  124  166
  125  169
  126  170
  126  169
  126  127
  127  128
  127  170
  128 2421
  129  130
  129 2421
  130  131
  130  173
  131  174
  131  173
  132  133
  132 2429
  132  175
  133 2429
  133  134
  133  176
  134  135
  135  179
  135  178
  135  136
  136 2424
  136  137
  137  138
  137 2424
  137  180
  138  180
  139  183
  139  182
  140  141
  140  183
  141  142
  141  184
  141  185
  142  187
  142  143
  143  144
  143  188
  144  190
  144  145
  144  189
  145  190
  146  192
  146  147
  147  148
  147  192
  148  238
  148  149
  148  193
  149  150
  150  194
  151  240
  151  196
  151  195
  153  154
  154  200
  154  155
  154  199
  155  245
  155  156
  155  200
  155  201
  156  157
  157  202
  157  158
  157  247
  158  159
  158  202
  159  205
  159  160
  159  204
  160  206
  160  161
  161  162
  161  206
  163  208
  163  209
  163  164
  163 2420
  165  210
  165  166
  165  209
  166  212
  166  211
  169  213
  169  215
  169  214
  169  170
  170  216
  170  260
  170  215
  170  171
  171 2421
  172 2421
  172  173
  172  217
  172  218
  173  218
  173  174
  174  219
  174  175
  176  222
  176  221
  176 2429
  177  178
  177  222
  178  224
  178  179
  179 2424
  179  225
  179  224
  180  226
  180 2424
  181  182
  182  275
  182  228
  182  227
  182  183
  183  184
  184  229
  184  185
  184  228
  185  230
  185  229
  187  188
  187  230
  188  231
  188  189
  189  232
  189  231
  189  190
  190  191
  190  233
  192  235
  192  234
  192  193
  193  237
  193  235
  194  195
  194  239
  194  238
  195  288
  195  239
  195  240
  196  242
  197  198
  197  242
  198  242
  198  243
  198  199
  200  244
  200  245
  201  246
  201  247
  201  245
  202  297
  202  248
  202  249
  203  204
  204  250
  204  205
  204  249
  205  206
  206  301
  206  252
  206  207
  206  251
  207 2420
  208  254
  208  209
  208  253
  209  255
  209  210
  209  254
  210  256
  210  255
  210  211
  211  306
  211  257
  211  256
  213  259
  214  259
  215  260
  215  259
  216  262
  216  260
  217  263
  217  262
  217 2421
  218  264
  218  219
  218  263
  219  265
  219  220
  220 2429
  221  267
  221  268
  221 2429
  221  266
  222  223
  223  269
  223  224
  224  225
  224  269
  225  271
  225  270
  226  227
  227  273
  228  229
  228  275
  229  278
  229  279
  229  277
  230  280
  231  281
  231  232
  231  280
  232  233
  232  282
  232  281
  233  282
  233  234
  235  284
  235  236
  235  283
  236  285
  236  284
  236  237
  237  286
  237  238
  239  288
  239  287
  240  289
  240  241
  241  290
  241  242
  242  243
  243  337
  243  292
  243  244
  243  291
  244  294
  244  245
  245  294
  246  295
  247  248
  248  297
  248  296
  249  250
  250  251
  250  300
  250  299
  251  301
  252  348
  252  302
  253  350
  253  304
  253  254
  253  303
  253 2420
  254  255
  254  304
  255  256
  256  305
  257  306
  259  308
  259  309
  260  310
  260  261
  261  311
  261  310
  261  262
  262  263
  263  264
  263  313
  264  314
  264  315
  265  316
  265  315
  265  266
  266 2429
  267  318
  267  268
  267  317
  268  319
  269  270
  269  319
  270  321
  270  320
  270  271
  271 2424
  271  321
  272  273
  272  322
  272 2424
  273  274
  274  275
  274  323
  275  324
  275  276
  276  325
  276  277
  276  324
  277  278
  277  325
  278  326
  278  325
  279  280
  280  327
  281  328
  281  282
  282  329
  282  283
  282  328
  284  332
  284  331
  284  285
  285  332
  285  286
  286  333
  286  287
  287  288
  288  382
  288  289
  289  334
  289  382
  290  336
  290  291
  290  334
  292  386
  292  293
  292  337
  293  338
  293  339
  293  294
  294  340
  294  295
  295  296
  296  297
  296  341
  297  342
  297  298
  298  299
  298  343
  299  345
  299  344
  299  300
  300  346
  300  345
  301  347
  301  348
  301  346
  302  303
  303  349
  304  351
  304  350
  305  352
  305  351
  306  353
  306  352
  309  355
  309  354
  309  310
  310  356
  310  355
  310  311
  311  357
  311  356
  311  312
  312  358
  312  313
  312  357
  313  359
  313  358
  313  314
  314  360
  314  315
  314  359
  315  362
  315  361
  315  360
  315  316
  316  317
  317  364
  317  363
  317  318
  318  365
  318  319
  318  364
  319  320
  320  367
  320  321
  320  366
  321  368
  322  323
  322  369
  322  368
  323  324
  324  370
  324  325
  325  372
  325  373
  325  371
  326  374
  327  328
  327  374
  328  329
  328  375
  329  376
  329  378
  329  330
  330  331
  331  379
  331  332
  332  333
  332  381
  332  380
  333  382
  334  384
  334  335
  334  383
  335  336
  335  384
  336  337
  337  385
  338  431
  338  339
  338  387
  338  386
  339  387
  339  340
  340  388
  340  341
  341  389
  342  390
  342  343
  342  389
  343  436
  343  391
  344  437
  344  392
  344  345
  344  391
  345  393
  345  392
  346  347
  347  439
  347  394
  347  393
  348  349
  349  350
  349  395
  350  442
  350  396
  350  395
  350  351
  351  397
  351  396
  352  444
  352  398
  352  397
  353  398
  355  447
  355  401
  355  400
  356  402
  356  401
  356  357
  357  449
  358  404
  358  403
  358  359
  359  406
  359  360
  359  404
  360  407
  360  406
  361  452
  361  408
  361  407
  361  362
  362  409
  362  363
  362  408
  363  410
  364  365
  364  411
  364  410
  365  411
  365  366
  366  412
  366  367
  366  411
  367  457
  367  412
  367  413
  368  414
  368  458
  368  369
  368  413
  369  370
  369  414
  369  415
  370  460
  370  371
  370  416
  371  417
  371  372
  371  416
  372  373
  373  463
  373  418
  373  417
  374  419
  374  418
  375  420
  375  419
  376  466
  376  421
  376  377
  376  420
  377  378
  377  422
  378  379
  379  423
  379  380
  379  422
  380  424
  380  423
  380  381
  381  382
  381  426
  381  424
  382  383
  383  473
  383  427
  383  426
  384  429
  384  385
  384  428
  385  429
  385  386
  386  431
  386  429
  387  433
  387  432
  387  388
  387  431
  388  434
  388  389
  388  433
  389  435
  389  434
  389  390
  390  436
  390  435
  391  482
  391  437
  391  436
  392  393
  392  437
  393  438
  394  441
  394  395
  394  440
  394  439
  395  442
  395  441
  396  443
  396  442
  397  443
  398  489
  398  445
  400  447
  401  402
  401  447
  402  495
  403  450
  403  404
  403  449
  404  450
  405  497
  405  451
  405  450
  406  407
  407  498
  407  452
  407  451
  408  453
  408  452
  409  454
  409  453
  409  410
  410  455
  410  411
  411  455
  411  412
  412  504
  412  456
  413  458
  413  457
  414  415
  415  460
  415  459
  416  462
  416  417
  416  460
  417  463
  417  462
  418  511
  418  419
  418  463
  419  465
  419  420
  419  464
  420  465
  420  466
  421  467
  421  422
  421  466
  421  468
  422  469
  422  423
  422  468
  423  470
  423  469
  424  471
  424  425
  425  520
  425  472
  425  426
  425  471
  426  473
  426  472
  427  474
  427  428
  427  473
  428  476
  428  474
  428  475
  428  429
  429  430
  429  477
  430  478
  430  477
  430  431
  432  479
  432  433
  432  478
  434  530
  434  435
  434  479
  435  531
  435  436
  435  480
  436  482
  437  483
  437  482
  438  484
  438  439
  439  484
  439  440
  440  441
  440  485
  440  484
  441  487
  441  486
  442  488
  442  487
  443 2422
  443  488
  444  489
  444 2422
  445  489
  446  447
  446  492
  447  448
  447  493
  448  494
  449  495
  449  450
  450  548
  450  496
  450  497
  451  498
  451  497
  452  453
  452  498
  453  501
  453  454
  453  499
  454  502
  454  501
  454  455
  455  502
  455  456
  456  554
  456  504
  456  503
  457  506
  457  504
  457  458
  458  507
  458  459
  459  508
  459  507
  459  460
  460  509
  460  461
  461  510
  461  509
  462  463
  463  511
  463  510
  464  513
  464  465
  464  512
  464  511
  465  564
  465  515
  465  513
  465  466
  466  515
  467  565
  467  468
  467  516
  467  515
  468  518
  468  516
  468  469
  469  518
  470  519
  470  518
  471  520
  472  521
  472  473
  473  474
  473  521
  474  573
  474  523
  474  522
  475  524
  475  523
  475  476
  476  526
  476  525
  476  477
  477  528
  477  478
  477  526
  478  479
  479  529
  479  530
  480  531
  480  530
  481  533
  481  482
  481  531
  482  483
  483  534
  483  484
  483  533
  483  535
  484  535
  484  536
  484  485
  485  537
  485  536
  486  537
  486  487
  487  488
  487  538
  488 2422
  489  541
  489  540
  489 2422
  490  541
  492  543
  492  544
  494  495
  494  545
  494  544
  495  546
  496  549
  496  548
  497  549
  497  498
  498  499
  498  549
  499  551
  499  500
  499  599
  500  600
  500  551
  500  552
  501  553
  501  502
  502  553
  503  553
  504  505
  504  554
  505  556
  505  506
  505  555
  506  557
  506  556
  506  507
  507  558
  507  557
  509  510
  509  559
  509  558
  510  559
  510  560
  510  511
  511  562
  511  512
  511  560
  512  513
  513  563
  513  514
  513  562
  514  564
  515  564
  516  566
  516  565
  516  567
  517  518
  518  519
  518  569
  519  569
  519  520
  519  570
  519  571
  520  521
  521  572
  521  571
  522  619
  522  573
  522  572
  523  574
  523  573
  524  525
  525  575
  525  574
  525  526
  526  527
  526  575
  527  623
  527  577
  527  528
  528  529
  529  530
  529  577
  530  626
  530  580
  530  578
  530  531
  531  580
  532  581
  532  580
  532  533
  533  582
  533  534
  533  581
  534  630
  534  535
  534  583
  535  536
  536  537
  536  583
  537  585
  537  584
  538  586
  539 2422
  539  587
  540  636
  540  589
  541  590
  543  592
  543  544
  544  592
  545  594
  545  641
  545  546
  545  593
  546  594
  546  547
  547  595
  547  594
  547  548
  548  596
  548  549
  548  595
  549  550
  549  596
  550  598
  550  597
  551  600
  552  601
  552  553
  552  600
  553  554
  553  602
  554  602
  554  603
  555  604
  555  556
  556  557
  556  605
  557  606
  557  558
  558  606
  558  559
  559  607
  559  606
  560  607
  560  561
  561  562
  561  608
  562  610
  562  563
  562  609
  563  611
  563  564
  563  612
  563  610
  564  612
  565  661
  565  566
  566  614
  566  613
  567  614
  567  568
  568  616
  568  615
  568  569
  568  614
  569  570
  569  617
  570  571
  571  572
  572  666
  572  618
  573  621
  573  574
  573  619
  574  575
  575  622
  575  621
  576  622
  576  623
  577  624
  577  578
  577  623
  578  625
  578  624
  578  579
  579  626
  579  625
  580  581
  580  626
  581  629
  581  628
  581  582
  582  630
  583  631
  583  584
  583  630
  584  632
  584  585
  584  631
  585  633
  585  632
  585  586
  586  634
  586  633
  587  635
  587  588
  587  634
  588  684
  588  636
  588  635
  588 2423
  589  637
  589  590
  589  636
  590  637
  591  640
  592  640
  592  593
  593  641
  593  640
  594  642
  594  643
  595  643
  596  691
  596  597
  596  643
  596  644
  597  645
  597  598
  598  599
  598  645
  599  647
  599  600
  600  601
  600  647
  600  649
  601  650
  601  602
  602  651
  602  603
  603  652
  603  651
  603  604
  604  653
  604  699
  604  605
  604  652
  605  654
  605  606
  605  653
  606  654
  606  607
  607  608
  607  656
  607  702
  608  704
  608  656
  608  657
  608  609
  609  658
  609  657
  609  610
  610  706
  610  659
  610  611
  611  612
  611  659
  612  707
  612  660
  613  662
  613  661
  613  614
  614  615
  614  663
  615  664
  615  663
  616  617
  617  712
  617  666
  617  664
  617  618
  618  666
  619  667
  619  666
  620  621
  620  667
  621  622
  621  668
  621  670
  622  623
  622  670
  623  671
  623  672
  624  673
  624  672
  624  625
  625  675
  625  626
  625  673
  626  721
  626  676
  626  627
  628  677
  628  629
  629  725
  629  679
  629  678
  629  630
  630  680
  630  631
  631  632
  632  633
  632  680
  633  682
  633  634
  633  681
  634  683
  634  635
  635  683
  636  685
  636  684
  637  685
  638  685
  639  688
  640  688
  640  641
  641  689
  642  690
  642  689
  643  691
  643  690
  644  691
  645  692
  645  693
  645  646
  646  647
  647  694
  647  693
  648  649
  649  650
  649  695
  649  696
  650  651
  650  696
  650  698
  651  698
  652  699
  652  698
  653  700
  653  748
  653  654
  653  699
  654  655
  654  700
  655  701
  655  751
  655  702
  656  704
  656  702
  657  705
  657  704
  658  706
  659  706
  660  755
  660  706
  661  756
  661  708
  661  662
  661  707
  662  709
  662  708
  663  710
  663  664
  664  711
  664  665
  664  710
  665  712
  665  711
  666  714
  666  712
  666  667
  667  714
  668  669
  668  715
  668  714
  669  670
  669  715
  669  716
  669  717
  670  764
  670  718
  670  717
  672  719
  672  718
  672  673
  673  720
  673  719
  674  720
  674  675
  675  720
  676  722
  676  677
  676  721
  677  723
  677  722
  677  678
  678  724
  678  725
  678  723
  679  680
  679  726
  679  725
  680  727
  680  726
  680  681
  681  729
  681  728
  681  682
  681  727
  682  775
  682  730
  682  729
  683  731
  683  730
  684  732
  684  731
  685  733
  685  732
  686  733
  688  735
  688  736
  689  738
  689  737
  690  784
  690  738
  691  739
  691  692
  692  693
  692  741
  692  739
  693  742
  693  741
  693  694
  694  695
  694  742
  695  743
  695  696
  695  742
  696  697
  696  743
  697  745
  697  698
  698  745
  698  699
  699  747
  699  746
  700  701
  700  748
  701  750
  701  751
  701  749
  702  751
  703  800
  703  752
  703  751
  703  704
  704  753
  704  705
  705  802
  705  706
  705  754
  705  753
  706  803
  706  755
  707  756
  707  755
  708  805
  708  709
  708  756
  709  806
  709  758
  709  757
  709  710
  710  759
  710  711
  711  712
  712  760
  712  759
  713  811
  713  761
  713  714
  713  760
  714  762
  714  715
  714  761
  715  812
  715  763
  715  762
  717  814
  717  764
  717  763
  718  765
  718  719
  718  815
  719  720
  719  765
  719  767
  720  721
  721  768
  721  767
  721  722
  722  769
  722  768
  723  769
  724  771
  724  725
  724  770
  725  771
  725  726
  726  727
  726  773
  727  825
  727  774
  727  773
  728  774
  729  826
  729  775
  729  774
  730  776
  730  775
  731  828
  731  777
  732  777
  733  779
  733  778
  735  781
  736  781
  736  737
  736  782
  737  783
  737  782
  738  835
  738  783
  739  786
  739  740
  739  784
  740  741
  740  787
  740  786
  741  742
  742  743
  742  788
  743  791
  743  789
  743  744
  744  745
  745  792
  745  793
  745  791
  746  747
  747  846
  747  795
  747  794
  748  795
  749  797
  749  795
  749  796
  749  750
  750  798
  750  751
  751  800
  751  798
  753  801
  753  802
  753  800
  754  852
  754  803
  754  802
  755  804
  755  756
  756  804
  757  805
  758  759
  758  806
  759  809
  759  760
  759  808
  760  809
  760  811
  761  812
  761  762
  763  814
  763  812
  764  815
  764  814
  765  816
  765  815
  766  865
  766  767
  766  816
  767  819
  767  817
  767  768
  768  769
  768  819
  769  770
  769  820
  770  821
  770  771
  771  870
  771  823
  771  822
  772  824
  772  773
  773  824
  775  874
  775  827
  775  826
  776  875
  776  828
  776  827
  777  830
  777  829
  777  778
  777  828
  778  877
  778  831
  778  830
  780  833
  781  833
  782  834
  782  833
  783  881
  783  834
  783  835
  784  882
  784  836
  784  835
  784  785
  785  786
  785  836
  786  836
  786  787
  787  839
  787  838
  787  788
  787  837
  788  840
  788  789
  789  790
  790  841
  790  791
  790  842
  790  840
  791  842
  791  843
  791  792
  792  844
  792  843
  793  844
  793  794
  794  846
  794  844
  795  846
  796  893
  796  797
  796  847
  796  846
  797  847
  797  848
  797  798
  799  896
  799  849
  799  800
  799  848
  800  849
  800  850
  800  801
  802  899
  802  851
  803  853
  803  804
  803  852
  804  902
  804  854
  804  853
  805  855
  805  806
  805  854
  806  855
  806  856
  806  807
  807  857
  807  808
  807  856
  808  857
  808  809
  809  858
  809  857
  810  859
  810  858
  810  811
  811  860
  811  812
  812  861
  812  813
  812  862
  812  860
  813  862
  813  863
  813  814
  814  815
  815  864
  815  863
  817  866
  817  818
  817  865
  819  867
  819  820
  819  866
  820  867
  820  868
  821  868
  821  822
  822  870
  822  869
  822  868
  823  920
  823  871
  823  824
  823  870
  824  872
  824  871
  825  872
  825  826
  826  923
  826  874
  826  873
  826  872
  827  874
  828  829
  828  875
  829  876
  829  830
  831  877
  833  879
  833  880
  834  881
  834  880
  835  882
  836  933
  836  883
  836  882
  837  838
  837  884
  838  839
  838  885
  839  886
  839  840
  840  841
  840  886
  841  842
  841  888
  841  886
  842  889
  842  888
  844  890
  844  845
  845  892
  845  846
  845  890
  846  893
  847  895
  847  848
  847  893
  848  895
  848  896
  849  850
  849  897
  849  896
  850  898
  850  897
  850  851
  851  899
  851  898
  852  900
  852  853
  852  899
  853  901
  853  900
  854  904
  854  855
  854  902
  855  905
  855  904
  856  906
  856  857
  857  907
  857  858
  858  908
  858  859
  859  909
  859  908
  859  860
  860  861
  860  910
  861  911
  861  910
  862  912
  862  863
  863  913
  863  864
  863  912
  864  913
  864  865
  865  914
  865  866
  865  913
  866  960
  866  915
  866  914
  866  867
  867  868
  867  915
  868  869
  868  916
  868  917
  869  918
  869  919
  870  920
  871  968
  871  872
  871  920
  872  923
  872  968
  873  924
  873  923
  874  924
  875  925
  875  924
  876  926
  877  927
  877  926
  878  927
  879  930
  880  930
  880  881
  881  931
  882  981
  882  933
  882  932
  883  934
  883  933
  883  884
  884  885
  884  935
  885  984
  885  935
  885  936
  885  886
  886  887
  886  936
  887  986
  887  938
  887  937
  888  939
  888  889
  889  939
  889  890
  890  988
  890  891
  890  940
  890  939
  891  990
  891  892
  892  941
  893  991
  893  941
  894  943
  894  942
  895  944
  895  896
  896  944
  897  995
  897  898
  897  944
  898  945
  898  946
  899  900
  900  946
  900  947
  901  998
  901  948
  901  947
  903  999
  903  949
  903  948
  904  949
  904  905
  904  950
  905  906
  905  951
  906  952
  906  907
  907  908
  907  952
  908  909
  908  952
  909  955
  909  910
  909  954
  910  955
  911  956
  911  912
  911  955
  912  913
  912  956
  913  914
  913  957
  914  958
  914  959
  915  916
  915  962
  915  960
  916  963
  916 1012
  916  962
  916  917
  917  918
  917  963
  918  964
  918  965
  919  920
  919  966
  921  966
  922  969
  922  968
  923  924
  924  971
  924  970
  924  969
  925 1019
  925  972
  925  926
  926  973
  926  972
  927  975
  927  974
  929  977
  931  979
  931  932
  931  978
  932  979
  932  980
  933  934
  933  982
  933  983
  933  981
  934  983
  935 1030
  935  983
  935  984
  936 1031
  936  985
  936  937
  937  985
  938  987
  938  939
  938  986
  939  987
  940  990
  940  989
  940  988
  941  991
  941  990
  942  992
  942  943
  942  991
  943  993
  943  944
  943  992
  944  995
  944  993
  945  996
  945  946
  946  996
  946  997
  946  947
  947  998
  947 1043
  948  999
  948  998
  949  950
  949  999
  950 1000
  950 1001
  950  951
  951 1002
  951  952
  951 1003
  951 1001
  952  953
  953 1004
  953 1003
  953  954
  954  955
  954 1006
  954 1004
  955 1007
  955  956
  957 1008
  957 1007
  957  958
  958 1009
  958  959
  958 1008
  959 1055
  959 1010
  959 1009
  960  961
  961 1011
  961 1010
  963 1058
  963 1013
  963 1012
  964  965
  965 1014
  965  966
  965 1013
  966 1015
  966 1014
  966  967
  967  968
  967 1015
  968 1017
  968 1016
  968  969
  969  970
  969 1017
  970  971
  970 1017
  971 1019
  971 1018
  972 1065
  972 1020
  973 1020
  973  974
  974 1022
  974 1021
  974 1020
  976  977
  976 1024
  977 1024
  977 1025
  977  978
  978 1026
  978 1025
  979 1026
  979  980
  980  981
  980 1027
  981 1027
  982  983
  982 1027
  983 1028
  983 1029
  984 1030
  985 1077
  985 1076
  985  986
  985 1031
  986 1032
  986 1033
  986  987
  987 1034
  987  988
  987 1078
  988 1035
  988 1034
  988  989
  989 1036
  989 1081
  989 1035
  990 1037
  990  991
  990 1036
  991  992
  992 1084
  992  993
  992 1037
  993 1038
  993 1040
  994 1040
  994  995
  995 1041
  995  996
  995 1040
  996  997
  996 1042
  997 1042
  998  999
  998 1043
  999 1044
  999 1045
 1000 1046
 1000 1001
 1001 1047
 1001 1002
 1002 1049
 1002 1003
 1002 1047
 1003 1004
 1004 1050
 1004 1051
 1004 1049
 1005 1006
 1006 1007
 1006 1051
 1006 1053
 1007 1053
 1007 1008
 1008 1009
 1008 1053
 1009 1054
 1010 1011
 1010 1057
 1010 1055
 1011 1057
 1011 1012
 1012 1057
 1013 1108
 1013 1059
 1013 1014
 1013 1058
 1014 1015
 1014 1059
 1015 1016
 1015 1060
 1016 1063
 1016 1017
 1016 1061
 1017 1018
 1017 1064
 1018 1064
 1019 1065
 1019 1064
 1020 2426
 1020 1066
 1020 1021
 1021 1067
 1022 1067
 1024 1070
 1024 1069
 1025 1071
 1025 1070
 1026 1072
 1026 1071
 1027 1028
 1027 1073
 1027 1072
 1028 1074
 1028 1029
 1028 1073
 1029 1125
 1029 1074
 1029 1075
 1030 1031
 1031 1076
 1031 1075
 1033 1077
 1034 1035
 1034 1078
 1035 1081
 1035 1079
 1036 1037
 1036 1081
 1037 1082
 1037 1083
 1037 1084
 1038 1085
 1038 1039
 1038 1084
 1039 1086
 1039 1040
 1039 1085
 1040 1041
 1040 1086
 1041 1042
 1041 1087
 1041 1137
 1041 1088
 1042 1088
 1042 1089
 1043 1091
 1043 1089
 1043 1044
 1044 1045
 1045 1093
 1045 1092
 1045 1046
 1045 1091
 1046 1144
 1046 1094
 1046 1047
 1046 1093
 1048 1095
 1048 1094
 1048 1049
 1049 1096
 1049 1095
 1049 1050
 1050 1096
 1051 1098
 1051 1097
 1051 1052
 1052 1099
 1052 1053
 1052 1098
 1053 1102
 1053 1100
 1053 1054
 1054 1055
 1054 1102
 1055 1103
 1055 1056
 1056 1106
 1056 1105
 1056 1057
 1056 1104
 1057 1107
 1057 1058
 1058 1108
 1058 1107
 1059 1109
 1059 1156
 1060 1110
 1060 1109
 1060 1061
 1061 1157
 1061 1062
 1062 1112
 1062 1063
 1062 1111
 1063 1064
 1063 1112
 1063 1113
 1064 1114
 1064 1113
 1064 1065
 1065 2426
 1065 1115
 1066 1116
 1066 1067
 1066 2426
 1067 1118
 1067 1117
 1069 1120
 1070 1167
 1070 1120
 1070 1121
 1071 1167
 1071 1122
 1072 1123
 1072 1122
 1073 1123
 1073 1074
 1074 1125
 1074 1123
 1075 1171
 1075 1076
 1075 1125
 1076 1128
 1076 1127
 1076 1077
 1077 1078
 1078 1130
 1078 1129
 1078 1128
 1078 1079
 1079 1080
 1079 1131
 1080 1131
 1080 1132
 1080 1081
 1081 1132
 1082 1133
 1084 1133
 1084 1134
 1084 1085
 1085 1180
 1085 1135
 1085 1134
 1086 1087
 1086 1136
 1087 1137
 1087 1136
 1088 1089
 1088 1139
 1088 1137
 1089 1139
 1090 1141
 1090 1140
 1090 1091
 1090 1139
 1091 1186
 1091 1141
 1091 1142
 1091 1092
 1092 1142
 1093 1188
 1093 1187
 1093 1144
 1093 1143
 1094 1145
 1094 1095
 1094 1144
 1095 1191
 1095 1145
 1095 1146
 1096 1147
 1096 1097
 1097 1098
 1097 1148
 1097 1147
 1098 1148
 1099 1148
 1099 1195
 1099 1149
 1101 1196
 1101 1149
 1101 1150
 1101 1102
 1102 1151
 1102 1150
 1104 1198
 1104 1152
 1104 1105
 1104 1151
 1105 1153
 1105 1152
 1106 1107
 1107 1108
 1107 1153
 1108 1155
 1108 1154
 1108 1156
 1109 1156
 1109 1203
 1109 1157
 1111 1158
 1111 1112
 1111 1157
 1112 1159
 1112 1113
 1113 1159
 1113 1114
 1114 1162
 1114 1161
 1114 1160
 1115 1163
 1115 2426
 1116 1164
 1117 1165
 1120 1213
 1120 1166
 1121 1213
 1122 1214
 1122 1168
 1123 1170
 1123 1169
 1123 1168
 1123 1124
 1125 1217
 1125 1170
 1126 1172
 1126 1171
 1127 1219
 1127 1128
 1127 1173
 1128 1129
 1129 1174
 1129 1173
 1130 1222
 1130 1175
 1130 1174
 1130 1131
 1131 1132
 1131 1175
 1132 1177
 1132 1176
 1132 1133
 1133 1178
 1133 1179
 1133 1177
 1133 1134
 1134 1179
 1135 1181
 1135 1136
 1135 1180
 1136 1137
 1136 1182
 1137 1182
 1137 1138
 1138 1139
 1138 1182
 1139 1184
 1139 1183
 1140 1184
 1140 1185
 1141 1186
 1142 1234
 1142 1187
 1142 1186
 1143 1187
 1144 1190
 1144 1145
 1144 1188
 1145 1238
 1145 1190
 1146 1192
 1146 1147
 1146 1191
 1147 1194
 1147 1148
 1147 1192
 1148 1195
 1148 1194
 1149 1196
 1149 1195
 1150 1197
 1150 1151
 1150 1196
 1151 1198
 1151 1197
 1152 1153
 1152 1200
 1152 1198
 1153 1154
 1154 1155
 1154 1201
 1154 1202
 1154 1200
 1155 1156
 1156 1250
 1156 1202
 1156 1203
 1157 1158
 1157 1204
 1157 1203
 1158 1159
 1159 1206
 1159 1205
 1160 1207
 1160 1206
 1160 1161
 1161 1162
 1161 1207
 1162 1208
 1162 1163
 1163 2428
 1163 1209
 1163 1208
 1164 2428
 1164 1210
 1164 1165
 1164 1209
 1165 1210
 1166 1213
 1167 1214
 1167 1213
 1168 1215
 1169 1215
 1169 1216
 1169 1170
 1170 1217
 1170 1264
 1170 1216
 1171 1266
 1171 1172
 1171 1218
 1171 1217
 1172 1218
 1172 1219
 1173 1220
 1173 1174
 1173 1219
 1174 1220
 1174 1222
 1175 1223
 1175 1222
 1176 1177
 1176 1224
 1177 1226
 1177 1224
 1177 1178
 1178 1179
 1178 1227
 1178 1226
 1179 1275
 1179 1228
 1179 1180
 1180 1181
 1181 1230
 1181 1182
 1181 1228
 1182 1230
 1183 1230
 1183 1231
 1183 1184
 1184 1185
 1184 1233
 1184 1231
 1185 1233
 1185 1186
 1186 1234
 1186 1233
 1187 1235
 1187 1234
 1188 1189
 1189 1236
 1190 1238
 1190 1236
 1191 1239
 1191 1238
 1192 1240
 1192 1193
 1193 1194
 1194 1241
 1194 1195
 1195 1196
 1195 1241
 1196 1244
 1196 1197
 1196 1242
 1197 1244
 1198 1199
 1198 1244
 1199 1200
 1199 1246
 1199 1247
 1199 1245
 1200 1248
 1200 1201
 1200 1247
 1201 1248
 1201 1202
 1202 1249
 1202 1250
 1203 1204
 1203 1250
 1204 1252
 1204 1251
 1204 1253
 1204 1205
 1205 1206
 1205 1254
 1205 1253
 1206 1207
 1206 1255
 1207 1255
 1207 1256
 1208 1257
 1208 1256
 1209 1257
 1209 1210
 1209 2428
 1210 1211
 1211 1258
 1212 1261
 1213 1261
 1214 1262
 1214 1261
 1215 1263
 1215 1216
 1216 1264
 1217 1266
 1217 1264
 1218 1219
 1218 1267
 1218 1266
 1219 1267
 1219 1220
 1220 1269
 1220 1268
 1221 1269
 1222 1270
 1222 1223
 1223 1224
 1223 1270
 1224 1318
 1224 1271
 1224 1272
 1225 1272
 1225 1226
 1226 1273
 1226 1227
 1226 1272
 1227 1274
 1227 1273
 1228 1276
 1228 1229
 1228 1275
 1229 1230
 1229 1277
 1230 1277
 1230 1279
 1230 1231
 1231 1280
 1231 1279
 1232 1233
 1233 1326
 1233 1234
 1233 1282
 1234 1282
 1234 1283
 1235 1284
 1235 1236
 1236 1237
 1237 1285
 1237 1284
 1238 1286
 1238 1239
 1238 1285
 1239 1286
 1239 1240
 1240 1241
 1240 1286
 1241 1242
 1241 1287
 1242 1288
 1242 1243
 1243 1291
 1243 1244
 1243 1290
 1243 1289
 1244 1291
 1245 1246
 1246 1293
 1246 1292
 1247 1340
 1247 1293
 1247 1294
 1247 1248
 1248 1249
 1249 1250
 1249 1294
 1249 1295
 1249 1296
 1250 1296
 1250 1297
 1251 1343
 1251 1252
 1251 1297
 1251 1298
 1252 1298
 1252 1299
 1253 1254
 1254 1346
 1254 1300
 1254 1255
 1254 1299
 1255 1301
 1255 1300
 1256 1303
 1256 1302
 1257 1304
 1257 1303
 1258 1306
 1258 1305
 1258 1304
 1260 1308
 1261 1308
 1261 1262
 1261 1309
 1262 1310
 1262 1263
 1263 1311
 1263 1310
 1264 1359
 1264 1312
 1264 1311
 1264 1265
 1266 1313
 1266 1267
 1266 1312
 1267 1361
 1267 1314
 1267 1313
 1268 1315
 1268 1269
 1269 1270
 1270 1316
 1270 1271
 1270 1317
 1270 1315
 1271 1318
 1271 1317
 1272 1318
 1273 1320
 1273 1318
 1273 1274
 1274 1321
 1274 1320
 1275 1322
 1275 1276
 1276 1277
 1276 1322
 1277 1323
 1277 1322
 1278 1372
 1278 1324
 1278 1279
 1278 1323
 1279 1324
 1279 1325
 1280 1281
 1280 1325
 1281 1326
 1281 1325
 1282 1283
 1282 1326
 1283 1329
 1283 1284
 1283 1328
 1283 1327
 1284 1329
 1284 1330
 1284 1285
 1285 1286
 1286 1330
 1286 1332
 1286 1287
 1287 1288
 1287 1333
 1287 1332
 1288 1334
 1289 1335
 1289 1290
 1290 1291
 1291 1336
 1291 1337
 1291 1292
 1291 1335
 1292 1337
 1292 1338
 1292 1293
 1293 1339
 1293 1338
 1294 1341
 1294 1295
 1294 1389
 1294 1340
 1295 1390
 1295 1341
 1295 1342
 1296 1342
 1297 1343
 1298 1345
 1298 1299
 1298 1343
 1299 1346
 1299 1345
 1300 1301
 1300 1348
 1300 1346
 1301 1349
 1301 1302
 1301 1348
 1302 1349
 1302 1350
 1303 1350
 1303 1304
 1304 1305
 1305 1306
 1305 1351
 1306 1352
 1308 1355
 1308 1354
 1309 1356
 1310 1357
 1310 1356
 1311 1359
 1311 1358
 1312 1407
 1312 1313
 1312 1360
 1312 1359
 1313 1360
 1314 1315
 1314 1362
 1314 1363
 1314 1361
 1315 1363
 1315 1316
 1316 1412
 1316 1317
 1316 1365
 1317 1413
 1317 1366
 1317 1318
 1318 1367
 1318 1366
 1320 1416
 1320 1368
 1320 1321
 1320 1367
 1321 1370
 1321 1369
 1321 1322
 1321 1368
 1322 1371
 1322 1323
 1323 1372
 1324 1373
 1324 1325
 1324 1374
 1325 1326
 1325 1375
 1326 1375
 1326 1376
 1327 1328
 1328 1329
 1328 1377
 1328 1376
 1329 1426
 1329 1379
 1329 1330
 1330 1381
 1330 1331
 1330 1379
 1331 1332
 1331 1381
 1332 1381
 1332 1382
 1333 1384
 1333 1382
 1333 1334
 1334 1385
 1334 1335
 1334 1384
 1335 1336
 1336 1385
 1336 1386
 1337 1386
 1338 1339
 1338 1386
 1339 1388
 1339 1387
 1340 1388
 1341 1437
 1341 1390
 1342 1392
 1342 1391
 1342 1343
 1342 1390
 1343 1344
 1343 1392
 1344 1394
 1344 1345
 1345 1441
 1345 1395
 1345 1346
 1346 1395
 1346 1347
 1347 1396
 1347 1395
 1348 1349
 1349 1398
 1349 1397
 1349 1396
 1350 1398
 1350 1399
 1351 1400
 1352 1401
 1353 1401
 1355 1404
 1355 1450
 1355 1403
 1355 1356
 1356 1404
 1357 1358
 1357 1405
 1357 1404
 1358 1405
 1358 1407
 1358 1406
 1359 1407
 1360 1409
 1360 1408
 1360 1407
 1361 1410
 1361 1362
 1362 1363
 1363 1410
 1364 1411
 1364 1412
 1365 1413
 1366 1367
 1366 1415
 1366 1413
 1367 1415
 1367 1416
 1368 1417
 1368 1416
 1369 1417
 1369 1418
 1369 1370
 1370 1371
 1371 1418
 1372 1420
 1372 1419
 1373 1374
 1374 1420
 1374 1421
 1375 1422
 1375 1376
 1375 1421
 1376 1424
 1376 1423
 1376 1422
 1376 1377
 1377 1471
 1377 1425
 1377 1424
 1378 1425
 1378 1426
 1379 1427
 1379 1426
 1380 1428
 1380 1381
 1380 1427
 1381 1382
 1381 1429
 1382 1429
 1383 1384
 1384 1432
 1384 1430
 1384 1385
 1385 1479
 1385 1433
 1385 1432
 1385 1386
 1386 1435
 1386 1387
 1386 1433
 1387 1436
 1387 1388
 1388 1389
 1388 1437
 1390 1437
 1391 1486
 1391 1438
 1391 1392
 1392 1440
 1392 1439
 1394 1441
 1394 1440
 1395 1443
 1395 1396
 1395 1441
 1396 1444
 1396 1397
 1398 1491
 1398 1445
 1398 1444
 1399 1446
 1399 1445
 1399 1400
 1400 1447
 1400 1401
 1400 1446
 1401 1448
 1401 1447
 1403 1450
 1404 1498
 1404 1451
 1404 1497
 1405 1451
 1405 1452
 1406 1452
 1407 1453
 1407 1452
 1407 1408
 1408 1502
 1408 1454
 1408 1453
 1409 1410
 1410 1456
 1410 1411
 1410 1454
 1411 1456
 1411 1412
 1411 1457
 1412 1457
 1412 1458
 1412 1413
 1413 1507
 1413 1459
 1414 1459
 1415 1460
 1415 1416
 1415 1459
 1416 1461
 1416 1417
 1416 1460
 1417 1418
 1417 1462
 1417 1461
 1418 1419
 1418 1463
 1419 1466
 1419 1464
 1419 1465
 1419 1420
 1420 1513
 1420 1467
 1420 1466
 1420 1421
 1421 1469
 1421 1422
 1421 1467
 1422 1469
 1423 1470
 1423 1469
 1424 1470
 1424 1471
 1425 1472
 1425 1471
 1426 1473
 1426 1427
 1426 1472
 1427 1428
 1427 1473
 1428 1474
 1428 1475
 1428 1429
 1429 1476
 1429 1430
 1429 1475
 1430 1478
 1430 1431
 1430 1476
 1431 1478
 1433 1480
 1433 1479
 1434 1435
 1435 1481
 1435 1436
 1435 1480
 1435 1482
 1436 1483
 1436 1482
 1436 1437
 1437 1438
 1437 1485
 1437 1484
 1437 1483
 1438 1486
 1438 1485
 1439 1440
 1439 1487
 1439 1486
 1440 1488
 1440 1441
 1440 1487
 1441 1442
 1442 1443
 1442 1488
 1443 1489
 1443 1490
 1443 1444
 1444 1491
 1444 1490
 1445 1492
 1445 1491
 1446 1494
 1446 1493
 1446 1492
 1447 1495
 1447 1494
 1450 1497
 1450 1496
 1451 1452
 1451 1499
 1452 1453
 1452 1500
 1453 1502
 1453 1500
 1454 1503
 1454 1455
 1454 1502
 1455 1550
 1456 1505
 1456 1504
 1456 1457
 1457 1552
 1457 1458
 1457 1506
 1458 1507
 1458 1553
 1459 1508
 1459 1507
 1460 1461
 1461 1462
 1461 1508
 1461 1555
 1462 1509
 1462 1510
 1463 1511
 1463 1510
 1464 1465
 1464 1512
 1464 1511
 1465 1512
 1466 1513
 1467 1514
 1467 1513
 1468 1515
 1468 1469
 1469 1517
 1469 1470
 1469 1515
 1470 1517
 1471 1517
 1471 1518
 1472 1473
 1473 1518
 1473 1474
 1474 1567
 1474 1520
 1474 1519
 1474 1475
 1475 1476
 1475 1522
 1475 1520
 1476 1522
 1477 1478
 1477 1523
 1477 1522
 1478 1525
 1478 1524
 1478 1479
 1478 1523
 1479 1525
 1479 1480
 1480 1526
 1480 1481
 1480 1527
 1480 1525
 1481 1527
 1481 1482
 1482 1529
 1482 1528
 1484 1531
 1484 1530
 1484 1485
 1485 1532
 1485 1531
 1486 1533
 1486 1487
 1487 1488
 1487 1534
 1488 1535
 1488 1489
 1488 1534
 1489 1536
 1489 1535
 1489 1490
 1490 1537
 1490 1491
 1490 1536
 1491 1538
 1491 1537
 1492 1493
 1492 1538
 1493 1539
 1493 1494
 1494 1541
 1494 1540
 1495 1541
 1497 1590
 1497 1543
 1498 1544
 1499 1546
 1499 1545
 1500 1547
 1500 1548
 1500 1546
 1500 1501
 1501 1502
 1501 1548
 1502 1549
 1502 1503
 1503 1596
 1503 1550
 1503 1549
 1504 1551
 1504 1550
 1505 1552
 1506 1553
 1506 1552
 1507 1508
 1507 1553
 1508 1555
 1508 1554
 1509 1510
 1509 1555
 1510 1511
 1510 1556
 1510 1557
 1511 1605
 1511 1512
 1511 1557
 1512 1560
 1512 1605
 1512 1513
 1513 1560
 1514 1561
 1514 1515
 1514 1560
 1515 1562
 1516 1563
 1516 1517
 1517 1518
 1517 1565
 1517 1563
 1518 1565
 1518 1566
 1518 1519
 1519 1567
 1519 1566
 1520 1521
 1520 1567
 1521 1568
 1521 1569
 1521 1522
 1522 1523
 1522 1570
 1522 1617
 1523 1571
 1523 1570
 1524 1525
 1525 1572
 1525 1526
 1525 1571
 1526 1574
 1526 1527
 1527 1574
 1527 1528
 1528 1576
 1528 1575
 1529 1530
 1529 1576
 1530 1576
 1531 1578
 1531 1532
 1531 1577
 1532 1579
 1532 1578
 1532 1533
 1533 1627
 1533 1580
 1533 1534
 1533 1579
 1534 1581
 1534 1580
 1535 1582
 1535 1536
 1536 1537
 1536 1583
 1537 1583
 1538 1585
 1538 1584
 1538 1583
 1539 1585
 1540 1587
 1541 1588
 1543 1590
 1544 1592
 1544 1545
 1544 1591
 1544 1590
 1545 1592
 1546 1593
 1546 1592
 1547 1594
 1547 1548
 1547 1593
 1548 1595
 1548 1594
 1548 1549
 1549 1596
 1549 1595
 1550 1643
 1550 1551
 1551 1597
 1551 1598
 1551 1552
 1552 1599
 1552 1598
 1553 1600
 1553 1554
 1554 1601
 1554 1555
 1555 1601
 1555 1556
 1556 1603
 1556 1557
 1556 1602
 1557 1604
 1557 1603
 1558 1604
 1558 1605
 1559 1560
 1559 1606
 1559 1605
 1560 1606
 1560 1561
 1561 1654
 1561 1608
 1561 1562
 1561 1607
 1562 1609
 1562 1608
 1562 1563
 1563 1564
 1563 1609
 1564 1611
 1564 1610
 1564 1565
 1565 1566
 1565 1611
 1566 1567
 1566 1612
 1567 1614
 1567 1613
 1567 1615
 1568 1616
 1568 1569
 1569 1617
 1570 1662
 1570 1571
 1570 1618
 1570 1617
 1571 1572
 1571 1618
 1571 1619
 1572 1620
 1572 1619
 1573 1621
 1573 1620
 1574 1575
 1575 1667
 1575 1623
 1575 1576
 1575 1621
 1576 1623
 1576 1577
 1577 1668
 1577 1624
 1577 1578
 1577 1623
 1578 1579
 1578 1624
 1579 1625
 1579 1627
 1580 1673
 1580 1628
 1580 1581
 1581 1582
 1581 1628
 1582 1629
 1582 1630
 1582 1583
 1583 1631
 1583 1630
 1584 1677
 1584 1632
 1584 1631
 1585 1633
 1585 1632
 1585 1586
 1586 1634
 1586 1587
 1586 1633
 1587 1635
 1587 1588
 1587 1634
 1589 1637
 1590 1637
 1591 1638
 1591 1637
 1592 1638
 1592 1639
 1593 1640
 1593 1594
 1593 1639
 1594 1595
 1595 1596
 1595 1640
 1596 1643
 1596 1642
 1596 1641
 1597 1643
 1597 1598
 1598 1599
 1598 1645
 1598 1644
 1599 1646
 1599 1600
 1599 1645
 1600 1601
 1600 1647
 1600 1646
 1601 1648
 1601 1602
 1602 1649
 1602 1603
 1602 1648
 1603 1649
 1603 1650
 1604 1605
 1605 1650
 1605 1606
 1606 1607
 1606 1652
 1606 1651
 1607 1654
 1607 1701
 1608 1655
 1608 1654
 1610 1656
 1610 1611
 1610 1655
 1611 1704
 1611 1657
 1611 1656
 1612 1658
 1612 1657
 1613 1614
 1614 1659
 1614 1658
 1615 1659
 1615 1616
 1616 1660
 1616 1617
 1617 1709
 1617 1662
 1617 1661
 1618 1619
 1618 1662
 1619 1663
 1619 1620
 1620 1712
 1620 1621
 1620 1664
 1621 1666
 1621 1665
 1621 1622
 1622 1715
 1622 1666
 1623 1717
 1623 1667
 1624 1625
 1624 1670
 1624 1668
 1625 1671
 1625 1626
 1625 1670
 1626 1671
 1626 1627
 1626 1672
 1627 1673
 1628 1721
 1628 1674
 1628 1673
 1629 1723
 1629 1675
 1629 1630
 1630 1675
 1630 1631
 1631 1677
 1632 1727
 1632 1726
 1632 1678
 1633 1678
 1633 1634
 1634 1680
 1634 1679
 1635 1680
 1636 1683
 1637 1683
 1637 1684
 1638 1685
 1638 1684
 1639 1686
 1639 1687
 1639 1685
 1639 1640
 1640 1735
 1640 1736
 1640 1641
 1640 1688
 1640 1687
 1641 1642
 1641 1688
 1642 1689
 1642 1690
 1643 1644
 1644 1645
 1644 1690
 1645 1691
 1645 1646
 1646 1647
 1646 1694
 1646 1692
 1647 1694
 1648 1744
 1648 1695
 1648 1649
 1648 1694
 1649 1745
 1649 1650
 1649 1695
 1649 1696
 1650 1698
 1650 1697
 1650 1696
 1650 1651
 1651 1652
 1651 1699
 1651 1698
 1652 1699
 1653 1701
 1653 1699
 1654 1655
 1655 1702
 1655 1703
 1656 1704
 1657 1706
 1657 1658
 1657 1705
 1658 1707
 1658 1659
 1659 1660
 1660 1756
 1660 1707
 1660 1661
 1661 1757
 1661 1709
 1661 1708
 1662 1758
 1662 1710
 1662 1709
 1663 1711
 1663 1664
 1664 1711
 1665 1761
 1665 1666
 1665 1713
 1665 1712
 1666 1713
 1666 1715
 1667 1717
 1667 1716
 1667 1715
 1668 1717
 1669 1718
 1669 1670
 1669 1765
 1670 1671
 1670 1718
 1671 1720
 1671 1719
 1672 1721
 1674 1722
 1674 1723
 1674 1721
 1675 1725
 1675 1676
 1675 1723
 1676 1677
 1677 1726
 1677 1725
 1678 1728
 1679 1729
 1679 1728
 1681 1729
 1683 1732
 1683 1731
 1683 1684
 1684 1733
 1685 1734
 1686 1781
 1686 1735
 1686 1734
 1687 1735
 1688 1783
 1688 1689
 1688 1738
 1688 1736
 1689 1738
 1689 1739
 1689 1690
 1690 1691
 1691 1739
 1691 1692
 1692 1742
 1692 1693
 1692 1740
 1693 1743
 1693 1694
 1694 1744
 1695 1790
 1695 1744
 1696 1791
 1696 1746
 1696 1745
 1697 1698
 1698 1699
 1698 1747
 1698 1748
 1699 1750
 1699 1749
 1701 1751
 1701 1750
 1701 1702
 1702 1796
 1702 1752
 1702 1703
 1702 1751
 1703 1797
 1703 1752
 1703 1704
 1703 1753
 1705 1754
 1705 1706
 1705 1753
 1706 1755
 1706 1707
 1706 1754
 1708 1802
 1708 1801
 1708 1757
 1708 1756
 1709 1758
 1709 1757
 1710 1759
 1710 1758
 1711 1760
 1711 1712
 1712 1761
 1712 1760
 1713 1762
 1713 1761
 1715 1809
 1715 1763
 1715 1762
 1716 1717
 1717 1763
 1717 1764
 1717 1765
 1718 1812
 1718 1766
 1718 1765
 1719 1720
 1720 1721
 1720 1768
 1720 1767
 1720 1766
 1721 1770
 1721 1722
 1721 1768
 1722 1770
 1722 1771
 1723 1771
 1724 1772
 1724 1725
 1725 1773
 1725 1726
 1725 1772
 1726 1773
 1726 1727
 1727 1728
 1727 1774
 1728 1729
 1728 1774
 1729 1776
 1729 1775
 1729 1730
 1730 1776
 1731 1779
 1733 1780
 1733 1734
 1733 1781
 1734 1781
 1735 1782
 1735 1736
 1736 1782
 1737 1783
 1737 1782
 1738 1739
 1739 1740
 1739 1785
 1739 1784
 1740 1786
 1740 1785
 1740 1741
 1741 1742
 1741 1787
 1741 1786
 1742 1788
 1742 1787
 1742 1743
 1743 1789
 1743 1788
 1745 1839
 1745 1791
 1745 1790
 1746 1840
 1746 1792
 1746 1747
 1746 1791
 1747 1748
 1748 1792
 1748 1793
 1749 1750
 1750 1794
 1750 1751
 1750 1793
 1751 1796
 1751 1794
 1752 1845
 1752 1797
 1753 1846
 1753 1798
 1753 1754
 1753 1797
 1754 1800
 1754 1755
 1754 1798
 1755 1756
 1756 1800
 1756 1801
 1757 1758
 1757 1802
 1758 1853
 1758 1805
 1758 1759
 1758 1803
 1759 1760
 1760 1806
 1760 1805
 1760 1761
 1761 1762
 1761 1808
 1762 1808
 1762 1809
 1763 1810
 1763 1764
 1763 1809
 1764 1810
 1764 1765
 1765 1812
 1766 1814
 1766 1767
 1766 1813
 1766 1812
 1767 1814
 1768 1862
 1768 1769
 1769 1816
 1769 1815
 1769 1770
 1770 1816
 1771 1772
 1771 1816
 1772 1819
 1772 1773
 1772 1817
 1773 1820
 1773 1819
 1774 1822
 1774 1821
 1775 1870
 1775 1823
 1776 1871
 1776 1824
 1778 1779
 1778 1826
 1779 1826
 1779 1827
 1779 1780
 1780 1828
 1780 1827
 1781 1829
 1781 1876
 1781 1828
 1782 1830
 1782 1829
 1782 1783
 1783 1832
 1783 1784
 1783 1831
 1783 1830
 1784 1785
 1785 1834
 1785 1786
 1785 1832
 1786 1787
 1787 1836
 1787 1834
 1787 1788
 1788 1837
 1788 1836
 1789 1790
 1790 1838
 1790 1837
 1790 1839
 1791 1840
 1791 1890
 1792 1793
 1792 1841
 1792 1840
 1793 1841
 1793 1842
 1793 1794
 1794 1844
 1794 1795
 1794 1842
 1795 1844
 1796 1895
 1797 1845
 1798 1847
 1798 1898
 1798 1846
 1799 1848
 1799 1800
 1800 1801
 1800 1849
 1800 1848
 1801 1849
 1801 1802
 1802 1851
 1802 1850
 1803 1804
 1804 1853
 1805 1806
 1805 1854
 1805 1853
 1806 1854
 1806 1855
 1807 1856
 1807 1808
 1808 1906
 1808 1809
 1808 1856
 1809 1857
 1809 1858
 1810 1858
 1811 1859
 1811 1812
 1812 1860
 1812 1859
 1813 1910
 1813 1861
 1813 1814
 1814 1862
 1814 1861
 1815 1816
 1815 1863
 1816 1863
 1816 1817
 1817 1818
 1817 1865
 1817 1866
 1817 1864
 1818 1915
 1818 1866
 1818 1867
 1819 1868
 1819 1820
 1819 1867
 1820 1869
 1820 1868
 1820 1821
 1821 1869
 1822 1918
 1822 1870
 1822 1869
 1823 1919
 1823 1871
 1823 1870
 1824 1871
 1825 1874
 1826 1874
 1827 1875
 1827 1874
 1828 1876
 1828 1875
 1829 1830
 1829 1877
 1829 1878
 1830 1831
 1830 1879
 1831 1926
 1831 1880
 1831 1832
 1832 1881
 1832 1833
 1832 1880
 1833 1883
 1833 1881
 1833 1834
 1834 1835
 1834 1884
 1834 1883
 1835 1884
 1835 1885
 1836 1885
 1836 1837
 1836 1886
 1837 1887
 1837 1886
 1837 1838
 1838 1889
 1838 1888
 1838 1887
 1839 1890
 1840 1891
 1840 1890
 1841 1842
 1841 1891
 1842 1892
 1842 1843
 1843 1894
 1843 1844
 1843 1893
 1844 1895
 1844 1894
 1845 1897
 1845 1846
 1845 1895
 1846 1898
 1846 1897
 1847 1944
 1847 1899
 1847 1898
 1848 1849
 1849 1899
 1849 1850
 1850 1851
 1851 1902
 1851 1901
 1851 1852
 1852 1948
 1852 1902
 1853 1903
 1853 1854
 1854 1855
 1854 1905
 1854 1903
 1855 1905
 1855 1856
 1856 1952
 1857 1858
 1858 1859
 1858 1908
 1858 1907
 1859 1909
 1859 1908
 1860 1956
 1860 1910
 1860 1909
 1861 1958
 1861 1912
 1861 1862
 1861 1910
 1862 1912
 1862 1863
 1863 1912
 1864 1914
 1864 1913
 1865 1914
 1866 1915
 1866 1914
 1867 1868
 1867 1915
 1868 1917
 1868 1916
 1869 1965
 1869 1917
 1870 1918
 1871 1920
 1871 1919
 1874 1922
 1874 1921
 1875 1923
 1875 1922
 1876 1924
 1876 1877
 1877 1878
 1877 1925
 1878 1925
 1878 1926
 1880 1928
 1880 1926
 1880 1881
 1881 1975
 1881 1929
 1881 1928
 1883 1929
 1883 1930
 1883 1884
 1884 1932
 1884 1885
 1884 1930
 1886 1887
 1886 1933
 1886 1932
 1887 1934
 1887 1933
 1888 1934
 1889 1935
 1889 1934
 1890 1982
 1890 1936
 1890 1935
 1890 1891
 1891 1937
 1891 1936
 1892 1893
 1892 1937
 1893 1938
 1893 1937
 1893 1894
 1894 1895
 1894 1940
 1894 1938
 1895 1941
 1895 1940
 1896 1942
 1896 1941
 1897 1898
 1897 1943
 1897 1942
 1898 1944
 1899 1945
 1899 1900
 1899 1944
 1900 1946
 1900 1901
 1901 1902
 1901 1946
 1901 1947
 1902 1947
 1903 1904
 1903 1949
 1903 1948
 1904 1905
 1904 1949
 1904 1950
 1905 1951
 1905 1952
 1906 1907
 1906 1953
 1906 1952
 1907 1953
 1908 1955
 1908 2000
 1908 1954
 1908 1909
 1909 1955
 1910 1911
 1910 1956
 1911 2003
 1911 1958
 1912 1913
 1912 1958
 1913 1960
 1913 1959
 1913 1914
 1914 1915
 1914 1960
 1915 1962
 1915 1916
 1916 2008
 1916 1964
 1916 1917
 1916 1963
 1917 2009
 1917 1964
 1918 1966
 1918 1965
 1919 2012
 1919 1967
 1919 1966
 1921 1922
 1921 1969
 1922 1923
 1923 1970
 1923 1924
 1924 1971
 1924 1970
 1925 1972
 1925 1971
 1925 1926
 1926 1927
 1926 1974
 1926 1973
 1926 1972
 1928 1974
 1928 1975
 1929 1976
 1929 1930
 1929 1975
 1930 1931
 1930 1976
 1931 1977
 1931 1978
 1931 1932
 1932 1979
 1932 1933
 1932 1978
 1933 1934
 1933 1979
 1934 1980
 1934 1981
 1935 2026
 1935 1981
 1936 1937
 1936 1983
 1937 1985
 1937 1938
 1937 1983
 1938 1939
 1938 1986
 1940 1987
 1940 1941
 1940 1986
 1941 1988
 1941 1942
 1942 1943
 1942 1989
 1943 1944
 1944 1991
 1944 1945
 1944 1989
 1945 2039
 1945 1992
 1945 1946
 1945 1991
 1946 1992
 1946 1947
 1947 1994
 1947 1948
 1948 1995
 1948 1949
 1949 1996
 1949 1950
 1949 1995
 1950 1997
 1950 1996
 1951 1998
 1951 1952
 1952 1999
 1952 1953
 1953 1999
 1954 2000
 1954 1999
 1955 2002
 1955 1956
 1955 2000
 1956 1957
 1957 2003
 1957 2002
 1958 2052
 1958 2004
 1958 2003
 1959 2005
 1959 1960
 1960 2054
 1960 1961
 1960 2006
 1961 2006
 1961 1962
 1962 2055
 1962 2007
 1962 2006
 1963 2008
 1963 2007
 1964 2008
 1965 2010
 1965 2009
 1965 1966
 1966 2011
 1967 2012
 1969 2063
 1969 2014
 1970 2016
 1970 2015
 1971 2017
 1971 2016
 1972 2017
 1972 2018
 1972 1973
 1973 2019
 1973 1974
 1973 2018
 1974 2068
 1974 2020
 1974 2019
 1974 1975
 1975 2021
 1975 2020
 1976 2432
 1976 1977
 1976 2021
 1977 1978
 1977 2022
 1977 2432
 1978 1979
 1978 2022
 1979 2023
 1979 2024
 1980 2025
 1980 2024
 1980 1981
 1981 2026
 1982 1983
 1982 2026
 1983 2028
 1983 2027
 1984 2028
 1984 1985
 1984 2030
 1985 2030
 1985 2031
 1985 1986
 1986 2032
 1986 2033
 1986 2031
 1986 1987
 1987 2034
 1987 1988
 1987 2033
 1988 2035
 1988 1989
 1988 2034
 1989 2037
 1989 2036
 1989 2430
 1989 1990
 1990 2038
 1990 2037
 1991 2039
 1991 2038
 1992 2040
 1992 2039
 1993 2040
 1993 1994
 1994 1995
 1994 2042
 1995 1996
 1995 2043
 1996 1997
 1996 2044
 1997 2045
 1997 2044
 1997 1998
 1998 2046
 1998 2045
 1998 1999
 1999 2000
 1999 2048
 1999 2046
 2000 2049
 2000 2048
 2001 2049
 2001 2002
 2002 2051
 2002 2050
 2002 2003
 2002 2049
 2003 2051
 2004 2053
 2004 2005
 2004 2052
 2005 2054
 2005 2053
 2006 2055
 2006 2054
 2007 2056
 2007 2055
 2008 2009
 2008 2057
 2009 2104
 2009 2058
 2010 2058
 2011 2059
 2012 2060
 2012 2059
 2013 2060
 2014 2063
 2015 2064
 2015 2063
 2016 2066
 2016 2065
 2017 2066
 2017 2018
 2018 2066
 2019 2068
 2019 2067
 2020 2070
 2020 2021
 2020 2068
 2021 2070
 2022 2072
 2022 2023
 2022 2432
 2023 2073
 2023 2024
 2023 2072
 2024 2025
 2024 2074
 2024 2073
 2025 2074
 2025 2026
 2026 2027
 2026 2074
 2027 2076
 2027 2028
 2028 2126
 2028 2076
 2028 2077
 2029 2030
 2029 2077
 2030 2128
 2030 2031
 2030 2077
 2030 2078
 2031 2078
 2031 2079
 2032 2033
 2032 2079
 2033 2034
 2033 2079
 2034 2081
 2034 2035
 2035 2082
 2035 2081
 2036 2037
 2036 2430
 2037 2038
 2037 2084
 2038 2085
 2038 2039
 2039 2040
 2040 2041
 2040 2085
 2041 2086
 2041 2042
 2042 2088
 2042 2043
 2043 2089
 2043 2090
 2044 2090
 2044 2045
 2045 2046
 2045 2091
 2045 2090
 2046 2093
 2046 2047
 2048 2093
 2048 2094
 2048 2049
 2049 2094
 2049 2050
 2050 2097
 2050 2051
 2050 2095
 2051 2097
 2051 2052
 2052 2099
 2052 2053
 2053 2054
 2053 2100
 2054 2431
 2054 2100
 2055 2056
 2055 2431
 2056 2103
 2056 2057
 2057 2104
 2057 2103
 2058 2105
 2058 2059
 2059 2107
 2059 2106
 2060 2108
 2060 2107
 2062 2110
 2063 2110
 2063 2111
 2064 2065
 2064 2112
 2064 2111
 2065 2112
 2065 2113
 2065 2066
 2066 2113
 2066 2067
 2067 2115
 2068 2116
 2068 2069
 2069 2070
 2069 2116
 2070 2071
 2070 2117
 2070 2432
 2071 2118
 2071 2119
 2072 2120
 2072 2073
 2072 2121
 2072 2119
 2073 2121
 2074 2075
 2074 2122
 2075 2076
 2075 2123
 2075 2125
 2076 2126
 2077 2126
 2078 2079
 2078 2129
 2079 2080
 2079 2129
 2079 2177
 2080 2081
 2080 2130
 2080 2131
 2081 2082
 2082 2132
 2082 2430
 2083 2134
 2083 2132
 2083 2084
 2084 2085
 2084 2135
 2085 2137
 2085 2135
 2085 2086
 2086 2184
 2086 2138
 2086 2137
 2087 2139
 2087 2138
 2088 2089
 2088 2140
 2088 2139
 2089 2090
 2090 2141
 2090 2140
 2090 2091
 2091 2092
 2091 2141
 2092 2143
 2092 2093
 2093 2144
 2093 2094
 2093 2143
 2094 2145
 2094 2144
 2095 2146
 2095 2145
 2095 2096
 2096 2148
 2096 2097
 2097 2098
 2098 2099
 2098 2149
 2098 2195
 2098 2148
 2099 2149
 2099 2100
 2100 2101
 2100 2150
 2101 2197
 2101 2431
 2101 2151
 2102 2431
 2102 2153
 2103 2154
 2103 2153
 2103 2104
 2104 2105
 2104 2155
 2104 2154
 2105 2156
 2105 2155
 2105 2106
 2106 2107
 2106 2156
 2107 2158
 2107 2157
 2110 2207
 2110 2160
 2110 2159
 2111 2208
 2111 2160
 2111 2161
 2112 2113
 2112 2161
 2113 2162
 2113 2163
 2113 2161
 2114 2115
 2114 2163
 2115 2116
 2115 2165
 2116 2165
 2116 2117
 2117 2167
 2117 2118
 2118 2167
 2119 2169
 2119 2120
 2120 2121
 2121 2169
 2121 2122
 2122 2123
 2122 2170
 2123 2172
 2123 2124
 2124 2172
 2124 2125
 2125 2174
 2125 2126
 2126 2127
 2126 2174
 2127 2128
 2128 2176
 2128 2129
 2129 2176
 2130 2226
 2130 2177
 2131 2179
 2131 2132
 2131 2180
 2132 2180
 2132 2430
 2133 2134
 2133 2180
 2134 2182
 2135 2182
 2135 2136
 2136 2137
 2136 2182
 2137 2184
 2138 2184
 2139 2187
 2139 2140
 2139 2186
 2140 2187
 2141 2190
 2141 2142
 2141 2188
 2142 2191
 2143 2191
 2143 2144
 2144 2192
 2144 2145
 2145 2192
 2146 2193
 2146 2192
 2147 2194
 2147 2193
 2147 2148
 2148 2425
 2149 2150
 2149 2195
 2150 2151
 2151 2197
 2151 2196
 2152 2153
 2152 2197
 2153 2200
 2153 2199
 2153 2154
 2154 2200
 2154 2155
 2155 2202
 2155 2201
 2156 2203
 2156 2202
 2157 2204
 2158 2204
 2159 2207
 2160 2208
 2161 2209
 2161 2162
 2161 2208
 2162 2163
 2162 2209
 2163 2210
 2164 2165
 2164 2210
 2165 2166
 2165 2212
 2166 2167
 2166 2212
 2167 2168
 2167 2215
 2167 2214
 2168 2169
 2169 2170
 2169 2216
 2170 2218
 2170 2216
 2170 2171
 2171 2219
 2171 2172
 2172 2263
 2172 2173
 2172 2219
 2173 2221
 2174 2175
 2174 2221
 2174 2222
 2175 2176
 2175 2222
 2175 2224
 2176 2225
 2176 2177
 2177 2225
 2178 2227
 2178 2226
 2179 2180
 2179 2228
 2179 2227
 2180 2228
 2181 2182
 2181 2228
 2182 2230
 2182 2183
 2183 2231
 2183 2184
 2183 2230
 2184 2231
 2184 2185
 2184 2232
 2185 2186
 2186 2187
 2186 2234
 2187 2235
 2187 2188
 2188 2189
 2189 2190
 2189 2236
 2189 2235
 2190 2237
 2190 2191
 2191 2238
 2191 2192
 2192 2240
 2192 2193
 2192 2238
 2193 2240
 2194 2284
 2194 2241
 2195 2243
 2195 2242
 2195 2425
 2196 2244
 2196 2286
 2196 2243
 2197 2198
 2197 2245
 2197 2244
 2198 2247
 2199 2248
 2199 2200
 2199 2247
 2200 2248
 2200 2201
 2201 2249
 2201 2202
 2202 2203
 2203 2204
 2203 2251
 2203 2250
 2204 2252
 2204 2251
 2207 2254
 2207 2253
 2208 2297
 2208 2255
 2208 2254
 2209 2256
 2209 2210
 2210 2300
 2210 2257
 2210 2211
 2210 2256
 2211 2258
 2211 2212
 2212 2302
 2212 2213
 2212 2258
 2213 2214
 2214 2304
 2214 2215
 2215 2304
 2215 2216
 2216 2261
 2216 2217
 2217 2308
 2217 2218
 2217 2262
 2217 2261
 2219 2309
 2219 2263
 2219 2262
 2220 2264
 2220 2263
 2221 2264
 2221 2222
 2222 2265
 2222 2223
 2222 2264
 2223 2224
 2224 2267
 2224 2225
 2225 2268
 2225 2226
 2226 2268
 2227 2316
 2227 2270
 2227 2228
 2228 2270
 2228 2229
 2229 2318
 2229 2230
 2229 2271
 2230 2273
 2230 2272
 2231 2232
 2231 2274
 2232 2274
 2233 2234
 2233 2274
 2234 2235
 2234 2276
 2235 2276
 2235 2278
 2236 2237
 2236 2278
 2237 2280
 2237 2238
 2238 2280
 2238 2239
 2239 2282
 2239 2240
 2240 2282
 2241 2282
 2242 2243
 2242 2285
 2242 2284
 2242 2425
 2243 2285
 2244 2245
 2245 2288
 2245 2246
 2246 2247
 2246 2288
 2247 2290
 2247 2248
 2248 2292
 2248 2291
 2248 2249
 2249 2250
 2249 2292
 2250 2251
 2251 2294
 2251 2293
 2252 2294
 2254 2341
 2254 2297
 2254 2296
 2255 2256
 2255 2297
 2256 2345
 2256 2299
 2257 2258
 2257 2301
 2257 2349
 2258 2302
 2258 2301
 2259 2304
 2259 2302
 2260 2305
 2260 2261
 2260 2304
 2261 2305
 2261 2306
 2262 2308
 2263 2309
 2264 2265
 2264 2310
 2265 2311
 2265 2266
 2266 2313
 2266 2267
 2267 2314
 2267 2268
 2268 2315
 2268 2269
 2269 2316
 2270 2317
 2270 2316
 2270 2271
 2271 2318
 2272 2380
 2272 2318
 2273 2274
 2273 2319
 2274 2322
 2274 2275
 2274 2320
 2275 2276
 2276 2277
 2276 2324
 2276 2322
 2277 2278
 2278 2324
 2278 2279
 2279 2280
 2279 2326
 2280 2327
 2280 2281
 2281 2282
 2282 2329
 2282 2328
 2282 2283
 2282 2327
 2283 2330
 2284 2330
 2284 2285
 2285 2286
 2285 2331
 2285 2330
 2286 2332
 2286 2287
 2287 2288
 2288 2333
 2288 2332
 2289 2335
 2289 2333
 2289 2290
 2290 2291
 2291 2336
 2291 2335
 2291 2292
 2292 2336
 2292 2293
 2293 2338
 2293 2294
 2294 2339
 2294 2338
 2297 2343
 2297 2298
 2297 2341
 2298 2345
 2298 2343
 2299 2347
 2299 2300
 2299 2345
 2300 2349
 2300 2347
 2301 2351
 2301 2349
 2302 2303
 2302 2351
 2303 2354
 2303 2352
 2303 2304
 2304 2356
 2304 2354
 2305 2306
 2305 2356
 2306 2307
 2306 2357
 2307 2360
 2307 2358
 2307 2308
 2308 2362
 2308 2309
 2308 2360
 2309 2363
 2309 2310
 2310 2365
 2310 2311
 2310 2363
 2311 2367
 2311 2365
 2311 2312
 2312 2369
 2312 2313
 2312 2367
 2313 2371
 2313 2314
 2313 2369
 2314 2373
 2314 2371
 2314 2315
 2315 2375
 2315 2316
 2315 2373
 2316 2376
 2317 2378
 2317 2318
 2317 2376
 2318 2380
 2318 2378
 2319 2382
 2319 2320
 2319 2380
 2320 2383
 2320 2321
 2321 2385
 2321 2322
 2321 2383
 2322 2387
 2322 2385
 2322 2323
 2323 2389
 2323 2324
 2323 2387
 2324 2391
 2324 2389
 2324 2325
 2325 2393
 2325 2326
 2325 2391
 2326 2395
 2326 2327
 2326 2393
 2327 2397
 2327 2328
 2327 2395
 2328 2399
 2328 2397
 2329 2401
 2329 2330
 2329 2399
 2330 2403
 2330 2401
 2331 2405
 2331 2332
 2331 2403
 2332 2407
 2332 2405
 2332 2333
 2333 2408
 2333 2407
 2334 2410
 2334 2335
 2334 2408
 2335 2412
 2335 2410
 2336 2414
 2336 2337
 2336 2412
 2337 2416
 2337 2338
 2337 2414
 2338 2418
 2338 2416
 2338 2339
 2422 2423
 2426 2427
 2427 2428
