    2  126
    2   82
    3   82
    4   83
    4   82
    6   84
    6   83
    8   84
    9   86
    9   85
   11  130
   11   87
   11   86
   13   87
   14   88
   14   89
   16  132
   16   90
   16   89
   18   91
   18   90
   19   92
   21   93
   21   92
   22   93
   23   94
   23   93
   25   94
   25   95
   27   96
   27   95
   28   96
   29   97
   29   96
   31   98
   31   97
   33  140
   33   99
   33   98
   34  100
   34   99
   36  101
   36  100
   38  102
   38  101
   39  102
   40  102
   40  103
   42  146
   42  104
   42  103
   44  105
   44  104
   46  106
   46  105
   48  106
   48  107
   50  150
   50  108
   50  107
   52  108
   53  110
   53  109
   55  111
   55  110
   57  153
   57  111
   57  112
   59  112
   59  113
   61  113
   61  114
   62  114
   62  115
   64  115
   64  116
   66  117
   66  116
   67  117
   68  118
   68  117
   70  119
   70  118
   71  120
   71  119
   73  121
   73  120
   75  122
   75  121
   77  123
   77  122
   79  165
   79  123
   81  126
   82  127
   82  126
   83  128
   83   84
   84   85
   85 2278
   85  129
   85   86
   87   88
   87  130
   88  174
   88   89
   88  173
   88  131
   90   91
   90  132
   91  134
   91   92
   91  133
   93  136
   93   94
   93  135
   94  137
   94   95
   96  182
   96  181
   96   97
   96  138
   97   98
   98  140
   98  139
   99  141
   99  140
  100  101
  101  102
  101  142
  102  144
  102  143
  103  146
  103  144
  104  147
  104  105
  105  106
  106  147
  106  107
  107  150
  107  148
  108  194
  108  109
  108  150
  109  110
  109  194
  110  196
  110  195
  110  151
  110  152
  110  111
  111  153
  112  113
  112  153
  113  155
  113  154
  114  115
  115  116
  115  155
  115  157
  117  159
  117  158
  117  118
  118  119
  119  161
  119  160
  120 2277
  120  121
  121 2277
  121  122
  122  162
  122  123
  123  165
  123  164
  123  163
  124  165
  125  168
  126  169
  126  168
  126  127
  127  128
  127  169
  128 2278
  129  130
  129 2278
  130  131
  130  172
  131  173
  131  172
  132  133
  132 2286
  132  174
  133 2286
  133  134
  133  175
  134  135
  135  178
  135  177
  135  136
  136 2281
  136  137
  136  178
  137  138
  137 2281
  137  179
  138  179
  139  225
  139  183
  139  140
  139  182
  140  141
  140  183
  141  185
  141  142
  142  186
  142  143
  143  188
  143  144
  143  187
  144  188
  145  190
  145  146
  146  147
  146  190
  147  232
  147  233
  147  148
  147  191
  148  149
  149  192
  150  235
  150  194
  150  193
  152  196
  153  239
  153  154
  153  197
  154  240
  154  198
  154  155
  154  239
  155  198
  155  156
  156  199
  156  287
  156  157
  156  242
  157  158
  157  199
  158  202
  158  159
  158  201
  159  203
  159  160
  160  161
  160  203
  162  205
  162  206
  162  163
  162 2277
  164  207
  164  165
  164  206
  165  209
  165  208
  168  210
  168  212
  168  211
  168  169
  169  213
  169  254
  169  212
  169  170
  170 2278
  171 2278
  171  172
  171  214
  171  215
  172  215
  172  173
  173  216
  173  215
  175  219
  175  218
  175 2286
  176  177
  176  219
  177  221
  177  178
  178 2281
  178  263
  178  221
  179  222
  179 2281
  180  181
  181  268
  181  224
  181  223
  181  182
  182  225
  183  226
  183  225
  185  272
  185  186
  185  226
  186  227
  186  187
  187  228
  187  227
  187  188
  188  189
  188  229
  188  228
  189  229
  190  231
  190  230
  190  191
  191  231
  191  232
  192  193
  192  234
  192  233
  193  280
  193  234
  193  235
  194  237
  194  235
  195  196
  195  237
  196  238
  196  197
  198  241
  198  240
  199  288
  199  243
  199  287
  200  201
  201  244
  201  202
  201  243
  202  244
  202  203
  203  291
  203  246
  203  204
  203  245
  204  293
  204 2277
  205  248
  205  206
  205  247
  206  249
  206  207
  206  248
  207  250
  207  249
  207  208
  208  296
  208  251
  208  250
  210  253
  211  253
  211  212
  212  254
  213  256
  213  254
  214  257
  214  256
  214 2278
  215  258
  215  257
  216  259
  216  217
  217 2286
  218  306
  218  261
  218 2286
  218  260
  219  220
  220  221
  220  262
  221  263
  221  262
  222  223
  223  266
  224  269
  224  225
  224  268
  225  271
  225  270
  225  269
  227  273
  227  228
  227  272
  228  274
  228  273
  229  274
  231  277
  231  276
  231  232
  231  275
  232  278
  232  277
  234  280
  234  279
  235  281
  235  280
  236  237
  236  282
  237  238
  238  324
  238  283
  238  239
  238  282
  239  285
  239  240
  240  285
  241  286
  244  332
  244  245
  244  290
  245  333
  245  332
  245  291
  246  334
  246  292
  247  294
  247  248
  247  293
  247 2277
  248  249
  248  294
  249  250
  250  295
  251  296
  253  298
  254  300
  254  255
  255  301
  255  300
  255  256
  256  302
  256  301
  256  257
  257  344
  257  303
  257  258
  257  302
  258  303
  258  304
  259  305
  259  304
  259  260
  260 2286
  261  350
  261  307
  261  306
  262  308
  262  263
  262  307
  263  309
  263  308
  264  309
  264 2281
  265 2281
  265  266
  266  310
  266  267
  267  312
  267  268
  267  311
  268  312
  268  269
  269  270
  269  312
  270  271
  270  313
  271  272
  272  316
  272  315
  273  316
  273  274
  274  317
  274  275
  274  316
  275  317
  276  320
  276  319
  276  277
  277  320
  278  321
  278  279
  278  320
  279  363
  280  363
  280  281
  281  364
  281  322
  281  363
  282  322
  283  366
  283  284
  283  325
  283  324
  284  326
  284  285
  285  327
  285  286
  286  328
  286  287
  287  288
  288  330
  288  329
  288  289
  289  290
  289  331
  291  334
  291  333
  293  336
  293  335
  294  337
  294  336
  295  338
  296  339
  296  338
  298  299
  299  341
  299  340
  299  300
  300  342
  300  341
  300  301
  301  342
  301  302
  302  344
  303  383
  303  345
  303  344
  304  347
  304  305
  305  306
  306  350
  306  349
  306  348
  307  308
  308  352
  308  351
  309  390
  309  353
  310  311
  310  354
  310  353
  311  354
  312 2291
  312  356
  312  355
  312  313
  313  394
  313  357
  314  315
  315  395
  316 2299
  316  358
  316  397
  316  317
  317  359
  317  358
  317  360
  318  361
  318  319
  319  401
  319  400
  319  361
  319  320
  320  321
  320  401
  322  365
  322  323
  323  406
  323  365
  323  324
  324  406
  325  408
  325  326
  325  367
  325  366
  326  367
  326  327
  327  368
  327  367
  327  328
  328  369
  328  368
  329  412
  329  330
  329  369
  330  370
  330  412
  331  332
  331  370
  332  333
  332  371
  333  415
  333  373
  333  372
  334  335
  335  336
  335  374
  336  418
  336  375
  336  374
  336  337
  337  376
  337  338
  337  375
  338  420
  338  377
  338  376
  339  377
  341  423
  341  380
  341  379
  341  342
  342  380
  342  343
  343  425
  344  382
  344  383
  345  384
  345  346
  345  383
  346  427
  346  385
  346  347
  347  348
  348  387
  348  386
  349  350
  349  388
  349  387
  350  351
  351  389
  351  352
  351  388
  352  432
  352  390
  354  355
  354  391
  354  392
  356  393
  356  394
  356 2291
  357  436
  357  395
  358  439
  358  398
  358  397
  359  399
  359  398
  361  400
  361  399
  362  363
  363  403
  363  364
  364  445
  364  404
  364  403
  365  406
  366  408
  366  407
  366  406
  367  409
  367  408
  368  369
  368  409
  370  413
  370  412
  371  372
  371  414
  371  413
  372  414
  372  415
  373  417
  373  374
  374  418
  374  417
  375  419
  375  418
  376  419
  377  421
  379  423
  380  381
  380  423
  381  465
  381  425
  382  426
  382  383
  382  425
  383  466
  383  384
  384  467
  384  427
  384  466
  385  428
  385  386
  385  427
  387  430
  387  388
  387  429
  388  430
  388  389
  389  473
  389  432
  389  431
  390  433
  390  432
  391  392
  391  434
  391  433
  392 2292
  392  434
  393 2301
  393  478
  393  394
  393  435
  394 2301
  394  436
  395  436
  395  396
  396  397
  396 2299
  396  437
  397  438
  397  439
  398  440
  398  439
  398  441
  400  442
  400  401
  401  402
  401  443
  401  442
  402  403
  403  445
  403  444
  404  446
  404  405
  404  445
  406  448
  407  450
  407  449
  407  408
  408  451
  408  450
  409  451
  410  411
  411  412
  411  493
  412  453
  412  452
  413 2310
  413  453
  414 2310
  414  415
  414  455
  414  454
  415  455
  415  416
  416  417
  416  456
  416  457
  416  455
  417  418
  417  457
  418  459
  418  419
  419 2279
  419  459
  420  503
  420  502
  420  460
  420 2279
  420  421
  422  423
  422  462
  423  424
  423  462
  425  426
  426  510
  426  466
  427  468
  427  467
  428  429
  429  470
  430  471
  430  431
  430  472
  431  516
  431  473
  431  472
  432  474
  432  475
  432  473
  434 2292
  434  477
  434  476
  434  435
  435  521
  435  478
  435  477
  435 2291
  436 2300
  436 2301
  437  438
  437  479
  438  526
  438  481
  438  480
  439  527
  439  526
  439  440
  440  482
  440  527
  441  442
  442  443
  442  484
  443  486
  443  484
  444  487
  444  445
  444  486
  445  488
  445  487
  446  534
  446  447
  447  448
  448  489
  448  449
  449  450
  449  490
  450  537
  450  491
  450  492
  451  492
  451  493
  452  496
  452  453
  452  495
  452  494
  454  543
  454  455
  454  497
  455  498
  455  543
  456  457
  456  498
  457  499
  457  458
  458  459
  458  500
  459 2279
  460  503
  462  505
  462  506
  463  464
  464  465
  464  507
  464  506
  464  508
  465  509
  466  511
  466  467
  467  512
  467  468
  468  513
  468  469
  468  557
  468  512
  469  470
  470  471
  470  514
  471  515
  472  516
  472  515
  473  517
  473  516
  474  518
  474  517
  475  476
  476  520
  476  519
  477  521
  477  520
  478 2301
  478  522
  478  521
  479  524
  480  524
  481  525
  481  526
  482  483
  482  528
  482  529
  483  530
  483  484
  484  485
  484  531
  484  530
  485  532
  485  486
  487  575
  487  532
  487  488
  488  575
  488  533
  489  490
  489  535
  489  534
  490  491
  490  535
  490  536
  491  536
  491  578
  491  537
  492  538
  492  537
  493  494
  494  540
  494 2316
  495  541
  495  540
  495  496
  496 2310
  497  585
  497  543
  497  542
  498  544
  498  543
  500  546
  500  545
  501 2279
  501  589
  501  547
  502  590
  502  549
  502 2279
  503  550
  505  552
  505  506
  506  552
  507  594
  507  553
  507  508
  507  552
  508  553
  508  509
  509  596
  509  553
  510  554
  510  596
  511  554
  512  556
  512  557
  512  555
  513  558
  514  558
  514  515
  515  516
  515  560
  515  559
  516  560
  516  561
  517  562
  517  561
  518  519
  519  563
  520  564
  520  521
  521  565
  521  564
  522  566
  522  565
  523 2300
  523  567
  523  566
  523  524
  524  567
  524  525
  525  568
  526  569
  526  527
  527  613
  527  528
  527  570
  527  569
  528  571
  528  570
  530  573
  530  572
  530  531
  530  571
  531  574
  531  573
  532  575
  532  574
  533  534
  533  576
  535  577
  535  576
  536  577
  536  578
  537  579
  537  578
  538  580
  538  539
  539 2317
  539  581
  540  582
  540  541
  540  581
  541  584
  541  582
  541  542
  542 2310
  543  586
  543  585
  544  587
  544  545
  545  588
  545  587
  545  546
  546  589
  546  588
  547  635
  547  548
  547  589
  548  635
  548  590
  548 2280
  549  591
  549  550
  549  590
  551  593
  552  593
  552  594
  553  596
  553  594
  554  555
  554  597
  554  596
  555  597
  555  598
  555  556
  556  599
  556  557
  557  600
  557  558
  557  599
  558  559
  559  602
  559  603
  559  560
  560  604
  560  603
  561  605
  561  604
  562  563
  563  564
  563  606
  564  608
  564  607
  564  565
  565  609
  565  608
  567  611
  567  610
  567  568
  568  655
  568  612
  568  611
  569  613
  569  656
  569  612
  570  614
  570  613
  572  616
  572  615
  572  573
  573  616
  574  618
  575  619
  575 2305
  575  618
  576  619
  577  622
  577  621
  578  622
  578  623
  578  579
  579  624
  579  623
  579  580
  580  626
  580  581
  581 2316
  582  583
  582  627
  582  628
  583  628
  583  584
  583  629
  584  671
  584  630
  584  585
  585  631
  585  630
  585  586
  586  587
  586  631
  587  588
  587  631
  588  634
  588  589
  588  632
  589  635
  590  591
  590  635
  591  636
  592  593
  592  639
  593  594
  594  640
  594  595
  595  641
  595  596
  596  641
  597  598
  597  642
  598  644
  599  644
  599  600
  600  645
  600  601
  600  644
  601  602
  601  645
  602  603
  602  646
  603  648
  603  604
  603  647
  604  649
  605  650
  606  607
  606  693
  606  650
  607  608
  607  694
  608  696
  608  651
  608  652
  609  653
  609  652
  610  653
  611  655
  611  654
  612  655
  613  700
  613  657
  613  656
  614  615
  615  658
  615  616
  616  617
  616  659
  617  702
  617  660
  617  659
  618 2305
  618  661
  618  660
  619  620
  620  621
  620  663
  621  664
  622  665
  623  666
  623  665
  623  624
  624  625
  624  667
  624  666
  625  667
  625  626
  626  668
  626  667
  627  669
  627  668
  628  670
  628  669
  628  629
  629  712
  629  711
  629  671
  629  670
  630  672
  630  671
  631  673
  631  672
  632  715
  632  674
  633  675
  633  716
  634  676
  636  678
  636  677
  637  678
  639  680
  639  682
  641  723
  641  684
  641  683
  643  684
  644  687
  644  686
  645  646
  645  687
  646  688
  646  647
  646  687
  647  648
  647  689
  647  688
  648  690
  648  689
  649  691
  649  650
  651  695
  651  696
  651  694
  652  738
  653  654
  654  697
  655  741
  655  698
  655  699
  656  700
  656  699
  657  744
  657  658
  658  659
  659  701
  659  702
  661  749
  661  662
  661  703
  661 2305
  662  663
  662  750
  662 2305
  663  664
  664  705
  664  704
  665  753
  665  705
  666  707
  666  667
  666  706
  666  708
  667  708
  669  710
  669  709
  670  710
  671  713
  671  712
  672 2306
  672  714
  673  763
  673  715
  673  714
  674  764
  674  716
  674  715
  675  717
  675  676
  675  716
  676  765
  676  717
  676  677
  677  766
  677  718
  677  765
  677  678
  678  719
  678  718
  680  681
  680  721
  681  721
  681  682
  681  722
  682  771
  682  683
  682  722
  683  771
  683  723
  684  724
  684  685
  684  723
  685  725
  685  686
  685  724
  686  725
  686  726
  687  727
  687  726
  688  729
  688  727
  688  728
  688  689
  689  729
  690  731
  690  691
  691  732
  691  692
  692  693
  693  694
  693  733
  694  733
  694  734
  695  736
  695  696
  695  735
  696  738
  696  737
  697  740
  697  739
  697  738
  698  740
  699  700
  699  741
  700  742
  700  743
  701  746
  701  702
  701  745
  701  744
  702  747
  702  703
  703  749
  704  752
  704  750
  705  752
  706  754
  706  707
  706  753
  707  800
  707  755
  707  754
  708  757
  708  709
  710  711
  710  758
  711  759
  711  760
  711  712
  712  805
  712  761
  712  760
  713 2306
  713  761
  714  762
  715  763
  716  809
  716  717
  716  764
  717  765
  718  812
  718  767
  718  766
  720  769
  721  769
  722  771
  722  770
  722  769
  723  772
  723  724
  723  771
  724  773
  724  725
  725  775
  725  774
  725  726
  726  776
  726  727
  727  728
  728  777
  728  729
  729  822
  729  777
  729  778
  729  730
  730  779
  730  778
  730  731
  731  779
  731  732
  732  781
  733  781
  734  826
  734  735
  734  781
  735  782
  735  783
  735  736
  736  737
  736  783
  737  829
  737  784
  739  786
  739  740
  739  785
  740  787
  741  742
  741  787
  742  789
  742  743
  742  788
  743  790
  743  744
  745  792
  745  746
  745  791
  746  792
  746  747
  747  748
  748  794
  748  793
  748  749
  749  795
  749  750
  750  751
  751  797
  751  798
  751  752
  752  753
  753  798
  754  800
  754  799
  755  801
  755  756
  756  801
  756  757
  757  758
  758  802
  758  803
  758  759
  759  803
  759  760
  760  804
  760  803
  761  853
  761 2306
  761  805
  762  807
  762  806
  762 2306
  763  807
  764  808
  765  766
  765  810
  766  811
  767  812
  769  814
  769  815
  769  770
  770  771
  770  815
  771  817
  772  865
  773  774
  773  818
  773  865
  774  775
  774  819
  775  820
  776  777
  776  820
  777  821
  778  871
  778  823
  778  822
  779  780
  780  825
  780  781
  780  823
  782  828
  782  783
  782  827
  782  826
  783  828
  783  829
  784  785
  785  830
  785  786
  786  832
  786  831
  787  788
  787  832
  788  835
  788  833
  789  837
  789  790
  789  835
  790  791
  791  792
  791  838
  792  840
  792  793
  792  839
  793  841
  793  794
  794  842
  794  795
  795  796
  795  843
  796  797
  797  798
  797  844
  798  799
  798  845
  799  846
  799  800
  800 2318
  800  847
  800  846
  801  802
  801 2318
  802  803
  802  849
  802  848
  803  804
  803  849
  803  850
  804  851
  804  805
  805  852
  806  854
  806  807
  806  853
  806 2306
  807  855
  807  900
  808  856
  808  855
  809  856
  810  857
  810  856
  812  859
  812  858
  813  859
  814  815
  814  862
  815  816
  816  863
  817  912
  817  864
  818  866
  819  867
  820  869
  820  868
  821  917
  821  869
  821  822
  822  870
  823  824
  823  871
  824  872
  824  873
  824  825
  825  826
  826  873
  827  875
  827  874
  827  828
  828  876
  828  875
  829  830
  830  831
  830  876
  831  877
  831  878
  831  832
  832  833
  833  878
  833  834
  834  928
  834  880
  834  835
  834  879
  835  836
  836  929
  836  881
  836  837
  836  880
  837  838
  837  882
  838  839
  838  883
  839  884
  839  840
  840  841
  840  884
  841  842
  841  885
  842  887
  842  843
  843  844
  844  845
  844  887
  845  846
  845  888
  846  847
  846  889
  847  892
  847  890
  847  891
  848  893
  848 2319
  848  849
  848  894
  849  942
  849  894
  849  850
  850  896
  850  895
  851  896
  851  897
  852  853
  852  897
  853  854
  854  900
  854  898
  855  856
  855  901
  855  900
  856  903
  856  902
  856  901
  857  948
  857  904
  857  903
  857  858
  858  905
  858  859
  858  904
  859  907
  859  906
  862  953
  862  908
  863  864
  863  909
  864  910
  864  912
  866  867
  866  914
  867  959
  867  914
  867  915
  868  915
  869  916
  870  918
  870  871
  870  917
  871  918
  871  919
  872  921
  872  920
  872  919
  873  922
  873  921
  874  875
  874  922
  875  924
  875  923
  876  925
  877  926
  877  878
  877  925
  878  879
  879  928
  879  972
  879  927
  880  929
  880  928
  881  882
  881  930
  881  929
  882  930
  882  931
  882  883
  883  932
  883  884
  883  933
  883  931
  884  933
  884  885
  885  934
  885  933
  885  886
  886  935
  886  887
  886  936
  886  934
  887  937
  887  936
  887  888
  888  889
  889  938
  889  937
  889  890
  890  939
  890  891
  890  938
  891  984
  891  940
  891  939
  892 2318
  892  940
  892  893
  893 2319
  893  941
  893  940
  894  941
  895  987
  895  896
  896  943
  897  944
  897  943
  898  945
  898  944
  899  900
  899  945
  900  946
  900  901
  901 2294
  901  902
  902  903
  902 2294
  903  948
  904  994
  904  949
  904  948
  905  949
  905  906
  906  951
  906  950
  906  949
  908  953
  909  954
  909  955
  909  910
  909  953
  910  955
  910  911
  911  912
  911  956
  911  955
  912  956
  912  913
  913  914
  914  957
  915  960
  915  959
  916 1005
  916  917
  916  960
  917  961
  918  919
  918 1007
  918  962
  919  964
  919  963
  919  920
  920  965
  920 1010
  920  964
  921  966
  921  922
  921  965
  922  923
  923 1013
  923  924
  923  967
  923  966
  924  967
  924  969
  925  926
  925  969
  926  927
  926  971
  926  970
  927  972
  927  971
  928  929
  928  972
  929  973
  929  974
  930  975
  930  931
  931  976
  931  932
  932  978
  932  933
  932  976
  933  934
  934  979
  934  980
  934  978
  935  936
  936  937
  936  980
  936  982
  937  982
  937  938
  938  939
  938  982
  939  983
  940  941
  940  986
  940  984
  941  986
  942  987
  942  986
  943 1037
  943  988
  944  989
  944  988
  945  990
  946  992
  947  992
  947 2294
  948  994
  949 2283
  949  995
  949  950
  949  994
  950  996
  951  996
  953  999
  953  998
  954 1000
  954  999
  955 1001
  955  956
  955 1000
  956  957
  956 1002
  956 1001
  957 1003
  957  958
  957 1002
  958 1052
  958 1003
  958  959
  958 1004
  959 1004
  959  960
  960 1005
  960 1004
  961  962
  961 1006
  962 1006
  962 1007
  963 1008
  963  964
  963 1007
  964 1010
  964 1008
  965  966
  965 1010
  966 1011
  966 1012
  966 1013
  967 1014
  967  968
  967 1013
  968 1015
  968  969
  968 1014
  969  970
  969 1015
  970  971
  970 1016
  970 1064
  970 1017
  971 1017
  971 1018
  972 1020
  972 1018
  972  973
  973  974
  974 1022
  974 1021
  974  975
  974 1020
  975 1071
  975 1023
  975  976
  975 1022
  977 1024
  977 1023
  977  978
  978 1025
  978 1024
  978  979
  979 1025
  980 1027
  980 1026
  980  981
  981 1028
  981  982
  981 1027
  982 1031
  982 1029
  982  983
  983  984
  983 1031
  984 1032
  984  985
  985 1035
  985 1034
  985  986
  985 1033
  986 1036
  986 1035
  987 1037
  987 1036
  988 1038
  988 1083
  989 1038
  989  990
  990  991
  991 1040
  991 1039
  991  992
  992 1041
  992 1040
  993 2294
  993 1042
  993  994
  994 2283
  995 1045
  995  996
  995 2283
  996 1046
  996 1045
  998 1048
  999 1094
  999 1048
  999 1049
 1000 1094
 1000 1050
 1001 1051
 1001 1050
 1002 1051
 1002 1003
 1003 1052
 1003 1051
 1004 1098
 1004 1053
 1005 1055
 1005 1006
 1005 1054
 1005 1053
 1006 1055
 1007 1057
 1007 1056
 1007 1055
 1008 1009
 1008 1058
 1008 1057
 1009 1058
 1009 1059
 1009 1010
 1010 1059
 1011 1060
 1013 1060
 1013 1061
 1013 1014
 1014 1107
 1014 1062
 1014 1061
 1015 1016
 1015 1063
 1016 1064
 1016 1063
 1017 1018
 1017 1066
 1017 1064
 1018 1066
 1019 1068
 1019 1067
 1019 1020
 1019 1066
 1020 1113
 1020 1068
 1020 1069
 1020 1021
 1021 1069
 1022 1115
 1022 1114
 1022 1071
 1022 1070
 1023 1072
 1023 1024
 1023 1071
 1024 1118
 1024 1072
 1024 1073
 1025 1074
 1025 1026
 1026 1027
 1026 1075
 1026 1074
 1027 1075
 1028 1075
 1028 1122
 1028 1076
 1030 1123
 1030 1076
 1030 1077
 1030 1031
 1031 1078
 1031 1077
 1033 1125
 1033 1079
 1033 1034
 1033 1078
 1034 1080
 1034 1079
 1035 1080
 1036 1081
 1037 1082
 1037 1083
 1038 1130
 1038 1084
 1039 1085
 1039 1040
 1039 1084
 1040 1041
 1040 1085
 1041 1086
 1041 1087
 1042 2293
 1042 1089
 1043 2283
 1044 2285
 1044 2283
 1045 1092
 1045 1091
 1048 1140
 1048 1093
 1049 1140
 1050 1095
 1050 1051
 1050 1094
 1051 1097
 1051 1095
 1052 1144
 1052 1098
 1053 1099
 1053 1054
 1054 1146
 1054 1100
 1055 1100
 1055 1056
 1056 1101
 1056 1057
 1057 1149
 1057 1102
 1057 1058
 1058 1059
 1058 1102
 1059 1104
 1059 1103
 1059 1060
 1060 1105
 1060 1106
 1060 1104
 1060 1061
 1061 1106
 1062 1108
 1062 1063
 1062 1107
 1063 1064
 1063 1109
 1064 1109
 1064 1065
 1065 1066
 1065 1109
 1066 1111
 1066 1110
 1067 1111
 1067 1112
 1068 1113
 1069 1161
 1069 1114
 1069 1113
 1070 1114
 1071 1117
 1071 1072
 1071 1115
 1072 1165
 1072 1117
 1073 1119
 1073 1074
 1073 1118
 1074 1121
 1074 1075
 1074 1119
 1075 1122
 1075 1121
 1076 1123
 1076 1122
 1077 1124
 1077 1078
 1077 1123
 1078 1125
 1078 1124
 1079 1080
 1079 1127
 1079 1125
 1080 1127
 1080 1081
 1081 1082
 1081 1128
 1081 1129
 1082 1129
 1083 1177
 1083 1130
 1084 1085
 1084 1131
 1084 1130
 1085 1132
 1085 1131
 1086 1133
 1087 1134
 1087 1088
 1087 2293
 1088 1135
 1088 1089
 1088 1134
 1089 1135
 1089 1090
 1090 2285
 1090 1136
 1090 1135
 1090 2284
 1091 2285
 1091 1137
 1091 1092
 1091 1136
 1092 1137
 1093 1140
 1094 1141
 1094 1140
 1095 1096
 1095 1142
 1096 1097
 1096 1143
 1097 1144
 1097 1191
 1098 1193
 1098 1099
 1098 1145
 1099 1146
 1100 1147
 1100 1101
 1101 1149
 1101 1148
 1102 1150
 1102 1103
 1103 1104
 1103 1151
 1103 1150
 1104 1153
 1104 1151
 1104 1105
 1105 1106
 1105 1154
 1105 1153
 1106 1202
 1106 1155
 1106 1107
 1107 1108
 1108 1157
 1108 1109
 1108 1155
 1109 1157
 1110 1157
 1110 1158
 1110 1111
 1111 1112
 1111 1160
 1111 1158
 1112 1160
 1112 1113
 1113 1161
 1113 1160
 1114 1162
 1114 1161
 1115 1116
 1116 1163
 1117 1165
 1117 1163
 1118 1166
 1118 1165
 1119 1167
 1119 1120
 1120 1121
 1121 1168
 1121 1122
 1122 1123
 1122 1168
 1123 1171
 1123 1124
 1123 1169
 1124 1171
 1125 1126
 1125 1171
 1126 1127
 1126 1173
 1126 1174
 1126 1172
 1127 1175
 1127 1128
 1127 1174
 1128 1176
 1128 1175
 1129 1176
 1129 1177
 1130 1178
 1131 1180
 1132 1133
 1132 1181
 1133 1134
 1133 1181
 1133 1182
 1134 1135
 1134 1182
 1135 1184
 1135 1136
 1136 1185
 1136 1137
 1136 2285
 1137 1138
 1138 1185
 1139 1188
 1141 1188
 1142 1190
 1143 1191
 1143 1190
 1144 1193
 1144 1192
 1145 1194
 1146 1195
 1146 1194
 1147 1196
 1147 1195
 1148 1149
 1148 1197
 1148 1196
 1149 1150
 1150 1151
 1150 1198
 1151 2320
 1151 1199
 1151 1198
 1152 1199
 1152 1153
 1153 1200
 1153 1154
 1153 1199
 1154 1201
 1154 1200
 1155 1203
 1155 1156
 1155 1202
 1156 1157
 1156 1204
 1157 1204
 1157 1206
 1157 1158
 1158 1207
 1158 1206
 1159 1160
 1160 1251
 1160 1161
 1160 1209
 1161 1209
 1161 1210
 1162 1211
 1162 1163
 1163 1164
 1164 1212
 1164 1211
 1165 1213
 1165 1166
 1165 1212
 1166 1213
 1166 1167
 1167 1214
 1167 1168
 1167 1213
 1168 1169
 1168 1214
 1169 1215
 1169 1170
 1170 1218
 1170 1171
 1170 1217
 1170 1216
 1171 1218
 1172 1173
 1173 1220
 1173 1219
 1174 1264
 1174 1220
 1174 1221
 1174 1175
 1175 1176
 1176 1221
 1176 1222
 1176 1223
 1177 1178
 1177 1224
 1178 1267
 1178 1179
 1178 1225
 1179 1225
 1179 1180
 1179 1226
 1180 1226
 1180 1181
 1181 1269
 1181 1227
 1182 1228
 1182 1227
 1183 1230
 1185 1275
 1185 1274
 1185 1231
 1185 1230
 1187 1233
 1187 1188
 1188 1233
 1188 1189
 1188 1234
 1189 1235
 1189 1190
 1189 1234
 1190 1235
 1191 1236
 1192 1237
 1193 1237
 1194 1239
 1194 2304
 1194 1238
 1195 1239
 1195 1240
 1195 1196
 1196 1197
 1197 1241
 1197 1242
 1198 2320
 1198 1242
 1199 2320
 1199 1243
 1200 1245
 1200 1243
 1200 1201
 1201 1246
 1201 1245
 1202 1247
 1202 1203
 1203 1204
 1203 1247
 1204 1248
 1204 1247
 1205 1293
 1205 1249
 1205 1206
 1205 1248
 1206 1249
 1206 1250
 1207 1208
 1207 1250
 1208 1251
 1208 1250
 1209 1210
 1209 1251
 1210 1254
 1210 1211
 1210 1253
 1210 1252
 1211 1254
 1211 1255
 1211 1212
 1212 1213
 1212 1255
 1213 2321
 1213 1256
 1213 1214
 1214 1215
 1214 1256
 1215 1257
 1215 1216
 1216 1259
 1216 1217
 1217 1218
 1218 1260
 1218 1261
 1218 1219
 1218 1259
 1219 1261
 1219 1262
 1219 1220
 1220 1263
 1220 1262
 1221 1265
 1221 1222
 1221 1310
 1221 1264
 1222 1311
 1222 1265
 1222 1266
 1223 1266
 1223 1224
 1224 1267
 1224 1266
 1225 1315
 1225 1268
 1226 1269
 1226 1268
 1227 1271
 1228 1272
 1228 1229
 1229 1273
 1229 1272
 1229 1230
 1230 1274
 1230 1273
 1231 1275
 1233 1278
 1233 1277
 1234 1279
 1235 1280
 1235 1236
 1235 1279
 1236 1326
 1236 1328
 1236 1237
 1236 1327
 1236 1280
 1237 1328
 1237 1238
 1237 1281
 1238 1281
 1238 1282
 1238 2304
 1239 2304
 1239 1284
 1239 1240
 1240 1285
 1240 1241
 1241 1333
 1241 1286
 1242 1334
 1242 1287
 1242 1286
 1243 1287
 1243 1288
 1243 1244
 1244 1245
 1244 1288
 1245 1289
 1245 1246
 1245 1288
 1246 1291
 1246 1290
 1246 1247
 1246 1289
 1247 1292
 1247 1248
 1248 1293
 1249 1294
 1249 1250
 1249 1295
 1250 1251
 1250 1296
 1251 1296
 1251 1297
 1252 1297
 1252 1253
 1253 1254
 1253 1298
 1253 1297
 1254 1300
 1254 1346
 1254 1255
 1255 1300
 1255 1301
 1256 1257
 1256 1302
 1257 1304
 1257 1258
 1257 1303
 1258 1306
 1258 1259
 1259 1260
 1260 1307
 1260 1261
 1261 1262
 1262 1308
 1262 1263
 1263 1309
 1263 1308
 1264 1309
 1265 1356
 1265 1311
 1266 1313
 1266 1312
 1266 1311
 1267 1314
 1267 1313
 1268 1360
 1268 1316
 1269 1316
 1269 1270
 1270 1317
 1270 1271
 1270 1316
 1271 1317
 1271 1272
 1272 1319
 1272 1318
 1273 1319
 1273 1320
 1275 1321
 1276 1322
 1278 1325
 1278 1368
 1278 1324
 1278 1279
 1279 1325
 1279 1280
 1280 1325
 1281 1282
 1281 1330
 1281 1328
 1282 1331
 1282 2304
 1283 2304
 1283 1284
 1284 1332
 1285 1332
 1285 1333
 1286 1334
 1287 2320
 1287 1335
 1287 1288
 1288 1335
 1289 1337
 1289 1290
 1289 1336
 1290 1338
 1290 1291
 1291 1292
 1292 1339
 1293 1340
 1293 1339
 1294 1295
 1294 1340
 1295 1340
 1295 1341
 1295 1296
 1296 1297
 1296 1341
 1297 1344
 1297 1342
 1297 1298
 1298 1345
 1298 1299
 1298 1344
 1299 1345
 1299 1346
 1300 1347
 1300 1346
 1301 2321
 1301 1347
 1302 1348
 1302 2323
 1302 1303
 1302 2321
 1303 1304
 1304 1350
 1304 1305
 1305 1351
 1305 1350
 1305 1306
 1306 1352
 1306 1351
 1306 1307
 1307 1354
 1307 1308
 1307 1353
 1308 1355
 1308 1309
 1309 1310
 1309 1356
 1309 1355
 1310 1356
 1311 1356
 1312 1404
 1312 1357
 1312 1313
 1313 1314
 1313 1358
 1314 1359
 1314 1315
 1315 1360
 1315 1359
 1316 1361
 1316 1362
 1316 1360
 1317 1363
 1317 1362
 1317 1318
 1318 1363
 1319 1409
 1319 1364
 1320 1411
 1320 1321
 1321 1365
 1321 1322
 1321 1411
 1322 1366
 1322 1365
 1322 1323
 1324 1368
 1325 1326
 1325 1368
 1325 1369
 1325 1415
 1326 1370
 1326 1327
 1327 1328
 1328 1371
 1328 1329
 1329 1420
 1329 1372
 1331 1372
 1332 1374
 1332 1375
 1333 1375
 1333 1376
 1334 1424
 1334 1376
 1335 1378
 1335 1377
 1335 1336
 1336 2311
 1336 1378
 1337 1380
 1337 1338
 1337 2311
 1338 1382
 1338 1339
 1339 1384
 1339 1383
 1339 1340
 1340 1385
 1340 1341
 1340 1384
 1341 1386
 1341 1342
 1341 1385
 1342 1343
 1343 1344
 1343 1387
 1344 1388
 1344 1389
 1345 1390
 1345 1346
 1346 1391
 1346 1347
 1347 1392
 1347 1391
 1348 1392
 1348 1349
 1349 1350
 1349 1393
 1350 1396
 1350 1395
 1351 1397
 1352 1398
 1352 1353
 1353 1354
 1354 1399
 1355 1401
 1355 1400
 1355 1356
 1356 1357
 1356 1403
 1356 1401
 1357 1404
 1357 1403
 1358 1405
 1358 1404
 1359 1360
 1359 1405
 1360 1361
 1361 1362
 1361 1406
 1362 1407
 1362 1363
 1363 1409
 1363 1408
 1364 1411
 1364 1410
 1364 1409
 1365 1413
 1365 1412
 1365 1411
 1368 1415
 1368 1414
 1370 1417
 1371 1418
 1372 1421
 1372 1373
 1372 1420
 1373 1467
 1373 1422
 1373 1374
 1373 1421
 1375 1423
 1376 1470
 1376 1469
 1376 1424
 1377 1425
 1377 1378
 1377 1424
 1378 1425
 1379 2311
 1379 1425
 1379 1426
 1380 2311
 1380 1381
 1380 1426
 1381 1427
 1381 1382
 1382 1383
 1382 1429
 1383 1384
 1384 1430
 1385 1386
 1385 1430
 1386 1432
 1386 1431
 1387 1433
 1387 2315
 1387 1432
 1388 1389
 1388 2315
 1389 1435
 1389 1390
 1390 1391
 1391 1436
 1391 1392
 1392 2322
 1392 1483
 1392 1437
 1392 1436
 1393 1394
 1393 1438
 1394 1395
 1395 1396
 1395 1440
 1396 1397
 1396 1441
 1396 1440
 1397 1442
 1397 1398
 1398 1443
 1399 1444
 1399 1445
 1399 1400
 1400 1446
 1400 1445
 1400 1401
 1401 1402
 1401 1446
 1402 1448
 1402 1403
 1403 1404
 1403 1449
 1404 1450
 1404 1449
 1405 1451
 1405 1450
 1406 1452
 1406 1451
 1407 1453
 1407 1452
 1408 2297
 1408 1409
 1408 1453
 1409 1410
 1409 1454
 1410 1411
 1410 1455
 1411 1456
 1411 1412
 1412 1413
 1412 1457
 1413 1458
 1415 1504
 1415 1460
 1416 1461
 1416 1417
 1417 1463
 1417 1418
 1417 1462
 1418 1465
 1418 1419
 1419 1420
 1419 1465
 1421 1510
 1421 1466
 1422 1468
 1422 1423
 1422 1467
 1423 1468
 1423 1469
 1424 1425
 1424 1470
 1425 1471
 1426 1473
 1426 1427
 1427 1428
 1427 1473
 1428 1429
 1428 1474
 1429 1476
 1429 1475
 1430 1476
 1430 1431
 1431 1432
 1431 1476
 1432 1478
 1432 1433
 1433 1479
 1433 1478
 1434 2315
 1434 1435
 1434 1481
 1434 2314
 1435 1482
 1435 1436
 1436 1483
 1437 1438
 1437 1484
 1437 1483
 1438 2313
 1438 1484
 1438 1485
 1439 1486
 1439 1485
 1440 1487
 1440 1486
 1440 1441
 1441 1487
 1442 1488
 1442 1489
 1443 1490
 1443 1489
 1443 1444
 1444 1491
 1444 1490
 1444 1445
 1445 1492
 1445 1446
 1446 1447
 1447 1492
 1447 1448
 1448 1494
 1448 1449
 1449 1495
 1449 1450
 1450 1541
 1450 1496
 1450 1495
 1451 1497
 1451 1496
 1452 1498
 1452 1497
 1453 2295
 1453 1498
 1454 1499
 1455 1500
 1456 1500
 1457 1501
 1458 1502
 1460 1504
 1461 1506
 1461 1462
 1461 1505
 1461 1504
 1462 1506
 1462 1463
 1463 1507
 1463 1506
 1463 1464
 1464 1508
 1464 1465
 1464 1507
 1465 1509
 1465 1508
 1465 1466
 1467 1556
 1467 1510
 1468 1511
 1468 1469
 1469 1513
 1469 1470
 1469 1512
 1470 1514
 1470 1513
 1471 1515
 1471 1514
 1472 1515
 1472 1473
 1473 1517
 1473 1474
 1474 1519
 1474 1517
 1475 1476
 1475 1520
 1476 1521
 1476 1477
 1477 1522
 1477 1478
 1477 1521
 1478 1523
 1478 1479
 1479 1524
 1479 1523
 1479 2314
 1480 1524
 1480 1481
 1481 1526
 1481 1482
 1482 1527
 1482 1483
 1483 1528
 1483 1527
 1483 1529
 1484 2313
 1484 1529
 1485 1530
 1485 2313
 1486 1572
 1486 1487
 1486 1532
 1487 2309
 1487 1532
 1488 2309
 1488 1534
 1489 1535
 1489 1534
 1490 1491
 1490 1535
 1491 1537
 1491 1492
 1491 1535
 1491 1536
 1492 1493
 1493 1578
 1493 1494
 1493 1537
 1494 1539
 1494 1495
 1495 1540
 1495 1541
 1496 1542
 1496 1541
 1497 1543
 1497 1542
 1498 1544
 1498 1543
 1499 1586
 1499 2298
 1499 1545
 1499 1500
 1500 1546
 1500 1545
 1501 1548
 1501 1547
 1501 1502
 1501 1546
 1503 1504
 1503 1550
 1504 1505
 1505 1506
 1505 1551
 1506 1552
 1506 1507
 1507 1553
 1507 1508
 1508 1509
 1509 1510
 1509 1554
 1509 1553
 1510 1554
 1511 1557
 1511 1556
 1511 1512
 1512 1513
 1512 1558
 1512 1557
 1513 1514
 1513 1558
 1514 1560
 1514 1559
 1515 1561
 1515 1560
 1516 1517
 1516 1561
 1517 1563
 1517 1518
 1518 1519
 1519 1564
 1520 1607
 1520 1608
 1520 1521
 1520 1564
 1521 1608
 1522 1565
 1522 1523
 1523 1524
 1524 1567
 1524 1566
 1525 1568
 1525 1567
 1526 1569
 1526 1568
 1527 1569
 1527 1528
 1528 1614
 1528 1529
 1528 1569
 1529 2312
 1530 1571
 1530 2312
 1531 1572
 1531 1571
 1532 1533
 1532 1572
 1533 1574
 1534 1618
 1534 1574
 1535 1576
 1535 1536
 1535 1575
 1536 1577
 1536 1576
 1537 1578
 1537 1577
 1538 1539
 1538 1580
 1538 1578
 1539 1581
 1539 1540
 1540 1541
 1540 1582
 1541 1542
 1542 1624
 1542 1582
 1542 1583
 1543 1626
 1543 1583
 1543 1544
 1544 2296
 1544 1585
 1544 1584
 1545 1630
 1545 1587
 1545 1546
 1545 1586
 1546 1587
 1546 1547
 1546 1588
 1547 1589
 1547 1588
 1548 1589
 1549 1592
 1550 1592
 1550 1593
 1551 1593
 1552 1595
 1552 1594
 1553 1638
 1553 1639
 1553 1596
 1553 1595
 1554 1596
 1554 1597
 1554 1555
 1555 1598
 1555 1597
 1555 1556
 1556 1557
 1556 1598
 1557 1558
 1557 1598
 1558 1599
 1558 1559
 1559 1601
 1559 1560
 1559 1602
 1560 1602
 1561 1647
 1561 1603
 1562 1563
 1562 1603
 1562 1604
 1563 1605
 1564 1607
 1564 1606
 1565 1566
 1565 1608
 1566 1609
 1566 1567
 1567 1610
 1568 1613
 1568 1569
 1568 1612
 1569 1614
 1570 1615
 1570 1571
 1570 2312
 1570 1614
 1571 1659
 1571 1615
 1572 1660
 1572 1616
 1573 1617
 1574 1618
 1574 1617
 1575 1663
 1575 1576
 1575 1619
 1575 1618
 1576 1664
 1576 1619
 1577 1621
 1577 1620
 1578 1579
 1579 1622
 1579 1580
 1579 1621
 1580 2303
 1580 1581
 1581 1582
 1581 1623
 1582 1624
 1583 1625
 1583 1624
 1584 1627
 1584 1585
 1584 1626
 1585 2298
 1585 1586
 1585 2296
 1586 2298
 1586 1628
 1587 1631
 1587 1630
 1588 1632
 1588 1631
 1590 1632
 1591 1592
 1592 1634
 1592 1593
 1593 1636
 1593 1594
 1593 1637
 1594 1595
 1594 1637
 1595 1637
 1596 1681
 1596 1641
 1596 1640
 1597 1641
 1597 1642
 1597 1598
 1598 1599
 1599 1642
 1599 1600
 1600 1645
 1600 1601
 1600 1643
 1601 1646
 1601 1602
 1602 1647
 1602 1646
 1603 1688
 1603 1647
 1604 1649
 1604 1648
 1605 1650
 1605 1606
 1605 1649
 1606 1650
 1606 1651
 1607 1652
 1607 1651
 1607 1608
 1608 1653
 1608 1652
 1609 1694
 1609 1610
 1609 1653
 1610 1695
 1610 1611
 1610 1654
 1612 1656
 1612 1613
 1612 1655
 1613 1657
 1613 1614
 1614 1657
 1615 1700
 1615 1659
 1615 1658
 1616 1659
 1617 1661
 1618 1663
 1618 1662
 1619 1663
 1620 1665
 1620 1664
 1621 1706
 1621 1665
 1622 2303
 1622 1667
 1622 1666
 1623 1668
 1623 1624
 1624 1712
 1624 1711
 1624 1625
 1625 1669
 1625 1712
 1626 1669
 1627 1670
 1628 1671
 1628 1670
 1629 1671
 1629 1630
 1630 1631
 1631 1632
 1631 1672
 1632 1674
 1632 1673
 1632 1633
 1633 1674
 1634 1677
 1635 1636
 1636 1637
 1636 1679
 1637 1638
 1638 1680
 1639 1640
 1639 1680
 1640 1681
 1641 1682
 1641 1642
 1642 1643
 1642 1682
 1643 1683
 1643 1644
 1644 1645
 1644 1684
 1645 1686
 1645 1646
 1646 1687
 1646 1647
 1647 1687
 1648 1733
 1648 1688
 1649 1734
 1649 1690
 1650 1651
 1650 1690
 1650 1691
 1651 1652
 1652 1692
 1652 1653
 1653 1693
 1653 1692
 1654 1695
 1654 1694
 1655 1696
 1655 1656
 1655 1695
 1656 1698
 1656 1657
 1656 1697
 1657 1698
 1658 1698
 1659 1701
 1659 1700
 1660 1746
 1660 1701
 1661 1702
 1661 1662
 1662 1703
 1662 2308
 1662 1663
 1663 1664
 1663 1704
 1664 1704
 1665 1706
 1666 1707
 1666 1706
 1667 1710
 1667 2303
 1667 1709
 1668 2303
 1668 1711
 1668 1754
 1669 1757
 1669 1758
 1669 1713
 1669 1670
 1669 1712
 1670 1714
 1670 1713
 1671 1715
 1672 1716
 1674 1763
 1674 1718
 1674 1717
 1676 1677
 1676 1720
 1677 1720
 1677 1721
 1677 1678
 1679 1768
 1679 1722
 1680 1724
 1680 1723
 1681 1726
 1681 1682
 1681 1725
 1681 1724
 1682 1726
 1683 1728
 1683 1684
 1683 1726
 1684 1685
 1685 1730
 1685 1728
 1685 1686
 1686 1731
 1686 1687
 1687 1731
 1688 1732
 1688 1731
 1689 1734
 1689 1733
 1690 1691
 1690 1735
 1691 1736
 1692 1783
 1692 1782
 1692 1737
 1692 1693
 1692 1736
 1693 1737
 1694 1784
 1695 1738
 1696 1740
 1696 1739
 1697 1741
 1697 1698
 1697 1740
 1698 1742
 1698 1741
 1699 1742
 1699 1700
 1700 1701
 1700 1743
 1701 1744
 1702 1747
 1702 1746
 1702 2308
 1703 1794
 1703 2308
 1703 1704
 1704 1795
 1704 1748
 1704 1749
 1705 1749
 1705 1706
 1706 1707
 1707 1751
 1707 1708
 1708 1751
 1709 1799
 1709 1753
 1709 1710
 1709 1752
 1710 1754
 1711 1712
 1711 1755
 1712 1755
 1712 1756
 1713 1804
 1713 1759
 1713 1758
 1714 1760
 1714 1715
 1715 1761
 1715 1760
 1715 1716
 1716 1807
 1716 1762
 1716 1761
 1717 1808
 1717 1763
 1717 1762
 1718 1763
 1719 1766
 1720 1766
 1720 1721
 1721 1722
 1721 1767
 1721 1766
 1722 1768
 1722 1767
 1723 1768
 1724 1770
 1724 1814
 1725 1814
 1725 1726
 1725 1771
 1726 1772
 1726 1771
 1727 1817
 1727 1728
 1728 1729
 1728 1773
 1729 1775
 1730 1775
 1731 1777
 1731 1776
 1731 1732
 1732 1778
 1732 1777
 1733 1778
 1734 1780
 1735 1780
 1736 1782
 1736 1781
 1737 1784
 1737 1783
 1738 1785
 1738 1739
 1739 1786
 1740 1831
 1740 1788
 1740 1741
 1741 1742
 1742 1788
 1742 1789
 1743 1744
 1743 1789
 1744 1790
 1744 1745
 1745 1792
 1745 1791
 1746 1792
 1746 1747
 1747 2308
 1747 1793
 1747 1794
 1748 1795
 1748 1794
 1749 1796
 1749 1795
 1750 1751
 1750 1796
 1751 1798
 1751 1797
 1752 1799
 1752 1798
 1753 1800
 1754 1801
 1754 1755
 1755 1756
 1755 1801
 1756 1802
 1756 1757
 1757 1758
 1758 1804
 1759 1805
 1759 1760
 1759 1804
 1760 1806
 1761 1848
 1761 1806
 1762 1808
 1762 1807
 1763 1809
 1763 1808
 1766 1852
 1766 1810
 1766 1811
 1768 1812
 1768 1769
 1769 1813
 1769 1770
 1769 1812
 1770 1814
 1770 1813
 1771 1772
 1771 1816
 1771 1814
 1772 1858
 1772 1817
 1772 1816
 1773 1774
 1773 1817
 1774 1820
 1774 1818
 1775 1820
 1775 1776
 1776 1777
 1776 1821
 1776 1820
 1777 1821
 1777 1778
 1778 1823
 1778 1822
 1779 1824
 1779 1823
 1780 1825
 1780 1781
 1780 1824
 1781 1782
 1781 1825
 1782 1826
 1782 1783
 1783 1784
 1783 1827
 1783 1826
 1784 1828
 1784 1827
 1784 1785
 1785 1829
 1785 1828
 1786 1787
 1786 1829
 1787 1831
 1788 1832
 1788 1789
 1789 1790
 1789 1832
 1790 1791
 1791 1833
 1792 1835
 1793 1877
 1793 1876
 1793 1794
 1793 1836
 1793 1835
 1794 2308
 1794 1836
 1795 1838
 1795 1796
 1796 2302
 1796 1838
 1797 2302
 1797 1798
 1798 1839
 1799 1840
 1800 1883
 1800 1842
 1800 1841
 1801 1843
 1801 1802
 1801 1842
 1802 1843
 1802 1803
 1803 1845
 1803 1844
 1804 1846
 1804 1845
 1804 1805
 1805 1887
 1805 1847
 1805 1806
 1805 1846
 1806 1888
 1806 1847
 1807 1849
 1807 1848
 1808 1891
 1808 1850
 1808 1849
 1810 1852
 1811 1853
 1811 1812
 1811 1852
 1812 1853
 1813 1855
 1813 1814
 1813 1854
 1814 1815
 1814 1857
 1814 1855
 1815 1816
 1816 1858
 1817 1859
 1817 1858
 1818 1819
 1818 1859
 1819 1861
 1820 1902
 1820 1862
 1820 1821
 1820 1861
 1821 1862
 1822 1823
 1822 1862
 1823 1904
 1823 1863
 1824 1825
 1824 1865
 1825 1867
 1825 1826
 1825 1865
 1826 1868
 1827 1869
 1827 1828
 1828 1870
 1828 1869
 1829 1830
 1829 1870
 1830 1831
 1831 1912
 1831 1911
 1831 1832
 1832 1913
 1832 1912
 1832 1872
 1833 1834
 1833 1872
 1833 1874
 1834 1875
 1835 1876
 1835 1875
 1836 1837
 1836 1877
 1837 1879
 1838 2302
 1838 1879
 1839 1840
 1839 1881
 1840 1841
 1842 1924
 1842 1843
 1842 1883
 1843 1925
 1843 1884
 1843 1924
 1844 1926
 1845 1927
 1845 1886
 1846 1887
 1846 1886
 1847 1887
 1848 1889
 1848 1888
 1848 1849
 1849 1890
 1850 1891
 1852 1935
 1852 1893
 1853 1895
 1853 1854
 1853 1894
 1854 1938
 1854 1855
 1854 1895
 1855 1896
 1855 1856
 1856 1897
 1856 1857
 1856 1896
 1857 1940
 1857 1898
 1857 1858
 1858 1859
 1858 1898
 1859 2289
 1859 1899
 1860 1861
 1860 2289
 1861 1901
 1861 1902
 1862 1903
 1862 1902
 1863 1903
 1864 1905
 1865 1906
 1865 1866
 1865 1905
 1866 1906
 1866 1867
 1866 1907
 1867 1908
 1867 1868
 1868 1908
 1868 1869
 1869 1910
 1869 1870
 1870 2287
 1870 1910
 1871 2287
 1871 1911
 1872 1914
 1872 1913
 1873 1914
 1873 1874
 1874 1916
 1875 1916
 1876 1918
 1876 1917
 1876 1877
 1877 1919
 1877 1918
 1878 1919
 1878 1879
 1879 1961
 1879 1880
 1879 2302
 1880 1962
 1880 1961
 1880 1921
 1880 2302
 1881 1921
 1881 2302
 1882 1883
 1882 1921
 1882 1923
 1883 1924
 1883 1923
 1884 1926
 1884 1925
 1885 1927
 1885 1926
 1886 1887
 1886 1927
 1887 1888
 1887 1929
 1888 1972
 1888 1930
 1888 1929
 1889 1930
 1890 1931
 1891 1932
 1891 1931
 1892 1932
 1893 1935
 1894 1935
 1895 1938
 1895 1937
 1896 1938
 1897 1940
 1897 1939
 1898 1985
 1898 1941
 1898 1940
 1899 1941
 1900 1943
 1900 2289
 1901 1944
 1901 1902
 1901 1943
 1902 1903
 1902 1945
 1902 1944
 1903 1945
 1904 1945
 1905 1946
 1905 1947
 1905 1906
 1906 1993
 1906 1947
 1907 1995
 1907 1949
 1907 1948
 1908 1949
 1908 1950
 1908 1909
 1909 1910
 1909 1950
 1910 2287
 1910 1997
 1911 1912
 1911 1953
 1912 1954
 1912 1913
 1913 1954
 1914 1955
 1915 1955
 1915 1916
 1916 1957
 1916 1917
 1917 2004
 1917 1958
 1917 1957
 1917 1918
 1918 1958
 1919 1959
 1919 1920
 1919 1958
 1920 1961
 1921 1922
 1921 1962
 1922 1965
 1922 1963
 1923 1966
 1923 1965
 1923 1924
 1924 1967
 1924 1925
 1925 1968
 1925 1967
 1926 1969
 1927 1928
 1927 2288
 1928 1971
 1929 1972
 1929 1971
 1930 1931
 1931 1975
 1931 1974
 1931 1973
 1932 1976
 1932 1975
 1934 1978
 1935 1978
 1935 1979
 1935 1936
 1936 1937
 1936 1980
 1936 1979
 1937 1980
 1937 1981
 1937 1938
 1938 1981
 1938 1939
 1939 1983
 1940 1984
 1940 1985
 1941 1986
 1941 1985
 1941 2289
 1942 1986
 1942 1987
 1943 1988
 1943 1944
 1943 2031
 1943 1987
 1944 1988
 1945 1990
 1945 1989
 1946 1992
 1946 1990
 1947 1993
 1947 1992
 1948 1993
 1949 1950
 1950 1951
 1950 1995
 1950 2038
 1951 1996
 1951 1997
 1952 1998
 1952 2000
 1952 1953
 1953 1954
 1953 2001
 1954 2001
 1954 1955
 1955 2002
 1955 2045
 1955 2001
 1956 2003
 1957 2004
 1957 2003
 1958 2005
 1958 1959
 1958 2004
 1959 2006
 1959 2005
 1960 2007
 1961 2007
 1961 1962
 1962 2008
 1962 2007
 1963 2009
 1963 1964
 1964 2011
 1965 2011
 1965 1966
 1966 1967
 1966 2012
 1966 2056
 1966 2011
 1967 2012
 1967 1968
 1968 1969
 1968 2014
 1968 2013
 1969 2058
 1969 2015
 1969 2014
 1970 2288
 1970 2016
 1971 2017
 1971 2016
 1971 1972
 1972 1973
 1972 2018
 1972 2017
 1973 2019
 1973 2018
 1973 1974
 1974 1975
 1974 2019
 1975 2021
 1975 2020
 1978 2066
 1978 2023
 1978 2022
 1979 2067
 1979 2023
 1979 2024
 1980 1981
 1980 2024
 1981 2068
 1981 2025
 1981 2024
 1982 1983
 1982 2025
 1983 2027
 1984 2028
 1984 2027
 1984 1985
 1985 2029
 1985 1986
 1986 2029
 1987 2031
 1988 2032
 1988 2031
 1989 2032
 1989 1990
 1990 2034
 1990 2033
 1991 2034
 1991 1992
 1992 2036
 1992 1993
 1993 1994
 1993 2036
 1995 2084
 1995 2083
 1995 2037
 1995 2038
 1996 2085
 1996 2038
 1997 2040
 1997 2041
 1997 1998
 1997 2287
 1998 2287
 1998 2041
 1999 2307
 1999 2000
 2000 2043
 2001 2044
 2001 2043
 2001 2045
 2002 2046
 2002 2045
 2003 2048
 2003 2004
 2003 2047
 2004 2290
 2004 2048
 2005 2006
 2005 2050
 2005 2049
 2006 2052
 2007 2052
 2007 2053
 2007 2008
 2008 2053
 2008 2009
 2009 2054
 2009 2053
 2010 2055
 2010 2054
 2011 2282
 2011 2055
 2012 2013
 2012 2056
 2013 2014
 2014 2058
 2014 2057
 2015 2016
 2015 2058
 2016 2060
 2016 2017
 2017 2106
 2017 2060
 2017 2018
 2018 2019
 2019 2062
 2019 2061
 2020 2063
 2021 2063
 2022 2066
 2023 2067
 2024 2068
 2024 2067
 2025 2069
 2025 2068
 2026 2027
 2026 2069
 2027 2028
 2027 2071
 2028 2029
 2028 2071
 2029 2072
 2029 2074
 2029 2073
 2030 2031
 2031 2032
 2031 2075
 2032 2077
 2032 2075
 2032 2033
 2033 2078
 2033 2034
 2034 2121
 2034 2079
 2034 2078
 2035 2080
 2036 2037
 2036 2080
 2036 2081
 2037 2081
 2037 2083
 2038 2084
 2039 2086
 2039 2085
 2040 2041
 2040 2087
 2040 2086
 2041 2307
 2041 2087
 2042 2307
 2043 2089
 2043 2088
 2043 2044
 2044 2090
 2044 2045
 2044 2089
 2045 2090
 2045 2091
 2047 2092
 2047 2091
 2048 2290
 2048 2092
 2049 2050
 2049 2290
 2050 2136
 2050 2051
 2050 2093
 2051 2095
 2052 2096
 2052 2095
 2052 2053
 2053 2098
 2053 2054
 2053 2096
 2054 2098
 2055 2100
 2055 2099
 2056 2101
 2056 2057
 2056 2100
 2057 2102
 2057 2143
 2057 2101
 2058 2059
 2058 2103
 2058 2102
 2059 2105
 2060 2106
 2060 2105
 2061 2107
 2061 2106
 2061 2062
 2062 2063
 2062 2109
 2062 2108
 2063 2110
 2063 2109
 2066 2112
 2066 2111
 2067 2154
 2067 2113
 2067 2112
 2068 2114
 2068 2069
 2069 2156
 2069 2115
 2069 2070
 2069 2114
 2070 2116
 2071 2159
 2071 2117
 2071 2072
 2071 2116
 2072 2073
 2073 2161
 2073 2074
 2074 2161
 2074 2075
 2075 2119
 2075 2076
 2076 2165
 2076 2077
 2076 2120
 2076 2119
 2078 2166
 2078 2121
 2078 2120
 2080 2122
 2080 2081
 2081 2123
 2081 2124
 2081 2122
 2083 2125
 2083 2124
 2084 2126
 2084 2085
 2084 2125
 2085 2126
 2086 2173
 2086 2128
 2086 2087
 2087 2129
 2087 2128
 2088 2175
 2088 2089
 2089 2176
 2089 2131
 2090 2132
 2090 2131
 2091 2132
 2091 2092
 2092 2290
 2092 2134
 2093 2136
 2094 2095
 2094 2136
 2095 2138
 2095 2096
 2096 2138
 2096 2097
 2097 2140
 2097 2098
 2098 2140
 2099 2140
 2100 2187
 2100 2142
 2100 2101
 2100 2282
 2101 2142
 2103 2145
 2103 2144
 2103 2104
 2104 2105
 2104 2145
 2105 2147
 2105 2106
 2106 2149
 2106 2148
 2106 2107
 2107 2108
 2107 2149
 2108 2109
 2109 2151
 2109 2150
 2110 2151
 2112 2198
 2112 2154
 2112 2153
 2113 2114
 2113 2154
 2114 2202
 2114 2156
 2115 2116
 2115 2158
 2115 2206
 2116 2159
 2116 2158
 2117 2161
 2117 2159
 2118 2162
 2118 2161
 2119 2162
 2119 2163
 2119 2164
 2120 2165
 2121 2167
 2121 2166
 2122 2123
 2122 2168
 2122 2167
 2123 2168
 2123 2124
 2124 2170
 2124 2125
 2125 2171
 2125 2126
 2126 2172
 2126 2127
 2127 2173
 2128 2174
 2128 2173
 2128 2129
 2129 2175
 2129 2307
 2130 2237
 2130 2175
 2131 2132
 2131 2176
 2132 2179
 2132 2133
 2132 2177
 2133 2134
 2134 2135
 2134 2181
 2134 2179
 2134 2290
 2135 2136
 2135 2290
 2136 2181
 2136 2137
 2137 2183
 2138 2184
 2138 2139
 2138 2183
 2139 2140
 2140 2186
 2140 2185
 2140 2141
 2140 2184
 2141 2187
 2142 2143
 2142 2188
 2142 2187
 2143 2189
 2143 2144
 2144 2145
 2145 2190
 2145 2189
 2146 2192
 2146 2190
 2146 2147
 2147 2148
 2148 2193
 2148 2192
 2148 2149
 2149 2193
 2149 2150
 2150 2195
 2150 2151
 2151 2196
 2151 2195
 2154 2200
 2154 2155
 2154 2198
 2155 2202
 2155 2200
 2156 2204
 2156 2157
 2156 2202
 2157 2206
 2157 2204
 2158 2208
 2158 2206
 2159 2160
 2159 2208
 2160 2211
 2160 2209
 2160 2161
 2161 2213
 2161 2211
 2162 2163
 2162 2213
 2163 2164
 2163 2214
 2164 2217
 2164 2215
 2164 2165
 2165 2219
 2165 2166
 2165 2217
 2166 2220
 2166 2167
 2167 2222
 2167 2168
 2167 2220
 2168 2224
 2168 2222
 2168 2169
 2169 2226
 2169 2170
 2169 2224
 2170 2228
 2170 2171
 2170 2226
 2171 2230
 2171 2228
 2171 2172
 2172 2232
 2172 2173
 2172 2230
 2173 2233
 2174 2235
 2174 2175
 2174 2233
 2175 2307
 2175 2237
 2175 2235
 2176 2239
 2176 2177
 2176 2237
 2177 2240
 2177 2178
 2178 2242
 2178 2179
 2178 2240
 2179 2244
 2179 2242
 2179 2180
 2180 2246
 2180 2181
 2180 2244
 2181 2248
 2181 2246
 2181 2182
 2182 2250
 2182 2183
 2182 2248
 2183 2252
 2183 2184
 2183 2250
 2184 2254
 2184 2185
 2184 2252
 2185 2256
 2185 2254
 2186 2258
 2186 2187
 2186 2256
 2187 2260
 2187 2258
 2188 2262
 2188 2189
 2188 2260
 2189 2264
 2189 2262
 2189 2190
 2190 2265
 2190 2264
 2191 2267
 2191 2192
 2191 2265
 2192 2269
 2192 2267
 2193 2271
 2193 2194
 2193 2269
 2194 2273
 2194 2195
 2194 2271
 2195 2275
 2195 2273
 2195 2196
 2291 2292
 2296 2297
 2296 2298
 2297 2298
 2312 2313
 2316 2317
 2318 2319
 2321 2322
 2322 2323
