    2  126
    2   82
    3   82
    4   83
    4   82
    6   84
    6   83
    8   84
    9   86
    9   85
   11  130
   11   87
   11   86
   13   87
   14   88
   14   89
   16  132
   16   90
   16   89
   18   91
   18   90
   19   92
   21   93
   21   92
   22   93
   23   94
   23   93
   25   94
   25   95
   27   96
   27   95
   28   96
   29   97
   29   96
   31   98
   31   97
   33  140
   33   99
   33   98
   34  100
   34   99
   36  101
   36  100
   38  102
   38  101
   39  102
   40  102
   40  103
   42  146
   42  104
   42  103
   44  105
   44  104
   46  106
   46  105
   48  106
   48  107
   50  150
   50  108
   50  107
   52  108
   53  110
   53  109
   55  111
   55  110
   57  153
   57  111
   57  112
   59  112
   59  113
   61  113
   61  114
   62  114
   62  115
   64  115
   64  116
   66  117
   66  116
   67  117
   68  118
   68  117
   70  119
   70  118
   71  120
   71  119
   73  121
   73  120
   75  122
   75  121
   77  123
   77  122
   79  165
   79  123
   81  126
   82  127
   82  126
   83  128
   83   84
   84   85
   85 2182
   85  129
   85   86
   87   88
   87  130
   88  174
   88   89
   88  173
   88  131
   90   91
   90  132
   91  134
   91   92
   91  133
   93  136
   93   94
   93  135
   94  137
   94   95
   96  182
   96  181
   96   97
   96  138
   97   98
   98  140
   98  139
   99  141
   99  140
  100  101
  101  102
  101  142
  102  144
  102  143
  103  146
  103  144
  104  147
  104  105
  105  106
  106  147
  106  107
  107  150
  107  148
  108  193
  108  109
  108  150
  109  110
  109  193
  110  195
  110  194
  110  151
  110  152
  110  111
  111  153
  112  154
  112  113
  112  153
  113  155
  114  115
  115  116
  115  155
  115  157
  117  159
  117  158
  117  118
  118  119
  119  161
  119  160
  120 2181
  120  121
  121 2181
  121  122
  122  162
  122  123
  123  165
  123  164
  123  163
  124  165
  125  168
  126  169
  126  168
  126  127
  127  128
  127  169
  128 2182
  129  130
  129 2182
  130  131
  130  172
  131  173
  131  172
  132  133
  132 2190
  132  174
  133 2190
  133  134
  133  175
  134  135
  135  178
  135  177
  135  136
  136 2185
  136  137
  136  178
  137  138
  137 2185
  137  179
  138  179
  139  224
  139  183
  139  140
  139  182
  140  141
  140  183
  141  185
  141  142
  142  186
  142  143
  143  188
  143  144
  143  187
  144  188
  145  190
  145  146
  146  230
  146  147
  146  190
  147  148
  147  232
  147  231
  147  230
  148  149
  149  191
  150  234
  150  193
  150  192
  152  195
  153  238
  153  154
  153  196
  154  239
  154  197
  154  155
  154  238
  155  197
  155  156
  156  198
  156  283
  156  157
  156  241
  157  158
  157  198
  158  201
  158  159
  158  200
  159  202
  159  160
  160  161
  160  202
  162  204
  162  205
  162  163
  162 2181
  164  206
  164  165
  164  205
  165  208
  165  207
  168  209
  168  211
  168  210
  168  169
  169  212
  169  252
  169  211
  169  170
  170 2182
  171 2182
  171  172
  171  213
  171  214
  172  214
  172  173
  173  215
  173  214
  175  218
  175  217
  175 2190
  176  177
  176  218
  177  220
  177  178
  178 2185
  178  261
  178  220
  179  221
  179 2185
  180  181
  181  266
  181  223
  181  222
  181  182
  182  224
  183  225
  183  224
  185  270
  185  186
  185  225
  186  226
  186  187
  187  227
  187  226
  187  188
  188  189
  188  228
  188  227
  189  228
  190  230
  190  229
  191  192
  191  233
  191  232
  192  276
  192  233
  192  234
  193  236
  193  234
  194  195
  194  236
  195  237
  195  196
  197  240
  197  239
  198  284
  198  242
  198  283
  199  200
  200  243
  200  201
  200  242
  201  243
  201  202
  202  287
  202  245
  202  203
  202  244
  203  289
  203 2181
  204  247
  204  205
  204  246
  205  248
  205  206
  205  247
  206  248
  206  207
  207  292
  207  249
  207  248
  209  251
  210  251
  210  211
  211  252
  212  254
  212  252
  213  255
  213  254
  213 2182
  214  256
  214  255
  215  257
  215  216
  216 2226
  216 2190
  217  259
  217 2190
  217 2226
  218  219
  219  220
  219  260
  220  261
  220  260
  221  222
  222  264
  223  267
  223  224
  223  266
  224  269
  224  268
  224  267
  226  271
  226  227
  226  270
  227  272
  227  271
  228  272
  230  316
  230  315
  230  273
  230  231
  231  274
  231  316
  232  274
  233  276
  233  275
  234  277
  234  276
  235  236
  235  278
  236  237
  237  320
  237  279
  237  238
  237  278
  238  281
  238  239
  239  281
  240  282
  243  327
  243  244
  243  286
  244  328
  244  327
  244  287
  245  329
  245  288
  246  290
  246  247
  246  289
  246 2181
  247  248
  247  290
  248  292
  249  292
  251  294
  252  296
  252  253
  253  297
  253  296
  253  254
  254  298
  254  297
  254  255
  255  339
  255  299
  255  256
  255  298
  256  299
  256  300
  257  301
  257  300
  257  258
  259 2226
  259  345
  259  303
  259  302
  260  304
  260  261
  260  303
  261  305
  261  304
  262  305
  262 2185
  263 2185
  263  264
  264  306
  264  265
  265  308
  265  266
  265  307
  266  308
  266  267
  267  268
  267  308
  268  269
  268  309
  269  270
  270  312
  270  311
  271  312
  271  272
  272  313
  272  273
  272  312
  273  313
  274  317
  274  316
  275  358
  276  358
  276  277
  277  359
  277  318
  277  358
  278  319
  278  318
  279  361
  279  280
  279  321
  279  320
  280  321
  280  281
  281  282
  282  283
  282  323
  282  322
  283  284
  284  325
  284  285
  284  324
  285  286
  285  326
  287  329
  287  328
  289  331
  289  330
  290  332
  290  331
  291  333
  292  334
  292  333
  294  295
  295  336
  295  335
  295  296
  296  337
  296  336
  296  297
  297  337
  297  298
  298  339
  299  376
  299  340
  299  339
  300  342
  300  301
  301  302
  302  345
  302  344
  302  343
  302 2226
  303  346
  303  304
  304  347
  304  346
  305  383
  305  348
  306  307
  306  349
  306  348
  307  349
  308 2195
  308  351
  308  350
  308  309
  309  386
  309  352
  310  311
  311  387
  312 2203
  312  353
  312  389
  312  313
  313  354
  313  353
  313  355
  314  356
  314  315
  315  392
  315  356
  315  316
  316  317
  316  392
  318  360
  319  397
  319  360
  319  320
  320  397
  321  322
  321  362
  321  361
  322  363
  322  362
  322  323
  323  364
  323  363
  324  403
  324  325
  324  364
  325  365
  325  403
  326  404
  326  327
  326  365
  327  406
  327  328
  327  366
  328  367
  328  406
  329  330
  330  331
  330  368
  331  410
  331  409
  331  332
  331  368
  332  410
  332  333
  332  369
  333  411
  333  370
  333  369
  334  370
  336  414
  336  373
  336  372
  336  337
  337  373
  337  338
  338  416
  339  375
  339  376
  340  377
  340  341
  340  376
  341  418
  341  378
  341  342
  342  343
  343  380
  343  379
  344  345
  344  381
  344  380
  345  346
  346  382
  346  381
  347  421
  347  383
  349  350
  349  385
  349  384
  351  424
  351  465
  351  386
  351 2195
  352  425
  352  387
  353  390
  353  428
  353  389
  354  391
  354  390
  356  431
  356  392
  356  391
  357  358
  358  394
  358  359
  359  434
  359  395
  359  394
  360  397
  361  398
  361  399
  361  362
  361  397
  362  400
  362  399
  363  364
  363  400
  365  403
  366  405
  366  406
  366  404
  367  408
  367  368
  368  409
  368  408
  369  410
  370  412
  372  414
  373  374
  373  414
  374  454
  374  416
  375  417
  375  376
  375  416
  376  455
  376  377
  377  456
  377  418
  377  455
  378  419
  378  379
  378  418
  380  381
  380  420
  381  460
  381  382
  381  461
  381  420
  382  461
  382  421
  383  422
  383  421
  384  385
  384  423
  384  422
  385 2196
  385  423
  386 2205
  386  425
  386  465
  387  388
  387  425
  388  427
  388  389
  388 2203
  388  426
  389  427
  389  428
  390  429
  390  430
  391  431
  392  393
  392  432
  392  431
  393  394
  394  434
  394  433
  395  435
  395  396
  395  434
  397  437
  398  439
  398  438
  398  399
  399  440
  399  439
  400  440
  401  402
  402  403
  402  479
  403  442
  403  441
  404 2213
  404  442
  405 2213
  405  406
  405  444
  405  443
  406  444
  406  407
  407  408
  407  445
  407  446
  407  444
  408  409
  408  446
  409  448
  409  410
  410 2183
  410  448
  411  488
  411  487
  411  449
  411 2183
  411  412
  413  414
  413  451
  414  415
  414  451
  416  417
  417  495
  417  455
  418  457
  418  456
  419  420
  420  459
  421  462
  421  463
  421  461
  423 2196
  423  464
  423  424
  424 2195
  424  506
  424  505
  424  465
  424  464
  425 2204
  425 2205
  426  466
  427  511
  427  468
  427  467
  427  428
  428  512
  428  511
  428  429
  429  469
  429  512
  431  432
  431  471
  432  473
  432  471
  433  517
  433  474
  433  434
  433  473
  434  474
  435  519
  435  436
  436  437
  437  475
  437  438
  438  439
  438  476
  439  522
  439  477
  439  478
  440  479
  440  478
  441  526
  441  481
  441  442
  441  480
  443  528
  443  444
  443  482
  444  483
  444  528
  445  446
  445  483
  446  484
  446  447
  447  448
  447  485
  448 2183
  449  488
  451  490
  451  491
  452  453
  453  454
  453  492
  453  491
  453  493
  454  494
  455  496
  455  456
  456  497
  456  457
  457  498
  457  458
  457  541
  457  497
  458  459
  459  460
  459  499
  460  501
  460  500
  460  461
  461  502
  461  501
  462  503
  462  502
  463  464
  464  505
  464  504
  465 2205
  465  507
  465  506
  466  509
  467  509
  468  510
  468  511
  469  470
  469  513
  469  514
  470  515
  470  471
  471  472
  471  516
  471  515
  472  517
  472  516
  472  473
  474  558
  474  518
  474  517
  475  476
  475  520
  475  519
  476  477
  476  520
  476  521
  477  521
  477  561
  477  522
  478  523
  478  522
  479  480
  479 2219
  480  525
  480 2219
  480  526
  481 2213
  482  568
  482  528
  482 2213
  483  529
  483  528
  485  531
  485  530
  486 2183
  486  572
  486  532
  487  573
  487  534
  487 2183
  488  535
  490  537
  490  491
  491  537
  492  577
  492  538
  492  493
  492  537
  493  538
  493  494
  494  579
  494  538
  495  539
  495  579
  496  539
  497  582
  497  541
  497  540
  498  542
  499  542
  499  500
  500  501
  500  544
  500  543
  501  544
  501  545
  502  546
  502  545
  503  504
  504  547
  505  548
  505  506
  506  549
  506  548
  507  550
  507  549
  508 2204
  508  551
  508  550
  508  509
  509  551
  509  510
  510  552
  511  553
  511  512
  512  596
  512  513
  512  554
  512  553
  513  555
  513  554
  515  556
  515  555
  516  557
  516  556
  517  601
  517  558
  517  557
  518  519
  518  559
  520  560
  520  559
  521  560
  521  561
  522  562
  522  561
  523  563
  523  524
  524 2220
  524  564
  525 2219
  525  565
  525  526
  526  567
  526  565
  526  527
  527 2213
  528  569
  528  568
  529  570
  529  530
  530  571
  530  570
  530  531
  531  572
  531  571
  532  617
  532  533
  532  572
  533  617
  533  573
  533 2184
  534  574
  534  535
  534  573
  536  576
  537  576
  537  577
  538  579
  538  577
  539  540
  539  580
  539  579
  540  582
  540  580
  540  581
  541  583
  541  542
  541  582
  542  543
  543  585
  543  586
  543  544
  544  545
  544  586
  545  588
  545  587
  546  547
  547  590
  547  548
  547  589
  548  591
  548  590
  548  549
  549  592
  549  591
  551  594
  551  593
  551  552
  552  637
  552  595
  552  594
  553  596
  553  638
  553  595
  554  597
  554  596
  556  599
  556  557
  556  598
  557  599
  558  602
  558 2209
  558  601
  559  560
  559  602
  560  605
  560  561
  561  606
  561  562
  562  607
  562  606
  562  563
  563  609
  563  564
  564 2219
  565  566
  565  610
  565  611
  566  611
  566  567
  566  612
  567  568
  568  613
  568  653
  568  569
  569  570
  569  613
  570  571
  570  613
  571  616
  571  572
  571  614
  572  617
  573  574
  573  617
  574  618
  575  576
  575  621
  576  577
  577  578
  577  621
  578  623
  578  579
  579  623
  580  581
  580  624
  581  626
  582  626
  582  583
  583  627
  583  584
  583  626
  584  585
  585  586
  585  628
  585  629
  586  630
  586  587
  586  629
  587  631
  588  632
  589  675
  589  632
  590  591
  590  676
  591  678
  591  633
  591  634
  592  635
  592  634
  593  635
  594  637
  594  636
  595  681
  595  637
  596  682
  596  639
  596  638
  597  598
  598  640
  598  641
  599  600
  599  641
  600  684
  600  642
  600  641
  601 2209
  601  643
  601  642
  602  603
  603  604
  603  645
  604  646
  604  687
  605  647
  606  648
  606  647
  606  607
  607  608
  607  649
  607  648
  608  649
  608  609
  609  650
  609  649
  610  651
  610  650
  611  652
  611  651
  611  612
  612  692
  612  653
  612  652
  613  655
  613  654
  613  653
  614  694
  614  656
  615  657
  615  695
  616  658
  618  660
  618  659
  619  660
  621  662
  621  664
  623  702
  623  666
  623  665
  625  666
  626  669
  626  668
  626  627
  627  628
  627  669
  628  629
  628  669
  629  671
  629  670
  630  672
  630  671
  631  632
  632  675
  632  673
  633  677
  633  678
  633  676
  634 2227
  634  678
  635  636
  636  679
  637  718
  637  680
  637  681
  638  682
  638  681
  639  721
  639  720
  639  640
  641  683
  641  684
  642  684
  643  726
  643  644
  643  685
  643 2209
  644  645
  644  727
  644  726
  644 2209
  645  646
  646  686
  647  729
  647  648
  647  688
  647  687
  648  649
  648  688
  649  650
  651  691
  651  690
  652  733
  652  692
  652  691
  653 2210
  653  654
  653  692
  654  693
  654 2210
  655  736
  655  694
  656  737
  656  695
  656  694
  657  696
  657  658
  657  695
  658  738
  658  696
  658  659
  659  739
  659  697
  659  738
  659  660
  660  698
  660  697
  662  663
  662  700
  663  700
  663  664
  663  701
  664  744
  664  665
  664  701
  665  744
  665  702
  666  703
  666  667
  666  702
  667  704
  667  747
  667  668
  667  703
  668  704
  669  670
  669  705
  669  704
  670  705
  670  706
  670  707
  670  671
  671  707
  672  708
  672  673
  673  709
  673  674
  673  708
  674  710
  675  710
  675  676
  676  711
  676  710
  677  713
  677  678
  677  712
  678  713
  678  714
  679  717
  679  716
  679  715
  680  717
  681  719
  681  682
  682  719
  682  720
  683  722
  683  721
  684  724
  684  685
  684  723
  685  726
  686  770
  686  728
  686  727
  687  729
  687  728
  688  772
  688  730
  688  729
  689  690
  690  731
  691  774
  691  733
  691  732
  692  734
  692 2210
  692  733
  693  735
  693 2210
  693  736
  694  736
  695  780
  695  696
  695  737
  696  738
  697  740
  697  783
  697  739
  699  742
  700  742
  701  744
  701  743
  701  742
  702  745
  702  703
  702  744
  703  747
  703  746
  704  749
  704  705
  704  747
  705  706
  706  750
  706  707
  707  793
  707  750
  707  751
  707  708
  708  752
  708  751
  709  754
  710  711
  711  797
  711  712
  711  755
  712  755
  712  756
  712  713
  713  756
  714  799
  714 2227
  714  756
  715 2227
  716  759
  716  717
  716  758
  717  802
  717  760
  717  759
  718  760
  719  805
  719  762
  719  720
  719  761
  720  763
  720  762
  722  765
  722  723
  722  764
  723  765
  723  724
  724  725
  724  765
  725  767
  725  766
  725  726
  726  768
  726  767
  728  770
  729  816
  729  772
  729  771
  730  773
  731  818
  731  732
  731  773
  732  818
  732  774
  733  775
  733  774
  734  777
  734 2210
  734  776
  735 2210
  735  778
  735  736
  736  778
  737  823
  737  779
  737  778
  738  739
  738  781
  739  782
  740  783
  742  785
  742  786
  742  743
  743  744
  743  786
  744  788
  745  833
  745  746
  746  747
  746  833
  747  748
  747  790
  748  791
  749  750
  749  791
  750  792
  751  839
  751  794
  751  793
  752  794
  752  753
  753  796
  753  754
  755  842
  755  756
  755  798
  756  798
  757  758
  757  799
  757 2227
  758  800
  759  802
  759  801
  760  803
  760  761
  760  802
  761  805
  761  803
  762  807
  762  806
  762  805
  763  764
  764  808
  765 2230
  765  810
  765  766
  765  809
  766  811
  766  767
  767  812
  767  811
  768  813
  768  769
  769  770
  770  771
  770  814
  771  815
  772 2221
  772  817
  772  816
  773 2231
  773  818
  773 2221
  774  819
  774  775
  774  818
  775  820
  775  821
  776  821
  777  866
  777  778
  777  822
  778  866
  779  824
  779  823
  780  824
  781  825
  783  827
  783  826
  784  827
  785  786
  785  830
  786  787
  788  874
  788  832
  790  835
  791  837
  791  836
  792  879
  792  838
  792  837
  792  793
  793  839
  793  838
  794  795
  794  840
  795  796
  796  841
  796  797
  797  841
  798  843
  798  799
  798  842
  799  844
  800  845
  800  801
  802  803
  802  846
  803  847
  803  804
  804  890
  804  848
  804  805
  804  847
  805  848
  806  891
  806  849
  807  808
  807  850
  808  809
  809 2230
  809  851
  810  852
  810  811
  810 2230
  811  852
  811  853
  812  855
  812  813
  813  814
  814  815
  814  855
  815  816
  815  856
  816  817
  816  857
  817  858
  817  859
  817  860
  818  819
  818 2231
  819  863
  819  820
  819  862
  820  863
  821  822
  821  863
  822  865
  823  824
  823  866
  824  868
  824  825
  824  867
  825  908
  825  869
  825  868
  825  826
  826  827
  826  869
  827  871
  827  870
  830  913
  830  872
  830  831
  831  915
  831  832
  831  873
  832  915
  832  874
  833  834
  834  876
  834  835
  835  919
  835  877
  835  876
  836  877
  837  879
  837  878
  838  880
  838  839
  839  880
  839  881
  840  883
  840  881
  841  884
  841  883
  842  885
  842  843
  842  884
  843  886
  843  885
  844  887
  845  888
  845  846
  845  887
  847  890
  847  931
  847  889
  848  891
  848  890
  849  850
  850  892
  850  851
  851  893
  852 2230
  852  937
  852  895
  852 2229
  853  895
  853  854
  854  896
  854  855
  855  856
  856  857
  856  897
  857  897
  857  858
  858  859
  858  898
  859  942
  859  900
  859  899
  860 2222
  860  900
  860  861
  861 2231
  861 2222
  861  901
  861  900
  862  945
  862  902
  863  864
  863  903
  864  905
  864  904
  865  866
  865  905
  866  906
  866  867
  867 2198
  867  868
  868  908
  868 2198
  869  909
  869  870
  869  908
  870  911
  870  910
  870  909
  872  913
  873  915
  873  914
  873  913
  874  875
  874  916
  874  915
  875  876
  876  917
  877  920
  877  919
  878  920
  879  921
  879  880
  880  963
  880  881
  880  922
  881  922
  881  882
  882  924
  882  965
  882  883
  882  923
  883  884
  883  925
  883  924
  884  885
  885  967
  885  926
  885  925
  886  928
  887  888
  887  928
  888  889
  888  929
  888  930
  890  932
  890  891
  891  932
  891  933
  891  892
  892  893
  893  934
  893  894
  894  937
  894 2229
  894  935
  895  939
  896 1019
  896  897
  896  939
  897  940
  897  898
  898  899
  898  940
  899  941
  899  942
  900  943
  900  901
  900  942
  901  902
  901 2231
  902  944
  902 2231
  903  986
  903  946
  903  945
  904  947
  904  946
  906  950
  906  948
  907  950
  907 2198
  908  909
  908  952
  909 2187
  909  953
  909  910
  909  952
  910  954
  911  954
  913  957
  913  956
  914  958
  914  957
  915  916
  915  958
  916  999
  916  998
  916  959
  916  917
  916  958
  917  959
  917  918
  918 1000
  918  919
  918  960
  918  959
  919  920
  920  961
  920  960
  921  963
  921  962
  922  964
  922  923
  923 1005
  923  965
  923  964
  924  966
  926  968
  926  927
  926  967
  927  928
  928  929
  928  969
  929  930
  929  970
  930  971
  930  972
  930  931
  932  933
  932  974
  933  934
  933  974
  934  935
  934  975
  935  976
  935  936
  936  977
  936  976
  936  937
  937 2229
  937  978
  937  977
  937  938
  938  939
  938  979
  938  978
  939 1019
  939  979
  940  941
  940  981
  940  980
  941 1022
  941 1021
  941  981
  941  982
  941  942
  942  982
  943  984
  943  983
  944  985
  944  984
  945  985
  946  987
  947  948
  948 1028
  948  949
  948  987
  949  989
  949  988
  949  950
  950  990
  950  989
  951 2198
  951  991
  951  952
  952 2187
  953  994
  953  954
  953 2187
  954  995
  954  994
  956  997
  957 1038
  957  997
  958 1038
  958  998
  959 1000
  959  999
  960 1042
  960 1001
  960  961
  960 1000
  961 1003
  961  962
  961 1002
  961 1001
  963 1004
  963 1045
  963 1003
  964 1005
  964 1004
  965 1006
  965 1005
  965  966
  966 1007
  966 1006
  967 1008
  967  968
  967 1007
  968 1009
  968  969
  969  970
  969 1010
  970 1011
  971  972
  971 1011
  972 1013
  972  973
  973 1056
  973  974
  973 1013
  974 1057
  974 1056
  974 1014
  975 1059
  975 1058
  975 1015
  975 1014
  976 1016
  976  977
  976 1015
  977 1016
  977  978
  977 1017
  978 1017
  978  979
  979 1019
  980 1020
  980  981
  980 1019
  981 1020
  981 1021
  982 1067
  982 1023
  982  983
  982 1022
  983 1024
  983 1023
  984 1024
  985 1025
  986 1027
  987 1027
  987 1072
  987 1028
  988 1029
  988  989
  988 1028
  989  990
  989 1029
  990 1030
  990 2197
  991 2197
  991 1033
  992 2187
  993 2189
  993 2187
  994 1036
  994 1035
  997 1082
  997 1037
  997 1038
  998 1039
  998  999
  998 1038
  999 1041
  999 1039
 1000 1042
 1000 1086
 1001 1002
 1001 1042
 1002 1088
 1002 1044
 1002 1003
 1003 1045
 1003 1044
 1004 1046
 1004 1005
 1004 1045
 1005 1006
 1005 1046
 1006 1048
 1006 1007
 1007 1048
 1007 1008
 1008 1051
 1008 1050
 1009 1052
 1009 1010
 1009 1051
 1010 1011
 1010 1053
 1011 1053
 1011 1012
 1012 1013
 1013 1055
 1013 1056
 1013 1054
 1014 1102
 1014 1058
 1014 1057
 1015 1016
 1015 1060
 1015 1059
 1016 1061
 1016 1060
 1017 1018
 1017 1061
 1018 1063
 1018 1019
 1018 1062
 1019 1064
 1019 1020
 1020 1064
 1021 1066
 1021 1022
 1022 1067
 1023 1069
 1023 1068
 1023 1067
 1024 1069
 1024 1025
 1025 1026
 1025 1071
 1026 1027
 1027 1117
 1027 1071
 1027 1072
 1028 1029
 1028 1072
 1029 1030
 1029 1073
 1031 1075
 1031 1032
 1031 2197
 1032 1077
 1032 1033
 1032 1076
 1033 1077
 1033 1034
 1034 2189
 1034 1078
 1034 1077
 1034 2188
 1035 2189
 1035 1079
 1035 1036
 1035 1078
 1036 1079
 1037 1082
 1038 1083
 1039 1040
 1039 1084
 1040 1085
 1040 1041
 1041 1086
 1041 1131
 1042 1133
 1042 1043
 1042 1087
 1043 1088
 1044 1089
 1044 1045
 1045 1089
 1045 1090
 1046 1092
 1046 1091
 1047 1093
 1048 1093
 1048 1049
 1048 1094
 1049 1050
 1049 1096
 1049 1095
 1050 1142
 1050 1096
 1050 1097
 1050 1051
 1051 1097
 1051 1052
 1052 1143
 1052 1144
 1052 1098
 1052 1053
 1052 1097
 1053 1054
 1053 1098
 1054 1098
 1054 1099
 1054 1055
 1055 1100
 1055 1056
 1055 1099
 1056 1057
 1057 1102
 1058 1103
 1058 1059
 1059 1060
 1059 1104
 1060 1104
 1060 1105
 1061 1106
 1061 1062
 1062 1107
 1063 1109
 1063 1064
 1064 1156
 1064 1065
 1064 1109
 1065 1111
 1066 1111
 1066 1067
 1067 1112
 1067 1068
 1068 1069
 1068 1113
 1068 1114
 1069 1115
 1069 1070
 1070 1116
 1070 1071
 1071 1116
 1071 1117
 1072 1118
 1073 1120
 1074 1075
 1074 1121
 1075 1076
 1075 1121
 1075 1122
 1076 1077
 1076 1122
 1076 1123
 1077 1124
 1077 1078
 1078 1125
 1078 1079
 1078 2189
 1079 1080
 1080 1125
 1081 1128
 1083 1128
 1084 1130
 1085 1131
 1085 1130
 1086 1133
 1086 1132
 1087 1134
 1088 1135
 1088 1134
 1088 1089
 1089 1090
 1089 1135
 1090 1091
 1090 1136
 1091 1092
 1092 1138
 1093 2223
 1093 1138
 1094 1139
 1094 1095
 1095 1140
 1095 1096
 1095 1139
 1096 1142
 1096 1140
 1097 1143
 1097 1142
 1098 1146
 1098 1099
 1098 1144
 1099 1147
 1099 1146
 1100 1101
 1100 1147
 1101 1102
 1101 1148
 1101 1149
 1102 1150
 1102 1103
 1103 1151
 1103 1104
 1104 1105
 1105 1152
 1105 1151
 1106 1107
 1106 1152
 1107 1108
 1108 1109
 1108 1153
 1109 1156
 1109 1155
 1110 1111
 1110 1157
 1110 1156
 1111 1112
 1112 1158
 1112 1113
 1113 1199
 1113 2228
 1113 1114
 1114 1159
 1114 1199
 1114 1115
 1115 1116
 1115 1159
 1116 1160
 1116 1159
 1116 1161
 1117 1118
 1117 1162
 1118 1119
 1118 1163
 1119 1120
 1119 1164
 1120 1121
 1121 1165
 1121 1164
 1122 1166
 1122 1165
 1123 1168
 1125 1208
 1125 1207
 1125 1169
 1125 1168
 1127 1171
 1127 1128
 1128 1171
 1128 1129
 1128 1172
 1129 1173
 1129 1130
 1129 1172
 1131 1174
 1132 1175
 1133 1175
 1134 1177
 1134 2208
 1134 1135
 1134 1176
 1135 1177
 1135 1136
 1136 1137
 1137 1179
 1138 1180
 1139 2223
 1139 1140
 1139 1181
 1140 1181
 1140 1141
 1141 1183
 1142 2232
 1142 1183
 1143 1144
 1143 2232
 1144 1145
 1144 1184
 1145 1226
 1145 1186
 1145 1146
 1146 1186
 1146 1147
 1147 1187
 1148 1187
 1149 1150
 1149 1188
 1150 1191
 1150 1151
 1150 1190
 1151 1191
 1151 1152
 1152 2224
 1152 1153
 1153 2224
 1153 1193
 1153 1154
 1154 1194
 1155 1195
 1155 1194
 1155 1156
 1156 1195
 1157 1239
 1157 1197
 1158 2228
 1158 1197
 1158 1198
 1159 1200
 1159 1160
 1159 1199
 1160 1243
 1160 1201
 1160 1200
 1161 1201
 1161 1162
 1162 1202
 1163 1246
 1163 1245
 1163 1203
 1163 1164
 1163 1202
 1164 1165
 1165 1248
 1165 1247
 1165 1204
 1165 1203
 1166 1205
 1166 1167
 1167 1205
 1167 1206
 1167 1168
 1168 1207
 1168 1206
 1169 1208
 1171 1211
 1171 1210
 1172 1212
 1172 1173
 1173 1213
 1173 1174
 1173 1212
 1174 1256
 1174 1258
 1174 1175
 1174 1257
 1174 1213
 1175 1258
 1175 1176
 1175 1214
 1176 1214
 1176 1215
 1176 2208
 1177 2208
 1177 1217
 1177 1178
 1178 1218
 1178 1179
 1179 1263
 1179 1180
 1179 1219
 1180 1264
 1180 1220
 1180 1219
 1180 2223
 1181 1220
 1181 1221
 1181 2223
 1182 1222
 1182 1221
 1183 2232
 1183 1223
 1183 1222
 1184 1185
 1184 1224
 1184 2232
 1185 1226
 1186 1227
 1186 1187
 1186 1228
 1187 1188
 1187 1228
 1188 1229
 1188 1189
 1189 1190
 1190 1191
 1190 1231
 1191 1275
 1191 1276
 1191 1232
 1191 1231
 1192 1233
 1193 1194
 1193 1234
 1194 1236
 1194 1237
 1194 1195
 1195 1196
 1195 1237
 1196 1239
 1197 1198
 1198 1240
 1199 2228
 1199 1242
 1199 1241
 1200 1243
 1200 1242
 1201 1286
 1201 1244
 1201 1202
 1201 1243
 1202 1245
 1202 1244
 1203 1288
 1203 1247
 1203 1246
 1204 1205
 1204 1248
 1205 1291
 1205 1249
 1205 1248
 1206 1249
 1206 1250
 1208 1251
 1209 1252
 1211 1255
 1211 1295
 1211 1254
 1211 1212
 1212 1255
 1212 1213
 1213 1255
 1214 1215
 1214 1260
 1214 1258
 1215 1261
 1215 2208
 1216 2208
 1216 1217
 1218 1262
 1219 1264
 1220 2223
 1220 1265
 1220 1221
 1221 1265
 1222 2214
 1222 1267
 1222 1223
 1223 1267
 1223 2232
 1223 1224
 1224 1225
 1225 1226
 1225 1268
 1226 1270
 1227 1228
 1227 1270
 1228 1270
 1228 1271
 1229 1230
 1229 1271
 1230 1274
 1230 1272
 1231 1311
 1231 1275
 1231 1274
 1232 1277
 1232 1276
 1232 1233
 1233 2225
 1233 1277
 1234 1235
 1236 1280
 1236 1237
 1236 1279
 1237 1238
 1237 1280
 1238 1318
 1238 1281
 1238 1239
 1239 1282
 1240 1284
 1240 1283
 1240 1241
 1240 2228
 1241 1284
 1241 2228
 1242 2233
 1243 1326
 1243 1325
 1243 1286
 1244 1245
 1244 1286
 1245 1246
 1246 1287
 1247 1290
 1247 1248
 1247 1288
 1248 1291
 1249 1332
 1249 1331
 1249 1291
 1250 1333
 1250 1332
 1250 1251
 1251 1333
 1251 1252
 1251 1292
 1252 1293
 1252 1292
 1252 1253
 1254 1295
 1255 1256
 1255 1295
 1255 1296
 1255 1337
 1256 1297
 1256 1257
 1257 1258
 1258 1298
 1258 1259
 1259 1342
 1259 1299
 1261 1262
 1261 1299
 1262 1301
 1262 1302
 1262 1263
 1263 1302
 1264 1346
 1264 1304
 1264 1265
 1264 1303
 1265 1305
 1265 1304
 1266 2214
 1266 1305
 1267 1349
 1267 1307
 1267 2214
 1268 1269
 1268 1307
 1269 1309
 1269 1308
 1270 1353
 1270 1352
 1270 1271
 1270 1309
 1271 1354
 1271 1310
 1271 1353
 1272 1310
 1273 1310
 1274 1356
 1274 2218
 1274 1311
 1275 1312
 1275 1276
 1276 1313
 1276 1277
 1277 1314
 1277 1313
 1278 1314
 1278 1315
 1278 1279
 1278 2225
 1279 1280
 1279 1315
 1280 1318
 1280 1317
 1281 1320
 1282 1283
 1282 1320
 1283 1321
 1283 1284
 1283 1320
 1283 1322
 1284 1322
 1284 2233
 1285 2233
 1285 1325
 1286 1287
 1286 1326
 1287 1288
 1287 1327
 1288 1289
 1289 1290
 1289 1328
 1290 1329
 1290 1291
 1291 1330
 1292 1335
 1292 1334
 1292 1333
 1295 1337
 1295 1336
 1297 1339
 1298 1340
 1299 1343
 1299 1300
 1299 1342
 1300 1387
 1300 1344
 1300 1301
 1300 1343
 1302 1389
 1302 1303
 1302 1345
 1303 1390
 1303 1389
 1303 1346
 1304 1305
 1304 1346
 1305 1306
 1306 1348
 1306 1347
 1307 1308
 1307 1349
 1308 1351
 1309 1352
 1310 1355
 1310 2218
 1310 1354
 1311 1357
 1312 1313
 1312 1357
 1313 1358
 1313 1314
 1314 2225
 1314 1403
 1314 1359
 1314 1358
 1315 1316
 1315 1360
 1315 1359
 1317 1407
 1317 1406
 1317 1318
 1317 1361
 1318 1319
 1318 1407
 1319 1362
 1319 1320
 1320 1363
 1321 1364
 1321 1365
 1321 1322
 1322 1366
 1322 1365
 1323 1324
 1323 1366
 1323 2233
 1324 1368
 1325 1326
 1325 1369
 1325 1368
 1326 1370
 1326 1369
 1327 1371
 1327 1370
 1328 1372
 1329 1373
 1330 2201
 1330 1331
 1330 1373
 1331 1332
 1331 1374
 1332 1333
 1332 1375
 1333 1376
 1333 1334
 1334 1335
 1334 1377
 1335 1378
 1337 1380
 1338 1381
 1338 1339
 1339 1383
 1339 1340
 1339 1382
 1340 1385
 1340 1341
 1341 1342
 1341 1385
 1343 1427
 1343 1386
 1344 1388
 1344 1345
 1344 1387
 1346 1391
 1346 1390
 1347 1391
 1348 1393
 1348 1349
 1348 2214
 1349 2214
 1349 1393
 1349 1394
 1350 1351
 1350 1394
 1351 1395
 1352 1396
 1353 1397
 1353 1354
 1353 1396
 1354 1398
 1355 1399
 1356 2218
 1356 1357
 1356 1401
 1356 2217
 1357 1402
 1357 1358
 1358 1403
 1359 1404
 1359 1403
 1360 2216
 1360 1405
 1360 1404
 1361 1406
 1361 1405
 1362 1450
 1363 2234
 1363 1409
 1363 1408
 1363 1364
 1364 1410
 1364 2234
 1364 1365
 1365 1410
 1365 1366
 1366 1411
 1367 1411
 1367 1368
 1368 1413
 1368 1369
 1369 1414
 1369 1370
 1370 1415
 1370 1414
 1371 1416
 1371 1372
 1372 1417
 1372 1416
 1372 1373
 1373 2199
 1373 1417
 1374 1418
 1375 1419
 1377 1420
 1377 1419
 1378 1421
 1380 1381
 1381 1465
 1381 1423
 1381 1422
 1381 1382
 1381 1424
 1382 1424
 1382 1383
 1383 1425
 1383 1424
 1383 1384
 1384 1468
 1384 1385
 1384 1425
 1385 1468
 1385 1426
 1385 1386
 1387 1471
 1387 1388
 1387 1427
 1388 1428
 1388 1429
 1388 1389
 1389 1430
 1389 1390
 1389 1429
 1390 1431
 1390 1430
 1391 1432
 1391 1431
 1392 1432
 1392 1393
 1393 1434
 1393 1394
 1394 1436
 1394 1434
 1395 1396
 1395 1437
 1396 1438
 1396 1437
 1396 1397
 1397 1480
 1397 1398
 1397 1438
 1398 1439
 1398 1480
 1398 1399
 1399 1440
 1399 2217
 1400 1440
 1400 1401
 1401 1442
 1402 1443
 1402 1442
 1403 1444
 1403 1443
 1403 1404
 1403 1445
 1404 2216
 1404 1445
 1405 1446
 1405 2216
 1406 1487
 1406 1407
 1406 1448
 1407 2212
 1407 1448
 1408 1451
 1408 1450
 1409 2234
 1409 1451
 1410 1452
 1410 1492
 1410 1453
 1410 2234
 1411 1453
 1412 1493
 1412 1413
 1412 1453
 1413 1455
 1414 1455
 1414 1456
 1414 1415
 1415 1457
 1415 1497
 1415 1416
 1415 1456
 1416 1457
 1416 1458
 1417 1459
 1418 1501
 1418 2202
 1418 1460
 1418 1419
 1419 1461
 1419 1460
 1420 1463
 1420 1462
 1420 1421
 1420 1461
 1422 1465
 1423 1424
 1423 1466
 1424 1467
 1424 1425
 1425 1468
 1426 1427
 1426 1469
 1426 1468
 1428 1472
 1428 1429
 1428 1471
 1429 1430
 1429 1472
 1430 1474
 1430 1431
 1431 1475
 1431 1474
 1432 1476
 1433 1434
 1433 1476
 1434 1478
 1434 1435
 1435 1436
 1437 1522
 1437 1523
 1437 1479
 1438 1480
 1438 1523
 1439 1481
 1439 1440
 1439 1480
 1440 1482
 1440 1481
 1441 1483
 1441 1482
 1442 1484
 1442 1483
 1443 1484
 1443 1444
 1444 1529
 1444 1445
 1444 1484
 1445 2215
 1446 1486
 1446 2215
 1447 1487
 1447 1486
 1448 1449
 1448 1487
 1450 2212
 1450 1489
 1451 1491
 1451 1490
 1452 2234
 1452 1492
 1452 1491
 1453 1493
 1453 1492
 1454 1495
 1454 1493
 1455 1496
 1455 1456
 1455 1495
 1456 1497
 1457 1538
 1457 1497
 1457 1498
 1458 1540
 1458 1499
 1458 1498
 1458 1459
 1459 2200
 1459 1500
 1459 1499
 1460 1544
 1460 1502
 1460 1461
 1460 1501
 1461 1502
 1461 1462
 1461 1503
 1462 1504
 1462 1503
 1463 1504
 1464 1507
 1465 1507
 1465 1508
 1466 1508
 1467 1510
 1467 1509
 1468 1551
 1468 1552
 1468 1469
 1468 1511
 1468 1510
 1469 1511
 1469 1512
 1469 1470
 1470 1513
 1470 1471
 1471 1472
 1471 1513
 1472 1473
 1472 1513
 1473 1514
 1473 1474
 1474 1516
 1474 1475
 1474 1517
 1475 1517
 1475 1476
 1476 1560
 1476 1518
 1477 1478
 1477 1518
 1477 1519
 1478 1520
 1478 1479
 1479 1521
 1480 1481
 1480 1523
 1481 1524
 1481 1482
 1482 1525
 1483 1527
 1484 1529
 1484 1528
 1485 1571
 1485 1530
 1485 2215
 1485 1529
 1486 1572
 1487 1573
 1487 1531
 1488 1489
 1488 1532
 1489 1533
 1489 1532
 1490 1577
 1490 1576
 1490 1491
 1490 1533
 1491 1577
 1491 2234
 1492 1535
 1492 1534
 1493 1535
 1494 1536
 1494 1495
 1494 1535
 1495 2207
 1495 1496
 1496 1497
 1496 1537
 1497 1538
 1498 1539
 1498 1538
 1499 1541
 1499 1500
 1499 1540
 1500 2202
 1500 1501
 1500 2200
 1501 2202
 1501 1542
 1502 1503
 1502 1544
 1503 1545
 1503 2235
 1503 2236
 1504 1545
 1505 1545
 1506 1507
 1507 1547
 1507 1508
 1508 1549
 1508 1509
 1508 1550
 1509 1510
 1509 1550
 1510 1550
 1511 1593
 1511 1512
 1511 1554
 1511 1553
 1512 1554
 1512 1555
 1512 1513
 1513 1514
 1514 1555
 1514 1515
 1515 1558
 1515 1516
 1515 1556
 1516 1559
 1516 1517
 1517 1560
 1517 1559
 1518 1599
 1518 1560
 1519 1562
 1519 1561
 1520 1563
 1520 1521
 1520 1562
 1521 1522
 1521 1563
 1521 1564
 1522 1565
 1522 1564
 1522 1523
 1523 1566
 1523 1565
 1524 1605
 1524 1525
 1524 1566
 1525 1526
 1525 1567
 1527 1569
 1527 1528
 1527 1568
 1528 1570
 1528 1529
 1528 1569
 1529 1570
 1530 1610
 1530 1609
 1530 1572
 1530 1571
 1532 1574
 1532 1533
 1533 1576
 1533 1575
 1534 1578
 1534 1577
 1535 1616
 1535 1578
 1536 1619
 1536 2207
 1536 1579
 1537 1580
 1537 1538
 1538 1622
 1538 1621
 1538 1539
 1539 1581
 1539 1622
 1540 1581
 1541 1582
 1542 1583
 1543 1583
 1543 1544
 1544 2237
 1544 2236
 1545 2235
 1545 1586
 1545 1585
 1546 1586
 1547 1589
 1548 1549
 1549 1550
 1549 1591
 1550 1551
 1551 1592
 1552 1592
 1553 1593
 1553 1592
 1554 1594
 1554 1555
 1555 1556
 1555 1594
 1556 1595
 1556 1557
 1557 1558
 1557 1596
 1558 1598
 1559 1560
 1559 1641
 1559 1598
 1560 1641
 1561 1643
 1561 1599
 1562 1644
 1562 1601
 1563 1564
 1563 1601
 1563 1602
 1564 1565
 1565 1603
 1565 1566
 1566 1604
 1566 1603
 1567 1649
 1567 1568
 1567 1605
 1568 1606
 1568 1569
 1569 1570
 1569 1608
 1569 1607
 1570 1608
 1571 1608
 1572 1611
 1572 1573
 1572 1610
 1573 1656
 1573 1611
 1574 1612
 1574 1575
 1575 1657
 1575 1613
 1575 1612
 1575 1576
 1576 1577
 1576 1614
 1577 1614
 1578 1616
 1579 1616
 1580 2207
 1580 1621
 1580 1664
 1581 1667
 1581 1668
 1581 1623
 1581 1582
 1581 1622
 1582 1624
 1582 1583
 1582 1623
 1583 1625
 1584 1626
 1586 1673
 1586 1628
 1586 1627
 1588 1589
 1588 1630
 1589 1630
 1589 1631
 1589 1590
 1591 1632
 1592 1634
 1592 1633
 1593 1636
 1593 1594
 1593 1635
 1593 1634
 1594 1636
 1595 1638
 1595 1596
 1595 1636
 1596 1597
 1597 1640
 1597 1638
 1597 1598
 1598 1641
 1599 1642
 1599 1641
 1600 1644
 1600 1643
 1601 1602
 1601 1644
 1602 1646
 1603 1693
 1603 1692
 1603 1647
 1603 1604
 1603 1646
 1604 1647
 1605 1694
 1606 1650
 1606 1649
 1607 1651
 1607 1608
 1607 1650
 1608 1609
 1608 1651
 1609 1652
 1609 1610
 1610 1654
 1610 1653
 1611 1654
 1612 1657
 1612 1656
 1613 1704
 1613 1614
 1613 1657
 1614 1705
 1614 1658
 1614 1659
 1615 1659
 1615 1616
 1616 1617
 1617 1661
 1617 1618
 1617 1660
 1618 1661
 1619 1709
 1619 1663
 1619 1620
 1619 2207
 1619 1662
 1620 1664
 1621 1622
 1621 1665
 1622 1665
 1622 1666
 1623 1714
 1623 1669
 1623 1668
 1624 1670
 1624 1625
 1625 1671
 1625 1670
 1625 1626
 1626 1717
 1626 1672
 1626 1671
 1626 2237
 1627 1718
 1627 1673
 1627 1672
 1628 1673
 1629 1676
 1630 1676
 1630 1631
 1631 1632
 1631 1677
 1631 1676
 1632 1678
 1632 1677
 1633 1678
 1634 1680
 1634 1724
 1635 1724
 1635 1636
 1635 1681
 1636 1682
 1636 1681
 1637 1727
 1637 1638
 1638 1639
 1638 1683
 1640 1685
 1641 1687
 1641 1686
 1641 1642
 1642 1688
 1642 1687
 1643 1688
 1644 1690
 1645 1690
 1646 1691
 1647 1694
 1647 1693
 1648 1695
 1648 1649
 1649 1696
 1650 1739
 1650 1698
 1651 1652
 1651 1698
 1652 1698
 1652 1699
 1653 1654
 1653 1699
 1654 1701
 1654 1700
 1655 1702
 1655 1701
 1656 1702
 1656 1657
 1657 1703
 1657 1704
 1658 1705
 1658 1704
 1659 1706
 1659 1705
 1660 1661
 1660 1706
 1661 1708
 1661 1707
 1662 1709
 1662 1708
 1663 1710
 1664 1711
 1664 1665
 1665 1666
 1665 1711
 1666 1712
 1666 1667
 1667 1668
 1668 1714
 1669 1715
 1669 1670
 1669 1714
 1670 1716
 1670 1715
 1671 1756
 1671 1716
 1672 1718
 1672 1717
 1673 1719
 1673 1718
 1676 1759
 1676 1720
 1676 1721
 1677 1678
 1677 1721
 1678 1722
 1678 1679
 1679 1680
 1679 1722
 1680 1724
 1680 1723
 1681 1725
 1681 1682
 1681 1726
 1682 1765
 1682 1727
 1682 1726
 1683 1684
 1683 1727
 1684 1730
 1684 1685
 1684 1728
 1685 1730
 1685 1686
 1686 1687
 1686 1731
 1686 1730
 1687 1731
 1687 1688
 1688 1771
 1688 1732
 1689 1733
 1690 1734
 1690 1691
 1690 1733
 1691 1692
 1691 1734
 1692 1735
 1692 1734
 1692 1693
 1693 1694
 1693 1736
 1693 1735
 1694 1776
 1694 1736
 1694 1695
 1695 1737
 1695 1776
 1696 1697
 1696 1737
 1697 1739
 1698 1740
 1698 1699
 1699 1700
 1699 1740
 1700 1701
 1701 1741
 1702 1743
 1703 1784
 1703 1783
 1703 1704
 1703 1744
 1703 1743
 1704 1744
 1705 1746
 1705 1706
 1706 2206
 1707 2206
 1707 1708
 1708 1747
 1709 1748
 1710 1790
 1710 1750
 1710 1749
 1711 1751
 1711 1712
 1711 1750
 1712 1751
 1712 1713
 1713 1753
 1713 1752
 1714 1754
 1714 1753
 1714 1715
 1715 1755
 1715 1716
 1715 1754
 1716 1795
 1716 1755
 1717 1798
 1717 1797
 1717 1756
 1718 1757
 1718 1798
 1720 1759
 1721 1760
 1721 1722
 1722 1761
 1722 1760
 1722 1723
 1723 1762
 1723 1724
 1723 1761
 1724 1725
 1724 1764
 1724 1762
 1725 1726
 1726 1764
 1727 1766
 1727 1765
 1728 1729
 1728 1766
 1729 1768
 1730 1809
 1730 1769
 1730 1731
 1730 1768
 1731 1769
 1732 1771
 1732 1769
 1733 1734
 1733 1772
 1734 1735
 1734 1772
 1734 1774
 1735 1775
 1736 1776
 1737 1777
 1737 1738
 1737 1776
 1738 1739
 1739 1819
 1739 1818
 1739 1740
 1740 1820
 1740 1819
 1740 1779
 1741 1742
 1741 1779
 1741 1781
 1742 1782
 1743 1783
 1743 1782
 1744 1745
 1744 1784
 1745 1786
 1745 1746
 1746 2206
 1746 1786
 1747 1748
 1747 1788
 1748 1749
 1750 1830
 1750 1751
 1750 1790
 1751 1831
 1751 1791
 1751 1830
 1752 1832
 1753 1833
 1753 1793
 1753 1754
 1754 1793
 1755 1794
 1756 1796
 1756 1795
 1757 1798
 1759 1841
 1759 1800
 1760 1802
 1760 1761
 1760 1801
 1761 1762
 1761 1802
 1762 1803
 1762 1763
 1763 1804
 1763 1764
 1763 1803
 1764 1846
 1764 1805
 1764 1765
 1765 1766
 1765 1805
 1766 2193
 1766 1806
 1767 1768
 1767 2193
 1768 1808
 1768 1809
 1769 1810
 1769 1809
 1770 1771
 1770 1810
 1771 1812
 1772 1813
 1772 1773
 1772 1812
 1773 1813
 1773 1774
 1773 1814
 1774 1815
 1774 1775
 1775 1815
 1775 1776
 1776 1817
 1776 1777
 1777 2191
 1777 1817
 1778 2191
 1778 1818
 1779 1821
 1779 1820
 1780 1821
 1780 1781
 1781 1823
 1782 1823
 1783 1824
 1783 1784
 1784 1864
 1784 1824
 1784 1825
 1785 1825
 1785 1786
 1786 1867
 1786 1787
 1786 2206
 1787 1868
 1787 1867
 1787 1827
 1787 2206
 1788 1827
 1788 2206
 1789 1790
 1789 1827
 1789 1829
 1790 1830
 1790 1829
 1791 1832
 1791 1831
 1792 1833
 1792 1832
 1793 1794
 1793 1833
 1794 1795
 1794 1835
 1795 1878
 1795 1836
 1795 1835
 1796 1836
 1797 1837
 1798 1838
 1799 1838
 1800 1841
 1801 1841
 1802 1844
 1802 1843
 1803 1844
 1804 1846
 1804 1845
 1805 1890
 1805 1847
 1805 1846
 1806 1847
 1807 1849
 1807 2193
 1808 1850
 1808 1809
 1808 1849
 1809 1894
 1809 1810
 1809 1850
 1810 1851
 1811 1851
 1812 1852
 1812 1853
 1812 1813
 1813 1898
 1813 1853
 1814 1900
 1814 1815
 1814 1855
 1814 1854
 1815 1855
 1815 1856
 1816 1817
 1816 1856
 1817 2191
 1817 1902
 1818 1819
 1818 1859
 1819 1860
 1819 1820
 1820 1860
 1821 1861
 1822 1861
 1822 1823
 1823 1863
 1823 1824
 1824 1909
 1824 1864
 1824 1863
 1825 1865
 1825 1826
 1825 1864
 1826 1867
 1827 1869
 1827 1868
 1828 1871
 1828 1869
 1829 1872
 1829 1871
 1829 1830
 1830 1873
 1830 1831
 1831 1874
 1831 1873
 1832 1875
 1833 1834
 1833 2192
 1834 1877
 1835 1878
 1835 1877
 1836 1879
 1836 1837
 1837 1881
 1837 1880
 1837 1838
 1838 1882
 1838 1881
 1840 1884
 1841 1884
 1841 1885
 1841 1842
 1842 1843
 1842 1886
 1842 1885
 1843 1886
 1843 1887
 1843 1844
 1844 1887
 1844 1845
 1845 1889
 1846 1890
 1847 1891
 1847 1890
 1847 2193
 1848 1891
 1848 1892
 1849 1936
 1849 1892
 1850 1894
 1850 1893
 1851 1895
 1851 1894
 1852 1897
 1852 1895
 1853 1898
 1853 1897
 1854 1898
 1855 1856
 1856 1857
 1856 1900
 1856 1943
 1857 1901
 1857 1902
 1858 1903
 1858 1905
 1858 1859
 1859 1860
 1859 1906
 1860 1906
 1860 1861
 1861 1907
 1861 1950
 1861 1906
 1862 1908
 1863 1909
 1863 1908
 1864 1910
 1864 1865
 1864 1909
 1865 1911
 1865 1910
 1866 1912
 1867 1912
 1867 1868
 1868 1913
 1868 1912
 1869 1914
 1869 1870
 1870 1916
 1871 1916
 1871 1872
 1872 1873
 1872 1917
 1872 1961
 1872 1916
 1873 1917
 1873 1874
 1874 1875
 1874 1919
 1874 1918
 1875 1963
 1875 1920
 1875 1919
 1876 2192
 1876 1921
 1877 1922
 1877 1921
 1877 1878
 1878 1879
 1878 1923
 1878 1922
 1879 1924
 1879 1923
 1879 1880
 1880 1881
 1880 1924
 1881 1926
 1881 1925
 1884 1971
 1884 1928
 1884 1927
 1885 1972
 1885 1928
 1885 1929
 1886 1887
 1886 1929
 1887 1973
 1887 1930
 1887 1929
 1888 1889
 1889 1932
 1890 1933
 1890 1934
 1890 1932
 1890 1891
 1891 1934
 1892 1936
 1893 1937
 1893 1894
 1893 1936
 1894 1937
 1894 1895
 1895 1939
 1895 1938
 1896 1939
 1896 1897
 1897 1941
 1897 1898
 1898 1899
 1898 1941
 1900 1989
 1900 1988
 1900 1942
 1900 1943
 1901 1990
 1901 1943
 1902 1945
 1902 1946
 1902 1903
 1902 2191
 1903 2191
 1903 1946
 1904 2211
 1904 1905
 1905 1948
 1906 1949
 1906 1948
 1906 1950
 1907 1951
 1907 1950
 1908 1953
 1908 1909
 1908 1952
 1909 2194
 1909 1953
 1910 1911
 1910 1955
 1910 1954
 1911 1957
 1912 1957
 1912 1958
 1912 1913
 1913 1958
 1913 1914
 1914 1959
 1914 1958
 1915 1960
 1915 1959
 1916 2186
 1916 1960
 1917 1918
 1917 1961
 1918 1919
 1919 1963
 1919 1962
 1920 1921
 1920 1963
 1921 1965
 1921 1922
 1922 2010
 1922 1965
 1922 1923
 1923 1924
 1924 1967
 1924 1966
 1925 1968
 1926 1968
 1927 1971
 1928 1972
 1929 1973
 1929 1972
 1930 1974
 1930 1973
 1930 1931
 1931 1932
 1931 1974
 1932 1933
 1932 1976
 1933 1934
 1933 1976
 1934 1977
 1934 1979
 1934 1978
 1935 1936
 1936 1937
 1936 1980
 1937 1982
 1937 1980
 1937 1938
 1938 1983
 1938 1939
 1939 2025
 1939 1984
 1939 1983
 1940 1985
 1941 1942
 1941 1985
 1941 1986
 1942 1986
 1942 1988
 1943 1989
 1944 1991
 1944 1990
 1945 1946
 1945 1991
 1946 2033
 1946 2032
 1946 1991
 1946 2211
 1947 2211
 1948 1993
 1948 1992
 1948 1949
 1949 1994
 1949 1950
 1949 1993
 1950 1994
 1950 1995
 1952 1996
 1952 1995
 1953 2194
 1953 1996
 1954 1955
 1954 2194
 1955 2040
 1955 1956
 1955 1997
 1956 1999
 1957 2000
 1957 1999
 1957 1958
 1958 2002
 1958 1959
 1958 2000
 1959 2002
 1960 2004
 1960 2003
 1961 2005
 1961 1962
 1961 2004
 1962 2006
 1962 2047
 1962 2005
 1963 1964
 1963 2007
 1963 2006
 1964 2009
 1965 2010
 1965 2009
 1966 2011
 1966 2010
 1966 1967
 1967 1968
 1967 2013
 1967 2012
 1968 2014
 1968 2013
 1971 2016
 1971 2015
 1972 2058
 1972 2017
 1972 2016
 1973 2018
 1973 1974
 1974 2060
 1974 2019
 1974 1975
 1974 2018
 1975 2020
 1976 2063
 1976 2021
 1976 1977
 1976 2020
 1977 1978
 1978 2065
 1978 1979
 1979 2065
 1979 1980
 1980 2023
 1980 1981
 1981 2069
 1981 1982
 1981 2024
 1981 2023
 1982 1983
 1983 2025
 1983 2024
 1985 2026
 1985 1986
 1986 2027
 1986 2028
 1986 2026
 1988 2029
 1988 2028
 1989 2030
 1989 1990
 1989 2029
 1990 2030
 1991 2077
 1991 2032
 1992 2079
 1992 1993
 1993 2080
 1993 2035
 1994 2036
 1994 2035
 1995 2036
 1995 1996
 1996 2194
 1996 2038
 1997 2040
 1998 1999
 1998 2040
 1999 2042
 1999 2000
 2000 2042
 2000 2001
 2001 2044
 2001 2002
 2002 2044
 2003 2044
 2004 2091
 2004 2046
 2004 2005
 2004 2186
 2005 2046
 2006 2007
 2007 2049
 2007 2048
 2008 2009
 2008 2049
 2009 2051
 2009 2010
 2010 2053
 2010 2052
 2010 2011
 2011 2012
 2011 2053
 2012 2013
 2013 2055
 2013 2054
 2014 2055
 2016 2102
 2016 2058
 2016 2057
 2017 2018
 2017 2058
 2018 2106
 2018 2060
 2019 2020
 2019 2062
 2019 2110
 2020 2063
 2020 2062
 2021 2065
 2021 2063
 2022 2066
 2022 2065
 2023 2066
 2023 2067
 2023 2068
 2024 2069
 2025 2071
 2025 2070
 2026 2027
 2026 2072
 2026 2071
 2027 2072
 2027 2028
 2028 2074
 2028 2029
 2029 2075
 2029 2030
 2030 2076
 2030 2031
 2031 2077
 2032 2078
 2032 2077
 2032 2033
 2033 2079
 2033 2211
 2034 2141
 2034 2079
 2035 2036
 2035 2080
 2036 2082
 2036 2037
 2036 2081
 2038 2039
 2038 2084
 2038 2085
 2038 2083
 2038 2194
 2039 2040
 2039 2194
 2040 2085
 2040 2041
 2041 2087
 2042 2088
 2042 2043
 2042 2087
 2043 2044
 2044 2090
 2044 2089
 2044 2045
 2044 2088
 2045 2091
 2046 2047
 2046 2092
 2046 2091
 2047 2093
 2047 2048
 2048 2049
 2049 2094
 2049 2093
 2050 2096
 2050 2094
 2050 2051
 2051 2052
 2052 2097
 2052 2096
 2052 2053
 2053 2097
 2053 2054
 2054 2099
 2054 2055
 2055 2100
 2055 2099
 2058 2104
 2058 2059
 2058 2102
 2059 2106
 2059 2104
 2060 2108
 2060 2061
 2060 2106
 2061 2110
 2061 2108
 2062 2112
 2062 2110
 2063 2064
 2063 2112
 2064 2115
 2064 2113
 2064 2065
 2065 2117
 2065 2115
 2066 2067
 2066 2117
 2067 2068
 2067 2118
 2068 2121
 2068 2119
 2068 2069
 2069 2123
 2069 2070
 2069 2121
 2070 2124
 2070 2071
 2071 2126
 2071 2072
 2071 2124
 2072 2128
 2072 2126
 2072 2073
 2073 2130
 2073 2074
 2073 2128
 2074 2132
 2074 2075
 2074 2130
 2075 2134
 2075 2132
 2075 2076
 2076 2136
 2076 2077
 2076 2134
 2077 2137
 2078 2139
 2078 2079
 2078 2137
 2079 2211
 2079 2141
 2079 2139
 2080 2143
 2080 2081
 2080 2141
 2081 2144
 2081 2082
 2082 2146
 2082 2083
 2082 2144
 2083 2148
 2083 2146
 2083 2084
 2084 2150
 2084 2085
 2084 2148
 2085 2152
 2085 2150
 2085 2086
 2086 2154
 2086 2087
 2086 2152
 2087 2156
 2087 2088
 2087 2154
 2088 2158
 2088 2089
 2088 2156
 2089 2160
 2089 2158
 2090 2162
 2090 2091
 2090 2160
 2091 2164
 2091 2162
 2092 2166
 2092 2093
 2092 2164
 2093 2168
 2093 2166
 2093 2094
 2094 2169
 2094 2168
 2095 2171
 2095 2096
 2095 2169
 2096 2173
 2096 2171
 2097 2175
 2097 2098
 2097 2173
 2098 2177
 2098 2099
 2098 2175
 2099 2179
 2099 2177
 2099 2100
 2190 2226
 2195 2196
 2200 2201
 2200 2202
 2201 2202
 2215 2216
 2221 2222
 2224 2225
 2229 2230
 2235 2236
 2236 2237
