    2  126
    2   82
    3   82
    4   83
    4   82
    6   84
    6   83
    8   84
    9   86
    9   85
   11  130
   11   87
   11   86
   13   87
   14   88
   14   89
   16  132
   16   90
   16   89
   18   91
   18   90
   19   92
   21   93
   21   92
   22   93
   23   94
   23   93
   25   94
   25   95
   27   96
   27   95
   28   96
   29   97
   29   96
   31   98
   31   97
   33  140
   33   99
   33   98
   34  100
   34   99
   36  101
   36  100
   38  102
   38  101
   39  102
   40  102
   40  103
   42  146
   42  104
   42  103
   44  105
   44  104
   46  106
   46  105
   48  106
   48  107
   50  150
   50  108
   50  107
   52  108
   53  110
   53  109
   55  111
   55  110
   57  153
   57  111
   57  112
   59  112
   59  113
   61  113
   61  114
   62  114
   62  115
   64  115
   64  116
   66  117
   66  116
   67  117
   68  118
   68  117
   70  119
   70  118
   71  120
   71  119
   73  121
   73  120
   75  122
   75  121
   77  123
   77  122
   79  165
   79  123
   81  126
   82  127
   82  126
   83  128
   83   84
   84   85
   85 2223
   85  129
   85   86
   87   88
   87  130
   88  174
   88   89
   88  173
   88  131
   90   91
   90  132
   91  134
   91   92
   91  133
   93  136
   93   94
   93  135
   94  137
   94   95
   96  182
   96  181
   96   97
   96  138
   97   98
   98  140
   98  139
   99  141
   99  140
  100  101
  101  102
  101  142
  102  144
  102  143
  103  146
  103  144
  104  147
  104  105
  105  106
  106  147
  106  107
  107  150
  107  148
  108  193
  108  109
  108  150
  109  110
  109  193
  110  195
  110  194
  110  151
  110  152
  110  111
  111  153
  112  113
  112  153
  113  155
  113  154
  114  115
  115  116
  115  155
  115  157
  117  159
  117  158
  117  118
  118  119
  119  161
  119  160
  120 2222
  120  121
  121 2222
  121  122
  122  162
  122  123
  123  165
  123  164
  123  163
  124  165
  125  168
  126  169
  126  168
  126  127
  127  128
  127  169
  128 2223
  129  130
  129 2223
  130  131
  130  172
  131  173
  131  172
  132  133
  132 2231
  132  174
  133 2231
  133  134
  133  175
  134  135
  135  178
  135  177
  135  136
  136 2226
  136  137
  136  178
  137  138
  137 2226
  137  179
  138  179
  139  224
  139  183
  139  140
  139  182
  140  141
  140  183
  141  185
  141  142
  142  186
  142  143
  143  188
  143  144
  143  187
  144  188
  145  190
  145  146
  146  230
  146  147
  146  190
  147  148
  147  232
  147  231
  147  230
  148  149
  149  191
  150  234
  150  193
  150  192
  152  195
  153  238
  153  154
  153  196
  154  239
  154  197
  154  155
  154  238
  155  197
  155  156
  156  198
  156  284
  156  157
  156  241
  157  158
  157  198
  158  201
  158  159
  158  200
  159  202
  159  160
  160  161
  160  202
  162  204
  162  205
  162  163
  162 2222
  164  206
  164  165
  164  205
  165  208
  165  207
  168  209
  168  211
  168  210
  168  169
  169  212
  169  253
  169  211
  169  170
  170 2223
  171 2223
  171  172
  171  213
  171  214
  172  214
  172  173
  173  215
  173  214
  175  218
  175  217
  175 2231
  176  177
  176  218
  177  220
  177  178
  178 2226
  178  262
  178  220
  179  221
  179 2226
  180  181
  181  267
  181  223
  181  222
  181  182
  182  224
  183  225
  183  224
  185  271
  185  186
  185  225
  186  226
  186  187
  187  227
  187  226
  187  188
  188  189
  188  228
  188  227
  189  228
  190  230
  190  229
  191  192
  191  233
  191  232
  192  277
  192  233
  192  234
  193  236
  193  234
  194  195
  194  236
  195  237
  195  196
  197  240
  197  239
  198  285
  198  242
  198  284
  199  200
  200  243
  200  201
  200  242
  201  243
  201  202
  202  288
  202  245
  202  203
  202  244
  203  290
  203 2222
  204  247
  204  205
  204  246
  205  248
  205  206
  205  247
  206  249
  206  248
  206  207
  207  293
  207  250
  207  249
  209  252
  210  252
  210  211
  211  253
  212  255
  212  253
  213  256
  213  255
  213 2223
  214  257
  214  256
  215  258
  215  216
  216 2267
  216 2231
  217  260
  217 2231
  217 2267
  218  219
  219  220
  219  261
  220  262
  220  261
  221  222
  222  265
  223  268
  223  224
  223  267
  224  270
  224  269
  224  268
  226  272
  226  227
  226  271
  227  273
  227  272
  228  273
  230  317
  230  316
  230  274
  230  231
  231  275
  231  317
  232  275
  233  277
  233  276
  234  278
  234  277
  235  236
  235  279
  236  237
  237  321
  237  280
  237  238
  237  279
  238  282
  238  239
  239  282
  240  283
  243  328
  243  244
  243  287
  244  329
  244  328
  244  288
  245  330
  245  289
  246  291
  246  247
  246  290
  246 2222
  247  248
  247  291
  248  249
  249  292
  250  293
  252  295
  253  297
  253  254
  254  298
  254  297
  254  255
  255  299
  255  298
  255  256
  256  340
  256  300
  256  257
  256  299
  257  300
  257  301
  258  302
  258  301
  258  259
  260 2267
  260  346
  260  304
  260  303
  261  305
  261  262
  261  304
  262  306
  262  305
  263  306
  263 2226
  264 2226
  264  265
  265  307
  265  266
  266  309
  266  267
  266  308
  267  309
  267  268
  268  269
  268  309
  269  270
  269  310
  270  271
  271  313
  271  312
  272  313
  272  273
  273  314
  273  274
  273  313
  274  314
  275  318
  275  317
  276  359
  277  359
  277  278
  278  360
  278  319
  278  359
  279  320
  279  319
  280  362
  280  281
  280  322
  280  321
  281  322
  281  282
  282  323
  282  283
  283  284
  283  324
  284  285
  285  326
  285  286
  285  325
  286  287
  286  327
  288  330
  288  329
  290  332
  290  331
  291  333
  291  332
  292  334
  293  335
  293  334
  295  296
  296  337
  296  336
  296  297
  297  338
  297  337
  297  298
  298  338
  298  299
  299  340
  300  378
  300  341
  300  340
  301  343
  301  302
  302  303
  303  346
  303  345
  303  344
  303 2267
  304  347
  304  305
  305  348
  305  347
  306  385
  306  349
  307  308
  307  350
  307  349
  308  350
  309 2236
  309  352
  309  351
  309  310
  310  388
  310  353
  311  312
  312  389
  313 2244
  313  354
  313  391
  313  314
  314  355
  314  354
  314  356
  315  357
  315  316
  316  394
  316  357
  316  317
  317  318
  317  394
  319  361
  320  399
  320  361
  320  321
  321  399
  322  323
  322  363
  322  362
  323  364
  323  363
  323  324
  324  365
  324  364
  325  405
  325  326
  325  365
  326  366
  326  405
  327  406
  327  328
  327  366
  328  408
  328  329
  328  367
  329  368
  329  408
  330  331
  331  332
  331  369
  332  411
  332  370
  332  369
  332  333
  333  371
  333  334
  333  370
  334  413
  334  372
  334  371
  335  372
  337  416
  337  375
  337  374
  337  338
  338  375
  338  339
  339  418
  340  377
  340  378
  341  379
  341  342
  341  378
  342  420
  342  380
  342  343
  343  344
  344  382
  344  381
  345  346
  345  383
  345  382
  346  347
  347  384
  347  383
  348  425
  348  385
  350  351
  350  387
  350  386
  352  428
  352  469
  352  388
  352 2236
  353  429
  353  389
  354  392
  354  432
  354  391
  355  393
  355  392
  357  435
  357  394
  357  393
  358  359
  359  396
  359  360
  360  438
  360  397
  360  396
  361  399
  362  401
  362  400
  362  363
  362  399
  363  402
  363  401
  364  365
  364  402
  366  405
  367  408
  367  407
  367  406
  368  410
  368  369
  369  411
  369  410
  370  412
  370  411
  371  412
  372  414
  374  416
  375  376
  375  416
  376  458
  376  418
  377  419
  377  378
  377  418
  378  459
  378  379
  379  460
  379  420
  379  459
  380  421
  380  381
  380  420
  382  423
  382  383
  382  422
  383  423
  383  384
  384  465
  384  425
  384  424
  385  426
  385  425
  386  387
  386  427
  386  426
  387 2237
  387  427
  388 2246
  388  429
  388  469
  389  390
  389  429
  390  391
  390 2244
  390  430
  391  431
  391  432
  392  433
  392  434
  393  435
  394  395
  394  436
  394  435
  395  396
  396  438
  396  437
  397  439
  397  398
  397  438
  399  441
  400  443
  400  442
  400  401
  401  444
  401  443
  402  444
  403  404
  404  405
  404  483
  405  446
  405  445
  406 2254
  406  446
  407 2254
  407  408
  407  448
  407  447
  408  448
  408  409
  409  410
  409  449
  409  450
  409  448
  410  411
  410  450
  411  452
  411  412
  412 2224
  412  452
  413  493
  413  492
  413  453
  413 2224
  413  414
  415  416
  415  455
  416  417
  416  455
  418  419
  419  500
  419  459
  420  461
  420  460
  421  422
  422  463
  423  464
  423  424
  424  506
  424  464
  424  465
  425  466
  425  467
  425  465
  427 2237
  427  468
  427  428
  428 2236
  428  511
  428  510
  428  469
  428  468
  429 2245
  429 2246
  430  431
  430  470
  431  516
  431  472
  431  471
  431  432
  432  517
  432  516
  432  433
  433  473
  433  517
  435  436
  435  475
  436  477
  436  475
  437  522
  437  478
  437  438
  437  477
  438  478
  439  524
  439  440
  440  441
  441  479
  441  442
  442  443
  442  480
  443  527
  443  481
  443  482
  444  483
  444  482
  445  486
  445  446
  445  485
  445  484
  447  533
  447  448
  447  487
  448  488
  448  533
  449  450
  449  488
  450  489
  450  451
  451  452
  451  490
  452 2224
  453  493
  455  495
  455  496
  456  457
  457  458
  457  497
  457  496
  457  498
  458  499
  459  501
  459  460
  460  502
  460  461
  461  503
  461  462
  461  547
  461  502
  462  463
  463  464
  463  504
  464  506
  464  505
  465  507
  465  506
  466  508
  466  507
  467  468
  468  510
  468  509
  469 2246
  469  512
  469  511
  470  514
  471  514
  472  515
  472  516
  473  474
  473  518
  473  519
  474  520
  474  475
  475  476
  475  521
  475  520
  476  522
  476  477
  478  564
  478  523
  478  522
  479  480
  479  525
  479  524
  480  481
  480  525
  480  526
  481  526
  481  567
  481  527
  482  528
  482  527
  483  484
  483 2260
  484  530
  484 2260
  484  485
  485  531
  485  530
  486 2254
  487  574
  487  533
  487  532
  488  534
  488  533
  490  536
  490  535
  491 2224
  491  578
  491  537
  492  579
  492  539
  492 2224
  493  540
  495  542
  495  496
  496  542
  497  583
  497  543
  497  498
  497  542
  498  543
  498  499
  499  585
  499  543
  500  544
  500  585
  501  544
  502  546
  502  547
  502  545
  503  548
  504  548
  504  505
  505  506
  505  550
  505  549
  506  550
  506  551
  507  552
  507  551
  508  509
  509  553
  510  554
  510  511
  511  555
  511  554
  512  556
  512  555
  513 2245
  513  557
  513  556
  513  514
  514  557
  514  515
  515  558
  516  559
  516  517
  517  602
  517  518
  517  560
  517  559
  518  561
  518  560
  520  562
  520  521
  520  561
  521  563
  521  562
  522  607
  522  564
  522  563
  523  524
  523  565
  525  566
  525  565
  526  566
  526  567
  527  568
  527  567
  528  569
  528  529
  529 2261
  529  570
  530 2260
  530  571
  530  531
  531  573
  531  571
  531  532
  532 2254
  533  575
  533  574
  534  576
  534  535
  535  577
  535  576
  535  536
  536  578
  536  577
  537  623
  537  538
  537  578
  538  623
  538  579
  538 2225
  539  580
  539  540
  539  579
  541  582
  542  582
  542  583
  543  585
  543  583
  544  545
  544  586
  544  585
  545  586
  545  587
  545  546
  546  588
  546  547
  547  589
  547  548
  547  588
  548  549
  549  591
  549  592
  549  550
  550  551
  550  592
  551  594
  551  593
  552  553
  553  596
  553  554
  553  595
  554  597
  554  596
  554  555
  555  598
  555  597
  557  600
  557  599
  557  558
  558  643
  558  601
  558  600
  559  602
  559  644
  559  601
  560  603
  560  602
  562  605
  562  563
  562  604
  564  608
  564 2250
  564  607
  565  608
  566  611
  566  610
  567  611
  567  612
  567  568
  568  613
  568  612
  568  569
  569  615
  569  570
  570 2260
  571  572
  571  616
  571  617
  572  617
  572  573
  572  618
  573  659
  573  574
  574  619
  574  659
  574  575
  575  576
  575  619
  576  577
  576  619
  577  622
  577  578
  577  620
  578  623
  579  580
  579  623
  580  624
  581  582
  581  627
  582  583
  583  584
  583  627
  584  629
  584  585
  585  629
  586  587
  586  630
  587  632
  588  632
  588  589
  589  590
  589  632
  590  591
  590  633
  591  592
  591  634
  591  635
  592  636
  592  593
  593  637
  594  638
  595  681
  595  638
  596  597
  596  682
  597  684
  597  639
  597  640
  598  641
  598  640
  599  641
  600  643
  600  642
  601  687
  601  643
  602  688
  602  645
  602  644
  603  604
  604  646
  604  647
  604  605
  605  606
  605  647
  606  690
  606  648
  606  647
  607 2250
  607  649
  607  648
  608  609
  609  610
  609  651
  610  652
  610  693
  611  653
  612  654
  612  653
  612  613
  613  614
  613  655
  613  654
  614  655
  614  615
  615  656
  615  655
  616  657
  616  656
  617  658
  617  657
  617  618
  618  698
  618  659
  618  658
  619  661
  619  660
  619  659
  620  700
  620  662
  621  663
  621  701
  622  664
  624  666
  624  665
  625  666
  627  668
  627  670
  629  708
  629  672
  629  671
  631  672
  632  675
  632  674
  632  633
  633  634
  633  675
  634  676
  634  635
  634  675
  635  636
  635  677
  635  676
  636  678
  636  677
  637  679
  637  638
  638  681
  638  679
  639  683
  639  684
  639  682
  640 2268
  640  684
  641  642
  642  685
  643  726
  643  686
  643  687
  644  688
  644  687
  645  729
  645  728
  645  646
  647  689
  647  690
  649  734
  649  650
  649  691
  649 2250
  650  651
  650  735
  650  734
  650 2250
  651  652
  652  692
  653  738
  653  654
  653  694
  653  693
  654  655
  654  694
  655  695
  657  697
  657  696
  658  744
  658  698
  658  697
  659 2251
  659  698
  660  699
  660 2251
  661  747
  661  700
  662  748
  662  701
  662  700
  663  702
  663  664
  663  701
  664  749
  664  702
  664  665
  665  750
  665  703
  665  749
  665  666
  666  704
  666  703
  668  669
  668  706
  669  706
  669  670
  669  707
  670  755
  670  671
  670  707
  671  755
  671  708
  672  709
  672  673
  672  708
  673  710
  673  674
  673  709
  674  710
  674  711
  675  712
  675  711
  676  714
  676  712
  676  713
  676  677
  677  714
  678  716
  678  679
  679  717
  679  716
  681  682
  681  718
  682  718
  682  719
  683  721
  683  684
  683  720
  684  721
  684  722
  685  725
  685  724
  685  723
  686  725
  687  727
  687  688
  688  727
  688  728
  689  690
  689  730
  689  729
  690  732
  690  691
  690  731
  691  734
  692  736
  692  737
  692  735
  693  737
  694  784
  694  740
  694  739
  695  741
  695  696
  697  743
  697  744
  697  742
  698  745
  698 2251
  698  744
  699  746
  699 2251
  699  747
  700  747
  701  792
  701  702
  701  748
  702  749
  703  751
  703  795
  703  750
  705  753
  706  753
  707  755
  707  754
  707  753
  708  756
  708  709
  708  755
  709  757
  709  710
  710  758
  710  711
  710  757
  711  760
  711  712
  712  713
  713  761
  713  714
  714  805
  714  761
  714  762
  714  715
  715  763
  715  762
  715  716
  716  763
  717  765
  718  719
  718  765
  719  809
  719  720
  719  766
  720  766
  720  767
  720  721
  721  767
  722  812
  722 2268
  722  767
  723 2268
  724  770
  724  725
  724  769
  725  815
  725  771
  725  770
  726  771
  727  818
  727  773
  727  728
  727  772
  728  774
  728  773
  730  776
  730  731
  730  775
  731  776
  731  732
  732  733
  732  776
  733  778
  733  777
  733  734
  734  779
  734  778
  736  781
  736  782
  736  737
  737  738
  738  783
  738  739
  738  782
  739  784
  739  783
  740  785
  741  831
  741  742
  741  785
  742  831
  742  786
  743  786
  743  744
  744  787
  744  786
  745  789
  745 2251
  745  788
  746 2251
  746  790
  746  789
  747  790
  748  837
  748  791
  748  790
  749  750
  749  793
  750  794
  751  795
  753  797
  753  798
  753  754
  754  755
  754  798
  755  800
  756  847
  757  758
  757  801
  757  847
  758  759
  758  802
  759  803
  760  761
  760  803
  761  804
  762  853
  762  806
  762  805
  763  806
  763  764
  764  808
  764  765
  766  811
  766  767
  766  810
  767  811
  768  769
  768  812
  768 2268
  769  813
  770  815
  770  814
  771  816
  771  772
  771  815
  772  818
  772  816
  773  820
  773  819
  774  775
  775  821
  776  777
  776  822
  776  823
  777  824
  777  778
  778  825
  778  824
  779  826
  779  780
  780  781
  781  782
  781  827
  782  828
  783  784
  783  829
  784 2262
  784  830
  784  829
  785 2274
  785  831
  785 2262
  786  832
  786  787
  786  831
  787  833
  787  788
  788  834
  789  836
  789  790
  789  835
  790  837
  791  838
  791  837
  792  838
  793  839
  795  841
  795  840
  796  841
  797  798
  797  844
  798  799
  800  892
  800  846
  802  849
  803  851
  803  850
  804  897
  804  852
  804  851
  804  805
  805  853
  805  852
  806  807
  806  854
  807  808
  808  855
  808  809
  809  855
  810  857
  810  856
  810  811
  811  812
  811  857
  812  858
  813  814
  814  859
  815  816
  815  860
  816  861
  816  817
  817  908
  817  862
  817  818
  817  861
  818  862
  818  819
  819  909
  819  863
  820  821
  820  864
  821  822
  822 2272
  822  865
  823  866
  823  824
  823 2272
  824  866
  824  867
  825  869
  825  826
  826  827
  827  828
  827  869
  828  829
  828  870
  829  830
  829  871
  830  872
  830  873
  830  874
  831  832
  831 2274
  832  877
  832  833
  833  877
  833  878
  834  835
  834  878
  835  836
  836  881
  836  879
  837  838
  837  881
  838  884
  838  883
  838  839
  838  882
  839  926
  839  885
  839  884
  839  840
  840  886
  840  841
  841  888
  841  887
  844  931
  844  889
  844  845
  845  846
  845  890
  846  933
  846  891
  846  892
  847  848
  848  894
  848  849
  849  937
  849  895
  849  894
  850  895
  851  897
  851  896
  852  898
  852  853
  853  898
  853  899
  854  901
  854  899
  855  902
  855  901
  856  903
  856  857
  856  902
  857  904
  857  903
  858  905
  859  906
  859  860
  859  905
  861  949
  861  907
  862  909
  862  908
  863  864
  864  910
  864  865
  865 2273
  865  911
  866 2272
  866  955
  866  913
  866 2271
  867  913
  867  868
  868  914
  868  869
  869  915
  869  870
  870  871
  871  915
  871  872
  872  873
  872  916
  873  961
  873  918
  873  917
  874 2263
  874  918
  874  875
  875 2274
  875 2263
  875  919
  875  918
  876  964
  876  877
  877  878
  878  879
  878  921
  879  923
  879  922
  880  881
  880  923
  881  924
  881  882
  882 2239
  882  883
  883  884
  883 2239
  884  926
  885  971
  885  927
  885  886
  885  926
  886  927
  886  887
  887  929
  887  928
  887  927
  889  931
  890  891
  890  933
  890  932
  890  931
  891  933
  892  934
  892  893
  892  933
  893  894
  894  935
  895  938
  895  937
  896  938
  897  939
  897  898
  898  984
  898  899
  898  940
  899  940
  899  900
  900  942
  900  901
  900  941
  901  902
  901  943
  901  942
  902  903
  903  989
  903  944
  903  943
  904  946
  905  906
  905  946
  906  907
  906  948
  906  947
  908  950
  908  909
  908  949
  909  950
  909  951
  909  910
  910  911
  911  952
  911  912
  912  955
  912 2271
  912  953
  913  957
  914  915
  914  957
  914  959
  915  916
  916  917
  916  959
  917  960
  917  961
  918  919
  918  962
  918  961
  919  963
  919 2274
  920  964
  920  963
  920 2274
  921 1008
  921  965
  921  964
  922  966
  922  965
  924  969
  924  967
  925  969
  925 2239
  926  971
  927 2228
  927  972
  927  928
  927  971
  928  973
  929  973
  931  976
  931  975
  932  977
  932  976
  933  978
  933  934
  933  977
  934  935
  934  979
  934  978
  935  980
  935  936
  936 1023
  936  980
  936  937
  936  981
  937  981
  937  938
  938  982
  938  981
  939  984
  939  983
  940  985
  940  941
  941  987
  941  985
  942  988
  942  987
  944  990
  944  945
  944  989
  945  946
  946  947
  946  991
  947  948
  947  992
  948  993
  948  949
  949  994
  950  951
  950  996
  951  997
  951 1038
  951  952
  951  996
  952  953
  953  998
  953  954
  954  999
  954  998
  954  955
  955 2271
  955 1000
  955  999
  955  956
  956  957
  956 1001
  956 1000
  957 1043
  957 1001
  957  958
  958 1002
  958  959
  958 1043
  959 1003
  959  960
  960 1046
  960 1045
  960  961
  960 1004
  960 1003
  961 1004
  962 1006
  962 1005
  963 1007
  963 1006
  964 1007
  965 1009
  966  967
  967 1052
  967  968
  967 1009
  968 1011
  968 1010
  968  969
  969 1012
  969 1011
  970 2239
  970 1013
  970  971
  971 2228
  972 1016
  972  973
  972 2228
  973 1017
  973 1016
  975 1019
  976 1062
  976 1019
  976 1020
  977 1062
  977 1021
  978  979
  978 1022
  978 1021
  979 1022
  979  980
  980 1023
  980 1022
  981 1066
  981 1024
  981  982
  982 1026
  982  983
  982 1025
  982 1024
  984 1027
  984 1069
  984 1026
  985  986
  985 1028
  985 1027
  986 1028
  986 1029
  986  987
  987  988
  987 1029
  988 1030
  988 1029
  989 1031
  989  990
  989 1030
  990 1032
  990  991
  991  992
  991 1033
  992 1034
  993  994
  993 1034
  994 1036
  994  995
  995  996
  995 1036
  996 1080
  996 1081
  996 1038
  996 1037
  997 1083
  997 1082
  997 1039
  997 1038
  998 1040
  998  999
  998 1039
  999 1040
  999 1000
  999 1041
 1000 1041
 1000 1001
 1001 1043
 1002 1044
 1002 1003
 1002 1043
 1003 1044
 1003 1045
 1004 1091
 1004 1047
 1004 1005
 1004 1046
 1005 1048
 1005 1047
 1006 1048
 1007 1049
 1008 1051
 1009 1051
 1009 1096
 1009 1052
 1010 1053
 1010 1011
 1010 1052
 1011 1012
 1011 1053
 1012 1054
 1012 2238
 1013 2238
 1013 1057
 1014 2228
 1015 2230
 1015 2228
 1016 1060
 1016 1059
 1019 1106
 1019 1061
 1020 1106
 1020 1062
 1021 1063
 1021 1022
 1021 1062
 1022 1065
 1022 1063
 1023 1066
 1023 1110
 1024 1025
 1024 1066
 1025 1112
 1025 1068
 1025 1026
 1026 1069
 1026 1068
 1027 1070
 1027 1028
 1027 1069
 1028 1029
 1028 1070
 1029 1072
 1029 1030
 1030 1072
 1030 1031
 1031 1075
 1031 1074
 1032 1076
 1032 1033
 1032 1075
 1033 1034
 1033 1077
 1034 1035
 1035 1077
 1035 1036
 1036 1037
 1036 1079
 1036 1078
 1037 1079
 1037 1080
 1038 1082
 1038 1081
 1039 1040
 1039 1084
 1039 1083
 1040 1085
 1040 1084
 1041 1042
 1041 1085
 1042 1087
 1042 1043
 1042 1086
 1043 1088
 1043 1044
 1044 1088
 1045 1090
 1045 1046
 1046 1091
 1047 1093
 1047 1092
 1047 1091
 1048 1093
 1048 1049
 1049 1050
 1049 1095
 1050 1051
 1051 1143
 1051 1095
 1051 1096
 1052 1053
 1052 1096
 1053 1054
 1053 1097
 1055 1099
 1055 1056
 1055 2238
 1056 1101
 1056 1057
 1056 1100
 1057 1101
 1057 1058
 1058 2230
 1058 1102
 1058 1101
 1058 2229
 1059 2230
 1059 1103
 1059 1060
 1059 1102
 1060 1103
 1061 1106
 1062 1107
 1063 1064
 1063 1108
 1064 1109
 1064 1065
 1065 1110
 1065 1157
 1066 1159
 1066 1067
 1066 1111
 1067 1112
 1068 1113
 1068 1069
 1069 1115
 1069 1114
 1070 1071
 1070 1115
 1071 1117
 1072 1117
 1072 1073
 1072 1118
 1073 1074
 1073 1120
 1073 1119
 1074 1168
 1074 1120
 1074 1121
 1074 1075
 1075 1121
 1075 1076
 1076 1123
 1076 1122
 1076 1077
 1076 1121
 1077 1078
 1077 1123
 1078 1123
 1078 1124
 1078 1079
 1079 1125
 1079 1080
 1079 1124
 1080 1081
 1081 1127
 1082 1128
 1082 1083
 1083 1084
 1083 1128
 1084 1129
 1084 1130
 1085 1131
 1085 1086
 1086 1132
 1087 1134
 1087 1088
 1088 1135
 1088 1089
 1089 1137
 1089 1090
 1089 1135
 1090 1091
 1091 1138
 1091 1092
 1092 1093
 1092 1139
 1092 1140
 1093 1141
 1093 1094
 1094 1142
 1094 1095
 1095 1142
 1095 1143
 1096 1144
 1097 1146
 1098 1099
 1098 1147
 1099 1100
 1099 1147
 1099 1148
 1100 1101
 1100 1148
 1100 1149
 1101 1150
 1101 1102
 1102 1151
 1102 1103
 1102 2230
 1103 1104
 1104 1151
 1105 1154
 1107 1154
 1108 1156
 1109 1157
 1109 1156
 1110 1159
 1110 1158
 1111 1160
 1112 1161
 1112 1160
 1113 1162
 1113 1114
 1113 1161
 1114 1115
 1114 1162
 1115 1116
 1116 1164
 1117 2264
 1117 1164
 1118 1165
 1118 1119
 1119 1166
 1119 1120
 1119 1165
 1120 1168
 1120 1166
 1121 1169
 1121 1122
 1121 1168
 1122 1169
 1122 1123
 1123 1170
 1123 1172
 1123 1124
 1124 1125
 1124 1172
 1125 1173
 1125 1174
 1126 1127
 1126 1174
 1126 1175
 1127 1176
 1127 1128
 1128 1177
 1128 1129
 1129 1130
 1130 1177
 1130 1131
 1131 1132
 1131 1178
 1132 1133
 1133 1134
 1133 1179
 1134 1135
 1134 1181
 1135 1181
 1135 1136
 1136 1137
 1136 1183
 1136 1182
 1137 1138
 1138 1184
 1138 1139
 1139 1226
 1139 2270
 1139 1140
 1140 1185
 1140 1226
 1140 1141
 1141 1142
 1141 1185
 1142 1186
 1142 1187
 1143 1144
 1143 1188
 1144 1145
 1144 1189
 1145 1146
 1145 1190
 1146 1147
 1147 1191
 1147 1190
 1148 1192
 1148 1191
 1149 1194
 1151 1237
 1151 1236
 1151 1195
 1151 1194
 1153 1197
 1153 1154
 1154 1197
 1154 1155
 1154 1198
 1155 1199
 1155 1156
 1155 1198
 1157 1200
 1158 1201
 1159 1201
 1160 1203
 1160 2249
 1160 1161
 1160 1202
 1161 1203
 1161 1162
 1162 1163
 1163 1205
 1163 1206
 1164 2264
 1164 1206
 1165 2264
 1165 1166
 1165 1207
 1166 1207
 1166 1167
 1167 1209
 1167 1168
 1168 1209
 1169 1170
 1169 2275
 1170 1171
 1170 1210
 1171 1212
 1171 1172
 1171 1211
 1172 1212
 1172 1173
 1173 1174
 1174 1213
 1175 1176
 1175 1214
 1176 1217
 1176 1177
 1176 1216
 1177 1217
 1177 1178
 1178 1179
 1178 1218
 1179 2265
 1179 1219
 1179 1180
 1180 1220
 1181 1221
 1181 1220
 1181 1182
 1182 1221
 1183 1223
 1183 1224
 1184 2270
 1184 1224
 1184 1225
 1185 1272
 1185 1186
 1185 1227
 1185 1226
 1186 1273
 1186 1227
 1186 1228
 1187 1228
 1187 1188
 1188 1229
 1189 1276
 1189 1275
 1189 1230
 1189 1190
 1189 1229
 1190 1231
 1191 1233
 1191 1231
 1192 1234
 1192 1193
 1193 1235
 1193 1234
 1193 1194
 1194 1236
 1194 1235
 1195 1237
 1197 1240
 1197 1239
 1198 1241
 1198 1199
 1199 1242
 1199 1200
 1199 1241
 1200 1287
 1200 1289
 1200 1201
 1200 1288
 1200 1242
 1201 1289
 1201 1202
 1201 1243
 1202 1243
 1202 1244
 1202 2249
 1203 2249
 1203 1246
 1203 1204
 1204 1247
 1204 1205
 1205 1294
 1205 1248
 1206 1295
 1206 1249
 1206 1248
 1207 1249
 1207 1208
 1207 2264
 1208 1251
 1208 1209
 1208 1250
 1209 2275
 1209 1252
 1210 1211
 1210 1253
 1210 2275
 1211 1255
 1212 1256
 1212 1213
 1212 1257
 1213 1214
 1213 1257
 1214 1258
 1214 1215
 1215 1216
 1216 1217
 1216 1261
 1216 1260
 1217 1262
 1217 1307
 1217 1261
 1218 1262
 1218 1263
 1219 1220
 1219 1264
 1220 1266
 1220 1267
 1220 1221
 1221 1268
 1221 1222
 1222 1223
 1223 1269
 1223 1224
 1224 1225
 1225 1270
 1226 2270
 1226 1271
 1226 1272
 1226 2269
 1227 1273
 1227 1272
 1228 1318
 1228 1274
 1228 1229
 1228 1273
 1229 1275
 1229 1274
 1230 1320
 1230 1277
 1230 1231
 1230 1276
 1231 1277
 1231 1232
 1232 1278
 1232 1233
 1232 1277
 1233 1278
 1233 1234
 1234 1280
 1235 1280
 1235 1281
 1237 1282
 1238 1283
 1240 1286
 1240 1328
 1240 1285
 1240 1241
 1241 1286
 1241 1242
 1242 1286
 1243 1244
 1243 1291
 1243 1289
 1244 1292
 1244 2249
 1245 2249
 1245 1246
 1247 1293
 1248 1295
 1249 2264
 1249 1296
 1249 1250
 1250 1296
 1251 2255
 1251 1298
 1251 1252
 1252 1298
 1252 2275
 1252 1253
 1253 1254
 1254 1255
 1254 1299
 1255 1301
 1255 1256
 1256 1257
 1257 1301
 1257 1302
 1258 1259
 1258 1302
 1259 1305
 1259 1303
 1259 1260
 1260 1306
 1260 1305
 1261 1306
 1261 1307
 1262 1308
 1262 1307
 1263 2266
 1263 1308
 1264 1265
 1265 1266
 1266 1311
 1266 1267
 1267 1312
 1267 1311
 1267 1268
 1268 1313
 1268 1312
 1268 1269
 1269 1315
 1269 1314
 1270 1316
 1270 1315
 1270 1271
 1270 2269
 1271 2269
 1271 1316
 1272 2276
 1273 1361
 1273 1318
 1273 1317
 1274 1275
 1274 1318
 1275 1276
 1276 1319
 1277 1322
 1277 1278
 1277 1320
 1278 1323
 1278 1279
 1278 1322
 1279 1280
 1279 1323
 1280 1366
 1280 1324
 1280 1323
 1281 1368
 1281 1324
 1281 1282
 1282 1325
 1282 1283
 1282 1368
 1283 1326
 1283 1325
 1283 1284
 1285 1328
 1286 1287
 1286 1328
 1286 1329
 1286 1372
 1287 1330
 1287 1288
 1288 1289
 1289 1331
 1289 1290
 1290 1377
 1290 1332
 1292 1293
 1292 1332
 1293 1334
 1293 1294
 1293 1335
 1294 1335
 1295 1381
 1295 1337
 1295 1296
 1295 1336
 1296 1337
 1296 1297
 1297 2255
 1297 1338
 1298 1340
 1298 1299
 1298 2255
 1299 1300
 1299 1341
 1300 1343
 1300 1342
 1300 1301
 1301 1388
 1301 1387
 1301 1344
 1301 1302
 1302 1303
 1302 1344
 1303 1345
 1304 1305
 1304 1345
 1305 1391
 1305 1346
 1306 1347
 1306 1307
 1307 1348
 1307 1308
 1308 1349
 1308 1348
 1309 1349
 1309 1350
 1309 1310
 1309 2266
 1310 1311
 1310 1350
 1311 1353
 1311 1352
 1312 1353
 1313 1355
 1314 1315
 1314 1355
 1315 1356
 1315 1316
 1315 1357
 1316 1357
 1316 2276
 1317 2276
 1317 1360
 1318 1319
 1318 1361
 1319 1320
 1319 1362
 1320 1321
 1321 1322
 1321 1363
 1322 1364
 1322 1323
 1323 1366
 1324 1368
 1324 1366
 1325 1370
 1325 1369
 1325 1368
 1328 1372
 1328 1371
 1330 1374
 1331 1375
 1332 1378
 1332 1333
 1332 1377
 1333 1422
 1333 1379
 1333 1334
 1333 1378
 1335 1424
 1335 1336
 1335 1380
 1336 1425
 1336 1424
 1336 1381
 1337 1338
 1337 1381
 1338 1339
 1339 1382
 1339 1383
 1340 2255
 1340 1341
 1340 1384
 1341 1384
 1341 1342
 1342 1386
 1343 1387
 1344 1389
 1344 1388
 1345 1390
 1345 1389
 1345 2259
 1346 1392
 1347 1348
 1347 1392
 1348 1393
 1348 1349
 1349 2266
 1349 1438
 1349 1394
 1349 1393
 1350 1351
 1350 1395
 1350 1394
 1352 1442
 1352 1441
 1352 1353
 1352 1396
 1353 1354
 1353 1442
 1354 1397
 1354 1355
 1355 1398
 1356 1399
 1356 1400
 1356 1357
 1357 1401
 1357 1400
 1358 1359
 1358 1401
 1358 2276
 1359 1403
 1359 1360
 1360 1361
 1360 1404
 1361 1405
 1361 1404
 1362 1406
 1362 1405
 1363 1407
 1364 1408
 1365 2242
 1365 1366
 1365 1408
 1366 1367
 1366 1409
 1367 1368
 1367 1410
 1368 1411
 1368 1369
 1369 1370
 1369 1412
 1370 1413
 1372 1415
 1373 1416
 1373 1374
 1374 1418
 1374 1375
 1374 1417
 1375 1420
 1375 1376
 1376 1377
 1376 1420
 1378 1463
 1378 1421
 1379 1423
 1379 1380
 1379 1422
 1380 1423
 1381 1426
 1381 1425
 1382 1426
 1383 1428
 1383 1384
 1383 2255
 1384 1428
 1384 1429
 1385 1386
 1385 1429
 1386 1430
 1387 1431
 1388 1432
 1388 1389
 1388 1431
 1389 1433
 1389 1432
 1390 1434
 1391 2259
 1391 1392
 1391 1436
 1391 2258
 1392 1437
 1393 1438
 1393 1437
 1394 1439
 1394 1438
 1395 2257
 1395 1440
 1395 1439
 1396 1441
 1396 1440
 1397 1487
 1398 1444
 1398 1443
 1398 1399
 1399 1445
 1399 1444
 1399 1400
 1400 1445
 1400 1401
 1401 1446
 1402 1446
 1402 1403
 1403 1448
 1403 1404
 1404 1449
 1404 1405
 1405 1450
 1405 1449
 1406 1451
 1406 1407
 1407 1452
 1407 1451
 1407 1408
 1408 2240
 1408 1452
 1409 1453
 1410 1454
 1411 1454
 1412 1455
 1413 1456
 1415 1416
 1416 1502
 1416 1458
 1416 1457
 1416 1417
 1416 1459
 1417 1459
 1417 1418
 1418 1460
 1418 1459
 1418 1419
 1419 1461
 1419 1420
 1419 1460
 1420 1462
 1420 1421
 1422 1508
 1422 1463
 1423 1464
 1423 1465
 1423 1424
 1424 1466
 1424 1425
 1424 1465
 1425 1467
 1425 1466
 1426 1468
 1426 1467
 1427 1468
 1427 1428
 1428 1470
 1428 1429
 1429 1472
 1429 1470
 1430 1431
 1430 1473
 1431 1474
 1431 1473
 1431 1432
 1432 1475
 1432 1433
 1432 1474
 1433 1476
 1433 1475
 1433 1434
 1434 1477
 1434 1476
 1434 2258
 1435 1477
 1435 1436
 1436 1479
 1437 1480
 1437 1479
 1438 1481
 1438 1480
 1438 1439
 1438 1482
 1439 2257
 1439 1482
 1440 1483
 1440 2257
 1441 1524
 1441 1442
 1441 1485
 1442 2253
 1442 1485
 1443 1488
 1443 1487
 1444 1445
 1444 1488
 1445 1490
 1445 1446
 1445 1488
 1445 1489
 1446 1490
 1447 1530
 1447 1448
 1447 1490
 1448 1492
 1449 1492
 1449 1493
 1449 1450
 1450 1494
 1450 1534
 1450 1451
 1450 1493
 1451 1494
 1451 1495
 1452 1496
 1453 1538
 1453 2243
 1453 1497
 1453 1454
 1454 1498
 1454 1497
 1455 1500
 1455 1499
 1455 1456
 1455 1498
 1457 1502
 1458 1459
 1458 1503
 1459 1504
 1459 1460
 1460 1505
 1460 1461
 1461 1505
 1461 1462
 1462 1463
 1462 1506
 1462 1505
 1463 1506
 1464 1509
 1464 1508
 1464 1465
 1465 1466
 1465 1509
 1466 1511
 1466 1467
 1467 1512
 1467 1511
 1468 1513
 1469 1470
 1469 1513
 1470 1515
 1470 1471
 1471 1472
 1473 1559
 1473 1560
 1473 1474
 1473 1516
 1474 1560
 1475 1518
 1475 1476
 1476 1518
 1477 1519
 1477 1518
 1478 1520
 1478 1519
 1479 1521
 1479 1520
 1480 1521
 1480 1481
 1481 1566
 1481 1482
 1481 1521
 1482 2256
 1483 1523
 1483 2256
 1484 1524
 1484 1523
 1485 1486
 1485 1524
 1487 2253
 1487 1526
 1488 1528
 1488 1489
 1488 1527
 1489 1529
 1489 1528
 1490 1530
 1490 1529
 1491 1532
 1491 1530
 1492 1533
 1492 1493
 1492 1532
 1493 1534
 1494 1575
 1494 1534
 1494 1535
 1495 1577
 1495 1536
 1495 1535
 1495 1496
 1496 2241
 1496 1537
 1496 1536
 1497 1581
 1497 1539
 1497 1498
 1497 1538
 1498 1539
 1498 1499
 1498 1540
 1499 1541
 1499 1540
 1500 1541
 1501 1544
 1502 1544
 1502 1545
 1503 1545
 1504 1547
 1504 1546
 1505 1588
 1505 1589
 1505 1548
 1505 1547
 1506 1548
 1506 1549
 1506 1507
 1507 1550
 1507 1549
 1507 1508
 1508 1509
 1508 1550
 1509 1510
 1509 1550
 1510 1551
 1510 1511
 1511 1553
 1511 1512
 1511 1554
 1512 1554
 1512 1513
 1513 1597
 1513 1555
 1514 1515
 1514 1555
 1514 1556
 1515 1557
 1515 1516
 1516 1558
 1517 1518
 1517 1560
 1518 1561
 1518 1519
 1519 1562
 1520 1564
 1521 1566
 1521 1565
 1522 1608
 1522 1567
 1522 2256
 1522 1566
 1523 1609
 1524 1610
 1524 1568
 1525 1526
 1525 1569
 1526 1570
 1526 1569
 1527 1614
 1527 1613
 1527 1528
 1527 1570
 1528 1614
 1529 1572
 1529 1571
 1530 1572
 1531 1573
 1531 1532
 1531 1572
 1532 2248
 1532 1533
 1533 1534
 1533 1574
 1534 1575
 1535 1576
 1535 1575
 1536 1578
 1536 1537
 1536 1577
 1537 2243
 1537 1538
 1537 2241
 1538 2243
 1538 1579
 1539 1540
 1539 1581
 1540 1623
 1540 1582
 1541 1582
 1542 1582
 1543 1544
 1544 1584
 1544 1545
 1545 1586
 1545 1546
 1545 1587
 1546 1547
 1546 1587
 1547 1587
 1548 1631
 1548 1591
 1548 1590
 1549 1591
 1549 1592
 1549 1550
 1550 1551
 1551 1592
 1551 1552
 1552 1595
 1552 1553
 1552 1593
 1553 1596
 1553 1554
 1554 1597
 1554 1596
 1555 1638
 1555 1597
 1556 1599
 1556 1598
 1557 1600
 1557 1558
 1557 1599
 1558 1559
 1558 1600
 1558 1601
 1559 1602
 1559 1601
 1559 1560
 1560 1603
 1560 1602
 1561 1644
 1561 1562
 1561 1603
 1562 1645
 1562 1563
 1562 1604
 1564 1606
 1564 1565
 1564 1605
 1565 1607
 1565 1566
 1565 1606
 1566 1607
 1567 1650
 1567 1649
 1567 1609
 1567 1608
 1569 1611
 1569 1570
 1570 1613
 1570 1612
 1571 1615
 1571 1614
 1572 1656
 1572 1615
 1573 2248
 1573 1617
 1573 1616
 1574 1618
 1574 1575
 1575 1662
 1575 1661
 1575 1576
 1576 1619
 1576 1662
 1577 1619
 1578 1620
 1579 1621
 1580 1621
 1580 1581
 1581 1623
 1582 1624
 1582 1623
 1583 1624
 1584 1627
 1585 1586
 1586 1587
 1586 1629
 1587 1588
 1588 1630
 1589 1630
 1590 1631
 1590 1630
 1591 1632
 1591 1592
 1592 1593
 1592 1632
 1593 1633
 1593 1594
 1594 1595
 1594 1634
 1595 1636
 1595 1596
 1596 1637
 1596 1597
 1597 1637
 1598 1683
 1598 1638
 1599 1684
 1599 1640
 1600 1601
 1600 1640
 1600 1641
 1601 1602
 1602 1642
 1602 1603
 1603 1643
 1603 1642
 1604 1645
 1604 1644
 1605 1646
 1605 1606
 1605 1645
 1606 1648
 1606 1607
 1606 1647
 1607 1648
 1608 1648
 1609 1651
 1609 1610
 1609 1650
 1610 1696
 1610 1651
 1611 1652
 1611 1612
 1612 1697
 1612 1653
 1612 1652
 1612 1613
 1613 1614
 1613 1654
 1614 1654
 1615 1656
 1616 1656
 1617 1660
 1617 2248
 1617 1659
 1618 2248
 1618 1661
 1618 1704
 1619 1707
 1619 1708
 1619 1663
 1619 1620
 1619 1662
 1620 1664
 1620 1621
 1620 1663
 1621 1665
 1622 1666
 1624 1713
 1624 1668
 1624 1667
 1626 1627
 1626 1670
 1627 1670
 1627 1671
 1627 1628
 1629 1718
 1629 1672
 1630 1674
 1630 1673
 1631 1676
 1631 1632
 1631 1675
 1631 1674
 1632 1676
 1633 1678
 1633 1634
 1633 1676
 1634 1635
 1635 1680
 1635 1678
 1635 1636
 1636 1681
 1636 1637
 1637 1681
 1638 1682
 1638 1681
 1639 1684
 1639 1683
 1640 1641
 1640 1684
 1641 1686
 1642 1733
 1642 1732
 1642 1687
 1642 1643
 1642 1686
 1643 1687
 1644 1734
 1645 1688
 1646 1690
 1646 1689
 1647 1691
 1647 1648
 1647 1690
 1648 1692
 1648 1691
 1649 1692
 1649 1650
 1650 1694
 1650 1693
 1651 1694
 1652 1697
 1652 1696
 1653 1744
 1653 1654
 1653 1697
 1654 1745
 1654 1698
 1654 1699
 1655 1699
 1655 1656
 1656 1657
 1657 1701
 1657 1658
 1657 1700
 1658 1701
 1659 1749
 1659 1703
 1659 1660
 1659 1702
 1660 1704
 1661 1662
 1661 1705
 1662 1705
 1662 1706
 1663 1754
 1663 1709
 1663 1708
 1664 1710
 1664 1665
 1665 1711
 1665 1710
 1665 1666
 1666 1757
 1666 1712
 1666 1711
 1667 1758
 1667 1713
 1667 1712
 1668 1713
 1669 1716
 1670 1716
 1670 1671
 1671 1672
 1671 1717
 1671 1716
 1672 1718
 1672 1717
 1673 1718
 1674 1720
 1674 1764
 1675 1764
 1675 1676
 1675 1721
 1676 1722
 1676 1721
 1677 1767
 1677 1678
 1678 1679
 1678 1723
 1680 1725
 1681 1727
 1681 1726
 1681 1682
 1682 1728
 1682 1727
 1683 1728
 1684 1730
 1685 1730
 1686 1732
 1686 1731
 1687 1734
 1687 1733
 1688 1735
 1688 1689
 1689 1736
 1690 1780
 1690 1738
 1691 1692
 1691 1738
 1692 1738
 1692 1739
 1693 1694
 1693 1739
 1694 1741
 1694 1740
 1695 1742
 1695 1741
 1696 1742
 1696 1697
 1697 1743
 1697 1744
 1698 1745
 1698 1744
 1699 1746
 1699 1745
 1700 1701
 1700 1746
 1701 1748
 1701 1747
 1702 1749
 1702 1748
 1703 1750
 1704 1751
 1704 1705
 1705 1706
 1705 1751
 1706 1752
 1706 1707
 1707 1708
 1708 1754
 1709 1755
 1709 1710
 1709 1754
 1710 1756
 1710 1755
 1711 1797
 1711 1756
 1712 1758
 1712 1757
 1713 1759
 1713 1758
 1716 1800
 1716 1760
 1716 1761
 1718 1762
 1718 1719
 1719 1763
 1719 1720
 1719 1762
 1720 1764
 1720 1763
 1721 1722
 1721 1766
 1721 1764
 1722 1806
 1722 1767
 1722 1766
 1723 1724
 1723 1767
 1724 1770
 1724 1725
 1724 1768
 1725 1770
 1725 1726
 1726 1727
 1726 1771
 1726 1770
 1727 1771
 1727 1728
 1728 1812
 1728 1772
 1729 1773
 1730 1774
 1730 1731
 1730 1773
 1731 1732
 1731 1774
 1732 1775
 1732 1733
 1733 1734
 1733 1776
 1733 1775
 1734 1777
 1734 1776
 1734 1735
 1735 1778
 1735 1777
 1736 1737
 1736 1778
 1737 1780
 1738 1781
 1738 1739
 1739 1740
 1739 1781
 1740 1741
 1741 1782
 1742 1784
 1743 1825
 1743 1824
 1743 1744
 1743 1785
 1743 1784
 1744 1785
 1745 1787
 1745 1746
 1746 2247
 1746 1787
 1747 2247
 1747 1748
 1748 1788
 1749 1789
 1750 1831
 1750 1791
 1750 1790
 1751 1792
 1751 1752
 1751 1791
 1752 1792
 1752 1753
 1753 1794
 1753 1793
 1754 1795
 1754 1794
 1754 1755
 1755 1796
 1755 1756
 1755 1795
 1756 1836
 1756 1796
 1757 1839
 1757 1838
 1757 1797
 1758 1798
 1758 1839
 1760 1800
 1761 1801
 1761 1762
 1761 1800
 1762 1802
 1762 1801
 1763 1803
 1763 1764
 1763 1802
 1764 1765
 1764 1805
 1764 1803
 1765 1766
 1766 1805
 1767 1807
 1767 1806
 1768 1769
 1768 1807
 1769 1809
 1770 1850
 1770 1810
 1770 1771
 1770 1809
 1771 1810
 1772 1812
 1772 1810
 1773 1774
 1773 1813
 1774 1815
 1774 1775
 1774 1813
 1775 1816
 1776 1817
 1776 1777
 1777 1818
 1777 1817
 1778 1779
 1778 1818
 1779 1780
 1780 1860
 1780 1859
 1780 1781
 1781 1861
 1781 1860
 1781 1820
 1782 1783
 1782 1820
 1782 1822
 1783 1823
 1784 1824
 1784 1823
 1785 1786
 1785 1825
 1786 1827
 1787 2247
 1787 1827
 1788 1789
 1788 1829
 1789 1790
 1791 1871
 1791 1792
 1791 1831
 1792 1872
 1792 1832
 1792 1871
 1793 1873
 1794 1874
 1794 1834
 1794 1795
 1795 1834
 1796 1835
 1797 1837
 1797 1836
 1798 1839
 1800 1882
 1800 1841
 1801 1843
 1801 1802
 1801 1842
 1802 1803
 1802 1843
 1803 1844
 1803 1804
 1804 1845
 1804 1805
 1804 1844
 1805 1887
 1805 1846
 1805 1806
 1806 1807
 1806 1846
 1807 2234
 1807 1847
 1808 1809
 1808 2234
 1809 1849
 1809 1850
 1810 1851
 1810 1850
 1811 1812
 1811 1851
 1812 1853
 1813 1854
 1813 1814
 1813 1853
 1814 1854
 1814 1815
 1814 1855
 1815 1856
 1815 1816
 1816 1856
 1816 1817
 1817 1858
 1817 1818
 1818 2232
 1818 1858
 1819 2232
 1819 1859
 1820 1862
 1820 1861
 1821 1862
 1821 1822
 1822 1864
 1823 1864
 1824 1865
 1824 1825
 1825 1905
 1825 1865
 1825 1866
 1826 1866
 1826 1827
 1827 1908
 1827 1828
 1827 2247
 1828 1909
 1828 1908
 1828 1868
 1828 2247
 1829 1868
 1829 2247
 1830 1831
 1830 1868
 1830 1870
 1831 1871
 1831 1870
 1832 1873
 1832 1872
 1833 1874
 1833 1873
 1834 1835
 1834 1874
 1835 1836
 1835 1876
 1836 1919
 1836 1877
 1836 1876
 1837 1877
 1838 1878
 1839 1879
 1840 1879
 1841 1882
 1842 1882
 1843 1885
 1843 1884
 1844 1885
 1845 1887
 1845 1886
 1846 1931
 1846 1888
 1846 1887
 1847 1888
 1848 1890
 1848 2234
 1849 1891
 1849 1850
 1849 1890
 1850 1851
 1850 1892
 1850 1891
 1851 1892
 1852 1892
 1853 1893
 1853 1894
 1853 1854
 1854 1939
 1854 1894
 1855 1941
 1855 1896
 1855 1895
 1856 1896
 1856 1897
 1856 1857
 1857 1858
 1857 1897
 1858 2232
 1858 1943
 1859 1860
 1859 1900
 1860 1901
 1860 1861
 1861 1901
 1862 1902
 1863 1902
 1863 1864
 1864 1904
 1864 1865
 1865 1950
 1865 1905
 1865 1904
 1866 1906
 1866 1867
 1866 1905
 1867 1908
 1868 1910
 1868 1909
 1869 1912
 1869 1910
 1870 1913
 1870 1912
 1870 1871
 1871 1914
 1871 1872
 1872 1915
 1872 1914
 1873 1916
 1874 1875
 1874 2233
 1875 1918
 1876 1919
 1876 1918
 1877 1878
 1878 1922
 1878 1921
 1878 1920
 1878 1879
 1879 1923
 1879 1922
 1881 1925
 1882 1925
 1882 1926
 1882 1883
 1883 1884
 1883 1927
 1883 1926
 1884 1927
 1884 1928
 1884 1885
 1885 1928
 1885 1886
 1886 1930
 1887 1931
 1888 1932
 1888 1931
 1888 2234
 1889 1932
 1889 1933
 1890 1977
 1890 1933
 1890 1891
 1891 1934
 1892 1936
 1892 1935
 1893 1938
 1893 1936
 1894 1939
 1894 1938
 1895 1939
 1896 1897
 1897 1898
 1897 1941
 1897 1984
 1898 1942
 1898 1943
 1899 1944
 1899 1946
 1899 1900
 1900 1901
 1900 1947
 1901 1947
 1901 1902
 1902 1948
 1902 1991
 1902 1947
 1903 1949
 1904 1950
 1904 1949
 1905 1951
 1905 1906
 1905 1950
 1906 1952
 1906 1951
 1907 1953
 1908 1953
 1908 1909
 1909 1954
 1909 1953
 1910 1955
 1910 1911
 1911 1957
 1912 1957
 1912 1913
 1913 1914
 1913 1958
 1913 2002
 1913 1957
 1914 1958
 1914 1915
 1915 1916
 1915 1960
 1915 1959
 1916 2004
 1916 1961
 1916 1960
 1917 2233
 1917 1962
 1918 1963
 1918 1962
 1918 1919
 1919 1920
 1919 1964
 1919 1963
 1920 1965
 1920 1964
 1920 1921
 1921 1922
 1921 1965
 1922 1967
 1922 1966
 1925 2012
 1925 1969
 1925 1968
 1926 2013
 1926 1969
 1926 1970
 1927 1928
 1927 1970
 1928 2014
 1928 1971
 1928 1970
 1929 1930
 1929 1971
 1930 1973
 1931 1974
 1931 1975
 1931 1973
 1931 1932
 1932 1975
 1933 1977
 1934 1978
 1934 1935
 1934 1977
 1935 1978
 1935 1936
 1936 1980
 1936 1979
 1937 1980
 1937 1938
 1938 1982
 1938 1939
 1939 1940
 1939 1982
 1941 2030
 1941 2029
 1941 1983
 1941 1984
 1942 2031
 1942 1984
 1943 1986
 1943 1987
 1943 1944
 1943 2232
 1944 2232
 1944 1987
 1945 2252
 1945 1946
 1946 1989
 1947 1990
 1947 1989
 1947 1991
 1948 1992
 1948 1991
 1949 1994
 1949 1950
 1949 1993
 1950 2235
 1950 1994
 1951 1952
 1951 1996
 1951 1995
 1952 1998
 1953 1998
 1953 1999
 1953 1954
 1954 1999
 1954 1955
 1955 2000
 1955 1999
 1956 2001
 1956 2000
 1957 2227
 1957 2001
 1958 1959
 1958 2002
 1959 1960
 1960 2004
 1960 2003
 1961 1962
 1961 2004
 1962 2006
 1962 1963
 1963 2051
 1963 2006
 1963 1964
 1964 1965
 1965 2008
 1965 2007
 1966 2009
 1967 2009
 1968 2012
 1969 2013
 1970 2014
 1970 2013
 1971 2015
 1971 2014
 1972 1973
 1972 2015
 1973 1974
 1973 2017
 1974 1975
 1974 2017
 1975 2018
 1975 2020
 1975 2019
 1976 1977
 1977 1978
 1977 2021
 1978 2023
 1978 2021
 1978 1979
 1979 2024
 1979 1980
 1980 2066
 1980 2025
 1980 2024
 1981 2026
 1982 1983
 1982 2026
 1982 2027
 1983 2027
 1983 2029
 1984 2030
 1985 2032
 1985 2031
 1986 1987
 1986 2032
 1987 2074
 1987 2073
 1987 2032
 1987 2252
 1988 2252
 1989 2034
 1989 2033
 1989 1990
 1990 2035
 1990 1991
 1990 2034
 1991 2035
 1991 2036
 1993 2037
 1993 2036
 1994 2235
 1994 2037
 1995 1996
 1995 2235
 1996 2081
 1996 1997
 1996 2038
 1997 2040
 1998 2041
 1998 2040
 1998 1999
 1999 2043
 1999 2000
 1999 2041
 2000 2043
 2001 2045
 2001 2044
 2002 2046
 2002 2003
 2002 2045
 2003 2047
 2003 2088
 2003 2046
 2004 2005
 2004 2048
 2004 2047
 2005 2050
 2006 2051
 2006 2050
 2007 2052
 2007 2051
 2007 2008
 2008 2009
 2008 2054
 2008 2053
 2009 2055
 2009 2054
 2012 2057
 2012 2056
 2013 2099
 2013 2058
 2013 2057
 2014 2059
 2014 2015
 2015 2101
 2015 2060
 2015 2016
 2015 2059
 2016 2061
 2017 2104
 2017 2062
 2017 2018
 2017 2061
 2018 2019
 2019 2106
 2019 2020
 2020 2106
 2020 2021
 2021 2064
 2021 2022
 2022 2110
 2022 2023
 2022 2065
 2022 2064
 2024 2111
 2024 2066
 2024 2065
 2026 2067
 2026 2027
 2027 2068
 2027 2069
 2027 2067
 2029 2070
 2029 2069
 2030 2071
 2030 2031
 2030 2070
 2031 2071
 2032 2118
 2032 2073
 2033 2120
 2033 2034
 2034 2121
 2034 2076
 2035 2077
 2035 2076
 2036 2077
 2036 2037
 2037 2235
 2037 2079
 2038 2081
 2039 2040
 2039 2081
 2040 2083
 2040 2041
 2041 2083
 2041 2042
 2042 2085
 2042 2043
 2043 2085
 2044 2085
 2045 2132
 2045 2087
 2045 2046
 2045 2227
 2046 2087
 2047 2048
 2048 2090
 2048 2089
 2049 2050
 2049 2090
 2050 2092
 2050 2051
 2051 2094
 2051 2093
 2051 2052
 2052 2053
 2052 2094
 2053 2054
 2054 2096
 2054 2095
 2055 2096
 2057 2143
 2057 2099
 2057 2098
 2058 2059
 2058 2099
 2059 2147
 2059 2101
 2060 2061
 2060 2103
 2060 2151
 2061 2104
 2061 2103
 2062 2106
 2062 2104
 2063 2107
 2063 2106
 2064 2107
 2064 2108
 2064 2109
 2065 2110
 2066 2112
 2066 2111
 2067 2068
 2067 2113
 2067 2112
 2068 2113
 2068 2069
 2069 2115
 2069 2070
 2070 2116
 2070 2071
 2071 2117
 2071 2072
 2072 2118
 2073 2119
 2073 2118
 2073 2074
 2074 2120
 2074 2252
 2075 2182
 2075 2120
 2076 2077
 2076 2121
 2077 2123
 2077 2078
 2077 2122
 2079 2080
 2079 2125
 2079 2126
 2079 2124
 2079 2235
 2080 2081
 2080 2235
 2081 2126
 2081 2082
 2082 2128
 2083 2129
 2083 2084
 2083 2128
 2084 2085
 2085 2131
 2085 2130
 2085 2086
 2085 2129
 2086 2132
 2087 2088
 2087 2133
 2087 2132
 2088 2134
 2088 2089
 2089 2090
 2090 2135
 2090 2134
 2091 2137
 2091 2135
 2091 2092
 2092 2093
 2093 2138
 2093 2137
 2093 2094
 2094 2138
 2094 2095
 2095 2140
 2095 2096
 2096 2141
 2096 2140
 2099 2145
 2099 2100
 2099 2143
 2100 2147
 2100 2145
 2101 2149
 2101 2102
 2101 2147
 2102 2151
 2102 2149
 2103 2153
 2103 2151
 2104 2105
 2104 2153
 2105 2156
 2105 2154
 2105 2106
 2106 2158
 2106 2156
 2107 2108
 2107 2158
 2108 2109
 2108 2159
 2109 2162
 2109 2160
 2109 2110
 2110 2164
 2110 2111
 2110 2162
 2111 2165
 2111 2112
 2112 2167
 2112 2113
 2112 2165
 2113 2169
 2113 2167
 2113 2114
 2114 2171
 2114 2115
 2114 2169
 2115 2173
 2115 2116
 2115 2171
 2116 2175
 2116 2173
 2116 2117
 2117 2177
 2117 2118
 2117 2175
 2118 2178
 2119 2180
 2119 2120
 2119 2178
 2120 2252
 2120 2182
 2120 2180
 2121 2184
 2121 2122
 2121 2182
 2122 2185
 2122 2123
 2123 2187
 2123 2124
 2123 2185
 2124 2189
 2124 2187
 2124 2125
 2125 2191
 2125 2126
 2125 2189
 2126 2193
 2126 2191
 2126 2127
 2127 2195
 2127 2128
 2127 2193
 2128 2197
 2128 2129
 2128 2195
 2129 2199
 2129 2130
 2129 2197
 2130 2201
 2130 2199
 2131 2203
 2131 2132
 2131 2201
 2132 2205
 2132 2203
 2133 2207
 2133 2134
 2133 2205
 2134 2209
 2134 2207
 2134 2135
 2135 2210
 2135 2209
 2136 2212
 2136 2137
 2136 2210
 2137 2214
 2137 2212
 2138 2216
 2138 2139
 2138 2214
 2139 2218
 2139 2140
 2139 2216
 2140 2220
 2140 2218
 2140 2141
 2231 2267
 2236 2237
 2241 2242
 2241 2243
 2242 2243
 2256 2257
 2262 2263
 2265 2266
 2269 2270
 2271 2273
 2271 2272
 2272 2273
