    2  126
    2   82
    3   82
    4   83
    4   82
    6   84
    6   83
    8   84
    9   86
    9   85
   11  130
   11   87
   11   86
   13   87
   14   88
   14   89
   16  132
   16   90
   16   89
   18   91
   18   90
   19   92
   21   93
   21   92
   22   93
   23   94
   23   93
   25   94
   25   95
   27   96
   27   95
   28   96
   29   97
   29   96
   31   98
   31   97
   33  140
   33   99
   33   98
   34  100
   34   99
   36  101
   36  100
   38  102
   38  101
   39  102
   40  102
   40  103
   42  146
   42  104
   42  103
   44  105
   44  104
   46  106
   46  105
   48  106
   48  107
   50  150
   50  108
   50  107
   52  108
   53  110
   53  109
   55  111
   55  110
   57  153
   57  111
   57  112
   59  112
   59  113
   61  113
   61  114
   62  114
   62  115
   64  115
   64  116
   66  117
   66  116
   67  117
   68  118
   68  117
   70  119
   70  118
   71  120
   71  119
   73  121
   73  120
   75  122
   75  121
   77  123
   77  122
   79  165
   79  123
   81  126
   82  127
   82  126
   83  128
   83   84
   84 2360
   84   85
   85 2360
   85  129
   85   86
   87   88
   87  130
   88  174
   88   89
   88  131
   90   91
   90  132
   91  134
   91   92
   91  133
   93  136
   93   94
   93  135
   94  137
   94   95
   96  182
   96  181
   96   97
   96  138
   97   98
   98  140
   98  139
   99  141
   99  140
  100  101
  101  102
  101  142
  102  144
  102  143
  103  146
  103  144
  104  147
  104  105
  105  106
  106  147
  106  107
  107  150
  107  148
  108  194
  108  109
  108  150
  109  110
  109  194
  110  196
  110  195
  110  151
  110  152
  110  111
  111  153
  112  113
  112  153
  113  155
  113  154
  114  115
  115  116
  115  155
  115  157
  117  159
  117  158
  117  118
  118  119
  119  161
  119  160
  120 2359
  120  121
  121 2359
  121  122
  122  162
  122  123
  123  165
  123  164
  123  163
  124  165
  125  168
  126  169
  126  168
  126  127
  127  128
  127  169
  129  130
  129 2360
  130  131
  130  172
  131  173
  131  172
  132  133
  132 2368
  132  174
  133 2368
  133  134
  133  175
  134  135
  135  178
  135  177
  135  136
  136 2363
  136  137
  137  138
  137 2363
  137  179
  138  179
  139  226
  139  183
  139  140
  139  182
  140  141
  140  183
  141  185
  141  142
  142  186
  142  143
  143  188
  143  144
  143  187
  144  188
  145  190
  145  146
  146  147
  146  190
  147  234
  147  235
  147  148
  147  191
  148  149
  149  192
  150  237
  150  194
  150  193
  152  196
  153  198
  153  154
  153  197
  154  242
  154  155
  154  198
  154  199
  155  156
  156  200
  156  291
  156  157
  156  244
  157  158
  157  200
  158  203
  158  159
  158  202
  159  204
  159  160
  160  161
  160  204
  162  206
  162  207
  162  163
  162 2359
  164  208
  164  165
  164  207
  165  210
  165  209
  168  211
  168  213
  168  212
  168  169
  169  214
  169  256
  169  213
  169  170
  170 2360
  171 2360
  171  172
  171  215
  171  216
  172  216
  172  173
  173  217
  173  174
  173  216
  175  220
  175  219
  175 2368
  176  177
  176  220
  177  222
  177  178
  178 2363
  178  267
  178  266
  178  222
  179  223
  179 2363
  180  181
  181  271
  181  225
  181  224
  181  182
  182  226
  183  227
  183  226
  185  186
  185  227
  186  228
  186  187
  187  229
  187  228
  187  188
  188  189
  188  230
  188  229
  189  230
  190  232
  190  231
  190  191
  191  234
  191  232
  192  193
  192  236
  192  235
  193  283
  193  236
  193  237
  194  239
  194  237
  195  196
  195  239
  196  240
  196  197
  198  241
  198  242
  199  243
  199  244
  199  242
  200  292
  200  245
  200  291
  201  202
  202  246
  202  203
  202  245
  203  246
  203  204
  204  296
  204  248
  204  205
  204  247
  205  298
  205 2359
  206  250
  206  207
  206  249
  207  251
  207  208
  207  250
  208  252
  208  251
  208  209
  209  301
  209  253
  209  252
  211  255
  212  255
  213  256
  213  255
  214  258
  214  256
  215  259
  215  258
  215 2360
  216  260
  216  259
  217  261
  217  218
  218 2368
  219  263
  219  264
  219 2368
  219  262
  220  221
  221  265
  221  222
  222  266
  222  265
  223  224
  224  269
  225  226
  225  271
  226  274
  226  273
  226  272
  227  275
  228  276
  228  229
  228  275
  229  277
  229  276
  230  277
  232  279
  232  233
  232  278
  233  280
  233  279
  233  234
  234  281
  234  280
  236  283
  236  282
  237  284
  237  283
  238  239
  239  285
  239  240
  240  331
  240  287
  240  241
  240  286
  241  289
  241  242
  242  289
  243  290
  246  247
  246  295
  246  294
  247  340
  247  339
  247  295
  247  296
  248  341
  248  297
  249  299
  249  250
  249  298
  249 2359
  250  251
  250  299
  251  252
  252  300
  253  301
  255  303
  255  304
  256  305
  256  257
  257  306
  257  305
  257  258
  258  306
  258  259
  259  309
  259  260
  259  308
  260  309
  260  310
  261  311
  261  310
  261  262
  262 2368
  263  313
  263  264
  263  312
  264  313
  264  314
  265  315
  265  266
  265  314
  266  316
  266  315
  267  316
  267 2363
  268 2363
  268  269
  269  317
  269  270
  270  319
  270  271
  270  318
  271  319
  271  272
  272  320
  272  273
  272  319
  273  274
  273  320
  274  275
  275  323
  275  322
  276  323
  276  277
  277  324
  277  278
  277  323
  279  327
  279  326
  279  280
  280  327
  281  328
  281  282
  281  327
  282  373
  283  373
  283  284
  284  374
  284  329
  284  373
  285  330
  285  286
  285  329
  287  377
  287  288
  287  331
  288  332
  288  333
  288  289
  289  334
  289  290
  290  291
  291  292
  291  335
  292  337
  292  336
  292  293
  293  294
  293  338
  295  339
  296  341
  296  340
  298  343
  298  342
  299  344
  299  343
  300  345
  300  344
  301  346
  301  345
  304  348
  304  347
  304  305
  305  349
  305  348
  305  306
  306  349
  306  307
  307  351
  307  308
  307  350
  308  352
  308  351
  308  309
  309  353
  309  352
  310  355
  310  311
  311  312
  312  357
  312  356
  312  313
  313  358
  313  357
  314  315
  315  360
  315  359
  316  402
  316  361
  317  318
  317  362
  317  361
  318  362
  319 2373
  319  364
  319  363
  319  320
  320  406
  320  365
  321  366
  322  366
  323 2383
  323  324
  323  367
  323  409
  324  368
  324  369
  324  325
  325  326
  326  370
  326  371
  326  327
  327  372
  327  371
  329  330
  330  331
  330  375
  331  376
  332  420
  332  333
  332  378
  332  377
  333  378
  333  334
  334  379
  334  335
  335  380
  336  381
  336  337
  336  380
  337  425
  337  382
  337  381
  338  339
  338  382
  339  340
  339  383
  340  428
  340  385
  340  384
  341  342
  342  343
  342  386
  343  431
  343  387
  343  386
  343  344
  344  388
  344  387
  345  433
  345  389
  345  388
  346  389
  348  436
  348  392
  348  391
  348  349
  349  392
  349  350
  350  438
  351  394
  351  395
  352  396
  352  353
  352  395
  353  396
  353  354
  354  440
  354  397
  354  355
  355  356
  356  398
  357  358
  357  400
  357  399
  358  359
  359  401
  359  360
  359  400
  360  445
  360  402
  362  363
  362  403
  362  404
  364  405
  364  406
  364 2373
  365  450
  365  407
  366  408
  366  407
  367  453
  367  410
  367  409
  367  368
  368  411
  368  410
  369  370
  370  412
  370  371
  370  411
  371  413
  371  412
  372  373
  373  415
  373  374
  374  416
  374  415
  375  418
  375  376
  375  417
  376  418
  376  377
  377  418
  378  422
  378  379
  378  420
  379  423
  379  380
  381  425
  381  424
  382  426
  383  384
  383  426
  384  427
  384  428
  385  430
  385  386
  386  431
  386  430
  387  432
  387  431
  388  432
  389  476
  389  434
  391  436
  392  393
  392  436
  393  482
  393  438
  394  439
  394  395
  394  438
  395  484
  395  396
  396  440
  396  485
  396  484
  397  441
  397  398
  398  399
  399  400
  399  442
  400  443
  400  401
  401  491
  401  445
  401  444
  402  446
  402  445
  403  404
  403  447
  403  446
  404 2374
  404  447
  405 2373
  405  449
  405  497
  405  448
  406 2385
  406  450
  407  408
  408  409
  408 2383
  408  451
  409  452
  410  454
  410  453
  410  455
  412  457
  412  456
  412  413
  413  458
  413  414
  414  415
  415  460
  415  459
  416  461
  416  417
  416  460
  418  419
  418  464
  418  463
  419  465
  419  464
  419  420
  420  465
  420  421
  421  466
  421  422
  421  465
  422  423
  422  466
  423  467
  423  424
  424  425
  425  468
  425  469
  426  427
  426  469
  427  471
  427  428
  427  470
  428  471
  428  429
  429  430
  429  472
  429  473
  429  471
  430  431
  430  473
  431  475
  431  432
  432 2361
  432  475
  433  476
  433 2361
  434  476
  435  436
  435  479
  436  437
  436  479
  438  439
  439  532
  439  483
  440  441
  440  485
  440  486
  441  442
  442  488
  442  443
  443  489
  443  444
  444  538
  444  491
  444  490
  445  492
  445  493
  447 2374
  447  495
  447  494
  447  448
  448  497
  448  495
  448 2373
  449 2385
  449  497
  450 2384
  450  498
  451  452
  451  498
  452  499
  452  453
  453  501
  453  454
  454  549
  454  502
  454  501
  455  456
  456  457
  456  504
  457  505
  457  504
  457  458
  458  506
  459  507
  459  460
  459  506
  460  508
  460  461
  460  507
  461  509
  461  462
  462  463
  463  510
  464  465
  464  512
  464  511
  465  514
  465  513
  466  515
  467  516
  467  515
  468  518
  468  517
  468  469
  468  516
  469  470
  470  566
  470  471
  470  518
  471  520
  471  566
  472  473
  472  520
  473  521
  473  474
  474  475
  474  522
  475 2361
  476  525
  476  477
  476 2361
  477  525
  479  527
  479  528
  480  481
  481  482
  481  529
  481  528
  481  530
  483  533
  483  484
  484  533
  484  485
  485  486
  485  534
  486  535
  486  487
  486  534
  486  581
  487  488
  487  536
  488  489
  489  537
  489  490
  490  538
  490  537
  491  539
  491  492
  491  538
  492  540
  493  494
  494  541
  495  542
  495  496
  496  497
  496  543
  496  542
  497  544
  497  543
  497 2385
  498  546
  499  500
  499  546
  500  547
  500  548
  501  549
  501  548
  502  503
  502  550
  502  549
  502  551
  503  552
  503  504
  504  505
  505  554
  505  553
  505  506
  507  554
  507  555
  507  508
  508  601
  508  556
  508  555
  509  557
  509  556
  510  511
  510  557
  511  558
  512  559
  512  605
  512  560
  512  513
  513  514
  514  561
  514  515
  514  560
  515  563
  515  516
  517  564
  517  563
  517  518
  518  519
  519  612
  519  566
  519  565
  520  567
  520  566
  521  568
  522  569
  523 2361
  523  570
  524  617
  524  572
  524 2361
  525  573
  527  575
  527  528
  528  575
  529  577
  529  622
  529  530
  529  576
  530  577
  530  531
  531  624
  531  577
  531  532
  532  624
  533  578
  534  580
  534  579
  535  582
  535  581
  536  583
  536  537
  536  582
  537  538
  537  584
  537  583
  538  584
  538  585
  538  539
  539  586
  539  540
  540  541
  540  587
  541  542
  542  543
  542  588
  543  589
  543  588
  544  590
  544  589
  545 2384
  545  590
  545  546
  546  591
  546  547
  547  548
  547  594
  547  592
  549  641
  549  594
  550  596
  550  551
  550  595
  551  596
  551  552
  552  598
  552  553
  553  599
  554  599
  555  646
  555  601
  555  600
  556  557
  557  603
  557  558
  558  604
  558  559
  558  603
  559  604
  559  605
  560  606
  560  561
  560  605
  561  607
  561  606
  561  562
  562  608
  562  607
  563  564
  563  608
  564  611
  564  610
  564  609
  564  565
  565  612
  566  613
  566  612
  567  614
  567  568
  568  615
  568  569
  569  616
  569  615
  570  664
  570  571
  570  616
  571  664
  571  617
  571 2362
  572  618
  572  573
  572  617
  573  618
  574  621
  575  621
  575  576
  576  622
  576  621
  577  623
  577  624
  578  671
  578  579
  578  625
  578  624
  579  625
  579  626
  580  627
  580  581
  580  626
  581  628
  581  582
  581  627
  582  583
  582  628
  582  630
  582  629
  583  631
  583  584
  584  632
  584  585
  585  633
  585  632
  585  586
  586  634
  586  679
  586  587
  586  633
  587  635
  587  588
  587  634
  588  636
  588  635
  588  589
  589  637
  589  682
  589  636
  590  591
  591  638
  591  592
  592  686
  592  640
  592  593
  592  639
  593  594
  593  640
  595  642
  595  596
  595  641
  596  597
  596  643
  596  642
  597  644
  597  643
  597  598
  598  599
  598  644
  599  600
  600  646
  601  647
  601  646
  601  602
  602  648
  602  603
  602  647
  603  604
  603  648
  603  650
  604  605
  604  650
  605  651
  605  652
  606  653
  606  652
  606  607
  607  655
  607  608
  607  653
  608  701
  608  656
  608  609
  610  657
  610  611
  611  705
  611  659
  611  658
  611  612
  612  660
  613  614
  613  660
  614  661
  614  615
  615  662
  615  616
  615  661
  616  664
  616  663
  617  618
  617  664
  618  665
  619  665
  620  621
  620  668
  621  622
  622  669
  622  623
  623  670
  623  624
  624  671
  625  626
  625  672
  626  673
  627  673
  627  628
  628  674
  628  629
  629  630
  629  674
  630  631
  630  675
  630  676
  631  632
  631  676
  631  678
  632  678
  633  679
  633  678
  634  680
  634  728
  634  635
  634  679
  635  636
  635  680
  636  681
  636  731
  636  682
  637  684
  637  683
  637  682
  638  685
  638  639
  638  684
  639  686
  640  735
  640  687
  640  686
  641  736
  641  688
  641  642
  641  687
  642  689
  642  688
  643  690
  643  644
  644  691
  644  645
  644  690
  645  692
  645  691
  646  694
  646  692
  646  647
  647  694
  648  649
  648  695
  648  694
  649  650
  649  695
  649  696
  649  697
  650  744
  650  698
  650  697
  652  699
  652  698
  652  653
  653  700
  653  699
  654  700
  654  655
  655  700
  656  702
  656  657
  656  701
  657  703
  657  702
  657  658
  658  704
  658  705
  658  703
  659  660
  659  706
  659  705
  660  707
  660  706
  660  661
  661  709
  661  708
  662  755
  662  710
  663  711
  664  712
  664  711
  665  713
  665  712
  666  713
  668  715
  668  717
  670  718
  671  719
  672  720
  672  719
  673  722
  673  721
  674  675
  674  722
  675  723
  675  676
  675  722
  676  677
  676  723
  677  725
  677  678
  678  725
  678  679
  679  727
  679  726
  680  681
  680  728
  681  730
  681  731
  681  729
  682  731
  683  778
  683  732
  683  731
  683  684
  684  733
  684  732
  684  685
  685  780
  685  686
  685  734
  685  733
  686  781
  686  735
  687  736
  687  735
  688  783
  688  689
  688  736
  689  784
  689  738
  689  737
  689  690
  690  739
  690  691
  691  692
  692  740
  692  739
  692  693
  693  789
  693  741
  693  694
  693  740
  694  742
  694  695
  694  741
  695  790
  695  743
  695  742
  697  792
  697  744
  697  743
  698  745
  698  699
  698  793
  699  700
  699  745
  699  747
  700  701
  701  748
  701  747
  701  702
  702  749
  702  748
  703  749
  704  751
  704  705
  704  750
  705  751
  705  706
  706  707
  706  753
  707  803
  707  754
  707  708
  707  753
  708  754
  709  804
  709  755
  709  754
  710  756
  710  711
  710  755
  711  805
  711  757
  713  759
  713  758
  713  757
  715  716
  715  761
  716  761
  716  717
  716  762
  717  811
  717  718
  717  762
  718  811
  718  763
  719  764
  719  763
  720  765
  720  721
  720  764
  721  765
  721  766
  722  767
  722  723
  722  766
  723  769
  723  767
  723  724
  724  725
  725  770
  725  771
  725  769
  726  727
  727  822
  727  773
  727  772
  728  773
  729  775
  729  773
  729  774
  729  730
  730  776
  730  731
  731  778
  731  776
  733  779
  733  780
  733  778
  734  828
  734  781
  734  780
  735  782
  735  736
  736  782
  737  783
  738  739
  738  784
  739  787
  739  740
  739  786
  740  787
  740  789
  741  790
  741  742
  743  792
  743  790
  744  793
  744  792
  745  794
  745  793
  746  841
  746  747
  746  794
  747  797
  747  795
  747  748
  748  749
  748  797
  749  750
  749  798
  750  799
  750  751
  751  846
  751  801
  751  800
  752  802
  752  753
  753  802
  754  803
  755  850
  755  756
  755  804
  756  805
  756  851
  757  806
  757  758
  757  805
  758  853
  758  807
  758  806
  760  809
  761  809
  762  811
  762  810
  762  809
  763  858
  763  812
  763  764
  763  811
  764  813
  764  765
  765  815
  765  814
  766  816
  766  815
  766  767
  767  768
  768  817
  768  769
  768  818
  768  816
  769  818
  769  819
  769  770
  770  820
  770  819
  771  820
  771  772
  772  822
  772  820
  773  822
  774  868
  774  775
  774  823
  774  822
  775  823
  775  824
  775  776
  777  871
  777  825
  777  778
  777  824
  778  825
  778  826
  778  779
  780  874
  780  827
  781  829
  781  782
  781  828
  782  877
  782  830
  782  829
  783  831
  783  784
  783  830
  784  831
  784  832
  784  785
  785  833
  785  786
  785  832
  786  833
  786  787
  787  834
  787  833
  788  835
  788  834
  788  789
  789  836
  789  790
  790  837
  790  791
  790  838
  790  836
  791  838
  791  839
  791  792
  792  793
  793  840
  793  839
  795  842
  795  796
  795  841
  797  843
  797  798
  797  842
  798  843
  798  844
  799  844
  799  800
  800  846
  800  845
  800  844
  801  895
  801  847
  801  802
  801  846
  802  847
  802  803
  803  848
  804  898
  804  849
  805  806
  805  851
  806  852
  807  853
  809  855
  809  856
  809  810
  810  811
  810  856
  811  858
  812  908
  813  859
  813  908
  814  859
  814  860
  815  860
  815  861
  815  816
  816  817
  816  861
  817  818
  817  863
  817  861
  818  864
  818  863
  820  865
  820  821
  821  867
  821  822
  821  865
  822  868
  823  870
  823  824
  823  868
  824  870
  824  871
  825  826
  825  872
  825  871
  826  873
  826  872
  826  827
  827  874
  827  873
  828  875
  828  829
  828  874
  829  876
  829  875
  830  879
  830  831
  830  877
  831  880
  831  879
  832  881
  832  833
  833  882
  833  834
  834  883
  834  835
  835  884
  835  883
  835  836
  836  837
  836  885
  837  886
  837  885
  838  887
  838  839
  839  888
  839  840
  839  887
  840  888
  840  841
  841  889
  841  842
  841  888
  842  935
  842  890
  842  889
  842  843
  843  844
  843  890
  844  845
  844  891
  844  892
  845  893
  845  894
  846  895
  847  943
  847  896
  847  895
  848  898
  848  897
  848  943
  849  899
  849  898
  850  899
  851  900
  851  899
  853  902
  853  901
  854  902
  855  856
  855  905
  856  857
  857  906
  858  907
  859  909
  859  910
  860  958
  860  910
  860  911
  860  861
  861  862
  861  911
  862  960
  862  913
  862  912
  863  914
  863  864
  864  914
  864  865
  865  962
  865  866
  865  915
  865  914
  866  964
  866  867
  867  916
  868  965
  868  916
  869  918
  869  917
  870  919
  870  871
  871  919
  872  969
  872  873
  872  919
  873  920
  873  921
  874  875
  875  921
  875  922
  876  972
  876  923
  876  922
  878  973
  878  924
  878  923
  879  924
  879  880
  879  925
  880  881
  880  926
  881  927
  881  882
  882  883
  882  927
  883  884
  883  927
  884  930
  884  885
  884  929
  885  930
  886  931
  886  887
  886  930
  887  888
  887  931
  888  889
  888  932
  889  933
  889  934
  890  891
  890  937
  890  935
  891  938
  891  986
  891  937
  891  892
  892  893
  892  938
  893  939
  893  940
  894  895
  894  941
  895  896
  896  942
  896  941
  897  944
  897  943
  898  944
  899  946
  899  945
  900  947
  900  901
  901  948
  901  902
  901  947
  902  950
  902  949
  905  997
  905  951
  906  907
  906  952
  907  953
  907  955
  907  954
  908  955
  909  957
  910 1003
  910  957
  911 1004
  911  959
  911  912
  912  959
  913  961
  913  914
  913  960
  914  961
  915  964
  915  963
  915  962
  916  965
  916  964
  917  966
  917  918
  917  965
  918  967
  918  919
  918  966
  919  969
  919  967
  920  970
  920  921
  921  970
  921  971
  921  922
  922  972
  922 1016
  923  973
  923  972
  924  925
  924  973
  925  974
  925  975
  925  926
  926  976
  926  927
  926  977
  926  975
  927  928
  928  978
  928  977
  928  929
  929  930
  929  980
  929  978
  930  981
  930  931
  932  982
  932  981
  932  933
  933  983
  933  934
  933  982
  934 1028
  934  984
  934  983
  935  936
  936  985
  936  984
  938 1031
  938  987
  938  986
  939  940
  940  988
  940  941
  940  987
  941  989
  941  988
  941  942
  942  943
  942  989
  943  990
  943  944
  944 2376
  944  945
  944  991
  945  946
  945 2376
  946 1037
  946  992
  947 1038
  947  993
  947  992
  948  993
  948  949
  949  995
  949  994
  949  993
  951  997
  952  998
  952  999
  952  953
  952  997
  953  999
  954  955
  954 1000
  954  999
  955 1000
  955  956
  956  957
  956 1001
  956 1000
  957 1001
  958 1003
  959 1050
  959 1049
  959  960
  959 1004
  960 1005
  960 1006
  960  961
  961 1007
  961  962
  961 1051
  962 1008
  962 1007
  962  963
  963 1009
  963 1054
  963 1008
  964 1010
  964  965
  964 1009
  965  966
  966 1057
  966  967
  966 1010
  967 1011
  967 1013
  968 1013
  968  969
  969 1014
  969  970
  969 1013
  970  971
  970 1015
  971 1015
  972  973
  972 1016
  973 1017
  973 1018
  974 1019
  974  975
  975 1020
  975  976
  976 1022
  976  977
  976 1020
  977  978
  978 1023
  978 1024
  978 1022
  979  980
  980  981
  980 1024
  980 1026
  981 1026
  981  982
  982  983
  982 1026
  983 1027
  984  985
  984 1030
  984 1028
  985 1030
  985  986
  986 1030
  987 1081
  987 1032
  987  988
  987 1031
  988  989
  988 1032
  989 1033
  989 1034
  990 1036
  990 1035
  991 1036
  991 2376
  992 1038
  992 1037
  993 2365
  993 1039
  993  994
  993 1038
  994 1040
  995 1040
  997 1043
  997 1042
  998 1044
  998 1043
  999 1045
  999 1044
 1000 1046
 1000 1045
 1001 1047
 1001 1002
 1001 1046
 1002 1097
 1002 1047
 1002 1003
 1002 1048
 1003 1048
 1003 1004
 1004 1049
 1004 1048
 1006 1050
 1007 1008
 1007 1051
 1008 1054
 1008 1052
 1009 1010
 1009 1054
 1010 1055
 1010 1056
 1010 1057
 1011 1058
 1011 1012
 1011 1057
 1012 1059
 1012 1013
 1012 1058
 1013 1014
 1013 1059
 1014 1015
 1014 1060
 1014 1109
 1014 1061
 1015 1061
 1015 1062
 1016 1064
 1016 1062
 1016 1017
 1017 1018
 1018 1066
 1018 1065
 1018 1019
 1018 1064
 1019 1116
 1019 1067
 1019 1020
 1019 1066
 1021 1068
 1021 1067
 1021 1022
 1022 1069
 1022 1068
 1022 1023
 1023 1069
 1024 1071
 1024 1070
 1024 1025
 1025 1072
 1025 1026
 1025 1071
 1026 1075
 1026 1073
 1026 1027
 1027 1028
 1027 1075
 1028 1076
 1028 1029
 1029 1079
 1029 1078
 1029 1030
 1029 1077
 1030 1080
 1030 1031
 1031 1081
 1031 1080
 1032 1082
 1032 1128
 1033 1083
 1033 1082
 1033 1034
 1034 1129
 1034 1035
 1034 1084
 1035 1085
 1035 1084
 1036 1085
 1036 1086
 1037 1087
 1037 1038
 1038 2365
 1039 1090
 1039 1040
 1039 2365
 1040 1091
 1040 1090
 1042 1093
 1043 1139
 1043 1093
 1043 1094
 1044 1139
 1044 1095
 1045 1096
 1045 1095
 1046 1096
 1046 1047
 1047 1142
 1047 1097
 1048 1143
 1048 1049
 1049 1100
 1049 1050
 1049 1099
 1050 1051
 1051 1102
 1051 1101
 1051 1100
 1051 1052
 1052 1053
 1052 1103
 1053 1103
 1053 1104
 1053 1054
 1054 1104
 1055 1105
 1057 1105
 1057 1106
 1057 1058
 1058 1152
 1058 1107
 1058 1106
 1059 1060
 1059 1108
 1060 1109
 1060 1108
 1061 1062
 1061 1111
 1061 1109
 1062 1111
 1063 1113
 1063 1112
 1063 1064
 1063 1111
 1064 1158
 1064 1113
 1064 1114
 1064 1065
 1065 1114
 1066 1160
 1066 1159
 1066 1116
 1066 1115
 1067 1117
 1067 1068
 1067 1116
 1068 1163
 1068 1117
 1068 1118
 1069 1119
 1069 1070
 1070 1071
 1070 1120
 1070 1119
 1071 1120
 1072 1120
 1072 1167
 1072 1121
 1074 1168
 1074 1121
 1074 1122
 1074 1075
 1075 1123
 1075 1122
 1077 1170
 1077 1124
 1077 1078
 1077 1123
 1078 1125
 1078 1124
 1079 1080
 1080 1081
 1080 1125
 1081 1127
 1081 1126
 1081 1128
 1082 1128
 1082 1175
 1082 1129
 1084 1130
 1084 1129
 1085 1131
 1085 1130
 1086 1131
 1086 1132
 1087 2375
 1087 1134
 1088 1135
 1088 2365
 1089 1136
 1089 2367
 1089 2365
 1090 1137
 1093 1185
 1093 1138
 1094 1185
 1095 1186
 1095 1140
 1096 1142
 1096 1140
 1096 1141
 1097 1189
 1097 1143
 1098 1144
 1098 1143
 1099 1191
 1099 1100
 1099 1145
 1100 1101
 1101 1146
 1101 1145
 1102 1194
 1102 1147
 1102 1146
 1102 1103
 1103 1104
 1103 1147
 1104 1149
 1104 1148
 1104 1105
 1105 1150
 1105 1151
 1105 1149
 1105 1106
 1106 1151
 1107 1153
 1107 1108
 1107 1152
 1108 1109
 1108 1154
 1109 1154
 1109 1110
 1110 1111
 1110 1154
 1111 1156
 1111 1155
 1112 1156
 1112 1157
 1113 1158
 1114 1206
 1114 1159
 1114 1158
 1115 1159
 1116 1162
 1116 1117
 1116 1160
 1117 1210
 1117 1162
 1118 1164
 1118 1119
 1118 1163
 1119 1166
 1119 1120
 1119 1164
 1120 1167
 1120 1166
 1121 1168
 1121 1167
 1122 1169
 1122 1123
 1122 1168
 1123 1170
 1123 1169
 1124 1125
 1124 1172
 1124 1170
 1125 1126
 1126 1127
 1126 1173
 1126 1174
 1126 1172
 1127 1128
 1128 1222
 1128 1174
 1128 1175
 1129 1130
 1129 1176
 1129 1175
 1130 1177
 1131 1178
 1131 1177
 1132 1179
 1132 1178
 1132 1133
 1132 2375
 1133 1180
 1133 1134
 1133 1179
 1134 1180
 1134 1135
 1135 2367
 1135 1181
 1135 1180
 1136 2367
 1136 1182
 1136 1137
 1136 1181
 1137 1182
 1138 1185
 1139 1186
 1139 1185
 1140 1141
 1140 1187
 1141 1142
 1141 1188
 1142 1189
 1142 1236
 1143 1238
 1143 1144
 1143 1190
 1144 1190
 1144 1191
 1145 1192
 1145 1146
 1145 1191
 1146 1192
 1146 1194
 1147 1195
 1147 1194
 1148 1149
 1148 1196
 1149 1198
 1149 1196
 1149 1150
 1150 1151
 1150 1199
 1150 1198
 1151 1247
 1151 1200
 1151 1152
 1152 1153
 1153 1202
 1153 1154
 1153 1200
 1154 1202
 1155 1202
 1155 1203
 1155 1156
 1156 1157
 1156 1205
 1156 1203
 1157 1205
 1157 1158
 1158 1206
 1158 1205
 1159 1207
 1159 1206
 1160 1161
 1161 1208
 1162 1210
 1162 1208
 1163 1211
 1163 1210
 1164 1212
 1164 1165
 1165 1166
 1166 1213
 1166 1167
 1167 1168
 1167 1213
 1168 1216
 1168 1169
 1168 1214
 1169 1216
 1170 1171
 1170 1216
 1171 1172
 1171 1218
 1171 1219
 1171 1217
 1172 1220
 1172 1173
 1172 1219
 1173 1220
 1173 1174
 1174 1221
 1174 1222
 1175 1176
 1175 1222
 1176 1224
 1176 1223
 1176 1225
 1176 1177
 1177 1226
 1177 1225
 1178 1226
 1178 1227
 1179 1180
 1179 1227
 1180 1181
 1180 1228
 1181 1230
 1181 1182
 1181 2367
 1182 1183
 1183 1230
 1184 1233
 1186 1233
 1187 1235
 1188 1236
 1188 1235
 1189 1238
 1189 1237
 1190 1191
 1190 1239
 1190 1238
 1191 1239
 1191 1192
 1192 1241
 1192 1240
 1193 1241
 1194 1242
 1194 1195
 1195 1196
 1195 1242
 1196 1289
 1196 1243
 1196 1244
 1197 1244
 1197 1198
 1198 1245
 1198 1199
 1198 1244
 1199 1246
 1199 1245
 1200 1248
 1200 1201
 1200 1247
 1201 1202
 1201 1249
 1202 1249
 1202 1251
 1202 1203
 1203 1252
 1203 1251
 1204 1205
 1205 1297
 1205 1206
 1205 1254
 1206 1254
 1206 1255
 1207 1256
 1207 1208
 1208 1209
 1209 1257
 1209 1256
 1210 1258
 1210 1211
 1210 1257
 1211 1258
 1211 1212
 1212 1213
 1212 1258
 1213 1214
 1213 1259
 1214 1260
 1214 1215
 1215 1263
 1215 1216
 1215 1262
 1215 1261
 1216 1263
 1217 1218
 1218 1265
 1218 1264
 1219 1311
 1219 1265
 1219 1266
 1219 1220
 1220 1221
 1221 1222
 1221 1266
 1221 1267
 1221 1268
 1222 1268
 1222 1269
 1223 1314
 1223 1224
 1223 1269
 1223 1270
 1224 1270
 1224 1271
 1225 1271
 1226 1317
 1226 1272
 1227 1273
 1227 1272
 1228 1275
 1228 1274
 1229 1276
 1229 1275
 1230 1323
 1230 1277
 1230 1276
 1232 1279
 1232 1233
 1233 1279
 1233 1234
 1233 1280
 1234 1281
 1234 1235
 1234 1280
 1235 1282
 1235 1281
 1236 1330
 1236 1282
 1237 1283
 1238 1284
 1238 1239
 1238 1283
 1239 1332
 1239 1285
 1239 1284
 1240 1286
 1240 1241
 1241 1242
 1242 1287
 1242 1243
 1242 1288
 1242 1286
 1243 1289
 1243 1288
 1244 1289
 1245 1291
 1245 1289
 1245 1246
 1246 1292
 1246 1291
 1247 1293
 1247 1248
 1248 1249
 1248 1293
 1249 1294
 1249 1293
 1250 1343
 1250 1295
 1250 1251
 1250 1294
 1251 1295
 1251 1296
 1252 1253
 1252 1296
 1253 1297
 1253 1296
 1254 1255
 1254 1297
 1255 1300
 1255 1256
 1255 1299
 1255 1298
 1256 1300
 1256 1301
 1256 1257
 1257 1258
 1258 1301
 1258 1303
 1258 1259
 1259 1260
 1259 1304
 1259 1303
 1260 1305
 1261 1306
 1261 1262
 1262 1263
 1263 1307
 1263 1308
 1263 1264
 1263 1306
 1264 1308
 1264 1309
 1264 1265
 1265 1310
 1265 1309
 1266 1312
 1266 1267
 1266 1360
 1266 1311
 1267 1361
 1267 1312
 1267 1313
 1268 1313
 1269 1314
 1270 1316
 1270 1271
 1270 1314
 1271 1317
 1271 1316
 1272 1319
 1272 1318
 1273 1320
 1273 1274
 1273 1319
 1274 1320
 1274 1275
 1275 1321
 1275 1276
 1276 1323
 1277 1323
 1279 1325
 1280 1327
 1281 1327
 1282 1329
 1283 1378
 1283 1331
 1283 1330
 1284 1331
 1284 1332
 1285 1286
 1285 1333
 1285 1334
 1285 1332
 1286 1334
 1286 1287
 1287 1383
 1287 1288
 1287 1336
 1288 1384
 1288 1337
 1288 1289
 1289 1338
 1289 1337
 1291 1387
 1291 1339
 1291 1292
 1291 1338
 1292 1341
 1292 1340
 1292 1293
 1292 1339
 1293 1342
 1293 1294
 1294 1343
 1295 1344
 1295 1296
 1295 1345
 1296 1297
 1296 1346
 1297 1346
 1297 1347
 1298 1299
 1299 1300
 1299 1348
 1299 1347
 1300 1397
 1300 1350
 1300 1301
 1301 1352
 1301 1302
 1301 1350
 1302 1303
 1302 1352
 1303 1352
 1303 1353
 1304 1355
 1304 1353
 1304 1305
 1305 1356
 1305 1306
 1305 1355
 1306 1307
 1307 1356
 1307 1357
 1308 1357
 1309 1310
 1309 1357
 1310 1359
 1310 1358
 1311 1359
 1312 1408
 1312 1361
 1313 1363
 1313 1362
 1313 1314
 1313 1361
 1314 1315
 1314 1363
 1315 1365
 1315 1316
 1316 1412
 1316 1366
 1316 1317
 1317 1366
 1317 1318
 1318 1319
 1318 1366
 1319 1367
 1320 1369
 1320 1368
 1321 1369
 1321 1370
 1323 1371
 1324 1372
 1325 1326
 1326 1375
 1326 1421
 1326 1374
 1326 1327
 1327 1375
 1327 1328
 1328 1329
 1328 1376
 1328 1375
 1329 1330
 1329 1376
 1329 1378
 1329 1377
 1330 1378
 1331 1380
 1331 1379
 1332 1381
 1332 1333
 1332 1380
 1333 1334
 1334 1381
 1335 1382
 1335 1383
 1336 1384
 1337 1338
 1337 1386
 1337 1384
 1338 1386
 1338 1387
 1339 1388
 1339 1387
 1340 1388
 1340 1389
 1340 1341
 1341 1342
 1342 1389
 1343 1391
 1343 1390
 1344 1345
 1345 1391
 1345 1392
 1346 1393
 1346 1347
 1346 1392
 1347 1395
 1347 1394
 1347 1393
 1347 1348
 1348 1442
 1348 1396
 1348 1395
 1349 1396
 1349 1397
 1350 1398
 1350 1397
 1351 1399
 1351 1352
 1351 1398
 1352 1353
 1352 1400
 1353 1400
 1354 1355
 1355 1403
 1355 1401
 1355 1356
 1356 1450
 1356 1404
 1356 1403
 1356 1357
 1357 1406
 1357 1358
 1357 1404
 1358 1407
 1358 1359
 1359 1360
 1359 1408
 1361 1408
 1362 1457
 1362 1409
 1362 1363
 1363 1411
 1363 1410
 1365 1412
 1365 1411
 1366 1413
 1366 1414
 1366 1412
 1367 1415
 1367 1414
 1367 1368
 1368 1415
 1369 1462
 1369 1416
 1370 1417
 1370 1371
 1371 1418
 1371 1372
 1371 1417
 1372 1419
 1372 1418
 1372 1373
 1374 1421
 1375 1469
 1375 1376
 1375 1422
 1375 1468
 1376 1423
 1376 1377
 1377 1378
 1378 1424
 1378 1379
 1379 1473
 1379 1425
 1380 1425
 1380 1381
 1381 1427
 1381 1382
 1381 1425
 1382 1427
 1382 1383
 1382 1428
 1383 1428
 1383 1429
 1383 1384
 1384 1478
 1384 1430
 1385 1430
 1386 1431
 1386 1387
 1386 1430
 1387 1432
 1387 1388
 1387 1431
 1388 1389
 1388 1433
 1388 1432
 1389 1390
 1389 1434
 1390 1437
 1390 1435
 1390 1436
 1390 1391
 1391 1484
 1391 1438
 1391 1437
 1391 1392
 1392 1440
 1392 1393
 1392 1438
 1393 1440
 1394 1441
 1394 1440
 1395 1441
 1395 1442
 1396 1443
 1396 1442
 1397 1444
 1397 1398
 1397 1443
 1398 1399
 1398 1444
 1399 1445
 1399 1446
 1399 1400
 1400 1447
 1400 1401
 1400 1446
 1401 1449
 1401 1402
 1401 1447
 1402 1449
 1404 1451
 1404 1450
 1405 1406
 1406 1452
 1406 1407
 1406 1451
 1406 1453
 1407 1454
 1407 1453
 1407 1408
 1408 1409
 1408 1456
 1408 1455
 1408 1454
 1409 1457
 1409 1456
 1410 1411
 1410 1458
 1410 1457
 1411 1459
 1411 1412
 1411 1458
 1412 1413
 1413 1459
 1413 1460
 1414 1460
 1414 1461
 1415 1462
 1415 1461
 1416 1463
 1416 1417
 1416 1462
 1417 1465
 1417 1464
 1417 1463
 1418 1466
 1418 1465
 1421 1468
 1421 1467
 1422 1470
 1423 1470
 1423 1471
 1424 1471
 1425 1474
 1425 1426
 1426 1521
 1426 1474
 1427 1476
 1427 1475
 1427 1428
 1428 1523
 1428 1429
 1428 1477
 1429 1478
 1429 1524
 1430 1479
 1430 1478
 1431 1432
 1432 1433
 1432 1479
 1432 1526
 1433 1480
 1433 1481
 1434 1482
 1434 1481
 1435 1436
 1435 1483
 1435 1482
 1436 1483
 1437 1484
 1438 1485
 1438 1484
 1439 1486
 1439 1440
 1440 1488
 1440 1441
 1440 1486
 1441 1488
 1442 1488
 1442 1489
 1443 1444
 1444 1489
 1444 1445
 1445 1538
 1445 1491
 1445 1490
 1445 1446
 1446 1447
 1446 1493
 1446 1491
 1447 1493
 1448 1449
 1448 1494
 1448 1493
 1449 1496
 1449 1495
 1449 1450
 1449 1494
 1450 1496
 1450 1451
 1451 1497
 1451 1452
 1451 1498
 1451 1496
 1452 1498
 1452 1453
 1453 1500
 1453 1499
 1455 1502
 1455 1501
 1455 1456
 1456 1503
 1456 1502
 1457 1504
 1457 1458
 1458 1459
 1458 1505
 1459 1506
 1459 1460
 1459 1505
 1460 1507
 1460 1506
 1461 2379
 1461 1508
 1461 1507
 1462 1509
 1462 1508
 1463 1464
 1463 1509
 1464 1510
 1464 1465
 1465 1466
 1465 1511
 1466 1512
 1468 1559
 1468 1514
 1469 1515
 1470 1516
 1471 1518
 1471 1517
 1471 1472
 1472 1473
 1472 1519
 1473 1519
 1474 1565
 1474 1521
 1474 1520
 1475 1522
 1475 1521
 1476 1523
 1477 1524
 1477 1523
 1478 1479
 1478 1524
 1479 1526
 1479 1525
 1480 1481
 1480 1526
 1481 1482
 1481 1527
 1481 1528
 1482 1574
 1482 1483
 1482 1528
 1483 1531
 1483 1574
 1483 1484
 1484 1531
 1485 1532
 1485 1486
 1485 1531
 1486 1533
 1487 1534
 1487 1488
 1488 1489
 1488 1536
 1488 1534
 1489 1536
 1489 1537
 1489 1490
 1490 1538
 1490 1537
 1491 1492
 1491 1538
 1492 1539
 1492 1540
 1492 1493
 1493 1494
 1493 1541
 1493 1586
 1494 1542
 1494 1541
 1495 1496
 1496 1543
 1496 1497
 1496 1542
 1497 1545
 1497 1498
 1498 1545
 1498 1499
 1499 1547
 1499 1546
 1500 1501
 1500 1547
 1501 1547
 1502 1549
 1502 1503
 1502 1548
 1503 1550
 1503 1549
 1503 1504
 1504 1596
 1504 1551
 1504 1505
 1504 1550
 1505 1552
 1505 1551
 1506 1553
 1506 1507
 1507 2377
 1507 1553
 1508 1554
 1508 2382
 1508 2380
 1509 1555
 1509 1554
 1510 1555
 1511 1601
 1511 1556
 1512 1557
 1514 1559
 1515 1561
 1515 1516
 1515 1560
 1515 1559
 1516 1561
 1516 1517
 1517 1562
 1517 1561
 1518 1563
 1518 1519
 1518 1562
 1519 1564
 1519 1563
 1519 1520
 1520 1565
 1520 1564
 1521 1611
 1521 1522
 1521 1565
 1522 1566
 1522 1567
 1522 1523
 1523 1568
 1523 1567
 1524 1569
 1524 1525
 1525 1570
 1525 1526
 1526 1570
 1526 1527
 1527 1572
 1527 1528
 1527 1571
 1528 1573
 1528 1572
 1529 1573
 1529 1574
 1530 1531
 1530 1575
 1530 1574
 1531 1575
 1531 1532
 1532 1622
 1532 1577
 1532 1533
 1532 1576
 1533 1578
 1533 1577
 1533 1534
 1534 1535
 1534 1578
 1535 1580
 1535 1579
 1535 1536
 1536 1537
 1536 1580
 1537 1538
 1537 1581
 1538 1583
 1538 1582
 1538 1584
 1539 1585
 1539 1540
 1540 1586
 1541 1630
 1541 1542
 1541 1587
 1541 1586
 1542 1543
 1542 1587
 1542 1588
 1543 1589
 1543 1588
 1544 1590
 1544 1589
 1545 1546
 1546 1635
 1546 1592
 1546 1547
 1546 1590
 1547 1592
 1547 1548
 1548 1636
 1548 1593
 1548 1549
 1548 1592
 1549 1550
 1549 1593
 1550 1594
 1550 1596
 1551 1641
 1551 1597
 1551 1552
 1552 1553
 1552 1597
 1553 1599
 1553 1598
 1554 2381
 1554 1645
 1554 1600
 1555 1601
 1556 1603
 1556 1602
 1556 1557
 1556 1601
 1558 1605
 1559 1605
 1560 1606
 1560 1605
 1561 1606
 1561 1607
 1561 1562
 1562 1608
 1563 1608
 1563 1564
 1564 1609
 1565 1611
 1565 1610
 1565 1609
 1566 1611
 1566 1567
 1567 1568
 1567 1613
 1567 1612
 1568 1614
 1568 1569
 1568 1613
 1569 1570
 1569 1615
 1569 1614
 1570 1616
 1570 1571
 1571 1617
 1571 1572
 1571 1616
 1572 1617
 1572 1618
 1573 1574
 1574 1618
 1574 1575
 1575 1576
 1575 1620
 1575 1619
 1576 1622
 1576 1668
 1577 1623
 1577 1622
 1579 1624
 1579 1580
 1579 1623
 1580 1671
 1580 1625
 1580 1624
 1581 1626
 1581 1625
 1582 1583
 1583 1627
 1583 1626
 1584 1627
 1584 1585
 1585 1628
 1585 1586
 1586 1676
 1586 1630
 1586 1629
 1587 1588
 1587 1630
 1588 1631
 1588 1589
 1589 1679
 1589 1590
 1589 1632
 1590 1634
 1590 1633
 1590 1591
 1591 1682
 1591 1634
 1592 1684
 1592 1635
 1593 1594
 1593 1638
 1593 1636
 1594 1639
 1594 1595
 1594 1638
 1595 1639
 1595 1596
 1595 1640
 1596 1641
 1597 1688
 1597 1642
 1597 1641
 1598 1690
 1598 1599
 1599 1644
 1599 2377
 1599 1643
 1600 1694
 1600 1693
 1600 1646
 1600 1601
 1600 1645
 1601 1646
 1601 1602
 1602 1648
 1602 1647
 1603 1648
 1604 1651
 1605 1651
 1605 1652
 1606 1652
 1607 1653
 1608 1702
 1608 1703
 1608 1655
 1608 1654
 1609 1655
 1609 1656
 1609 1610
 1610 1657
 1610 1656
 1611 1612
 1612 1613
 1612 1657
 1613 1658
 1613 1614
 1614 1615
 1614 1661
 1614 1659
 1615 1661
 1616 1711
 1616 1662
 1616 1617
 1616 1661
 1617 1712
 1617 1618
 1617 1662
 1617 1663
 1618 1665
 1618 1664
 1618 1663
 1618 1619
 1619 1620
 1619 1666
 1619 1665
 1620 1666
 1621 1668
 1621 1666
 1622 1623
 1623 1669
 1623 1670
 1624 1671
 1624 1670
 1625 1673
 1625 1626
 1625 1672
 1626 1674
 1626 1627
 1627 1628
 1628 1723
 1628 1674
 1628 1629
 1629 1724
 1629 1676
 1629 1675
 1630 1725
 1630 1677
 1630 1676
 1631 1678
 1631 1632
 1632 1678
 1633 1728
 1633 1634
 1633 1680
 1633 1679
 1634 1680
 1634 1682
 1635 1684
 1635 1683
 1635 1682
 1636 1684
 1637 1685
 1637 1638
 1637 1732
 1638 1639
 1638 1685
 1639 1687
 1639 1686
 1640 1688
 1642 1689
 1642 1690
 1642 1688
 1643 1691
 1643 1644
 1643 1690
 1644 2381
 1644 2378
 1644 1645
 1645 2381
 1645 1692
 1646 1695
 1646 1694
 1647 1696
 1647 1695
 1649 1696
 1650 1651
 1651 1698
 1651 1652
 1652 1700
 1652 1653
 1652 1701
 1653 1654
 1653 1701
 1654 1701
 1654 1702
 1655 1750
 1655 1705
 1655 1704
 1656 1705
 1656 1706
 1656 1657
 1657 1658
 1658 1706
 1658 1659
 1659 1709
 1659 1660
 1659 1707
 1660 1710
 1660 1661
 1661 1711
 1662 1757
 1662 1711
 1663 1758
 1663 1713
 1663 1712
 1664 1665
 1664 1713
 1665 1666
 1665 1714
 1665 1715
 1666 1717
 1666 1716
 1668 1718
 1668 1717
 1668 1669
 1669 1763
 1669 1719
 1669 1670
 1669 1718
 1670 1719
 1670 1671
 1670 1720
 1671 1720
 1672 1721
 1672 1673
 1672 1720
 1673 1722
 1673 1674
 1673 1721
 1675 1769
 1675 1768
 1675 1724
 1675 1723
 1676 1725
 1676 1724
 1677 1726
 1677 1725
 1678 1727
 1678 1679
 1679 1728
 1679 1727
 1680 1729
 1680 1728
 1682 1776
 1682 1730
 1682 1729
 1683 1684
 1684 1730
 1684 1731
 1684 1732
 1685 1779
 1685 1733
 1685 1732
 1686 1733
 1686 1687
 1687 1688
 1687 1735
 1687 1734
 1687 1733
 1688 1737
 1688 1689
 1688 1735
 1689 1737
 1689 1738
 1690 1738
 1691 1739
 1691 1738
 1692 1740
 1692 1739
 1693 1740
 1693 1694
 1694 1695
 1695 1696
 1695 1741
 1696 1743
 1696 1742
 1696 1697
 1697 1743
 1698 1746
 1699 1700
 1700 1701
 1700 1748
 1701 1702
 1702 1749
 1703 1704
 1703 1749
 1704 1750
 1705 1751
 1705 1706
 1706 1707
 1706 1752
 1706 1751
 1707 1753
 1707 1752
 1707 1708
 1708 1709
 1708 1754
 1708 1753
 1709 1755
 1709 1754
 1709 1710
 1710 1756
 1710 1755
 1711 1757
 1712 1758
 1712 1757
 1713 1759
 1713 1714
 1713 1758
 1714 1715
 1714 1759
 1715 1759
 1715 1760
 1716 1717
 1717 1761
 1717 1718
 1717 1760
 1718 1763
 1718 1761
 1719 1764
 1719 1763
 1720 1765
 1720 1721
 1720 1764
 1721 1767
 1721 1722
 1721 1766
 1722 1723
 1722 1767
 1723 1767
 1723 1768
 1724 1725
 1724 1769
 1725 1772
 1725 1726
 1725 1771
 1725 1770
 1726 1727
 1726 1772
 1727 1773
 1727 1772
 1727 1728
 1728 1729
 1728 1775
 1729 1775
 1729 1776
 1730 1777
 1730 1731
 1730 1776
 1731 1777
 1731 1732
 1732 1779
 1733 1781
 1733 1734
 1733 1779
 1734 1781
 1735 1782
 1735 1827
 1735 1736
 1735 1781
 1736 1783
 1736 1782
 1736 1737
 1737 1783
 1738 1830
 1738 1831
 1738 1784
 1738 1783
 1739 1785
 1739 1784
 1740 1786
 1740 1785
 1741 1787
 1742 1788
 1743 1836
 1743 1789
 1745 1746
 1745 1791
 1746 1791
 1746 1792
 1746 1747
 1747 1792
 1748 1841
 1748 1793
 1749 1795
 1749 1794
 1750 1797
 1750 1796
 1750 1795
 1751 1797
 1751 1752
 1752 1753
 1752 1798
 1752 1797
 1753 1754
 1754 1801
 1754 1800
 1754 1755
 1755 1802
 1755 1801
 1756 1757
 1756 1802
 1757 1803
 1757 1802
 1758 1805
 1758 1804
 1759 1760
 1759 1806
 1760 1806
 1760 1807
 1760 1761
 1761 1808
 1761 1809
 1761 1762
 1761 1807
 1762 1809
 1763 1859
 1763 1809
 1764 1810
 1765 1812
 1765 1766
 1765 1811
 1766 1813
 1766 1767
 1767 1768
 1767 1814
 1768 1814
 1768 1769
 1769 1770
 1769 1815
 1770 1771
 1770 1816
 1771 1818
 1772 1773
 1772 1819
 1773 1774
 1773 1820
 1774 1820
 1774 1775
 1775 1870
 1775 1776
 1775 1822
 1776 1822
 1776 1777
 1777 1778
 1778 1779
 1778 1823
 1779 1824
 1779 1780
 1780 1826
 1780 1781
 1780 1825
 1781 1827
 1782 1783
 1782 1827
 1783 1830
 1783 1828
 1784 1879
 1784 1832
 1784 1831
 1785 1833
 1785 1832
 1786 1834
 1786 1833
 1786 1787
 1787 1882
 1787 1835
 1787 1834
 1788 1883
 1788 1836
 1788 1835
 1789 1836
 1790 1839
 1791 1839
 1791 1792
 1792 1793
 1792 1839
 1793 1841
 1793 1840
 1794 1842
 1794 1841
 1795 1843
 1795 1889
 1796 1889
 1796 1797
 1796 1844
 1797 1798
 1797 1844
 1798 1846
 1798 1845
 1798 1799
 1799 1800
 1799 1847
 1800 1801
 1800 1849
 1801 1802
 1801 1850
 1802 1851
 1802 1850
 1803 1852
 1803 1804
 1803 1851
 1804 1853
 1805 1806
 1805 1855
 1806 1807
 1806 1856
 1807 1856
 1807 1808
 1808 1858
 1808 1809
 1809 1858
 1810 1860
 1810 1811
 1810 1859
 1811 1861
 1812 1906
 1812 1863
 1812 1813
 1813 1814
 1814 1863
 1814 1815
 1815 1816
 1815 1864
 1816 1865
 1816 1817
 1817 1818
 1817 1867
 1817 1866
 1818 1819
 1819 1820
 1819 1868
 1819 1869
 1820 1869
 1821 1870
 1821 1869
 1822 1823
 1822 1870
 1823 1824
 1823 1871
 1824 1872
 1824 1825
 1825 1874
 1825 1873
 1826 1918
 1826 1876
 1826 1875
 1827 1876
 1827 1828
 1828 1829
 1828 1876
 1829 1877
 1829 1830
 1830 1831
 1831 1879
 1832 1880
 1832 1879
 1833 1881
 1834 1924
 1834 1881
 1835 1883
 1835 1882
 1836 1884
 1836 1883
 1839 1928
 1839 1885
 1839 1886
 1841 1887
 1841 1842
 1842 1888
 1842 1843
 1843 1889
 1843 1888
 1844 1891
 1844 1845
 1844 1889
 1845 1934
 1845 1891
 1845 1846
 1846 1847
 1847 1892
 1847 1848
 1848 1895
 1848 1849
 1848 1893
 1849 1850
 1850 1851
 1850 1896
 1851 1896
 1851 1852
 1852 1853
 1853 1854
 1853 1897
 1854 1899
 1854 1898
 1854 1855
 1855 1900
 1855 1856
 1856 1857
 1857 1901
 1857 1858
 1858 1859
 1858 1902
 1858 1901
 1859 1903
 1859 1902
 1860 1903
 1860 1861
 1861 1862
 1861 1904
 1862 1906
 1863 1907
 1863 1864
 1864 1865
 1864 1907
 1865 1866
 1865 1909
 1866 1909
 1867 1868
 1867 1911
 1868 1954
 1868 1953
 1868 1869
 1868 1912
 1869 1912
 1870 1914
 1870 1871
 1871 1872
 1871 1914
 1872 2386
 1872 1873
 1873 1916
 1874 1875
 1874 1916
 1875 1960
 1875 1918
 1876 1919
 1876 1877
 1877 1919
 1877 1878
 1878 1921
 1878 1879
 1878 1920
 1879 1922
 1879 1880
 1880 1965
 1880 1923
 1880 1881
 1880 1922
 1881 1966
 1881 1923
 1882 1925
 1882 1924
 1883 1969
 1883 1926
 1883 1925
 1885 1928
 1886 1929
 1886 1887
 1886 1928
 1887 1930
 1887 1929
 1888 1931
 1888 1889
 1888 1930
 1889 1890
 1889 1933
 1889 1931
 1890 1891
 1891 1934
 1892 1893
 1892 1934
 1893 1894
 1893 1935
 1894 1937
 1894 1895
 1895 1938
 1895 1896
 1896 1897
 1896 1938
 1897 1898
 1897 1939
 1898 1940
 1898 1941
 1899 1900
 1899 1942
 1900 1944
 1900 1901
 1900 1942
 1901 1945
 1902 1903
 1902 1945
 1903 1904
 1903 1946
 1904 1905
 1904 1947
 1905 1906
 1906 1990
 1906 1989
 1906 1907
 1907 1991
 1907 1990
 1907 1949
 1908 1949
 1908 1909
 1909 1910
 1909 1951
 1910 1952
 1911 1953
 1911 1952
 1912 1913
 1912 1954
 1913 1956
 1913 1914
 1914 2387
 1914 2386
 1915 1916
 1915 1958
 1916 1917
 1917 1960
 1918 2003
 1918 1961
 1918 1919
 1919 1962
 1919 1961
 1920 2005
 1920 1962
 1921 2006
 1921 1964
 1921 1922
 1922 1965
 1923 1965
 1924 1967
 1924 1966
 1924 1925
 1925 1968
 1926 1969
 1928 2014
 1928 1971
 1929 1973
 1929 1972
 1930 2017
 1930 1931
 1930 1973
 1931 1974
 1931 1932
 1932 1975
 1932 1933
 1932 1974
 1933 2019
 1933 1976
 1933 1934
 1934 1935
 1934 1976
 1935 1936
 1935 1977
 1936 1937
 1936 2371
 1937 1979
 1937 1938
 1938 1979
 1938 1939
 1939 1981
 1939 1980
 1940 1981
 1941 1983
 1942 1984
 1942 1943
 1942 1983
 1943 1984
 1943 1944
 1943 1985
 1944 1986
 1944 1945
 1945 1986
 1945 1946
 1946 1947
 1946 1987
 1947 2369
 1947 1988
 1948 2369
 1948 1989
 1949 1992
 1949 1991
 1950 1992
 1950 1951
 1951 1994
 1952 1994
 1952 1995
 1953 1995
 1953 1954
 1953 1996
 1954 1996
 1954 1955
 1955 1997
 1955 1956
 1956 2387
 1956 2042
 1956 1999
 1957 1958
 1957 2386
 1957 1999
 1958 2000
 1958 2386
 1959 2002
 1959 2000
 1960 2003
 1960 2002
 1961 2004
 1961 1962
 1962 2004
 1963 2006
 1963 2005
 1964 2007
 1964 1965
 1965 1966
 1965 2008
 1966 2053
 1966 2009
 1966 2008
 1967 2009
 1968 2010
 1969 2011
 1969 2010
 1970 2011
 1971 2014
 1972 2014
 1973 2017
 1973 2016
 1974 2017
 1975 2019
 1975 2018
 1976 2021
 1976 2020
 1976 2019
 1977 2021
 1978 2023
 1978 2371
 1979 2024
 1979 1980
 1979 2023
 1980 1981
 1980 2025
 1980 2024
 1981 2025
 1982 2025
 1983 2026
 1983 2027
 1983 1984
 1984 2074
 1984 2027
 1985 2076
 1985 2029
 1985 2028
 1986 2029
 1986 2030
 1986 1987
 1987 1988
 1987 2030
 1988 2032
 1988 2369
 1989 1990
 1989 2034
 1990 2035
 1990 1991
 1991 2035
 1992 2036
 1992 2035
 1993 2036
 1993 1994
 1994 2038
 1995 2086
 1995 2039
 1995 2038
 1995 1996
 1996 2039
 1997 2040
 1997 1998
 1997 2039
 1998 2042
 1999 2043
 1999 2042
 1999 2387
 2000 2043
 2000 2001
 2001 2046
 2001 2044
 2002 2047
 2002 2046
 2002 2003
 2003 2048
 2003 2004
 2004 2049
 2004 2048
 2005 2050
 2005 2049
 2006 2007
 2006 2370
 2007 2052
 2008 2053
 2008 2052
 2009 2054
 2009 2010
 2010 2056
 2010 2055
 2011 2057
 2011 2056
 2013 2059
 2014 2059
 2014 2060
 2014 2015
 2015 2016
 2015 2061
 2015 2060
 2016 2061
 2016 2062
 2016 2017
 2017 2062
 2017 2018
 2018 2064
 2019 2065
 2019 2020
 2020 2021
 2020 2065
 2021 2067
 2021 2066
 2021 2371
 2022 2067
 2022 2068
 2023 2069
 2023 2024
 2023 2113
 2023 2068
 2024 2069
 2025 2071
 2025 2070
 2026 2073
 2026 2071
 2027 2074
 2027 2073
 2028 2074
 2029 2030
 2030 2031
 2030 2076
 2030 2120
 2031 2077
 2031 2078
 2032 2079
 2032 2369
 2032 2078
 2033 2079
 2033 2081
 2033 2034
 2034 2082
 2035 2083
 2035 2082
 2035 2036
 2036 2127
 2036 2084
 2036 2083
 2037 2085
 2038 2086
 2038 2085
 2039 2087
 2039 2040
 2039 2086
 2040 2088
 2040 2087
 2041 2089
 2042 2089
 2042 2043
 2043 2090
 2043 2089
 2044 2091
 2044 2045
 2045 2093
 2046 2093
 2046 2047
 2047 2048
 2047 2094
 2047 2138
 2047 2093
 2048 2094
 2048 2049
 2049 2050
 2049 2096
 2050 2140
 2050 2097
 2050 2096
 2051 2370
 2051 2098
 2052 2099
 2052 2098
 2052 2053
 2053 2054
 2053 2100
 2053 2099
 2054 2101
 2054 2100
 2054 2055
 2055 2056
 2055 2101
 2056 2103
 2056 2102
 2059 2148
 2059 2105
 2059 2104
 2060 2149
 2060 2105
 2060 2106
 2061 2062
 2061 2106
 2062 2150
 2062 2107
 2062 2106
 2063 2064
 2063 2107
 2064 2109
 2065 2110
 2065 2109
 2065 2066
 2066 2111
 2066 2067
 2067 2111
 2068 2113
 2069 2114
 2069 2113
 2070 2114
 2070 2071
 2071 2116
 2071 2115
 2072 2116
 2072 2073
 2073 2118
 2073 2074
 2074 2075
 2074 2118
 2076 2166
 2076 2165
 2076 2119
 2076 2120
 2077 2167
 2077 2120
 2078 2122
 2078 2123
 2078 2079
 2079 2369
 2079 2123
 2080 2081
 2081 2125
 2081 2082
 2082 2125
 2082 2083
 2083 2127
 2084 2128
 2084 2127
 2085 2130
 2085 2086
 2085 2129
 2086 2372
 2086 2130
 2087 2088
 2087 2132
 2087 2131
 2088 2134
 2089 2134
 2089 2135
 2089 2090
 2090 2135
 2090 2091
 2091 2136
 2091 2135
 2092 2137
 2092 2136
 2093 2364
 2093 2137
 2094 2095
 2094 2138
 2095 2096
 2096 2140
 2096 2139
 2097 2098
 2097 2140
 2098 2142
 2098 2099
 2099 2188
 2099 2142
 2099 2100
 2100 2101
 2101 2144
 2101 2143
 2102 2145
 2103 2145
 2104 2148
 2105 2149
 2106 2150
 2106 2149
 2107 2151
 2107 2150
 2108 2109
 2108 2151
 2109 2110
 2109 2153
 2110 2111
 2110 2153
 2111 2112
 2111 2156
 2111 2155
 2112 2113
 2113 2114
 2113 2157
 2114 2159
 2114 2157
 2114 2115
 2115 2160
 2115 2116
 2116 2203
 2116 2161
 2116 2160
 2117 2162
 2118 2119
 2118 2162
 2118 2163
 2119 2163
 2119 2165
 2120 2166
 2121 2168
 2121 2167
 2122 2123
 2122 2169
 2122 2168
 2123 2169
 2123 2124
 2124 2125
 2124 2169
 2125 2171
 2125 2126
 2126 2172
 2126 2127
 2126 2171
 2127 2172
 2127 2128
 2129 2174
 2129 2173
 2130 2372
 2130 2174
 2131 2132
 2131 2372
 2132 2218
 2132 2133
 2132 2175
 2133 2177
 2134 2178
 2134 2177
 2134 2135
 2135 2180
 2135 2136
 2135 2178
 2136 2180
 2137 2182
 2137 2181
 2138 2183
 2138 2139
 2138 2182
 2139 2184
 2139 2225
 2139 2183
 2140 2141
 2140 2185
 2140 2184
 2141 2187
 2142 2188
 2142 2187
 2143 2189
 2143 2188
 2143 2144
 2144 2145
 2144 2191
 2144 2190
 2145 2192
 2145 2191
 2148 2194
 2148 2193
 2149 2236
 2149 2195
 2149 2194
 2150 2196
 2150 2151
 2151 2239
 2151 2197
 2151 2152
 2151 2196
 2152 2198
 2153 2241
 2153 2199
 2153 2154
 2153 2198
 2154 2155
 2155 2243
 2155 2156
 2156 2243
 2156 2157
 2157 2201
 2157 2158
 2158 2247
 2158 2159
 2158 2202
 2158 2201
 2160 2248
 2160 2203
 2160 2202
 2161 2204
 2161 2203
 2162 2204
 2162 2163
 2163 2205
 2163 2206
 2163 2204
 2165 2207
 2165 2206
 2166 2208
 2166 2167
 2166 2207
 2167 2208
 2168 2255
 2168 2210
 2168 2169
 2169 2210
 2169 2170
 2170 2257
 2170 2171
 2170 2211
 2171 2258
 2171 2213
 2172 2214
 2172 2213
 2173 2214
 2173 2174
 2174 2372
 2174 2216
 2175 2218
 2176 2177
 2176 2218
 2177 2220
 2177 2178
 2178 2220
 2178 2179
 2179 2222
 2179 2180
 2180 2222
 2181 2222
 2182 2269
 2182 2224
 2182 2183
 2182 2364
 2183 2224
 2185 2227
 2185 2226
 2185 2186
 2186 2187
 2186 2227
 2187 2229
 2187 2188
 2188 2231
 2188 2230
 2188 2189
 2189 2190
 2189 2231
 2190 2191
 2191 2233
 2191 2232
 2192 2233
 2194 2280
 2194 2236
 2194 2235
 2195 2196
 2195 2236
 2196 2284
 2196 2238
 2197 2198
 2197 2240
 2197 2288
 2198 2241
 2198 2240
 2199 2243
 2199 2241
 2200 2244
 2200 2201
 2200 2243
 2201 2244
 2201 2245
 2202 2247
 2203 2248
 2204 2205
 2204 2249
 2205 2250
 2205 2206
 2206 2252
 2206 2207
 2207 2253
 2207 2208
 2208 2254
 2208 2209
 2209 2255
 2210 2256
 2210 2255
 2210 2211
 2211 2257
 2212 2319
 2212 2257
 2213 2214
 2213 2258
 2214 2261
 2214 2215
 2214 2259
 2215 2216
 2216 2217
 2216 2263
 2216 2261
 2216 2372
 2217 2218
 2217 2372
 2218 2263
 2218 2219
 2219 2265
 2220 2266
 2220 2221
 2220 2265
 2221 2222
 2222 2268
 2222 2267
 2222 2223
 2222 2266
 2223 2269
 2224 2225
 2224 2270
 2224 2269
 2225 2271
 2225 2226
 2226 2227
 2227 2272
 2227 2271
 2228 2274
 2228 2272
 2228 2229
 2229 2230
 2230 2275
 2230 2274
 2230 2231
 2231 2275
 2231 2232
 2232 2277
 2232 2233
 2233 2278
 2233 2277
 2236 2282
 2236 2237
 2236 2280
 2237 2284
 2237 2282
 2238 2286
 2238 2239
 2238 2284
 2239 2288
 2239 2286
 2240 2290
 2240 2288
 2241 2242
 2241 2290
 2242 2293
 2242 2291
 2242 2243
 2243 2295
 2243 2293
 2244 2245
 2244 2295
 2245 2246
 2245 2296
 2246 2299
 2246 2297
 2246 2247
 2247 2301
 2247 2248
 2247 2299
 2248 2302
 2248 2249
 2249 2304
 2249 2250
 2249 2302
 2250 2306
 2250 2304
 2250 2251
 2251 2308
 2251 2252
 2251 2306
 2252 2310
 2252 2253
 2252 2308
 2253 2312
 2253 2310
 2253 2254
 2254 2314
 2254 2255
 2254 2312
 2255 2315
 2256 2317
 2256 2257
 2256 2315
 2257 2319
 2257 2317
 2258 2321
 2258 2259
 2258 2319
 2259 2322
 2259 2260
 2260 2324
 2260 2261
 2260 2322
 2261 2326
 2261 2324
 2261 2262
 2262 2328
 2262 2263
 2262 2326
 2263 2330
 2263 2328
 2263 2264
 2264 2332
 2264 2265
 2264 2330
 2265 2334
 2265 2266
 2265 2332
 2266 2336
 2266 2267
 2266 2334
 2267 2338
 2267 2336
 2268 2340
 2268 2269
 2268 2338
 2269 2342
 2269 2340
 2270 2344
 2270 2271
 2270 2342
 2271 2346
 2271 2344
 2271 2272
 2272 2347
 2272 2346
 2273 2349
 2273 2274
 2273 2347
 2274 2351
 2274 2349
 2275 2353
 2275 2276
 2275 2351
 2276 2355
 2276 2277
 2276 2353
 2277 2357
 2277 2355
 2277 2278
 2373 2374
 2375 2376
 2377 2378
 2377 2379
 2378 2381
 2379 2380
 2380 2381
 2384 2385
 2386 2387
