    2  126
    2   82
    3   82
    4   83
    4   82
    6   84
    6   83
    8   84
    9   86
    9   85
   11  130
   11   87
   11   86
   13   87
   14   88
   14   89
   16  132
   16   90
   16   89
   18   91
   18   90
   19   92
   21   93
   21   92
   22   93
   23   94
   23   93
   25   94
   25   95
   27   96
   27   95
   28   96
   29   97
   29   96
   31   98
   31   97
   33  140
   33   99
   33   98
   34  100
   34   99
   36  101
   36  100
   38  102
   38  101
   39  102
   40  102
   40  103
   42  146
   42  104
   42  103
   44  105
   44  104
   46  106
   46  105
   48  106
   48  107
   50  150
   50  108
   50  107
   52  108
   53  110
   53  109
   55  111
   55  110
   57  153
   57  111
   57  112
   59  112
   59  113
   61  113
   61  114
   62  114
   62  115
   64  115
   64  116
   66  117
   66  116
   67  117
   68  118
   68  117
   70  119
   70  118
   71  120
   71  119
   73  121
   73  120
   75  122
   75  121
   77  123
   77  122
   79  165
   79  123
   81  126
   82  127
   82  126
   83  128
   83   84
   84   85
   85 2334
   85  129
   85   86
   87   88
   87  130
   88  174
   88   89
   88  131
   90   91
   90  132
   91  134
   91   92
   91  133
   93  136
   93   94
   93  135
   94  137
   94   95
   96  182
   96  181
   96   97
   96  138
   97   98
   98  140
   98  139
   99  141
   99  140
  100  101
  101  102
  101  142
  102  144
  102  143
  103  146
  103  144
  104  147
  104  105
  105  106
  106  147
  106  107
  107  150
  107  148
  108  194
  108  109
  108  150
  109  110
  109  194
  110  196
  110  195
  110  151
  110  152
  110  111
  111  153
  112  113
  112  153
  113  155
  113  154
  114  115
  115  116
  115  155
  115  157
  117  159
  117  158
  117  118
  118  119
  119  161
  119  160
  120 2333
  120  121
  121 2333
  121  122
  122  162
  122  123
  123  165
  123  164
  123  163
  124  165
  125  168
  126  169
  126  168
  126  127
  127  128
  127  169
  128 2334
  129  130
  129 2334
  130  131
  130  172
  131  173
  131  172
  132  133
  132 2342
  132  174
  133 2342
  133  134
  133  175
  134  135
  135  178
  135  177
  135  136
  136 2337
  136  137
  137  138
  137 2337
  137  179
  138  179
  139  225
  139  183
  139  140
  139  182
  140  141
  140  183
  141  185
  141  142
  142  186
  142  143
  143  188
  143  144
  143  187
  144  188
  145  190
  145  146
  146  147
  146  190
  147  233
  147  234
  147  148
  147  191
  148  149
  149  192
  150  236
  150  194
  150  193
  152  196
  153  240
  153  154
  153  197
  154  241
  154  198
  154  155
  154  240
  155  156
  156  199
  156  289
  156  157
  156  243
  157  158
  157  199
  158  202
  158  159
  158  201
  159  203
  159  160
  160  161
  160  203
  162  205
  162  206
  162  163
  162 2333
  164  207
  164  165
  164  206
  165  209
  165  208
  168  210
  168  212
  168  211
  168  169
  169  213
  169  255
  169  212
  169  170
  170 2334
  171 2334
  171  172
  171  214
  171  215
  172  215
  172  173
  173  216
  173  174
  173  215
  175  219
  175  218
  175 2342
  176  177
  176  219
  177  221
  177  178
  178 2337
  178  266
  178  265
  178  221
  179  222
  179 2337
  180  181
  181  270
  181  224
  181  223
  181  182
  182  225
  183  226
  183  225
  185  186
  185  226
  186  227
  186  187
  187  228
  187  227
  187  188
  188  189
  188  229
  188  228
  189  229
  190  231
  190  230
  190  191
  191  233
  191  231
  192  193
  192  235
  192  234
  193  282
  193  235
  193  236
  194  238
  194  236
  195  196
  195  238
  196  239
  196  197
  198  242
  198  243
  198  241
  199  290
  199  244
  199  289
  200  201
  201  245
  201  202
  201  244
  202  245
  202  203
  203  294
  203  247
  203  204
  203  246
  204  296
  204 2333
  205  249
  205  206
  205  248
  206  250
  206  207
  206  249
  207  251
  207  250
  207  208
  208  299
  208  252
  208  251
  210  254
  211  254
  211  212
  212  255
  213  257
  213  255
  214  258
  214  257
  214 2334
  215  259
  215  258
  216  260
  216  217
  217 2342
  218  262
  218  263
  218 2342
  218  261
  219  220
  220  264
  220  221
  221  265
  221  264
  222  223
  223  268
  224  225
  224  270
  225  273
  225  272
  225  271
  226  274
  227  275
  227  228
  227  274
  228  276
  228  275
  229  276
  231  278
  231  232
  231  277
  232  279
  232  278
  232  233
  233  280
  233  279
  235  282
  235  281
  236  283
  236  282
  237  238
  237  284
  238  239
  239  329
  239  285
  239  240
  239  284
  240  287
  240  241
  241  287
  242  288
  245  246
  245  293
  245  292
  246  338
  246  337
  246  293
  246  294
  247  339
  247  295
  248  297
  248  249
  248  296
  248 2333
  249  250
  249  297
  250  251
  251  298
  252  299
  254  301
  254  302
  255  303
  255  256
  256  304
  256  303
  256  257
  257  304
  257  258
  258  307
  258  259
  258  306
  259  307
  259  308
  260  309
  260  308
  260  261
  261 2342
  262  311
  262  263
  262  310
  263  311
  263  312
  264  313
  264  265
  264  312
  265  314
  265  313
  266  314
  266 2337
  267 2337
  267  268
  268  315
  268  269
  269  317
  269  270
  269  316
  270  317
  270  271
  271  318
  271  272
  271  317
  272  273
  272  318
  273  274
  274  321
  274  320
  275  321
  275  276
  276  322
  276  277
  276  321
  278  325
  278  324
  278  279
  279  325
  280  326
  280  281
  280  325
  281  370
  282  370
  282  283
  283  371
  283  327
  283  370
  284  327
  285  374
  285  286
  285  330
  285  329
  286  331
  286  287
  287  332
  287  288
  288  289
  289  290
  289  333
  290  335
  290  334
  290  291
  291  292
  291  336
  293  337
  294  339
  294  338
  296  341
  296  340
  297  342
  297  341
  298  343
  298  342
  299  344
  299  343
  302  346
  302  345
  302  303
  303  347
  303  346
  303  304
  304  347
  304  305
  305  349
  305  306
  305  348
  306  350
  306  349
  306  307
  307  351
  307  350
  308  353
  308  309
  309  310
  310  355
  310  354
  310  311
  311  356
  311  355
  312  313
  313  358
  313  357
  314  398
  314  359
  315  316
  315  360
  315  359
  316  360
  317 2347
  317  362
  317  361
  317  318
  318  402
  318  363
  319  320
  320  403
  321 2357
  321  364
  321  405
  321  322
  322  365
  322  364
  322  366
  322  323
  323  367
  323  324
  324  368
  324  367
  324  325
  325  369
  325  368
  327  372
  327  328
  328  329
  328  372
  329  373
  330  416
  330  331
  330  375
  330  374
  331  375
  331  332
  332  376
  332  333
  333  377
  333  376
  334  421
  334  335
  334  377
  335  378
  335  421
  336  337
  336  378
  337  338
  337  379
  338  424
  338  381
  338  380
  339  340
  340  341
  340  382
  341  427
  341  383
  341  382
  341  342
  342  384
  342  383
  343  429
  343  385
  343  384
  344  385
  346  432
  346  388
  346  387
  346  347
  347  388
  347  348
  348  434
  349  390
  349  391
  350  392
  350  351
  350  391
  351  392
  351  352
  352  436
  352  393
  352  353
  353  354
  354  395
  354  394
  355  356
  355  396
  355  395
  356  357
  357  397
  357  358
  357  396
  358  441
  358  398
  360  361
  360  399
  360  400
  362  401
  362  402
  362 2347
  363  445
  363  403
  364  448
  364  406
  364  405
  365  407
  365  406
  367  408
  367  368
  367  407
  368  409
  368  408
  369  370
  370  411
  370  371
  371  455
  371  412
  371  411
  372  414
  372  373
  373  414
  373  374
  374  414
  375  418
  375  417
  375  376
  375  416
  376  419
  376  418
  378  422
  378  421
  379  380
  379  423
  379  422
  380  423
  380  424
  381  426
  381  382
  382  427
  382  426
  383  428
  383  427
  384  428
  385  430
  387  432
  388  389
  388  432
  389  476
  389  434
  390  435
  390  391
  390  434
  391  477
  391  392
  392  478
  392  436
  392  477
  393  437
  393  394
  395  396
  395  438
  396  439
  396  397
  397  484
  397  441
  397  440
  398  442
  398  441
  399  400
  399  443
  399  442
  400 2348
  400  443
  401 2359
  401  490
  401  402
  401  444
  402 2359
  402  445
  403  404
  404  405
  404 2357
  404  446
  405  447
  405  448
  406  449
  406  448
  406  450
  408  452
  408  451
  408  409
  409  453
  409  410
  409  452
  410  411
  411  455
  411  454
  412  456
  412  413
  412  455
  414  415
  414  458
  415  460
  415  459
  415  416
  416  460
  416  417
  417  461
  417  460
  418  461
  419  462
  419  420
  420  421
  421  463
  421  464
  422  464
  423  466
  423  424
  423  465
  424  466
  424  425
  425  426
  425  467
  425  468
  425  466
  426  427
  426  468
  427  470
  427  428
  428 2335
  428  470
  429  516
  429  515
  429  471
  429 2335
  429  430
  431  432
  431  473
  432  433
  432  473
  434  435
  435  523
  435  477
  436  479
  436  437
  436  478
  437  438
  438  481
  438  439
  439  482
  439  440
  440  484
  440  483
  441  485
  441  486
  443 2348
  443  488
  443  487
  443  444
  444  490
  444  488
  444 2347
  445 2358
  445  491
  445 2359
  446  447
  446  491
  447  492
  448  540
  448  539
  448  449
  449  494
  449  540
  450  451
  451  452
  451  496
  452  497
  452  496
  453  498
  454  455
  454  498
  455  500
  455  499
  456  457
  457  501
  457  458
  458  502
  458  459
  459  460
  459  503
  460  551
  460  505
  460  504
  461  505
  461  506
  462  507
  462  506
  463  509
  463  508
  463  464
  463  507
  464  465
  465  557
  465  510
  465  466
  465  509
  466  511
  466  557
  467  468
  467  511
  468  512
  468  469
  469  470
  469  513
  470 2335
  471  516
  473  518
  473  519
  474  475
  475  476
  475  520
  475  519
  475  521
  476  522
  477  524
  477  478
  478  525
  478  479
  479  526
  479  480
  479  525
  480  481
  481  482
  481  527
  482  528
  482  483
  483  529
  483  528
  484  530
  484  485
  484  529
  485  531
  485  530
  486  487
  487  532
  488  533
  488  489
  489  490
  489  534
  489  533
  490 2359
  490  535
  491  537
  492  493
  492  537
  493  538
  493  539
  494  495
  494  542
  495  496
  496  497
  496  544
  496  543
  497  545
  497  498
  498  499
  499  545
  499  546
  499  500
  500  589
  500  547
  500  546
  501  548
  501  547
  502  549
  502  503
  502  548
  503  504
  503  549
  504  550
  504  551
  505  552
  506  554
  506  507
  508  555
  508  554
  508  509
  510  599
  510  557
  510  556
  511  558
  511  557
  513  560
  513  559
  514 2335
  514  561
  515  604
  515  563
  515 2335
  516  564
  518  566
  518  519
  519  566
  520  609
  520  567
  520  521
  520  566
  521  567
  521  522
  522  611
  522  567
  523  611
  524  568
  525  570
  525  571
  525  569
  526  572
  526  571
  527  528
  527  572
  528  529
  528  573
  529  574
  529  575
  529  530
  530  576
  530  575
  531  532
  531  577
  532  533
  533  534
  533  578
  534  535
  534  579
  534  578
  535  580
  535  579
  536 2358
  536  580
  536  537
  537  581
  537  538
  538  583
  538  539
  538  582
  539  540
  540  584
  540  541
  540  583
  541  585
  541  542
  542  543
  543  544
  543  585
  544  588
  544  587
  545  588
  546  589
  546  633
  547  548
  547  590
  549  591
  549  550
  549  590
  550  591
  550  592
  551  593
  551  552
  551  592
  552  594
  552  553
  553  595
  553  594
  554  555
  554  595
  555  596
  555  556
  556  599
  556  598
  557  600
  558  601
  558  559
  559  602
  559  560
  560  603
  560  602
  561  650
  561  562
  561  603
  562  650
  562  604
  562 2336
  563  605
  563  564
  563  604
  564  605
  565  608
  566  608
  566  609
  567  611
  567  609
  568  657
  568  569
  568  612
  568  611
  569  612
  569  613
  570  614
  570  571
  570  613
  571  615
  571  572
  571  614
  572  573
  572  615
  573  617
  573  574
  574  619
  574  575
  574  618
  575  620
  576  621
  576  577
  577  578
  578  623
  578  622
  578  579
  579  624
  580  581
  581  625
  581  582
  582  627
  582  626
  583  628
  583  627
  584  629
  584  585
  584  628
  585  586
  586  631
  586  630
  586  587
  587  588
  587  631
  588  633
  589  634
  589  633
  590  634
  591  637
  591  592
  591  636
  592  637
  592  638
  592  593
  593  639
  593  638
  593  594
  594  641
  594  640
  594  639
  595  596
  596  597
  596  642
  597  643
  597  598
  598  689
  598  645
  598  644
  598  599
  599  646
  599  645
  599  600
  600  601
  600  646
  601  647
  601  602
  601  646
  602  648
  602  603
  602  647
  603  650
  603  649
  604  605
  604  650
  605  651
  606  651
  607  608
  607  654
  608  609
  609  655
  609  610
  610  656
  610  611
  611  657
  612  613
  612  658
  613  659
  614  659
  614  615
  615  660
  615  616
  616  617
  616  661
  616  660
  617  618
  617  661
  618  663
  618  619
  618  662
  618  664
  619  664
  619  620
  620  665
  620  664
  621  622
  621  665
  622  623
  622  713
  623  715
  623  666
  623  667
  623  624
  624  668
  625  669
  625  626
  625  668
  626  670
  626  669
  627  671
  627  670
  628  629
  628  671
  629  673
  629  630
  629  672
  630  631
  631  632
  631  674
  632  676
  632  675
  633 2363
  633  676
  634 2363
  634  635
  635  636
  635  679
  636  681
  637  682
  638  683
  638  682
  638  639
  639  684
  639  683
  640  684
  640  641
  641  685
  641  684
  642  686
  642  643
  642  685
  643  687
  643  686
  643  644
  644  688
  644  689
  644  687
  645  690
  645  689
  646  691
  646  690
  647  693
  648  738
  648  694
  649  695
  650  696
  650  695
  651  697
  651  696
  652  697
  654  699
  654  701
  656  746
  656  702
  657  703
  658  703
  659  706
  659  705
  660  661
  660  706
  661  707
  661  662
  662  663
  662  708
  662  707
  663  709
  663  664
  664  709
  664  665
  665  711
  665  712
  665  710
  666  714
  666  715
  666  713
  667  761
  667  716
  667  668
  669  763
  669  670
  669  717
  670  764
  670  718
  670  719
  671  720
  671  719
  672  766
  672  721
  672  673
  672  720
  673  767
  673  722
  673  721
  673  674
  674  722
  674  723
  674  675
  675  676
  676  724
  676  723
  676  677
  677  772
  677  725
  677  678
  677  724
  677 2363
  678  773
  678  679
  678  725
  678 2363
  679  773
  679  726
  679  680
  680  681
  681  775
  681  727
  681  726
  682  683
  682  728
  682  776
  682  727
  683  684
  683  728
  683  730
  684  685
  685  731
  685  730
  685  686
  686  732
  686  731
  687  732
  688  734
  688  689
  688  733
  689  734
  689  735
  690 2364
  690  736
  691  786
  691  737
  691  692
  692  737
  692  693
  693  787
  693  738
  693  737
  694  739
  694  695
  694  738
  695  788
  695  740
  695  739
  697  742
  697  741
  697  740
  699  700
  699  744
  700  744
  700  701
  700  745
  701  794
  701  702
  701  745
  702  794
  702  746
  703  747
  703  704
  703  746
  704  748
  704  705
  704  747
  705  748
  706  750
  706  749
  707  752
  707  750
  707  708
  708  709
  709  753
  709  754
  709  752
  710  711
  711  805
  711  756
  711  755
  712  713
  712  756
  713  758
  713  756
  713  757
  713  714
  714  759
  714  715
  715  761
  715  759
  716  717
  717  761
  718  811
  718  764
  718  763
  719  765
  719  720
  720  766
  720  765
  721  766
  722  723
  722  767
  723  770
  723  724
  723  769
  724  770
  724  772
  725  773
  726  775
  726  773
  727  776
  727  775
  728  777
  728  776
  729  824
  729  730
  729  777
  730  780
  730  778
  730  731
  731  732
  731  780
  732  733
  732  781
  733  782
  733  734
  734  829
  734  784
  734  783
  735 2364
  735  784
  736  786
  736  785
  736 2364
  737  786
  738  833
  738  739
  738  787
  739  788
  740  789
  740  741
  740  788
  741  836
  741  790
  741  789
  743  792
  744  792
  745  794
  745  793
  745  792
  746  795
  746  747
  746  794
  747  796
  747  748
  748  798
  748  797
  748  749
  749  799
  749  798
  750  799
  750  751
  751  800
  751  752
  751  801
  751  799
  752  801
  752  802
  752  753
  753  803
  753  802
  754  803
  754  755
  755  805
  755  803
  756  805
  757  851
  757  758
  757  806
  757  805
  758  806
  758  807
  758  759
  760  854
  760  808
  760  761
  760  807
  761  808
  761  809
  761  762
  762  763
  763  857
  763  810
  764  812
  764  765
  764  811
  765  860
  765  813
  765  812
  766  814
  766  767
  766  813
  767  814
  767  815
  767  768
  768  816
  768  769
  768  815
  769  816
  769  770
  770  817
  770  816
  771  818
  771  817
  771  772
  772  819
  772  773
  773  820
  773  774
  773  821
  773  819
  774  821
  774  822
  774  775
  775  776
  776  823
  776  822
  778  825
  778  779
  778  824
  780  826
  780  781
  780  825
  781  826
  781  827
  782  827
  782  783
  783  829
  783  828
  783  827
  784  878
  784 2364
  784  829
  785  786
  785  830
  785 2364
  786  831
  787  880
  787  832
  788  789
  788  834
  789  835
  790  836
  792  838
  792  839
  792  793
  793  794
  793  839
  794  841
  795  890
  796  842
  796  890
  797  842
  797  843
  798  843
  798  844
  799  800
  799  844
  800  801
  800  846
  800  844
  801  847
  801  846
  803  848
  803  804
  804  850
  804  805
  804  848
  805  851
  806  853
  806  807
  806  851
  807  853
  807  854
  808  809
  808  855
  808  854
  809  856
  809  855
  809  810
  810  857
  810  856
  811  858
  811  812
  811  857
  812  859
  812  858
  813  862
  813  814
  813  860
  814  863
  814  862
  815  864
  815  816
  816  865
  816  817
  817  866
  817  818
  818  867
  818  866
  818  819
  819  820
  819  868
  820  869
  820  868
  821  870
  821  822
  822  871
  822  823
  822  870
  823  871
  823  824
  824  872
  824  825
  824  871
  825  917
  825  873
  825  872
  825  826
  826  827
  826  873
  827  828
  827  874
  827  875
  828  876
  828  877
  829  878
  830  925
  830  879
  831  880
  831  925
  832  881
  832  880
  833  881
  834  882
  834  881
  836  884
  836  883
  837  884
  838  839
  838  887
  839  840
  840  888
  841  889
  842  891
  842  892
  843  940
  843  892
  844  894
  844  845
  844  893
  845  942
  845  895
  845  894
  846  896
  846  847
  847  896
  847  848
  848  944
  848  849
  848  897
  848  896
  849  946
  849  850
  850  898
  851  947
  851  898
  852  900
  852  899
  853  901
  853  854
  854  901
  855  951
  855  856
  855  901
  856  902
  856  903
  857  858
  858  903
  858  904
  859  954
  859  905
  859  904
  861  955
  861  906
  861  905
  862  906
  862  863
  862  907
  863  864
  863  908
  864  909
  864  865
  865  866
  865  909
  866  867
  866  909
  867  912
  867  868
  867  911
  868  912
  869  913
  869  870
  869  912
  870  871
  870  913
  871  872
  871  914
  872  915
  872  916
  873  874
  873  919
  873  917
  874  920
  874  968
  874  919
  874  875
  875  876
  875  920
  876  921
  876  922
  877  878
  877  923
  878  923
  878  879
  879  924
  879  923
  880  926
  880  925
  881  928
  881  927
  881  926
  882  929
  882  883
  883  930
  883  884
  883  929
  884  932
  884  931
  887  979
  887  933
  888  889
  888  934
  889  935
  889  937
  889  936
  890  937
  891  939
  892  985
  892  939
  893  986
  893  941
  893  894
  893  940
  894  941
  895  943
  895  896
  895  942
  896  943
  897  946
  897  945
  897  944
  898  947
  898  946
  899  948
  899  900
  899  947
  900  949
  900  901
  900  948
  901  951
  901  949
  902  952
  902  903
  903  952
  903  953
  903  904
  904  954
  904  998
  905  955
  905  954
  906  907
  906  955
  907  956
  907  957
  907  908
  908  958
  908  909
  908  959
  908  957
  909  910
  910  960
  910  959
  910  911
  911  912
  911  962
  911  960
  912  963
  912  913
  914  964
  914  963
  914  915
  915  965
  915  916
  915  964
  916 1010
  916  966
  916  965
  917  918
  918  967
  918  966
  920 1013
  920  969
  920  968
  921  922
  922  970
  922  923
  922  969
  923  971
  923  970
  924  925
  924  971
  925  972
  925  926
  926 2350
  926  927
  927  928
  927 2350
  928 1019
  928  974
  929 1020
  929  975
  929  974
  930  975
  930  931
  931  977
  931  976
  931  975
  933  979
  934  980
  934  981
  934  935
  934  979
  935  981
  936  937
  936  982
  936  981
  937  982
  937  938
  938  939
  938  982
  939  983
  940  986
  940  985
  941 1032
  941 1031
  941  942
  941  987
  942  987
  942  988
  942  943
  943  989
  943  944
  943 1033
  944  990
  944  989
  944  945
  945  991
  945 1036
  945  990
  946  992
  946  947
  946  991
  947  948
  948 1039
  948  949
  948  992
  949  993
  949  995
  950  995
  950  951
  951  996
  951  952
  951  995
  952  953
  952  997
  953  997
  954  955
  954  998
  955  999
  955 1000
  956 1001
  956  957
  957 1002
  957  958
  958 1004
  958  959
  958 1002
  959  960
  960 1005
  960 1006
  960 1004
  961  962
  962  963
  962 1006
  962 1008
  963 1008
  963  964
  964  965
  964 1008
  965 1009
  966  967
  966 1012
  966 1010
  967 1012
  967  968
  968 1012
  969 1063
  969 1014
  969  970
  969 1013
  970  971
  970 1014
  971 1015
  971 1016
  972 1018
  972 1017
  973 1018
  973 2350
  974 1020
  974 1019
  975 2339
  975 1021
  975  976
  975 1020
  976 1022
  977 1022
  979 1025
  979 1024
  980 1026
  980 1025
  981 1027
  981 1026
  982  983
  982 1028
  982 1027
  983 1029
  983  984
  983 1028
  984 1079
  984 1029
  984  985
  984 1030
  985 1030
  986 1031
  986 1030
  988 1032
  989  990
  989 1033
  990 1036
  990 1034
  991  992
  991 1036
  992 1037
  992 1038
  992 1039
  993 1040
  993  994
  993 1039
  994 1041
  994  995
  994 1040
  995  996
  995 1041
  996  997
  996 1042
  996 1091
  996 1043
  997 1043
  997 1044
  998 1046
  998 1044
  998  999
  999 1000
 1000 1048
 1000 1047
 1000 1001
 1000 1046
 1001 1098
 1001 1049
 1001 1002
 1001 1048
 1003 1050
 1003 1049
 1003 1004
 1004 1051
 1004 1050
 1004 1005
 1005 1051
 1006 1053
 1006 1052
 1006 1007
 1007 1054
 1007 1008
 1007 1053
 1008 1057
 1008 1055
 1008 1009
 1009 1010
 1009 1057
 1010 1058
 1010 1011
 1011 1061
 1011 1060
 1011 1012
 1011 1059
 1012 1062
 1012 1013
 1013 1063
 1013 1062
 1014 1064
 1014 1110
 1014 1015
 1015 1065
 1015 1064
 1016 1017
 1016 1066
 1017 1067
 1018 1068
 1019 1069
 1019 1020
 1020 2339
 1021 1072
 1021 1022
 1021 2339
 1022 1073
 1022 1072
 1024 1075
 1025 1121
 1025 1075
 1025 1076
 1026 1121
 1026 1077
 1027 1078
 1027 1077
 1028 1078
 1028 1029
 1029 1079
 1029 1078
 1030 1125
 1030 1080
 1031 1082
 1031 1032
 1031 1081
 1031 1080
 1032 1033
 1033 1084
 1033 1083
 1033 1082
 1033 1034
 1034 1035
 1034 1085
 1035 1085
 1035 1086
 1035 1036
 1036 1086
 1037 1087
 1039 1087
 1039 1088
 1039 1040
 1040 1134
 1040 1089
 1040 1088
 1041 1042
 1041 1090
 1042 1091
 1042 1090
 1043 1044
 1043 1093
 1043 1091
 1044 1093
 1045 1095
 1045 1094
 1045 1046
 1045 1093
 1046 1140
 1046 1095
 1046 1096
 1046 1047
 1047 1096
 1048 1142
 1048 1141
 1048 1098
 1048 1097
 1049 1099
 1049 1050
 1049 1098
 1050 1145
 1050 1099
 1050 1100
 1051 1101
 1051 1052
 1052 1053
 1052 1102
 1052 1101
 1053 1102
 1054 1102
 1054 1149
 1054 1103
 1056 1150
 1056 1103
 1056 1104
 1056 1057
 1057 1105
 1057 1104
 1059 1152
 1059 1106
 1059 1060
 1059 1105
 1060 1107
 1060 1106
 1061 1062
 1062 1063
 1062 1107
 1063 1109
 1063 1108
 1063 1110
 1064 1110
 1064 1157
 1064 1111
 1065 1111
 1066 1112
 1066 1067
 1066 1111
 1067 1113
 1067 1068
 1067 1112
 1068 1113
 1068 1114
 1069 2349
 1069 1116
 1070 2339
 1071 1118
 1071 2341
 1071 2339
 1072 1119
 1075 1167
 1075 1120
 1076 1167
 1077 1168
 1077 1122
 1078 1124
 1078 1122
 1078 1123
 1079 1171
 1079 1125
 1080 1126
 1081 1173
 1081 1082
 1081 1127
 1081 1126
 1082 1083
 1083 1128
 1083 1127
 1084 1176
 1084 1129
 1084 1128
 1084 1085
 1085 1086
 1085 1129
 1086 1131
 1086 1130
 1086 1087
 1087 1132
 1087 1133
 1087 1131
 1087 1088
 1088 1133
 1089 1135
 1089 1090
 1089 1134
 1090 1091
 1090 1136
 1091 1136
 1091 1092
 1092 1093
 1092 1136
 1093 1138
 1093 1137
 1094 1138
 1094 1139
 1095 1140
 1096 1188
 1096 1141
 1096 1140
 1097 1141
 1098 1144
 1098 1099
 1098 1142
 1099 1192
 1099 1144
 1100 1146
 1100 1101
 1100 1145
 1101 1148
 1101 1102
 1101 1146
 1102 1149
 1102 1148
 1103 1150
 1103 1149
 1104 1151
 1104 1105
 1104 1150
 1105 1152
 1105 1151
 1106 1107
 1106 1154
 1106 1152
 1107 1108
 1108 1109
 1108 1155
 1108 1156
 1108 1154
 1109 1110
 1110 1204
 1110 1156
 1110 1157
 1111 1112
 1111 1158
 1111 1157
 1112 1159
 1112 1158
 1113 1160
 1114 1161
 1114 1115
 1114 2349
 1115 1162
 1115 1116
 1115 1161
 1116 1162
 1116 1117
 1117 2341
 1117 1163
 1117 1162
 1117 2340
 1118 2341
 1118 1164
 1118 1119
 1118 1163
 1119 1164
 1120 1167
 1121 1168
 1121 1167
 1122 1123
 1122 1169
 1123 1124
 1123 1170
 1124 1171
 1124 1218
 1125 1220
 1125 1172
 1126 1172
 1126 1173
 1127 1174
 1127 1128
 1127 1173
 1128 1174
 1128 1176
 1129 1177
 1129 1176
 1130 1131
 1130 1178
 1131 1180
 1131 1178
 1131 1132
 1132 1133
 1132 1181
 1132 1180
 1133 1229
 1133 1182
 1133 1134
 1134 1135
 1135 1184
 1135 1136
 1135 1182
 1136 1184
 1137 1184
 1137 1185
 1137 1138
 1138 1139
 1138 1187
 1138 1185
 1139 1187
 1139 1140
 1140 1188
 1140 1187
 1141 1189
 1141 1188
 1142 1143
 1143 1190
 1144 1192
 1144 1190
 1145 1193
 1145 1192
 1146 1194
 1146 1147
 1147 1148
 1148 1195
 1148 1149
 1149 1150
 1149 1195
 1150 1198
 1150 1151
 1150 1196
 1151 1198
 1152 1153
 1152 1198
 1153 1154
 1153 1200
 1153 1201
 1153 1199
 1154 1202
 1154 1155
 1154 1201
 1155 1202
 1155 1156
 1156 1203
 1156 1204
 1157 1158
 1157 1204
 1158 1206
 1158 1205
 1158 1207
 1159 1160
 1159 1208
 1159 1207
 1160 1161
 1160 1208
 1160 1209
 1161 1162
 1161 1209
 1162 1163
 1162 1210
 1163 1212
 1163 1164
 1163 2341
 1164 1165
 1165 1212
 1166 1215
 1168 1215
 1169 1217
 1170 1218
 1170 1217
 1171 1220
 1171 1219
 1172 1173
 1172 1221
 1173 1222
 1173 1174
 1174 1223
 1174 1222
 1175 1223
 1176 1224
 1176 1177
 1177 1178
 1177 1224
 1178 1270
 1178 1225
 1178 1226
 1179 1226
 1179 1180
 1180 1227
 1180 1181
 1180 1226
 1181 1228
 1181 1227
 1182 1230
 1182 1183
 1182 1229
 1183 1184
 1183 1231
 1184 1231
 1184 1233
 1184 1185
 1185 1234
 1185 1233
 1186 1187
 1187 1278
 1187 1188
 1187 1236
 1188 1236
 1188 1237
 1189 1238
 1189 1190
 1190 1191
 1191 1239
 1191 1238
 1192 1240
 1192 1193
 1192 1239
 1193 1240
 1193 1194
 1194 1195
 1194 1240
 1195 1196
 1195 1241
 1196 1242
 1196 1197
 1197 1245
 1197 1198
 1197 1244
 1197 1243
 1198 1245
 1199 1200
 1200 1247
 1200 1246
 1201 1292
 1201 1247
 1201 1248
 1201 1202
 1202 1203
 1203 1204
 1203 1248
 1203 1249
 1203 1250
 1204 1250
 1204 1251
 1205 1295
 1205 1206
 1205 1251
 1205 1252
 1206 1252
 1206 1253
 1207 1253
 1208 1298
 1208 1254
 1209 1255
 1209 1254
 1210 1257
 1212 1304
 1212 1303
 1212 1258
 1212 1257
 1214 1260
 1214 1215
 1215 1260
 1215 1216
 1215 1261
 1216 1262
 1216 1217
 1216 1261
 1217 1262
 1218 1263
 1219 1264
 1220 1265
 1220 1264
 1221 2362
 1221 1265
 1222 1266
 1222 1267
 1222 1223
 1223 1224
 1224 1268
 1224 1225
 1224 1269
 1224 1267
 1225 1270
 1225 1269
 1226 1270
 1227 1272
 1227 1270
 1227 1228
 1228 1273
 1228 1272
 1229 1274
 1229 1230
 1230 1231
 1230 1274
 1231 1275
 1231 1274
 1232 1323
 1232 1276
 1232 1233
 1232 1275
 1233 1276
 1233 1277
 1234 1235
 1234 1277
 1235 1278
 1235 1277
 1236 1237
 1236 1278
 1237 1281
 1237 1238
 1237 1280
 1237 1279
 1238 1281
 1238 1282
 1238 1239
 1239 1240
 1240 1282
 1240 1284
 1240 1241
 1241 1242
 1241 1285
 1241 1284
 1242 1286
 1243 1287
 1243 1244
 1244 1245
 1245 1288
 1245 1289
 1245 1246
 1245 1287
 1246 1289
 1246 1290
 1246 1247
 1247 1291
 1247 1290
 1248 1293
 1248 1249
 1248 1340
 1248 1292
 1249 1341
 1249 1293
 1249 1294
 1250 1294
 1251 1295
 1252 1297
 1252 1253
 1252 1295
 1253 1298
 1253 1297
 1254 1300
 1254 1299
 1255 1301
 1255 1256
 1255 1300
 1256 1302
 1256 1301
 1256 1257
 1257 1303
 1257 1302
 1258 1304
 1260 1306
 1261 1308
 1262 1263
 1262 1308
 1263 1310
 1263 1264
 1264 1358
 1264 1311
 1264 1310
 1265 1311
 1265 1312
 1266 1313
 1266 2362
 1266 1314
 1266 1267
 1267 1268
 1267 1314
 1268 1363
 1268 1269
 1268 1316
 1269 1364
 1269 1317
 1269 1270
 1270 1318
 1270 1317
 1272 1367
 1272 1319
 1272 1273
 1272 1318
 1273 1321
 1273 1320
 1273 1274
 1273 1319
 1274 1322
 1274 1275
 1275 1323
 1276 1324
 1276 1277
 1276 1325
 1277 1278
 1277 1326
 1278 1326
 1278 1327
 1279 1280
 1280 1281
 1280 1328
 1280 1327
 1281 1377
 1281 1330
 1281 1282
 1282 1332
 1282 1283
 1282 1330
 1283 1284
 1283 1332
 1284 1332
 1284 1333
 1285 1335
 1285 1333
 1285 1286
 1286 1336
 1286 1287
 1286 1335
 1287 1288
 1288 1336
 1288 1337
 1289 1337
 1290 1291
 1290 1337
 1291 1339
 1291 1338
 1292 1339
 1293 1388
 1293 1341
 1294 1343
 1294 1342
 1294 1295
 1294 1341
 1295 1296
 1295 1343
 1296 1345
 1296 1297
 1297 1392
 1297 1346
 1297 1345
 1298 1346
 1298 1299
 1299 1347
 1299 1346
 1300 1347
 1301 1349
 1301 1348
 1302 1349
 1302 1350
 1304 1351
 1305 1352
 1306 1307
 1307 1355
 1307 1400
 1307 1354
 1307 1308
 1308 1355
 1308 1309
 1309 1310
 1309 1356
 1309 1355
 1310 1356
 1310 1358
 1310 1357
 1311 1360
 1311 1359
 1312 1361
 1312 2362
 1312 1360
 1313 2362
 1313 1314
 1314 1362
 1314 1315
 1315 1362
 1315 1363
 1316 1364
 1317 1318
 1317 1366
 1317 1364
 1318 1366
 1318 1367
 1319 1368
 1319 1367
 1320 1368
 1320 1369
 1320 1321
 1321 1322
 1322 1369
 1323 1371
 1323 1370
 1324 1325
 1325 1371
 1325 1372
 1326 1373
 1326 1327
 1326 1372
 1327 1375
 1327 1374
 1327 1373
 1327 1328
 1328 1421
 1328 1376
 1328 1375
 1329 1376
 1329 1377
 1330 1378
 1330 1377
 1331 1379
 1331 1332
 1331 1378
 1332 1333
 1332 1380
 1333 1380
 1334 1335
 1335 1383
 1335 1381
 1335 1336
 1336 1429
 1336 1384
 1336 1383
 1336 1337
 1337 1386
 1337 1338
 1337 1384
 1338 1387
 1338 1339
 1339 1340
 1339 1388
 1341 1388
 1342 1436
 1342 1389
 1342 1343
 1343 1391
 1343 1390
 1345 1392
 1345 1391
 1346 1393
 1346 1394
 1347 1395
 1347 1394
 1347 1348
 1348 1395
 1349 1441
 1349 1396
 1350 1443
 1350 1396
 1350 1351
 1351 1397
 1351 1352
 1351 1443
 1352 1398
 1352 1397
 1352 1353
 1354 1400
 1355 1356
 1355 1400
 1355 1401
 1355 1447
 1356 1402
 1356 1357
 1357 1358
 1358 1403
 1358 1359
 1359 1452
 1360 1404
 1361 1405
 1361 1404
 1361 2362
 1362 1406
 1362 1363
 1362 1407
 1363 1407
 1363 1408
 1363 1364
 1364 1457
 1364 1409
 1365 1409
 1366 1410
 1366 1367
 1366 1409
 1367 1411
 1367 1368
 1367 1410
 1368 1369
 1368 1412
 1368 1411
 1369 1370
 1369 1413
 1370 1416
 1370 1414
 1370 1415
 1370 1371
 1371 1463
 1371 1417
 1371 1416
 1371 1372
 1372 1419
 1372 1373
 1372 1417
 1373 1419
 1374 1420
 1374 1419
 1375 1420
 1375 1421
 1376 1422
 1376 1421
 1377 1423
 1377 1378
 1377 1422
 1378 1379
 1378 1423
 1379 1424
 1379 1425
 1379 1380
 1380 1426
 1380 1381
 1380 1425
 1381 1428
 1381 1382
 1381 1426
 1382 1428
 1384 1430
 1384 1429
 1385 1386
 1386 1431
 1386 1387
 1386 1430
 1386 1432
 1387 1433
 1387 1432
 1387 1388
 1388 1389
 1388 1435
 1388 1434
 1388 1433
 1389 1436
 1389 1435
 1390 1391
 1390 1437
 1390 1436
 1391 1438
 1391 1392
 1391 1437
 1392 1393
 1392 1438
 1393 1438
 1393 1439
 1394 1439
 1394 1440
 1395 1441
 1395 1440
 1396 1443
 1396 1441
 1397 1445
 1397 1444
 1397 1443
 1400 1447
 1400 1446
 1401 1449
 1402 1449
 1403 1450
 1404 1453
 1404 1452
 1405 1500
 1405 1406
 1405 1453
 1406 1455
 1406 1454
 1406 1407
 1407 1502
 1407 1408
 1407 1456
 1408 1457
 1408 1503
 1409 1458
 1409 1457
 1410 1411
 1411 1412
 1411 1458
 1411 1505
 1412 1459
 1412 1460
 1413 1461
 1413 1460
 1414 1415
 1414 1462
 1414 1461
 1415 1462
 1416 1463
 1417 1464
 1417 1463
 1418 1465
 1418 1419
 1419 1467
 1419 1420
 1419 1465
 1420 1467
 1421 1467
 1421 1468
 1422 1423
 1423 1468
 1423 1424
 1424 1517
 1424 1470
 1424 1469
 1424 1425
 1425 1426
 1425 1472
 1425 1470
 1426 1472
 1427 1428
 1427 1473
 1427 1472
 1428 1475
 1428 1474
 1428 1429
 1428 1473
 1429 1475
 1429 1430
 1430 1476
 1430 1431
 1430 1477
 1430 1475
 1431 1477
 1431 1432
 1432 1479
 1432 1478
 1434 1481
 1434 1480
 1434 1435
 1435 1482
 1435 1481
 1436 1483
 1436 1437
 1437 1438
 1437 1484
 1438 1485
 1438 1484
 1439 1486
 1439 1485
 1440 2353
 1440 1487
 1440 1486
 1441 1488
 1441 1487
 1442 1443
 1442 1488
 1443 1489
 1443 1444
 1444 1445
 1444 1490
 1445 1491
 1447 1538
 1447 1493
 1448 1494
 1449 1450
 1449 1495
 1450 1496
 1450 1451
 1451 1452
 1451 1498
 1452 1498
 1453 1544
 1453 1499
 1454 1501
 1454 1500
 1455 1502
 1456 1503
 1456 1502
 1457 1458
 1457 1503
 1458 1505
 1458 1504
 1459 1460
 1459 1505
 1460 1461
 1460 1506
 1460 1507
 1461 1553
 1461 1462
 1461 1507
 1462 1510
 1462 1553
 1462 1463
 1463 1510
 1464 1511
 1464 1465
 1464 1510
 1465 1512
 1466 1513
 1466 1467
 1467 1468
 1467 1515
 1467 1513
 1468 1515
 1468 1516
 1468 1469
 1469 1517
 1469 1516
 1470 1471
 1470 1517
 1471 1518
 1471 1519
 1471 1472
 1472 1473
 1472 1520
 1472 1519
 1473 1521
 1473 1520
 1474 1475
 1475 1522
 1475 1476
 1475 1521
 1476 1524
 1476 1477
 1477 1524
 1477 1478
 1478 1526
 1478 1525
 1479 1480
 1479 1526
 1480 1526
 1481 1528
 1481 1482
 1481 1527
 1482 1529
 1482 1528
 1482 1483
 1483 1575
 1483 1530
 1483 1484
 1483 1529
 1484 1531
 1484 1530
 1485 1532
 1485 1531
 1486 2351
 1486 1532
 1487 1533
 1487 2356
 1487 2354
 1488 1534
 1488 1533
 1489 1534
 1490 1580
 1490 1535
 1491 1536
 1493 1538
 1494 1540
 1494 1495
 1494 1539
 1494 1538
 1495 1540
 1495 1496
 1496 1541
 1496 1540
 1496 1497
 1497 1542
 1497 1498
 1497 1541
 1498 1543
 1498 1542
 1498 1499
 1499 1544
 1499 1543
 1500 1590
 1500 1545
 1500 1501
 1500 1544
 1501 1545
 1501 1546
 1501 1502
 1502 1547
 1502 1546
 1503 1548
 1503 1504
 1504 1549
 1504 1505
 1505 1549
 1505 1550
 1505 1506
 1506 1551
 1506 1507
 1506 1550
 1507 1552
 1507 1551
 1508 1552
 1508 1553
 1509 1510
 1509 1554
 1509 1553
 1510 1554
 1510 1511
 1511 1601
 1511 1556
 1511 1512
 1511 1555
 1512 1557
 1512 1556
 1512 1513
 1513 1514
 1513 1557
 1514 1559
 1514 1558
 1514 1515
 1515 1516
 1515 1559
 1516 1517
 1516 1560
 1517 1562
 1517 1561
 1517 1563
 1518 1564
 1518 1519
 1518 1563
 1519 1564
 1520 1521
 1520 1566
 1520 1565
 1521 1522
 1521 1566
 1521 1567
 1522 1568
 1522 1567
 1523 1569
 1523 1568
 1524 1525
 1525 1614
 1525 1571
 1525 1526
 1525 1569
 1526 1571
 1526 1527
 1527 1615
 1527 1572
 1527 1528
 1527 1571
 1528 1529
 1528 1572
 1529 1573
 1529 1575
 1530 1620
 1530 1576
 1530 1531
 1531 1532
 1531 1576
 1532 1578
 1532 1577
 1533 2355
 1533 1624
 1533 1579
 1534 1580
 1535 1582
 1535 1581
 1535 1536
 1535 1580
 1537 1584
 1538 1584
 1538 1539
 1539 1540
 1539 1585
 1540 1586
 1540 1541
 1541 1587
 1542 1587
 1542 1543
 1543 1588
 1544 1589
 1544 1588
 1545 1590
 1545 1546
 1546 1547
 1546 1592
 1546 1591
 1547 1593
 1547 1548
 1547 1592
 1548 1549
 1548 1594
 1548 1593
 1549 1595
 1549 1550
 1550 1551
 1550 1595
 1551 1597
 1551 1552
 1552 1553
 1552 1597
 1553 1597
 1553 1554
 1554 1555
 1554 1599
 1554 1598
 1555 1601
 1555 1647
 1556 1602
 1556 1601
 1558 1603
 1558 1559
 1558 1602
 1559 1604
 1559 1560
 1559 1603
 1560 1605
 1560 1604
 1561 1605
 1561 1562
 1562 1606
 1562 1605
 1563 1606
 1563 1564
 1564 1607
 1564 1565
 1565 1609
 1565 1608
 1566 1610
 1566 1567
 1567 1610
 1567 1568
 1568 1658
 1568 1612
 1568 1569
 1568 1611
 1569 1613
 1569 1612
 1569 1570
 1570 1661
 1570 1613
 1571 1663
 1571 1614
 1572 1573
 1572 1617
 1572 1615
 1573 1618
 1573 1574
 1573 1617
 1574 1618
 1574 1575
 1574 1619
 1575 1620
 1576 1666
 1576 1621
 1576 1620
 1577 1668
 1577 1621
 1577 1578
 1578 1623
 1578 2351
 1578 1622
 1579 1672
 1579 1671
 1579 1625
 1579 1580
 1579 1624
 1580 1625
 1580 1581
 1581 1627
 1581 1626
 1582 1627
 1583 1630
 1584 1630
 1584 1631
 1585 1631
 1586 1632
 1587 1680
 1587 1681
 1587 1634
 1587 1633
 1588 1634
 1588 1635
 1589 1636
 1589 1635
 1589 1590
 1590 1591
 1590 1636
 1591 1592
 1591 1636
 1592 1637
 1592 1638
 1592 1593
 1593 1594
 1593 1640
 1593 1638
 1594 1640
 1594 1595
 1595 1689
 1595 1596
 1595 1640
 1596 1597
 1596 1641
 1596 1642
 1597 1644
 1597 1643
 1597 1598
 1598 1599
 1598 1645
 1598 1644
 1599 1645
 1600 1647
 1600 1645
 1601 1602
 1601 1647
 1602 1648
 1602 1603
 1603 1650
 1604 1652
 1604 1605
 1604 1650
 1605 1653
 1605 1606
 1606 1607
 1607 1701
 1607 1653
 1607 1608
 1608 1702
 1608 1654
 1609 1656
 1609 1655
 1610 1657
 1610 1611
 1610 1656
 1611 1658
 1612 1613
 1612 1659
 1612 1658
 1613 1659
 1613 1661
 1614 1663
 1614 1662
 1614 1661
 1615 1663
 1616 1664
 1616 1617
 1616 1663
 1617 1618
 1617 1664
 1618 1619
 1618 1665
 1619 1666
 1619 1665
 1620 1666
 1621 1667
 1621 1666
 1622 1669
 1622 1623
 1622 1668
 1623 2355
 1623 2352
 1623 1624
 1624 2355
 1624 1670
 1625 1673
 1625 1672
 1626 1674
 1626 1673
 1628 1674
 1629 1630
 1630 1676
 1630 1631
 1631 1678
 1631 1632
 1631 1679
 1632 1633
 1632 1679
 1633 1679
 1633 1680
 1634 1726
 1634 1683
 1634 1682
 1635 1683
 1635 1684
 1636 1637
 1636 1684
 1637 1684
 1637 1685
 1637 1638
 1638 1687
 1638 1639
 1638 1685
 1639 1688
 1639 1640
 1640 1689
 1641 1733
 1641 1689
 1642 1691
 1642 1643
 1642 1690
 1643 1692
 1643 1644
 1644 1645
 1644 1692
 1644 1694
 1645 1695
 1645 1694
 1646 1647
 1646 1695
 1647 1696
 1647 1695
 1648 1739
 1648 1649
 1648 1696
 1649 1697
 1649 1650
 1649 1698
 1650 1651
 1651 1699
 1651 1652
 1652 1700
 1652 1653
 1653 1700
 1654 1744
 1654 1702
 1654 1701
 1655 1702
 1656 1704
 1656 1657
 1657 1705
 1658 1706
 1658 1705
 1659 1707
 1659 1660
 1660 1707
 1661 1708
 1661 1662
 1661 1707
 1662 1663
 1663 1708
 1663 1709
 1664 2361
 1664 1711
 1664 1710
 1665 1666
 1665 2361
 1666 1757
 1666 1667
 1666 1713
 1667 1713
 1667 1714
 1668 1714
 1669 1715
 1669 1714
 1670 1716
 1670 1715
 1671 1716
 1671 1672
 1672 1673
 1673 1674
 1673 1717
 1674 1719
 1674 1718
 1674 1675
 1675 1719
 1676 1722
 1677 1678
 1678 1679
 1678 1724
 1679 1680
 1680 1725
 1681 1682
 1681 1725
 1682 1726
 1683 1727
 1683 1684
 1684 1685
 1684 1727
 1685 1729
 1685 1686
 1686 1687
 1686 1729
 1687 1731
 1687 1688
 1688 1732
 1688 1689
 1689 1732
 1690 1779
 1690 1733
 1691 1780
 1691 1735
 1691 1692
 1692 1693
 1693 1694
 1693 1736
 1694 1695
 1695 1737
 1695 1696
 1696 1738
 1696 1737
 1697 1740
 1697 1739
 1698 1741
 1698 1699
 1698 1740
 1699 1743
 1699 1700
 1699 1742
 1700 1701
 1701 1743
 1702 1703
 1702 1745
 1703 1793
 1703 1746
 1704 1747
 1704 1705
 1705 1748
 1705 1749
 1705 1706
 1706 1707
 1706 1750
 1707 1751
 1708 1709
 1708 1751
 1709 1753
 1709 1710
 1710 1753
 1711 1756
 1711 2361
 1711 1754
 1712 2361
 1712 1757
 1712 1802
 1713 1758
 1713 1757
 1714 1805
 1714 1806
 1714 1759
 1714 1758
 1715 1760
 1715 1759
 1716 1761
 1717 1762
 1719 1811
 1719 1764
 1719 1763
 1721 1722
 1721 1766
 1722 1766
 1722 1767
 1722 1723
 1723 1767
 1724 1816
 1724 1768
 1725 1770
 1725 1769
 1726 1772
 1726 1771
 1726 1770
 1727 1772
 1727 1728
 1728 1774
 1728 1729
 1728 1772
 1729 1730
 1730 1776
 1730 1774
 1730 1731
 1731 1777
 1731 1732
 1732 1777
 1733 1778
 1733 1777
 1734 1780
 1734 1779
 1735 1736
 1735 1781
 1736 1782
 1737 1783
 1737 1784
 1737 1738
 1737 1782
 1738 1784
 1739 1834
 1739 1784
 1740 1785
 1741 1787
 1741 1742
 1741 1786
 1742 1788
 1742 1743
 1743 1744
 1743 1788
 1744 1789
 1744 1745
 1745 1746
 1745 1790
 1746 1791
 1747 1794
 1747 1793
 1748 1749
 1748 1794
 1748 1795
 1749 1795
 1749 1750
 1750 1845
 1750 1751
 1750 1797
 1751 1797
 1751 1752
 1752 1753
 1753 1799
 1753 1754
 1754 1799
 1754 1755
 1755 1801
 1755 1756
 1755 1800
 1756 1802
 1757 1758
 1757 1803
 1758 1805
 1758 1803
 1759 1854
 1759 1807
 1759 1806
 1760 1808
 1760 1761
 1760 1807
 1761 1809
 1761 1808
 1761 1762
 1762 1857
 1762 1810
 1762 1809
 1763 1858
 1763 1811
 1763 1810
 1764 1811
 1765 1814
 1766 1814
 1766 1767
 1767 1768
 1767 1814
 1768 1816
 1768 1815
 1769 1816
 1770 1818
 1770 1864
 1771 1864
 1771 1772
 1771 1819
 1772 1820
 1772 1819
 1773 1821
 1773 1820
 1773 1774
 1774 1775
 1774 1822
 1775 1824
 1776 1824
 1776 1777
 1776 1825
 1777 1825
 1777 1778
 1778 1828
 1778 1827
 1778 1826
 1779 1828
 1780 1830
 1781 1830
 1781 1831
 1782 1832
 1782 1831
 1782 1783
 1783 1833
 1783 1784
 1784 1833
 1785 1835
 1785 1786
 1786 1836
 1787 1881
 1787 1838
 1787 1788
 1788 1789
 1789 1838
 1789 1790
 1790 1791
 1790 1839
 1791 1840
 1791 1792
 1792 1842
 1792 1841
 1793 1842
 1793 1794
 1794 1795
 1794 1843
 1794 1844
 1795 1844
 1796 1845
 1796 1844
 1797 1846
 1797 1845
 1798 1799
 1798 1846
 1799 1847
 1799 1800
 1800 1849
 1800 1848
 1801 1893
 1801 1850
 1802 1851
 1802 1803
 1803 1804
 1803 1851
 1804 1852
 1804 1805
 1805 1806
 1806 1854
 1807 1855
 1807 1854
 1808 1856
 1809 1899
 1809 1856
 1810 1858
 1810 1857
 1811 1859
 1811 1858
 1814 1903
 1814 1860
 1814 1861
 1816 1862
 1816 1817
 1817 1863
 1817 1818
 1817 1862
 1818 1864
 1818 1863
 1819 1866
 1819 1820
 1819 1864
 1820 1909
 1820 1866
 1820 1821
 1821 1822
 1822 1867
 1822 1823
 1823 1870
 1823 1868
 1824 1870
 1824 1825
 1825 1826
 1825 1871
 1826 1871
 1826 1827
 1827 1828
 1828 1873
 1828 1872
 1829 1874
 1829 1873
 1830 1875
 1830 1831
 1830 1874
 1831 1832
 1832 1876
 1832 1833
 1833 1834
 1833 1877
 1833 1876
 1834 1878
 1834 1877
 1834 1835
 1835 1879
 1835 1878
 1836 1837
 1836 1879
 1837 1881
 1838 1882
 1838 1839
 1839 1840
 1839 1882
 1840 1841
 1840 1884
 1841 1884
 1842 1886
 1843 1929
 1843 1928
 1843 1844
 1843 1886
 1843 1887
 1844 1887
 1845 1889
 1845 1846
 1846 2360
 1846 1889
 1847 2360
 1847 1848
 1848 1890
 1849 1850
 1849 1891
 1850 1935
 1850 1893
 1851 1894
 1851 1852
 1851 1893
 1852 1894
 1852 1853
 1853 1896
 1853 1895
 1854 1897
 1854 1896
 1854 1855
 1855 1939
 1855 1898
 1855 1856
 1855 1897
 1856 1940
 1856 1898
 1857 1900
 1857 1899
 1858 1943
 1858 1901
 1858 1900
 1860 1903
 1861 1904
 1861 1862
 1861 1903
 1862 1904
 1863 1906
 1863 1864
 1863 1905
 1864 1865
 1864 1908
 1864 1906
 1865 1866
 1866 1909
 1867 1910
 1867 1909
 1868 1869
 1868 1910
 1869 1912
 1870 1913
 1870 1871
 1870 1912
 1871 1872
 1871 1913
 1872 1873
 1872 1914
 1873 1956
 1873 1915
 1874 1875
 1874 1917
 1875 1919
 1875 1876
 1875 1917
 1876 1920
 1877 1921
 1877 1878
 1878 1922
 1878 1921
 1879 1880
 1879 1922
 1880 1881
 1881 1964
 1881 1963
 1881 1882
 1882 1965
 1882 1964
 1882 1924
 1883 1924
 1883 1884
 1884 1885
 1884 1926
 1885 1927
 1886 1928
 1886 1927
 1887 1888
 1887 1929
 1888 1931
 1889 2360
 1889 1931
 1890 1891
 1890 1933
 1891 1892
 1892 1935
 1893 1977
 1893 1894
 1894 1978
 1894 1936
 1894 1977
 1895 1979
 1895 1936
 1896 1980
 1896 1938
 1896 1897
 1897 1939
 1898 1939
 1899 1941
 1899 1940
 1899 1900
 1900 1942
 1901 1943
 1903 1988
 1903 1945
 1904 1947
 1904 1905
 1904 1946
 1905 1991
 1905 1906
 1905 1947
 1906 1948
 1906 1907
 1907 1949
 1907 1908
 1907 1948
 1908 1993
 1908 1950
 1908 1909
 1909 1910
 1909 1950
 1910 1911
 1910 1951
 1911 1912
 1911 2345
 1912 1953
 1913 1953
 1913 1914
 1913 1954
 1914 1955
 1914 1954
 1915 1955
 1916 1957
 1917 1958
 1917 1918
 1917 1957
 1918 1958
 1918 1919
 1918 1959
 1919 1960
 1919 1920
 1920 1960
 1920 1921
 1921 1962
 1921 1922
 1922 2343
 1922 1962
 1923 2343
 1923 1963
 1924 1966
 1924 1965
 1925 1966
 1925 1926
 1926 1968
 1927 1968
 1927 1969
 1928 1970
 1928 1969
 1928 1929
 1929 1971
 1929 1970
 1930 1971
 1930 1931
 1931 2016
 1931 1973
 1931 2360
 1932 1933
 1932 2360
 1932 1973
 1933 1974
 1933 2360
 1934 1974
 1934 1976
 1935 1977
 1935 1976
 1936 1978
 1937 1980
 1937 1979
 1938 1939
 1938 1980
 1939 1940
 1939 1982
 1940 2027
 1940 1983
 1940 1982
 1941 1983
 1942 1984
 1943 1985
 1943 1984
 1944 1985
 1945 1988
 1946 1988
 1947 1991
 1947 1990
 1948 1991
 1949 1993
 1949 1992
 1950 1995
 1950 1994
 1950 1993
 1951 1995
 1952 1997
 1952 2345
 1953 1998
 1953 1954
 1953 1997
 1954 1955
 1954 1999
 1954 1998
 1955 1999
 1956 1999
 1957 2000
 1957 2001
 1957 1958
 1958 2048
 1958 2001
 1959 2050
 1959 2003
 1959 2002
 1960 2003
 1960 2004
 1960 1961
 1961 1962
 1961 2004
 1962 2006
 1962 2343
 1963 1964
 1963 2008
 1964 2009
 1964 1965
 1965 2009
 1966 2010
 1966 2009
 1967 2010
 1967 1968
 1968 2012
 1969 2060
 1969 2013
 1969 2012
 1969 1970
 1970 2013
 1971 2014
 1971 1972
 1971 2013
 1972 2016
 1973 2017
 1973 2016
 1973 2360
 1974 2017
 1974 1975
 1975 2020
 1975 2018
 1976 2021
 1976 2020
 1976 1977
 1977 2022
 1977 1978
 1978 2023
 1978 2022
 1979 2024
 1980 1981
 1980 2344
 1981 2026
 1982 2027
 1982 2026
 1983 2028
 1983 1984
 1984 2030
 1984 2029
 1985 2031
 1985 2030
 1987 2033
 1988 2033
 1988 2034
 1988 1989
 1989 1990
 1989 2035
 1989 2034
 1990 2035
 1990 2036
 1990 1991
 1991 2036
 1991 1992
 1992 2038
 1993 2039
 1993 1994
 1994 1995
 1994 2039
 1995 2041
 1995 2040
 1995 2345
 1996 2041
 1996 2042
 1997 2043
 1997 1998
 1997 2087
 1997 2042
 1998 2043
 1999 2045
 1999 2044
 2000 2047
 2000 2045
 2001 2048
 2001 2047
 2002 2048
 2003 2004
 2004 2005
 2004 2050
 2004 2094
 2005 2051
 2005 2052
 2006 2053
 2006 2343
 2006 2052
 2007 2053
 2007 2055
 2007 2008
 2008 2056
 2009 2057
 2009 2056
 2009 2010
 2010 2101
 2010 2058
 2010 2057
 2011 2059
 2012 2060
 2012 2059
 2013 2061
 2013 2014
 2013 2060
 2014 2062
 2014 2061
 2015 2063
 2016 2063
 2016 2017
 2017 2064
 2017 2063
 2018 2065
 2018 2019
 2019 2067
 2020 2067
 2020 2021
 2021 2022
 2021 2068
 2021 2112
 2021 2067
 2022 2068
 2022 2023
 2023 2024
 2023 2070
 2023 2069
 2024 2114
 2024 2071
 2024 2070
 2025 2344
 2025 2072
 2026 2073
 2026 2072
 2026 2027
 2027 2028
 2027 2074
 2027 2073
 2028 2075
 2028 2074
 2028 2029
 2029 2030
 2029 2075
 2030 2077
 2030 2076
 2033 2122
 2033 2079
 2033 2078
 2034 2123
 2034 2079
 2034 2080
 2035 2036
 2035 2080
 2036 2124
 2036 2081
 2036 2080
 2037 2038
 2037 2081
 2038 2083
 2039 2084
 2039 2083
 2039 2040
 2040 2085
 2040 2041
 2041 2085
 2042 2087
 2043 2088
 2043 2087
 2044 2088
 2044 2045
 2045 2090
 2045 2089
 2046 2090
 2046 2047
 2047 2092
 2047 2048
 2048 2049
 2048 2092
 2050 2140
 2050 2139
 2050 2093
 2050 2094
 2051 2141
 2051 2094
 2052 2096
 2052 2097
 2052 2053
 2053 2343
 2053 2097
 2054 2365
 2054 2055
 2055 2099
 2055 2056
 2056 2099
 2056 2057
 2057 2101
 2058 2102
 2058 2101
 2059 2104
 2059 2060
 2059 2103
 2060 2346
 2060 2104
 2061 2062
 2061 2106
 2061 2105
 2062 2108
 2063 2108
 2063 2109
 2063 2064
 2064 2109
 2064 2065
 2065 2110
 2065 2109
 2066 2111
 2066 2110
 2067 2338
 2067 2111
 2068 2069
 2068 2112
 2069 2070
 2070 2114
 2070 2113
 2071 2072
 2071 2114
 2072 2116
 2072 2073
 2073 2162
 2073 2116
 2073 2074
 2074 2075
 2075 2118
 2075 2117
 2076 2119
 2077 2119
 2078 2122
 2079 2123
 2080 2124
 2080 2123
 2081 2125
 2081 2124
 2082 2083
 2082 2125
 2083 2084
 2083 2127
 2084 2085
 2084 2127
 2085 2128
 2085 2130
 2085 2129
 2086 2087
 2087 2088
 2087 2131
 2088 2133
 2088 2131
 2088 2089
 2089 2134
 2089 2090
 2090 2177
 2090 2135
 2090 2134
 2091 2136
 2092 2093
 2092 2136
 2092 2137
 2093 2137
 2093 2139
 2094 2140
 2095 2142
 2095 2141
 2096 2097
 2096 2143
 2096 2142
 2097 2365
 2097 2143
 2098 2365
 2099 2145
 2099 2144
 2099 2100
 2100 2146
 2100 2101
 2100 2145
 2101 2146
 2101 2147
 2103 2148
 2103 2147
 2104 2346
 2104 2148
 2105 2106
 2105 2346
 2106 2192
 2106 2107
 2106 2149
 2107 2151
 2108 2152
 2108 2151
 2108 2109
 2109 2154
 2109 2110
 2109 2152
 2110 2154
 2111 2156
 2111 2155
 2112 2157
 2112 2113
 2112 2156
 2113 2158
 2113 2199
 2113 2157
 2114 2115
 2114 2159
 2114 2158
 2115 2161
 2116 2162
 2116 2161
 2117 2163
 2117 2162
 2117 2118
 2118 2119
 2118 2165
 2118 2164
 2119 2166
 2119 2165
 2122 2168
 2122 2167
 2123 2210
 2123 2169
 2123 2168
 2124 2170
 2124 2125
 2125 2212
 2125 2171
 2125 2126
 2125 2170
 2126 2172
 2127 2215
 2127 2173
 2127 2128
 2127 2172
 2128 2129
 2129 2217
 2129 2130
 2130 2217
 2130 2131
 2131 2175
 2131 2132
 2132 2221
 2132 2133
 2132 2176
 2132 2175
 2134 2222
 2134 2177
 2134 2176
 2135 2177
 2136 2178
 2136 2137
 2137 2179
 2137 2180
 2137 2178
 2139 2181
 2139 2180
 2140 2182
 2140 2141
 2140 2181
 2141 2182
 2142 2229
 2142 2184
 2142 2143
 2143 2185
 2143 2184
 2144 2231
 2144 2145
 2145 2232
 2145 2187
 2146 2188
 2146 2187
 2147 2188
 2147 2148
 2148 2346
 2148 2190
 2149 2192
 2150 2151
 2150 2192
 2151 2194
 2151 2152
 2152 2194
 2152 2153
 2153 2196
 2153 2154
 2154 2196
 2155 2196
 2156 2243
 2156 2198
 2156 2157
 2156 2338
 2157 2198
 2159 2201
 2159 2200
 2159 2160
 2160 2161
 2160 2201
 2161 2203
 2161 2162
 2162 2205
 2162 2204
 2162 2163
 2163 2164
 2163 2205
 2164 2165
 2165 2207
 2165 2206
 2166 2207
 2168 2254
 2168 2210
 2168 2209
 2169 2170
 2169 2210
 2170 2258
 2170 2212
 2171 2172
 2171 2214
 2171 2262
 2172 2215
 2172 2214
 2173 2217
 2173 2215
 2174 2218
 2174 2175
 2174 2217
 2175 2218
 2175 2219
 2176 2221
 2177 2222
 2178 2179
 2178 2224
 2178 2223
 2179 2224
 2179 2180
 2180 2226
 2180 2181
 2181 2227
 2181 2182
 2182 2228
 2182 2183
 2183 2229
 2184 2230
 2184 2229
 2184 2185
 2185 2231
 2185 2365
 2186 2293
 2186 2231
 2187 2188
 2187 2232
 2188 2235
 2188 2189
 2188 2233
 2189 2190
 2190 2191
 2190 2237
 2190 2235
 2190 2346
 2191 2192
 2191 2346
 2192 2237
 2192 2193
 2193 2239
 2194 2240
 2194 2195
 2194 2239
 2195 2196
 2196 2242
 2196 2241
 2196 2197
 2196 2240
 2197 2243
 2198 2199
 2198 2244
 2198 2243
 2199 2245
 2199 2200
 2200 2201
 2201 2246
 2201 2245
 2202 2248
 2202 2246
 2202 2203
 2203 2204
 2204 2249
 2204 2248
 2204 2205
 2205 2249
 2205 2206
 2206 2251
 2206 2207
 2207 2252
 2207 2251
 2210 2256
 2210 2211
 2210 2254
 2211 2258
 2211 2256
 2212 2260
 2212 2213
 2212 2258
 2213 2262
 2213 2260
 2214 2264
 2214 2262
 2215 2216
 2215 2264
 2216 2267
 2216 2265
 2216 2217
 2217 2269
 2217 2267
 2218 2219
 2218 2269
 2219 2220
 2219 2270
 2220 2273
 2220 2271
 2220 2221
 2221 2275
 2221 2222
 2221 2273
 2222 2276
 2222 2223
 2223 2278
 2223 2224
 2223 2276
 2224 2280
 2224 2278
 2224 2225
 2225 2282
 2225 2226
 2225 2280
 2226 2284
 2226 2227
 2226 2282
 2227 2286
 2227 2284
 2227 2228
 2228 2288
 2228 2229
 2228 2286
 2229 2289
 2230 2291
 2230 2231
 2230 2289
 2231 2365
 2231 2293
 2231 2291
 2232 2295
 2232 2233
 2232 2293
 2233 2296
 2233 2234
 2234 2298
 2234 2235
 2234 2296
 2235 2300
 2235 2298
 2235 2236
 2236 2302
 2236 2237
 2236 2300
 2237 2304
 2237 2302
 2237 2238
 2238 2306
 2238 2239
 2238 2304
 2239 2308
 2239 2240
 2239 2306
 2240 2310
 2240 2241
 2240 2308
 2241 2312
 2241 2310
 2242 2314
 2242 2243
 2242 2312
 2243 2316
 2243 2314
 2244 2318
 2244 2245
 2244 2316
 2245 2320
 2245 2318
 2245 2246
 2246 2321
 2246 2320
 2247 2323
 2247 2248
 2247 2321
 2248 2325
 2248 2323
 2249 2327
 2249 2250
 2249 2325
 2250 2329
 2250 2251
 2250 2327
 2251 2331
 2251 2329
 2251 2252
 2347 2348
 2349 2350
 2351 2352
 2351 2353
 2352 2355
 2353 2354
 2354 2355
