    2  128
    2   82
    3   82
    4   83
    4   82
    6   84
    6   83
    8   84
    9   86
    9   85
   10   86
   11  132
   11   88
   11   87
   13   88
   14   89
   14   90
   16  134
   16   91
   16   90
   18   92
   18   91
   19   93
   21   94
   21   93
   22   94
   23   95
   23   94
   25   95
   25   96
   26   96
   27   98
   27   97
   28   98
   29   99
   29   98
   31  100
   31   99
   33  143
   33  100
   33  101
   34  102
   36  103
   36  102
   38  104
   38  103
   39  104
   40  104
   40  105
   42  149
   42  106
   42  105
   44  107
   44  106
   46  108
   46  107
   48  108
   48  109
   50  153
   50  110
   50  109
   52  110
   53  112
   53  111
   55  113
   55  112
   57  156
   57  113
   57  114
   59  114
   59  115
   61  115
   61  116
   62  116
   62  117
   64  117
   64  118
   66  119
   66  118
   67  119
   68  120
   68  119
   70  121
   70  120
   71  122
   73  123
   73  122
   75  124
   75  123
   77  125
   77  124
   79  168
   79  125
   81  128
   82  129
   82  128
   83  130
   83   84
   84 2446
   84   85
   85 2446
   85  131
   85   86
   86  131
   88   89
   88  132
   89  177
   89   90
   89  133
   90  134
   91   92
   92  136
   92   93
   92  135
   94  138
   94   95
   94  137
   95  139
   95   96
   96  139
   98  185
   98  140
   98  141
   98   99
   99  100
  100  142
  101  144
  101  102
  101  143
  102  103
  103  104
  103  145
  104  147
  104  146
  105  149
  106  150
  106  107
  107  108
  108  150
  108  109
  109  151
  110  200
  110  111
  110  153
  111  112
  111  200
  112  202
  112  201
  112  154
  112  155
  112  113
  114  115
  114  156
  115  158
  115  157
  116  117
  117  118
  117  158
  117  160
  118  119
  119  162
  119  161
  120  121
  121  164
  121  122
  121  163
  122 2445
  122  123
  123 2445
  123  124
  124  165
  124  125
  125  168
  125  166
  126  168
  127  171
  128  172
  128  171
  128  129
  129  130
  130  172
  131  174
  131  175
  131  132
  131 2446
  132  133
  132  175
  133  176
  133  175
  134  135
  134  177
  135  179
  135  136
  135  178
  136  137
  137  181
  137  182
  137  138
  138  139
  139  140
  139  182
  139  183
  140  183
  141  186
  141  234
  141  185
  142  143
  142  186
  143  144
  143  189
  143  187
  143  188
  144  190
  144  145
  145  192
  145  146
  145  191
  146  193
  146  147
  146  192
  147  193
  147  148
  148  149
  149  150
  149  195
  150  197
  150  151
  150  196
  151  152
  152  198
  152  153
  153  247
  153  200
  153  199
  155  156
  155  202
  156  157
  156  203
  157  252
  157  158
  157  204
  157  205
  158  159
  159  160
  159  254
  160  161
  160  206
  161  209
  161  162
  161  208
  162  210
  162  163
  163  164
  163  210
  165  212
  165  213
  165  166
  165 2445
  166  167
  167  214
  167  168
  167  213
  168  216
  168  215
  171  217
  171  219
  171  218
  171  172
  172  220
  172  221
  172  219
  172  173
  173  269
  173  222
  173 2446
  173  221
  174  223
  174  175
  174  222
  175  223
  175  176
  176  177
  176  225
  176  224
  177  178
  177  225
  178  227
  178  226
  178  179
  179  228
  180  230
  180  229
  180  181
  180  228
  181  230
  181  182
  182  231
  182  232
  182  183
  182  230
  183  232
  184  185
  185  234
  185  233
  186  235
  186  187
  186  234
  187  236
  187  188
  187  235
  188  237
  188  236
  190  287
  190  191
  190  238
  190  237
  192  239
  192  238
  192  193
  193  194
  193  240
  193  239
  194  195
  194  240
  195  242
  195  241
  195  196
  196  244
  196  242
  196  243
  197  245
  197  244
  198  199
  198  246
  198  245
  199  295
  199  246
  199  247
  200  249
  201  249
  202  249
  202  250
  202  203
  203  251
  203  204
  203  250
  204  251
  204  252
  205  253
  205  254
  205  252
  206  305
  206  255
  206  256
  206  207
  207  208
  208  257
  208  209
  208  256
  209  258
  209  257
  209  210
  210  309
  210  259
  210  211
  210  258
  211  310
  211  311
  211  260
  211 2445
  212  261
  212  213
  212  260
  213  262
  213  214
  214  263
  214  262
  214  215
  215  314
  215  264
  215  263
  217  266
  218  266
  219  267
  219  266
  221  269
  221  267
  222  270
  222  223
  222 2446
  223  224
  224  270
  224  271
  224  225
  225  272
  225  226
  225  323
  225  271
  226  272
  226  273
  226  227
  227  228
  227  274
  227  273
  227  275
  228  229
  228  276
  228  275
  228  327
  230  231
  230  277
  230  276
  231  279
  231  277
  231  232
  232  279
  232  233
  233  234
  233  281
  233  282
  233  280
  234  282
  235  282
  235  284
  235  236
  236  286
  236  237
  236  284
  237  287
  238  288
  238  239
  238  287
  239  289
  239  288
  240  241
  241  290
  241  242
  241  289
  242  291
  242  290
  243  291
  243  244
  244  293
  244  245
  244  292
  245  294
  245  293
  245  246
  246  295
  246  294
  247  296
  247  248
  247  295
  248  297
  248  343
  248  249
  248  296
  249  297
  249  298
  249  250
  250  251
  250  300
  250  298
  251  302
  251  252
  251  300
  252  302
  253  303
  254  304
  254  255
  255  305
  255  304
  256  307
  256  306
  256  257
  256  305
  257  258
  257  308
  257  307
  258  355
  258  308
  258  309
  259  357
  259  310
  259  309
  260  359
  260  312
  260  261
  260 2445
  261  313
  261  262
  262  313
  263  313
  264  314
  266  316
  266  267
  266  317
  267  318
  267  268
  268  319
  268  318
  268  269
  269  321
  269  320
  269  319
  269  270
  270  271
  271  322
  272  324
  272  323
  273  325
  273  274
  274  326
  275  327
  276  328
  276  277
  277  329
  277  278
  278  329
  279  377
  279  280
  279  329
  279  330
  280  330
  280  331
  280  281
  281  332
  281  282
  282  332
  283  333
  283  332
  284  285
  285  286
  285  333
  286  383
  286  335
  286  334
  286  287
  288  336
  288  289
  289  337
  289  290
  289  336
  290  291
  290  339
  290  337
  291  340
  291  292
  293  341
  293  340
  294  391
  294  295
  295  391
  295  342
  296  343
  296  342
  297  345
  297  344
  297  343
  298  346
  298  299
  299  346
  300  395
  300  346
  300  347
  301  347
  301  348
  301  302
  302  349
  302  303
  302  348
  303  349
  304  398
  304  305
  304  350
  304  351
  305  351
  305  306
  306  400
  307  354
  307  353
  307  308
  308  354
  309  357
  309  355
  310  358
  310  357
  311  359
  312  313
  312  360
  312  359
  313  361
  313  360
  314  362
  314  361
  317  364
  317  363
  317  318
  318  364
  318  319
  319  366
  319  365
  320  367
  320  321
  320  366
  321  368
  321  367
  321  322
  322  369
  322  323
  322  368
  323  371
  323  369
  323  324
  324  325
  324  372
  324  371
  325  373
  325  372
  325  326
  326  374
  326  327
  326  373
  327  374
  327  375
  327  328
  329  424
  329  376
  329  377
  330  331
  330  377
  331  379
  331  378
  331  332
  332  379
  332  333
  333  381
  333  382
  333  380
  333  334
  334  429
  334  383
  334  382
  335  430
  335  336
  335  384
  335  383
  336  432
  336  337
  336  384
  336  385
  337  385
  337  387
  337  338
  338  388
  338  339
  338  387
  339  388
  339  389
  339  340
  340  341
  340  390
  340  389
  341  390
  342  343
  342  391
  343  439
  343  440
  343  393
  343  392
  345  346
  345  393
  345  394
  346  394
  347  443
  347  396
  347  395
  348  396
  349  397
  349  396
  349  350
  350  398
  350  397
  351  399
  351  398
  352  448
  352  400
  353  449
  353  401
  353  354
  353  400
  354  402
  354  401
  356  451
  356  357
  356  402
  357  404
  357  403
  359  454
  359  405
  359  404
  359  360
  360  407
  360  361
  360  405
  361  408
  361  456
  361  407
  362  408
  364  412
  364  411
  364  410
  364  365
  365  413
  365  412
  365  366
  366  461
  366  367
  366  414
  367  415
  367  414
  368  417
  368  369
  368  415
  369  418
  369  417
  370  464
  370  419
  370  418
  370  371
  371  420
  371  419
  372  421
  373  374
  373  422
  373  421
  374  375
  375  423
  375  376
  375  422
  376  469
  376  423
  376  424
  377  425
  377  470
  377  424
  378  379
  378  425
  378  426
  379  472
  379  380
  379  427
  380  428
  380  381
  380  427
  381  382
  382  475
  383  430
  383  429
  384  432
  384  430
  385  478
  385  433
  385  432
  386  387
  386  434
  388  435
  388  389
  388  434
  389  435
  389  390
  390  391
  390  438
  390  436
  391  392
  392  485
  392  438
  393  441
  393  394
  393  440
  394  395
  395  443
  395  441
  396  445
  396  397
  396  443
  397  398
  397  445
  398  447
  398  446
  399  448
  399  447
  400  494
  400  449
  400  448
  401  402
  401  449
  402  450
  403  453
  403  404
  403  452
  403  451
  404  454
  404  453
  405  455
  405  454
  406  407
  407  455
  408  501
  408  457
  410  459
  411  459
  411  412
  412  413
  412  460
  413  507
  414  462
  414  461
  415  462
  416  509
  416  463
  417  418
  418  510
  418  464
  418  463
  419  465
  419  464
  420  466
  420  465
  420  421
  421  467
  421  422
  422  467
  422  423
  423  516
  423  468
  424  470
  425  426
  426  472
  426  471
  427  474
  427  428
  427  472
  428  475
  428  474
  429  523
  429  430
  429  475
  430  477
  430  476
  431  432
  432  478
  433  479
  433  434
  433  478
  433  480
  434  481
  434  435
  434  480
  435  482
  435  481
  436  483
  436  437
  437  532
  437  484
  437  438
  437  483
  438  485
  438  484
  439  486
  439  440
  439  485
  440  488
  440  486
  440  441
  441  442
  441  489
  442  490
  442  489
  442  443
  444  491
  444  445
  444  490
  446  542
  446  447
  446  491
  447  543
  447  448
  447  492
  448  494
  449  495
  449  494
  450  496
  450  451
  451  496
  451  452
  452  453
  452  497
  452  496
  453  454
  453  499
  454  500
  454  455
  455 2447
  455  500
  455  456
  456  501
  456 2447
  457  501
  458  459
  458  504
  459  460
  459  505
  460  507
  460  506
  461  507
  461  462
  462  560
  462  508
  462  509
  462  507
  463  510
  463  509
  464  465
  464  510
  465  513
  465  466
  465  511
  466  514
  466  513
  466  467
  467  514
  467  468
  468  566
  468  516
  468  515
  469  518
  469  516
  469  470
  470  519
  470  471
  471  520
  471  519
  471  472
  472  521
  472  473
  473  522
  473  521
  474  475
  475  523
  475  522
  476  525
  476  477
  476  524
  476  523
  477  576
  477  527
  477  525
  477  478
  478  527
  479  577
  479  480
  479  528
  479  527
  480  530
  480  528
  480  481
  481  530
  482  531
  482  530
  483  532
  484  533
  484  485
  485  486
  485  533
  486  585
  486  535
  486  534
  487  536
  487  535
  487  488
  488  538
  488  537
  488  489
  489  540
  489  490
  489  538
  490  491
  491  541
  491  542
  492  543
  492  542
  493  545
  493  494
  493  543
  494  495
  495  546
  495  496
  495  545
  495  547
  496  547
  496  548
  496  497
  497  549
  497  548
  498  550
  498  499
  499  551
  499  500
  499  550
  500  551
  501  502
  501  552
  501 2447
  502  553
  504  555
  504  556
  506  507
  506  557
  506  556
  506  558
  507  558
  507  560
  508  561
  508  560
  509  561
  509  510
  510  511
  510  561
  511  563
  511  512
  511  611
  512  612
  512  563
  512  564
  513  565
  513  514
  514  565
  515  565
  516  517
  516  566
  517  568
  517  518
  517  567
  518  569
  518  568
  518  519
  519  570
  519  569
  521  522
  521  571
  521  570
  522  571
  522  572
  522  523
  523  574
  523  524
  523  572
  524  525
  525  575
  525  526
  525  574
  526  576
  527  576
  528  578
  528  577
  528  579
  529  530
  530  531
  530  581
  531  581
  531  532
  531  582
  531  583
  532  533
  533  584
  533  583
  534  631
  534  585
  534  584
  535  586
  535  585
  536  537
  537  587
  537  586
  537  538
  538  539
  538  587
  539  635
  539  589
  539  540
  540  541
  541  542
  541  589
  542  638
  542  592
  542  590
  542  543
  543  592
  544  593
  544  592
  544  545
  545  594
  545  546
  545  593
  546  642
  546  547
  546  595
  547  548
  548  549
  548  595
  549  550
  549  596
  550  597
  550  551
  551 2447
  551  646
  551  599
  551  598
  552  648
  552  601
  552  600
  553  602
  553  601
  555  604
  555  556
  556  605
  556  604
  557  606
  557  653
  557  558
  557  605
  558  606
  559  607
  559  606
  560  608
  560  561
  560  607
  561  562
  561  608
  562  610
  562  609
  563  612
  564  613
  564  565
  564  612
  565  566
  565  614
  566  614
  566  615
  567  616
  567  568
  568  569
  568  617
  569  618
  569  570
  570  618
  570  571
  571  619
  571  618
  572  619
  572  573
  573  574
  573  620
  574  622
  574  575
  574  621
  575  623
  575  576
  575  624
  575  622
  576  624
  577  673
  577  578
  578  626
  578  625
  579  626
  579  580
  580  628
  580  627
  580  581
  580  626
  581  582
  581  629
  582  583
  583  584
  584  678
  584  630
  585  633
  585  586
  585  631
  586  587
  587  634
  587  633
  588  634
  588  635
  589  636
  589  590
  589  635
  590  637
  590  636
  590  591
  591  638
  591  637
  592  593
  592  638
  593  641
  593  640
  593  594
  594  642
  595  643
  595  596
  595  642
  596  644
  596  597
  596  643
  597  645
  597  644
  597  598
  598  645
  599 2448
  599  647
  599  646
  600  696
  600  647
  600 2448
  601  649
  601  648
  602  649
  603  652
  604  652
  605  652
  606  655
  606  653
  606  607
  608  703
  608  609
  608  655
  608  656
  609  657
  609  610
  610  611
  610  657
  611  659
  611  612
  612  613
  612  659
  612  661
  613  662
  613  614
  614  663
  614  615
  615  664
  615  663
  615  616
  616  665
  616  711
  616  617
  616  664
  617  666
  617  618
  617  665
  618  666
  618  619
  619  620
  619  668
  619  714
  620  716
  620  668
  620  669
  620  621
  621  670
  621  669
  621  622
  622  718
  622  671
  622  623
  623  624
  623  671
  624  719
  624  672
  625  674
  625  673
  625  626
  626  627
  626  675
  627  676
  627  675
  628  629
  629  724
  629  678
  629  676
  629  630
  630  678
  631  679
  631  678
  632  633
  632  679
  633  634
  633  680
  633  682
  634  635
  634  682
  635  683
  635  684
  636  685
  636  684
  636  637
  637  687
  637  638
  637  685
  638  733
  638  688
  638  639
  640  689
  640  641
  641  737
  641  691
  641  690
  641  642
  642  692
  642  643
  643  644
  644  645
  644  692
  645  695
  645  694
  645  646
  645  693
  647  696
  647  695
  648  697
  648  696
  649  697
  650  697
  651  700
  652  700
  652  653
  653  701
  653  654
  653  700
  654  701
  654  655
  655  703
  655  702
  656  703
  657  704
  657  705
  657  658
  658  659
  659  706
  659  705
  660  661
  661  662
  661  707
  661  708
  662  663
  662  708
  662  710
  663  710
  664  711
  664  710
  665  712
  665  760
  665  666
  665  711
  666  667
  666  712
  667  713
  667  763
  667  714
  668  716
  668  714
  669  717
  669  716
  670  718
  671  718
  672  767
  672  718
  673  768
  673  720
  673  674
  673  719
  674  721
  674  720
  675  722
  675  676
  676  723
  676  677
  676  722
  677  724
  677  723
  678  726
  678  724
  678  679
  679  726
  680  681
  680  727
  680  726
  681  682
  681  727
  681  728
  681  729
  682  776
  682  730
  682  729
  684  731
  684  730
  684  685
  685  732
  685  731
  686  732
  686  687
  687  732
  688  734
  688  689
  688  733
  689  735
  689  734
  689  690
  690  736
  690  737
  690  735
  691  692
  691  738
  691  737
  692  739
  692  738
  692  693
  693  741
  693  740
  693  694
  693  739
  694  787
  694  742
  694  695
  695  743
  695  742
  695  696
  696  744
  696  743
  697  745
  697  744
  698  745
  700  747
  700  749
  700  748
  700  701
  701  750
  701  749
  702  796
  702  751
  702  703
  703  704
  704  705
  704  753
  704  751
  705  754
  705  753
  705  706
  706  707
  706  754
  707  755
  707  708
  707  754
  708  709
  708  755
  709  757
  709  710
  710  757
  710  711
  711  759
  711  758
  712  713
  712  760
  713  762
  713  763
  713  761
  714  763
  715  812
  715  764
  715  763
  715  716
  716  765
  716  717
  717  814
  717  718
  717  766
  717  765
  718  815
  718  767
  719  768
  719  767
  720  817
  720  721
  720  768
  721  818
  721  770
  721  769
  721  722
  722  771
  722  723
  723  724
  724  772
  724  771
  725  823
  725  773
  725  726
  725  772
  726  774
  726  727
  726  773
  727  824
  727  775
  727  774
  729  826
  729  776
  729  775
  730  777
  730  731
  730  827
  731  732
  731  777
  731  779
  732  733
  733  780
  733  779
  733  734
  734  781
  734  780
  735  781
  736  783
  736  737
  736  782
  737  783
  737  738
  738  739
  738  785
  739  837
  739  786
  739  785
  740  786
  741  838
  741  787
  741  786
  742  743
  742  787
  743  840
  743  789
  743  788
  744  789
  745  791
  745  790
  747  748
  747  793
  748  749
  748  794
  749  795
  749  794
  750  848
  750  796
  750  795
  751  798
  751  752
  751  796
  752  753
  752  799
  752  798
  753  754
  754  755
  754  800
  755  803
  755  801
  755  756
  756  757
  757  804
  757  805
  757  803
  758  759
  759  859
  759  807
  759  806
  760  807
  761  809
  761  807
  761  808
  761  762
  762  810
  762  763
  763  812
  763  810
  765  813
  765  814
  765  812
  766  865
  766  815
  766  814
  767  816
  767  768
  768  816
  769  817
  770  771
  770  818
  771  821
  771  772
  771  820
  772  821
  772  823
  773  824
  773  774
  775  826
  775  824
  776  827
  776  826
  777  828
  777  827
  778  878
  778  779
  778  828
  779  831
  779  829
  779  780
  780  781
  780  831
  781  782
  781  832
  782  833
  782  783
  783  883
  783  835
  783  834
  784  836
  784  785
  785  836
  787  887
  787  839
  787  788
  787  838
  788  888
  788  840
  788  839
  789  842
  789  841
  789  790
  789  840
  790  890
  790  843
  792  845
  793  845
  794  795
  794  846
  794  845
  795  846
  795  847
  796  895
  796  849
  796  848
  797  798
  797  849
  798  849
  798  799
  799  852
  799  851
  799  800
  799  850
  800  853
  800  801
  801  802
  802  854
  802  803
  802  855
  802  853
  803  855
  803  856
  803  804
  804  857
  804  856
  805  857
  805  806
  806  859
  806  857
  807  859
  808  906
  808  809
  808  860
  808  859
  809  860
  809  861
  809  810
  811  909
  811  862
  811  812
  811  861
  812  862
  812  863
  812  813
  814  912
  814  864
  815  866
  815  816
  815  865
  816  915
  816  867
  816  866
  817  868
  817  818
  817  867
  818  868
  818  869
  818  819
  819  870
  819  820
  819  869
  820  870
  820  821
  821  871
  821  870
  822  872
  822  871
  822  823
  823  873
  823  824
  824  874
  824  825
  824  875
  824  873
  825  875
  825  876
  825  826
  826  827
  827  877
  827  876
  829  879
  829  830
  829  878
  831  880
  831  832
  831  879
  832  880
  832  881
  833  881
  833  834
  834  883
  834  882
  834  881
  835  933
  835  884
  835  836
  835  883
  836  885
  836  884
  837  885
  837  838
  838  936
  838  887
  838  886
  838  885
  839  887
  840  889
  840  888
  841  889
  841  842
  842  890
  843  890
  845  892
  845  893
  846  894
  846  847
  846  893
  848  895
  848  894
  849  946
  849  896
  849  895
  850  851
  850  897
  851  852
  851  898
  852  899
  852  853
  853  854
  853  899
  854  855
  854  901
  854  899
  855  902
  855  901
  857  903
  857  858
  858  905
  858  859
  858  903
  859  906
  860  908
  860  861
  860  906
  861  908
  861  909
  862  863
  862  910
  862  909
  863  911
  863  910
  863  864
  864  912
  864  911
  865  913
  865  866
  865  912
  866  914
  866  913
  867  917
  867  868
  867  915
  868  918
  868  917
  869  919
  869  870
  870  920
  870  871
  871  921
  871  872
  872  922
  872  921
  872  873
  873  874
  873  923
  874  924
  874  923
  875  925
  875  876
  876  926
  876  877
  876  925
  877  926
  877  878
  878  927
  878  879
  878  926
  879  973
  879  928
  879  927
  879  880
  880  881
  880  928
  881  882
  881  929
  881  930
  882  931
  882  932
  883  933
  884  981
  884  885
  884  933
  885  936
  885  981
  886  937
  886  936
  888  938
  888  937
  888  889
  889  939
  889  938
  890  940
  890  939
  891  940
  892  943
  893  943
  893  894
  894  945
  894  944
  894  895
  894  943
  895  994
  895  946
  896  947
  896  946
  896  897
  897  898
  897  948
  898  997
  898  948
  898  949
  898  899
  899  900
  899  949
  900  999
  900  951
  900  950
  901  952
  901  902
  902  952
  902  903
  903 1001
  903  904
  903  953
  903  952
  904 1003
  904  905
  905  954
  906 1004
  906  954
  907  956
  907  955
  908  957
  908  909
  909  957
  910 1008
  910  911
  910  957
  911  958
  911  959
  912  913
  913  959
  913  960
  914 1011
  914  961
  914  960
  916 1012
  916  962
  916  961
  917  962
  917  918
  917  963
  918  919
  918  964
  919  965
  919  920
  920  921
  920  965
  921  922
  921  965
  922  968
  922  923
  922  967
  923  968
  924  969
  924  925
  924  968
  925  926
  925  969
  926  927
  926  970
  927  971
  927  972
  928  929
  928  975
  928  973
  929  976
  929 1025
  929  975
  929  930
  930  931
  930  976
  931  977
  931  978
  932  933
  932  979
  934  979
  935  982
  935  981
  936  937
  937  984
  937  983
  937  938
  937  982
  938 1032
  938  985
  938  939
  939  986
  939  985
  940  988
  940  987
  942  990
  943  990
  943  991
  944  992
  944  945
  944  991
  945  992
  945  993
  946  947
  946  995
  946  996
  946  994
  947  996
  948 1043
  948  996
  948  997
  949 1044
  949  998
  949  950
  950  998
  951 1000
  951  952
  951  999
  952 1000
  953 1003
  953 1002
  953 1001
  954 1004
  954 1003
  955 1005
  955  956
  955 1004
  956 1006
  956  957
  956 1005
  957 1008
  957 1006
  958 1009
  958  959
  959 1009
  959 1010
  959  960
  960 1011
  960 1056
  961 1012
  961 1011
  962  963
  962 1012
  963 1013
  963 1014
  963  964
  964 1015
  964  965
  964 1016
  964 1014
  965  966
  966 1017
  966 1016
  966  967
  967  968
  967 1019
  967 1017
  968 1020
  968  969
  970 1021
  970 1020
  970  971
  971 1022
  971  972
  971 1021
  972 1068
  972 1023
  972 1022
  973  974
  974 1024
  974 1023
  976 1071
  976 1026
  976 1025
  977  978
  978 1027
  978  979
  978 1026
  979 1028
  979 1027
  979  980
  980  981
  980 1028
  981 1030
  981 1029
  981  982
  982  983
  982 1030
  983  984
  983 1030
  984 1031
  985 1078
  985 1033
  985 1032
  986 1033
  986  987
  987 1035
  987 1034
  987 1033
  989 1037
  990 1037
  990 1038
  991 1039
  991  992
  991 1038
  992  993
  993 1040
  993 1039
  994 1040
  995  996
  995 1040
  996 1041
  996 1042
  997 1043
  998 1090
  998 1089
  998  999
  998 1044
  999 1045
  999 1046
  999 1000
 1000 1047
 1000 1001
 1000 1091
 1001 1048
 1001 1047
 1001 1002
 1002 1049
 1002 1094
 1002 1048
 1003 1050
 1003 1004
 1003 1049
 1004 1005
 1005 1097
 1005 1006
 1005 1050
 1006 1051
 1006 1053
 1007 1053
 1007 1008
 1008 1054
 1008 1009
 1008 1053
 1009 1010
 1009 1055
 1010 1055
 1011 1012
 1011 1056
 1012 1057
 1012 1058
 1013 1059
 1013 1014
 1014 1060
 1014 1015
 1015 1062
 1015 1016
 1015 1060
 1016 1017
 1017 1063
 1017 1064
 1017 1062
 1018 1019
 1019 1020
 1019 1064
 1019 1066
 1020 1066
 1020 1021
 1021 1022
 1021 1066
 1022 1067
 1023 1024
 1023 1070
 1023 1068
 1024 1070
 1024 1025
 1025 1070
 1026 1121
 1026 1072
 1026 1027
 1026 1071
 1027 1028
 1027 1072
 1028 1029
 1028 1073
 1029 1076
 1029 1030
 1029 1074
 1030 1031
 1030 1077
 1031 1032
 1032 1077
 1033 1079
 1033 1034
 1033 1078
 1034 1080
 1035 1080
 1037 1083
 1037 1082
 1038 1084
 1038 1083
 1038 1039
 1039 1085
 1039 1040
 1039 1084
 1040 1041
 1040 1085
 1041 1087
 1041 1042
 1041 1086
 1042 1138
 1042 1087
 1042 1088
 1043 1044
 1044 1089
 1044 1088
 1046 1090
 1047 1048
 1047 1091
 1048 1094
 1048 1092
 1049 1050
 1049 1094
 1050 1095
 1050 1096
 1050 1097
 1051 1098
 1051 1052
 1051 1097
 1052 1099
 1052 1053
 1052 1098
 1053 1054
 1053 1099
 1054 1055
 1054 1100
 1054 1150
 1054 1101
 1055 1101
 1055 1102
 1056 1104
 1056 1102
 1056 1057
 1057 1058
 1058 1106
 1058 1105
 1058 1059
 1058 1104
 1059 1157
 1059 1107
 1059 1060
 1059 1106
 1061 1108
 1061 1107
 1061 1062
 1062 1109
 1062 1108
 1062 1063
 1063 1109
 1064 1111
 1064 1110
 1064 1065
 1065 1112
 1065 1066
 1065 1111
 1066 1115
 1066 1113
 1066 1067
 1067 1068
 1067 1115
 1068 1116
 1068 1069
 1069 1119
 1069 1118
 1069 1070
 1069 1117
 1070 1120
 1070 1071
 1071 1121
 1071 1120
 1072 1122
 1072 1169
 1073 1123
 1073 1122
 1073 1074
 1074 1170
 1074 1075
 1075 1125
 1075 1076
 1075 1124
 1076 1077
 1076 1125
 1076 1126
 1077 1128
 1077 1127
 1077 1126
 1077 1078
 1078 1129
 1078 1079
 1078 1128
 1079 1130
 1079 1129
 1080 1131
 1080 1130
 1082 1133
 1083 1181
 1083 1133
 1083 1134
 1084 1181
 1084 1135
 1084 1085
 1085 1136
 1085 1135
 1086 1136
 1086 1087
 1087 1138
 1087 1136
 1088 1185
 1088 1089
 1088 1138
 1089 1141
 1089 1140
 1089 1090
 1090 1091
 1091 1143
 1091 1142
 1091 1141
 1091 1092
 1092 1093
 1092 1144
 1093 1144
 1093 1145
 1093 1094
 1094 1145
 1095 1146
 1097 1146
 1097 1147
 1097 1098
 1098 1194
 1098 1148
 1098 1147
 1099 1100
 1099 1149
 1100 1150
 1100 1149
 1101 1102
 1101 1152
 1101 1150
 1102 1152
 1103 1154
 1103 1153
 1103 1104
 1103 1152
 1104 1200
 1104 1154
 1104 1155
 1104 1105
 1105 1155
 1106 1202
 1106 1201
 1106 1157
 1106 1156
 1107 1158
 1107 1108
 1107 1157
 1108 1205
 1108 1158
 1108 1159
 1109 1160
 1109 1110
 1110 1111
 1110 1161
 1110 1160
 1111 1161
 1112 1161
 1112 1209
 1112 1162
 1114 1210
 1114 1162
 1114 1163
 1114 1115
 1115 1164
 1115 1163
 1117 1212
 1117 1165
 1117 1118
 1117 1164
 1118 1166
 1118 1165
 1119 1120
 1120 1121
 1120 1166
 1121 1168
 1121 1167
 1121 1169
 1122 1169
 1122 1217
 1122 1170
 1124 1171
 1124 1125
 1124 1170
 1125 1172
 1125 1126
 1126 1172
 1126 1127
 1127 1174
 1127 1128
 1127 1173
 1128 1129
 1128 1175
 1129 1178
 1129 1177
 1129 1176
 1130 1179
 1130 1178
 1133 1227
 1133 1180
 1134 1227
 1135 1228
 1135 1182
 1135 1136
 1136 1184
 1136 1182
 1136 1137
 1138 1231
 1138 1184
 1139 1186
 1139 1185
 1140 1233
 1140 1141
 1140 1187
 1141 1142
 1142 1188
 1142 1187
 1143 1236
 1143 1189
 1143 1188
 1143 1144
 1144 1145
 1144 1189
 1145 1191
 1145 1190
 1145 1146
 1146 1192
 1146 1193
 1146 1191
 1146 1147
 1147 1193
 1148 1195
 1148 1149
 1148 1194
 1149 1150
 1149 1196
 1150 1196
 1150 1151
 1151 1152
 1151 1196
 1152 1198
 1152 1197
 1153 1198
 1153 1199
 1154 1200
 1155 1248
 1155 1201
 1155 1200
 1156 1201
 1157 1204
 1157 1158
 1157 1202
 1158 1252
 1158 1204
 1159 1206
 1159 1160
 1159 1205
 1160 1208
 1160 1161
 1160 1206
 1161 1209
 1161 1208
 1162 1210
 1162 1209
 1163 1211
 1163 1164
 1163 1210
 1164 1212
 1164 1211
 1165 1166
 1165 1214
 1165 1212
 1166 1167
 1167 1168
 1167 1215
 1167 1216
 1167 1214
 1168 1169
 1169 1264
 1169 1216
 1169 1217
 1170 1171
 1170 1218
 1170 1217
 1171 1172
 1172 1220
 1172 1219
 1173 1221
 1173 1220
 1173 1174
 1174 1222
 1174 1221
 1176 1223
 1176 1222
 1176 1177
 1177 1224
 1177 1223
 1178 1224
 1179 1224
 1180 1227
 1181 1228
 1181 1227
 1182 1229
 1182 1228
 1183 1229
 1183 1184
 1184 1231
 1184 1278
 1184 1230
 1185 1280
 1185 1186
 1185 1232
 1185 1231
 1186 1232
 1186 1233
 1187 1234
 1187 1188
 1187 1233
 1188 1234
 1188 1236
 1189 1237
 1189 1236
 1190 1191
 1190 1238
 1191 1240
 1191 1238
 1191 1192
 1192 1193
 1192 1241
 1192 1240
 1193 1289
 1193 1242
 1193 1194
 1194 1195
 1195 1244
 1195 1196
 1195 1242
 1196 1244
 1197 1244
 1197 1245
 1197 1198
 1198 1199
 1198 1247
 1198 1245
 1199 1247
 1199 1200
 1200 1248
 1200 1247
 1201 1249
 1201 1248
 1202 1203
 1203 1250
 1204 1252
 1204 1250
 1205 1253
 1205 1252
 1206 1254
 1206 1207
 1207 1208
 1208 1255
 1208 1209
 1209 1210
 1209 1255
 1210 1258
 1210 1211
 1210 1256
 1211 1258
 1212 1213
 1212 1258
 1213 1214
 1213 1260
 1213 1261
 1213 1259
 1214 1262
 1214 1215
 1214 1261
 1215 1262
 1215 1216
 1216 1263
 1216 1264
 1217 1218
 1217 1264
 1218 1266
 1218 1265
 1218 1267
 1218 1219
 1219 1220
 1219 1268
 1219 1267
 1220 1221
 1220 1269
 1221 1222
 1221 1270
 1222 1271
 1222 1223
 1222 1270
 1223 1272
 1223 1224
 1224 1272
 1225 1272
 1226 1275
 1227 1275
 1227 1228
 1228 1229
 1228 1277
 1228 1275
 1229 1277
 1230 1278
 1231 1280
 1231 1278
 1232 1233
 1232 1281
 1232 1280
 1233 1281
 1233 1234
 1234 1283
 1234 1282
 1235 1283
 1236 1284
 1236 1237
 1237 1238
 1237 1284
 1238 1332
 1238 1285
 1238 1286
 1239 1286
 1239 1240
 1240 1287
 1240 1241
 1240 1286
 1241 1288
 1241 1287
 1242 1290
 1242 1243
 1242 1289
 1243 1244
 1243 1291
 1244 1291
 1244 1293
 1244 1245
 1245 1294
 1245 1293
 1246 1247
 1247 1340
 1247 1248
 1247 1296
 1248 1296
 1248 1297
 1249 1298
 1249 1250
 1250 1251
 1251 1299
 1251 1298
 1252 1300
 1252 1253
 1252 1299
 1253 1300
 1253 1254
 1254 1255
 1254 1300
 1255 1256
 1255 1301
 1256 1302
 1256 1257
 1257 1305
 1257 1258
 1257 1304
 1257 1303
 1258 1305
 1259 1260
 1260 1307
 1260 1306
 1261 1354
 1261 1307
 1261 1308
 1261 1262
 1262 1263
 1263 1264
 1263 1308
 1263 1309
 1263 1310
 1264 1310
 1264 1311
 1265 1357
 1265 1266
 1265 1311
 1265 1312
 1266 1312
 1266 1313
 1267 1268
 1268 1360
 1268 1314
 1268 1269
 1268 1313
 1269 1315
 1269 1314
 1269 1270
 1270 1317
 1270 1271
 1270 1315
 1271 1318
 1271 1272
 1272 1320
 1272 1319
 1272 1318
 1274 1322
 1275 1322
 1275 1276
 1275 1323
 1276 1324
 1276 1277
 1276 1323
 1277 1325
 1277 1324
 1277 1278
 1278 1373
 1278 1326
 1278 1325
 1280 1327
 1280 1281
 1280 1326
 1281 1375
 1281 1328
 1281 1327
 1282 1329
 1282 1283
 1283 1284
 1284 1330
 1284 1285
 1284 1331
 1284 1329
 1285 1332
 1285 1331
 1286 1332
 1287 1334
 1287 1332
 1287 1288
 1288 1335
 1288 1334
 1289 1336
 1289 1290
 1290 1291
 1290 1336
 1291 1337
 1291 1336
 1292 1386
 1292 1338
 1292 1293
 1292 1337
 1293 1338
 1293 1339
 1294 1295
 1294 1339
 1295 1340
 1295 1339
 1296 1297
 1296 1340
 1297 1343
 1297 1298
 1297 1342
 1297 1341
 1298 1343
 1298 1344
 1298 1299
 1299 1300
 1300 1344
 1300 1346
 1300 1301
 1301 1302
 1301 1347
 1301 1346
 1302 1348
 1303 1349
 1303 1304
 1304 1305
 1305 1350
 1305 1351
 1305 1306
 1305 1349
 1306 1351
 1306 1352
 1306 1307
 1307 1353
 1307 1352
 1308 1355
 1308 1309
 1308 1403
 1308 1354
 1309 1404
 1309 1355
 1309 1356
 1310 1356
 1311 1357
 1312 1359
 1312 1313
 1312 1357
 1313 1360
 1313 1359
 1314 1315
 1314 1362
 1314 1360
 1315 1363
 1315 1316
 1316 1363
 1316 1364
 1316 1317
 1317 1365
 1317 1364
 1317 1318
 1318 1365
 1319 1366
 1319 1365
 1320 1366
 1322 1369
 1322 1368
 1323 1370
 1323 1324
 1324 1372
 1324 1325
 1324 1370
 1325 1373
 1326 1422
 1326 1327
 1326 1374
 1326 1373
 1327 1374
 1328 1329
 1328 1376
 1328 1377
 1328 1375
 1329 1377
 1329 1330
 1330 1427
 1330 1331
 1330 1379
 1331 1428
 1331 1380
 1331 1332
 1332 1381
 1332 1380
 1334 1431
 1334 1382
 1334 1335
 1334 1381
 1335 1384
 1335 1383
 1335 1336
 1335 1382
 1336 1385
 1336 1337
 1337 1386
 1338 1387
 1338 1339
 1338 1388
 1339 1340
 1339 1389
 1340 1389
 1340 1390
 1341 1342
 1342 1343
 1342 1391
 1342 1390
 1343 1441
 1343 1393
 1343 1344
 1344 1395
 1344 1345
 1344 1393
 1345 1346
 1345 1395
 1346 1395
 1346 1396
 1347 1398
 1347 1396
 1347 1348
 1348 1399
 1348 1349
 1348 1398
 1349 1350
 1350 1399
 1350 1400
 1351 1400
 1352 1353
 1352 1400
 1353 1402
 1353 1401
 1354 1402
 1355 1452
 1355 1404
 1356 1406
 1356 1405
 1356 1357
 1356 1404
 1357 1358
 1357 1406
 1358 1408
 1358 1359
 1359 1456
 1359 1409
 1359 1360
 1360 1409
 1360 1361
 1361 1410
 1361 1409
 1362 1363
 1363 1411
 1363 1364
 1363 1410
 1364 1365
 1364 1412
 1365 1413
 1365 1414
 1366 1415
 1367 1415
 1369 1465
 1369 1418
 1369 1417
 1369 1370
 1370 1419
 1370 1371
 1371 1372
 1371 1419
 1372 1420
 1372 1422
 1373 1422
 1374 1424
 1374 1423
 1374 1422
 1375 1425
 1375 1376
 1376 1377
 1377 1425
 1378 1426
 1378 1427
 1379 1428
 1380 1381
 1380 1430
 1380 1428
 1381 1430
 1381 1431
 1382 1432
 1382 1431
 1383 1432
 1383 1433
 1383 1384
 1384 1385
 1385 1433
 1386 1435
 1386 1434
 1387 1388
 1388 1435
 1388 1436
 1389 1437
 1389 1390
 1389 1436
 1390 1439
 1390 1438
 1390 1437
 1390 1391
 1391 1486
 1391 1440
 1391 1439
 1392 1440
 1392 1441
 1393 1442
 1393 1441
 1394 1443
 1394 1395
 1394 1442
 1395 1396
 1395 1444
 1396 1444
 1397 1398
 1398 1447
 1398 1445
 1398 1399
 1399 1494
 1399 1448
 1399 1447
 1399 1400
 1400 1450
 1400 1401
 1400 1448
 1401 1451
 1401 1402
 1402 1403
 1402 1452
 1404 1452
 1405 1501
 1405 1453
 1405 1406
 1406 1455
 1406 1454
 1408 1456
 1408 1455
 1409 1458
 1409 1410
 1409 1456
 1410 1459
 1410 1411
 1412 1506
 1412 1459
 1413 1461
 1413 1460
 1413 1414
 1414 1462
 1414 1415
 1414 1461
 1415 1463
 1415 1462
 1417 1465
 1418 1513
 1418 1512
 1418 1419
 1419 1420
 1419 1466
 1419 1513
 1420 1466
 1420 1467
 1420 1421
 1422 1468
 1422 1467
 1422 1423
 1423 1517
 1423 1469
 1423 1468
 1424 1425
 1425 1471
 1425 1426
 1425 1469
 1426 1471
 1426 1427
 1426 1472
 1427 1472
 1427 1473
 1427 1428
 1428 1522
 1428 1474
 1429 1474
 1430 1475
 1430 1431
 1430 1474
 1431 1476
 1431 1432
 1431 1475
 1432 1433
 1432 1477
 1432 1476
 1433 1434
 1433 1478
 1434 1481
 1434 1479
 1434 1480
 1434 1435
 1435 1528
 1435 1482
 1435 1481
 1435 1436
 1436 1484
 1436 1437
 1436 1482
 1437 1484
 1438 1485
 1438 1484
 1439 1485
 1439 1486
 1440 1487
 1440 1486
 1441 1488
 1441 1442
 1441 1487
 1442 1443
 1442 1488
 1443 1489
 1443 1490
 1443 1444
 1444 1491
 1444 1445
 1444 1490
 1445 1493
 1445 1446
 1445 1491
 1446 1493
 1448 1495
 1448 1494
 1449 1450
 1450 1496
 1450 1451
 1450 1495
 1450 1497
 1451 1498
 1451 1497
 1451 1452
 1452 1453
 1452 1500
 1452 1499
 1452 1498
 1453 1501
 1453 1500
 1454 1455
 1454 1502
 1454 1501
 1455 1503
 1455 1456
 1455 1502
 1456 1457
 1457 1458
 1457 1503
 1458 1504
 1458 1505
 1458 1459
 1459 1506
 1459 1505
 1460 1507
 1460 1461
 1460 1506
 1461 1509
 1461 1508
 1461 1507
 1462 1510
 1462 1509
 1465 1512
 1465 1511
 1466 1467
 1466 1513
 1467 1468
 1467 1514
 1467 1515
 1468 1517
 1468 1515
 1469 1518
 1469 1470
 1469 1517
 1470 1566
 1471 1520
 1471 1519
 1471 1472
 1472 1568
 1472 1473
 1472 1521
 1473 1522
 1473 1569
 1474 1523
 1474 1522
 1475 1476
 1476 1477
 1476 1523
 1476 1571
 1477 1524
 1477 1525
 1478 1526
 1478 1525
 1479 1480
 1479 1527
 1479 1526
 1480 1527
 1481 1528
 1482 1529
 1482 1528
 1483 1530
 1483 1484
 1484 1532
 1484 1485
 1484 1530
 1485 1532
 1486 1532
 1486 1533
 1487 1488
 1488 1533
 1488 1489
 1489 1583
 1489 1535
 1489 1534
 1489 1490
 1490 1491
 1490 1537
 1490 1535
 1491 1537
 1492 1493
 1492 1538
 1492 1537
 1493 1540
 1493 1539
 1493 1494
 1493 1538
 1494 1540
 1494 1495
 1495 1541
 1495 1496
 1495 1542
 1495 1540
 1496 1542
 1496 1497
 1497 1544
 1497 1543
 1499 1546
 1499 1545
 1499 1500
 1500 1547
 1500 1546
 1501 1548
 1501 1502
 1502 1503
 1502 1549
 1503 1550
 1503 1504
 1503 1549
 1504 1551
 1504 1550
 1504 1505
 1505 1552
 1505 1506
 1505 1551
 1506 1507
 1506 1552
 1507 1553
 1508 1555
 1508 1554
 1508 1509
 1509 1556
 1509 1555
 1510 1556
 1512 1558
 1512 1559
 1512 1560
 1513 1560
 1513 1561
 1513 1514
 1514 1562
 1514 1515
 1514 1561
 1515 1564
 1515 1562
 1515 1516
 1516 1517
 1516 1564
 1517 1565
 1517 1518
 1518 1612
 1518 1566
 1518 1565
 1519 1567
 1519 1566
 1520 1568
 1521 1569
 1521 1568
 1522 1523
 1522 1569
 1523 1571
 1523 1570
 1524 1525
 1524 1571
 1525 1526
 1525 1572
 1525 1573
 1526 1621
 1526 1527
 1526 1573
 1527 1576
 1527 1621
 1527 1528
 1528 1576
 1529 1577
 1529 1530
 1529 1576
 1530 1578
 1531 1579
 1531 1532
 1532 1533
 1532 1581
 1532 1579
 1533 1581
 1533 1582
 1533 1534
 1534 1583
 1534 1582
 1535 1536
 1535 1583
 1536 1584
 1536 1585
 1536 1537
 1537 1538
 1537 1586
 1537 1633
 1538 1587
 1538 1586
 1539 1540
 1540 1588
 1540 1541
 1540 1587
 1541 1590
 1541 1542
 1542 1590
 1542 1543
 1543 1592
 1543 1591
 1544 1545
 1544 1592
 1545 1592
 1546 1594
 1546 1547
 1546 1593
 1547 1595
 1547 1594
 1547 1548
 1548 1643
 1548 1596
 1548 1549
 1548 1595
 1549 1597
 1549 1596
 1550 1598
 1550 1551
 1551 1552
 1551 1599
 1552 1599
 1553 1601
 1553 1599
 1553 1554
 1554 1555
 1554 1601
 1555 1603
 1555 1601
 1556 1604
 1556 1603
 1558 1606
 1559 1606
 1559 1560
 1560 1608
 1560 1561
 1560 1607
 1561 1562
 1562 1608
 1563 1610
 1563 1564
 1563 1609
 1564 1611
 1564 1610
 1564 1565
 1565 1612
 1565 1611
 1566 1659
 1566 1567
 1567 1613
 1567 1614
 1567 1568
 1568 1615
 1568 1614
 1569 1616
 1569 1570
 1570 1617
 1570 1571
 1571 1617
 1571 1572
 1572 1619
 1572 1573
 1572 1618
 1573 1620
 1573 1619
 1574 1620
 1574 1621
 1575 1576
 1575 1622
 1575 1621
 1576 1622
 1576 1577
 1577 1670
 1577 1624
 1577 1578
 1577 1623
 1578 1625
 1578 1624
 1578 1579
 1579 1580
 1579 1625
 1580 1627
 1580 1626
 1580 1581
 1581 1582
 1581 1627
 1582 1583
 1582 1628
 1583 1630
 1583 1629
 1583 1631
 1584 1632
 1584 1585
 1585 1633
 1586 1678
 1586 1587
 1586 1634
 1586 1633
 1587 1588
 1587 1634
 1587 1635
 1588 1636
 1588 1635
 1589 1637
 1589 1636
 1590 1591
 1591 1683
 1591 1639
 1591 1592
 1591 1637
 1592 1639
 1592 1593
 1593 1684
 1593 1640
 1593 1594
 1593 1639
 1594 1595
 1594 1640
 1595 1641
 1595 1643
 1596 1689
 1596 1644
 1596 1597
 1597 1598
 1597 1644
 1598 1645
 1598 1646
 1598 1599
 1599 1647
 1599 1646
 1600 1693
 1600 1648
 1600 1601
 1600 1647
 1601 1649
 1601 1648
 1601 1602
 1602 1650
 1602 1603
 1602 1649
 1603 1651
 1603 1650
 1605 1653
 1606 1653
 1607 1608
 1607 1654
 1607 1653
 1608 1654
 1608 1655
 1609 1656
 1609 1610
 1610 1611
 1611 1612
 1611 1656
 1612 1659
 1612 1658
 1612 1657
 1613 1659
 1613 1614
 1614 1615
 1614 1661
 1614 1660
 1615 1662
 1615 1616
 1615 1661
 1616 1617
 1616 1663
 1616 1662
 1617 1664
 1617 1618
 1618 1665
 1618 1619
 1618 1664
 1619 1665
 1619 1666
 1620 1621
 1621 1666
 1621 1622
 1622 1623
 1622 1668
 1622 1667
 1623 1670
 1623 1718
 1624 1671
 1624 1670
 1626 1672
 1626 1627
 1626 1671
 1627 1721
 1627 1673
 1627 1672
 1628 1674
 1628 1673
 1629 1630
 1630 1675
 1630 1674
 1631 1675
 1631 1632
 1632 1676
 1632 1633
 1633 1726
 1633 1678
 1633 1677
 1634 1635
 1634 1678
 1635 1679
 1635 1636
 1636 1729
 1636 1637
 1636 1680
 1637 1682
 1637 1681
 1637 1638
 1638 1732
 1638 1682
 1639 1734
 1639 1683
 1640 1641
 1640 1686
 1640 1684
 1641 1687
 1641 1642
 1641 1686
 1642 1687
 1642 1643
 1642 1688
 1643 1689
 1644 1738
 1644 1690
 1644 1689
 1645 1740
 1645 1691
 1645 1646
 1646 1691
 1646 1647
 1647 1693
 1648 1744
 1648 1695
 1648 1649
 1648 1693
 1649 1695
 1649 1650
 1650 1697
 1650 1696
 1651 1697
 1652 1700
 1653 1700
 1653 1701
 1653 1654
 1654 1655
 1654 1701
 1655 1703
 1655 1704
 1655 1702
 1655 1656
 1656 1752
 1656 1753
 1656 1657
 1656 1705
 1656 1704
 1657 1658
 1657 1705
 1658 1706
 1658 1707
 1659 1660
 1660 1661
 1660 1707
 1661 1708
 1661 1662
 1662 1663
 1662 1711
 1662 1709
 1663 1711
 1664 1761
 1664 1712
 1664 1665
 1664 1711
 1665 1762
 1665 1666
 1665 1712
 1665 1713
 1666 1715
 1666 1714
 1666 1713
 1666 1667
 1667 1668
 1667 1716
 1667 1715
 1668 1716
 1669 1718
 1669 1716
 1670 1671
 1671 1719
 1671 1720
 1672 1721
 1673 1723
 1673 1674
 1673 1722
 1674 1724
 1674 1675
 1675 1676
 1676 1773
 1676 1724
 1676 1677
 1677 1774
 1677 1726
 1677 1725
 1678 1775
 1678 1727
 1678 1726
 1679 1728
 1679 1680
 1680 1728
 1681 1778
 1681 1682
 1681 1730
 1681 1729
 1682 1730
 1682 1732
 1683 1734
 1683 1733
 1683 1732
 1684 1734
 1685 1735
 1685 1686
 1685 1782
 1686 1687
 1686 1735
 1687 1737
 1687 1736
 1688 1738
 1690 1739
 1690 1740
 1690 1738
 1691 1742
 1691 1692
 1691 1740
 1692 1693
 1693 1743
 1693 1742
 1694 1744
 1695 1696
 1695 1744
 1696 1746
 1696 1745
 1698 1746
 1700 1749
 1700 1748
 1700 1701
 1701 1750
 1701 1749
 1701 1751
 1703 1798
 1703 1752
 1703 1751
 1704 1752
 1705 1800
 1705 1706
 1705 1755
 1705 1753
 1706 1755
 1706 1756
 1706 1707
 1707 1708
 1708 1756
 1708 1709
 1709 1759
 1709 1710
 1709 1757
 1710 1760
 1710 1711
 1711 1761
 1712 1807
 1712 1761
 1713 1808
 1713 1763
 1713 1762
 1714 1715
 1715 1716
 1715 1764
 1715 1765
 1716 1767
 1716 1766
 1718 1768
 1718 1767
 1718 1719
 1719 1813
 1719 1769
 1719 1720
 1719 1768
 1720 1814
 1720 1769
 1720 1721
 1720 1770
 1722 1771
 1722 1723
 1722 1770
 1723 1772
 1723 1724
 1723 1771
 1725 1819
 1725 1818
 1725 1774
 1725 1773
 1726 1775
 1726 1774
 1727 1776
 1727 1775
 1728 1777
 1728 1729
 1729 1778
 1729 1777
 1730 1779
 1730 1778
 1732 1826
 1732 1780
 1732 1779
 1733 1734
 1734 1780
 1734 1781
 1734 1782
 1735 1829
 1735 1783
 1735 1782
 1736 1737
 1737 1738
 1737 1785
 1737 1784
 1737 1783
 1738 1787
 1738 1739
 1738 1785
 1739 1787
 1739 1788
 1740 1788
 1741 1789
 1741 1742
 1742 1790
 1742 1743
 1742 1789
 1743 1790
 1743 1791
 1743 1744
 1744 1745
 1745 1792
 1745 1791
 1746 1793
 1746 1792
 1746 1747
 1747 1793
 1748 1796
 1749 1796
 1749 1750
 1749 1797
 1750 1751
 1750 1798
 1752 1799
 1752 1798
 1754 1800
 1754 1799
 1755 1756
 1756 1757
 1756 1802
 1756 1801
 1757 1803
 1757 1802
 1757 1758
 1758 1759
 1758 1804
 1758 1803
 1759 1805
 1759 1804
 1759 1760
 1760 1806
 1760 1805
 1762 1856
 1762 1808
 1762 1807
 1763 1857
 1763 1809
 1763 1764
 1763 1808
 1764 1765
 1765 1809
 1765 1810
 1766 1767
 1767 1811
 1767 1768
 1767 1810
 1768 1813
 1768 1811
 1769 1862
 1769 1814
 1770 1863
 1770 1815
 1770 1771
 1770 1814
 1771 1817
 1771 1772
 1771 1815
 1772 1773
 1773 1817
 1773 1818
 1774 1775
 1774 1819
 1775 1870
 1775 1822
 1775 1776
 1775 1820
 1776 1777
 1777 1823
 1777 1822
 1777 1778
 1778 1779
 1778 1825
 1779 1825
 1779 1826
 1780 1827
 1780 1781
 1780 1826
 1781 1827
 1781 1782
 1782 1829
 1783 1831
 1783 1784
 1783 1830
 1783 1829
 1784 1831
 1785 1879
 1785 1786
 1786 1833
 1786 1832
 1786 1787
 1787 1833
 1788 1789
 1788 1833
 1789 1836
 1789 1790
 1789 1834
 1790 1791
 1790 1836
 1791 1839
 1791 1838
 1791 1837
 1791 1792
 1792 1887
 1792 1840
 1792 1839
 1793 1888
 1793 1841
 1795 1843
 1796 1843
 1796 1844
 1796 1797
 1797 1798
 1797 1844
 1798 1846
 1798 1893
 1798 1799
 1798 1845
 1799 1847
 1799 1846
 1799 1800
 1800 1849
 1800 1801
 1800 1848
 1800 1847
 1801 1802
 1802 1851
 1802 1803
 1802 1849
 1803 1804
 1804 1853
 1804 1851
 1804 1805
 1805 1854
 1805 1853
 1806 1807
 1807 1855
 1807 1854
 1807 1856
 1808 1857
 1808 1907
 1809 1810
 1809 1858
 1809 1857
 1810 1858
 1810 1859
 1810 1811
 1811 1861
 1811 1812
 1811 1859
 1812 1861
 1813 1912
 1814 1862
 1815 1864
 1815 1915
 1815 1863
 1816 1865
 1816 1817
 1817 1818
 1817 1866
 1817 1865
 1818 1866
 1818 1819
 1819 1868
 1819 1867
 1820 1821
 1821 1870
 1822 1823
 1822 1871
 1822 1870
 1823 1871
 1823 1872
 1824 1873
 1824 1825
 1825 1923
 1825 1826
 1825 1873
 1826 1874
 1826 1875
 1827 1875
 1828 1876
 1828 1829
 1829 1877
 1829 1876
 1830 1927
 1830 1878
 1830 1831
 1831 1879
 1831 1878
 1832 1833
 1832 1880
 1833 1880
 1833 1834
 1834 1835
 1834 1882
 1834 1883
 1834 1881
 1835 1932
 1835 1883
 1835 1884
 1836 1885
 1836 1837
 1836 1884
 1837 1886
 1837 1885
 1839 1935
 1839 1887
 1839 1886
 1840 1936
 1840 1888
 1840 1887
 1841 1888
 1842 1891
 1843 1891
 1844 1845
 1844 1892
 1844 1891
 1845 1892
 1846 1847
 1846 1895
 1846 1893
 1847 1848
 1847 1896
 1848 1943
 1848 1897
 1848 1849
 1849 1898
 1849 1850
 1849 1897
 1850 1900
 1850 1898
 1850 1851
 1851 1852
 1851 1901
 1851 1900
 1852 1901
 1852 1902
 1853 1902
 1853 1854
 1853 1903
 1854 1904
 1854 1903
 1854 1855
 1855 1906
 1855 1905
 1855 1904
 1856 1907
 1857 1908
 1857 1907
 1858 1859
 1858 1908
 1859 1909
 1859 1860
 1860 1911
 1860 1861
 1860 1910
 1861 1912
 1861 1911
 1862 1914
 1862 1863
 1862 1912
 1863 1915
 1863 1914
 1864 1961
 1864 1916
 1864 1915
 1865 1866
 1866 1916
 1866 1867
 1867 1868
 1868 1919
 1868 1918
 1868 1869
 1869 1965
 1869 1919
 1870 1920
 1870 1871
 1871 1872
 1871 1922
 1871 1920
 1872 1922
 1872 1873
 1873 1969
 1874 1875
 1875 1876
 1875 1925
 1875 1924
 1876 1926
 1876 1925
 1877 1973
 1877 1927
 1877 1926
 1878 1975
 1878 1929
 1878 1879
 1878 1927
 1879 1929
 1879 1880
 1880 1929
 1881 1931
 1881 1930
 1882 1931
 1883 1932
 1883 1931
 1884 1885
 1884 1932
 1885 1934
 1885 1933
 1886 1982
 1886 1935
 1887 1935
 1888 1937
 1888 1936
 1891 1939
 1891 1938
 1892 1893
 1892 1940
 1892 1941
 1892 1939
 1893 1941
 1893 1894
 1894 1895
 1895 1942
 1895 1943
 1897 1945
 1897 1943
 1897 1898
 1898 1994
 1898 1946
 1898 1945
 1900 1946
 1900 1947
 1900 1901
 1901 1949
 1901 1902
 1901 1947
 1903 1904
 1903 1950
 1903 1949
 1904 1951
 1904 1950
 1905 1951
 1906 1952
 1906 1951
 1907 2001
 1907 1953
 1907 1952
 1907 1908
 1908 1954
 1908 1953
 1909 1910
 1909 1954
 1910 1955
 1910 1954
 1910 1911
 1911 1912
 1911 1957
 1911 1955
 1912 1958
 1912 1957
 1913 1959
 1913 1958
 1914 1915
 1914 1960
 1914 1959
 1915 1961
 1916 1962
 1916 1917
 1916 1961
 1917 1963
 1917 1918
 1918 1919
 1918 1963
 1918 1964
 1919 1964
 1920 1921
 1920 1966
 1920 1965
 1921 1922
 1921 1966
 1921 1967
 1922 1968
 1922 1969
 1923 1924
 1923 1970
 1923 1969
 1924 1970
 1925 1972
 1925 2019
 1925 1971
 1925 1926
 1926 1972
 1927 1928
 1927 1973
 1928 2022
 1928 1975
 1929 1930
 1929 1975
 1930 1977
 1930 1976
 1930 1931
 1931 1932
 1931 1977
 1932 1979
 1932 1933
 1933 2027
 1933 1981
 1933 1934
 1933 1980
 1934 2028
 1934 1982
 1935 1984
 1935 1983
 1935 1982
 1936 1986
 1936 1985
 1936 1984
 1938 1988
 1939 1988
 1939 1940
 1940 1989
 1940 1941
 1941 1990
 1941 1942
 1941 1989
 1942 1991
 1942 1990
 1942 1943
 1943 1944
 1943 1993
 1943 1992
 1943 1991
 1945 1993
 1945 1994
 1946 1995
 1946 1947
 1946 1994
 1947 1948
 1947 1995
 1948 1996
 1948 1997
 1948 1949
 1949 1998
 1949 1950
 1949 1997
 1950 1951
 1950 1998
 1951 1999
 1951 2000
 1952 2045
 1952 2000
 1953 1954
 1953 2002
 1954 2004
 1954 1955
 1954 2002
 1955 1956
 1955 2005
 1957 2006
 1957 1958
 1957 2005
 1958 1959
 1958 2007
 1959 1960
 1959 2008
 1960 1961
 1961 2010
 1961 1962
 1961 2008
 1962 2058
 1962 2011
 1962 1963
 1962 2010
 1963 2011
 1963 1964
 1964 2013
 1964 1965
 1965 2014
 1965 1966
 1966 2015
 1966 1967
 1966 2014
 1967 2016
 1967 2015
 1968 2017
 1968 1969
 1969 2018
 1969 1970
 1970 2018
 1971 2019
 1971 2018
 1972 2021
 1972 1973
 1972 2019
 1973 1974
 1974 2022
 1974 2021
 1975 2071
 1975 2023
 1975 2022
 1976 2024
 1976 1977
 1977 2073
 1977 1978
 1977 2025
 1978 1979
 1979 2074
 1979 2026
 1979 2025
 1980 2027
 1980 2026
 1981 2028
 1981 2027
 1982 2030
 1982 2028
 1982 1983
 1983 1984
 1984 2031
 1984 2030
 1985 2031
 1986 2031
 1988 2082
 1988 2033
 1989 2035
 1989 1990
 1989 2034
 1990 2036
 1991 2036
 1991 2037
 1991 1992
 1992 2086
 1992 2038
 1992 1993
 1993 2087
 1993 2039
 1993 2038
 1993 1994
 1994 2039
 1995 1996
 1995 2041
 1995 2040
 1996 1997
 1996 2041
 1997 1998
 1997 2041
 1998 2042
 1998 2043
 1999 2044
 1999 2043
 1999 2000
 2000 2045
 2001 2002
 2001 2045
 2002 2047
 2002 2046
 2003 2047
 2003 2004
 2003 2049
 2004 2049
 2004 2050
 2004 2005
 2005 2051
 2005 2052
 2005 2050
 2005 2006
 2006 2053
 2006 2007
 2006 2052
 2007 2008
 2007 2053
 2008 2056
 2008 2055
 2008 2054
 2008 2009
 2009 2056
 2010 2057
 2011 2059
 2011 2058
 2012 2059
 2012 2013
 2013 2014
 2013 2061
 2014 2015
 2014 2062
 2015 2016
 2015 2063
 2016 2064
 2016 2063
 2016 2017
 2017 2064
 2017 2018
 2018 2019
 2018 2067
 2018 2065
 2019 2068
 2019 2067
 2020 2021
 2021 2070
 2021 2022
 2021 2068
 2022 2070
 2023 2072
 2023 2024
 2023 2071
 2024 2073
 2024 2072
 2025 2074
 2025 2073
 2026 2075
 2026 2074
 2027 2028
 2027 2076
 2028 2123
 2028 2077
 2028 2076
 2030 2078
 2030 2077
 2031 2079
 2031 2078
 2032 2079
 2033 2082
 2034 2084
 2034 2083
 2034 2035
 2034 2082
 2035 2085
 2035 2036
 2036 2085
 2038 2087
 2038 2134
 2039 2089
 2039 2040
 2039 2087
 2040 2090
 2040 2089
 2040 2041
 2041 2091
 2041 2042
 2042 2092
 2042 2043
 2042 2091
 2043 2142
 2043 2044
 2043 2093
 2044 2045
 2045 2094
 2045 2093
 2046 2094
 2046 2095
 2046 2047
 2047 2146
 2047 2095
 2047 2096
 2049 2147
 2049 2148
 2049 2050
 2049 2096
 2049 2097
 2050 2097
 2050 2098
 2051 2098
 2052 2099
 2052 2053
 2052 2098
 2053 2099
 2053 2054
 2054 2101
 2054 2102
 2054 2055
 2054 2100
 2055 2102
 2056 2103
 2056 2102
 2057 2104
 2057 2058
 2058 2104
 2058 2059
 2059 2105
 2059 2104
 2060 2061
 2061 2062
 2061 2106
 2062 2108
 2062 2107
 2063 2109
 2063 2064
 2064 2111
 2064 2110
 2064 2109
 2065 2112
 2065 2066
 2067 2112
 2067 2068
 2068 2114
 2068 2113
 2068 2069
 2069 2116
 2069 2115
 2069 2070
 2069 2114
 2070 2117
 2070 2116
 2071 2118
 2071 2117
 2071 2072
 2072 2073
 2072 2119
 2073 2121
 2073 2119
 2073 2074
 2074 2121
 2075 2121
 2075 2122
 2075 2076
 2076 2123
 2077 2124
 2077 2078
 2077 2123
 2078 2126
 2078 2125
 2078 2124
 2079 2127
 2079 2126
 2081 2129
 2082 2129
 2082 2130
 2083 2084
 2083 2131
 2083 2130
 2084 2131
 2084 2132
 2084 2085
 2085 2133
 2085 2132
 2085 2086
 2086 2134
 2086 2133
 2087 2088
 2087 2134
 2088 2089
 2088 2135
 2089 2090
 2089 2136
 2090 2137
 2090 2091
 2091 2141
 2091 2140
 2091 2092
 2092 2141
 2092 2142
 2093 2094
 2093 2142
 2094 2095
 2094 2143
 2094 2145
 2095 2146
 2096 2147
 2096 2146
 2097 2098
 2097 2149
 2098 2099
 2098 2199
 2098 2150
 2099 2200
 2099 2150
 2099 2151
 2101 2152
 2101 2102
 2101 2151
 2102 2154
 2102 2152
 2102 2103
 2103 2104
 2103 2155
 2103 2154
 2104 2157
 2104 2155
 2104 2105
 2105 2206
 2105 2158
 2105 2106
 2105 2157
 2106 2207
 2106 2159
 2106 2107
 2107 2108
 2107 2160
 2107 2159
 2108 2109
 2109 2210
 2109 2161
 2109 2160
 2109 2110
 2110 2162
 2110 2161
 2111 2162
 2111 2163
 2111 2112
 2112 2164
 2112 2113
 2112 2163
 2113 2165
 2113 2114
 2113 2164
 2114 2167
 2114 2165
 2114 2115
 2115 2168
 2116 2168
 2116 2117
 2117 2118
 2117 2170
 2117 2168
 2118 2170
 2118 2119
 2119 2172
 2119 2171
 2120 2174
 2120 2121
 2120 2172
 2120 2173
 2121 2175
 2121 2122
 2122 2176
 2122 2175
 2122 2123
 2123 2124
 2123 2176
 2124 2178
 2124 2125
 2125 2179
 2125 2178
 2126 2180
 2126 2179
 2129 2229
 2129 2182
 2129 2181
 2130 2230
 2130 2182
 2130 2183
 2130 2131
 2131 2132
 2131 2183
 2132 2184
 2132 2133
 2132 2183
 2133 2134
 2133 2185
 2133 2186
 2134 2135
 2134 2186
 2135 2188
 2135 2136
 2136 2189
 2136 2188
 2136 2137
 2137 2190
 2137 2138
 2137 2189
 2138 2190
 2138 2139
 2139 2191
 2140 2141
 2141 2192
 2141 2191
 2141 2142
 2142 2143
 2142 2193
 2142 2192
 2143 2194
 2143 2144
 2143 2193
 2144 2194
 2144 2195
 2144 2145
 2145 2196
 2145 2195
 2146 2197
 2146 2147
 2147 2197
 2148 2197
 2148 2198
 2149 2198
 2150 2248
 2150 2200
 2150 2199
 2151 2152
 2151 2202
 2151 2200
 2152 2202
 2153 2154
 2153 2203
 2154 2204
 2154 2203
 2155 2204
 2156 2205
 2156 2204
 2157 2205
 2158 2207
 2158 2206
 2159 2209
 2159 2160
 2159 2207
 2160 2210
 2161 2212
 2161 2162
 2161 2210
 2162 2213
 2162 2163
 2163 2164
 2164 2214
 2164 2213
 2165 2166
 2166 2214
 2167 2263
 2167 2216
 2167 2215
 2168 2216
 2168 2169
 2169 2264
 2169 2217
 2169 2216
 2170 2218
 2171 2218
 2172 2266
 2172 2219
 2172 2218
 2173 2220
 2173 2219
 2173 2174
 2174 2175
 2175 2222
 2175 2176
 2175 2220
 2176 2223
 2176 2177
 2177 2224
 2177 2223
 2177 2178
 2178 2225
 2178 2224
 2179 2226
 2179 2225
 2180 2226
 2181 2229
 2182 2230
 2183 2231
 2183 2184
 2183 2230
 2184 2232
 2184 2231
 2185 2232
 2185 2186
 2186 2187
 2186 2232
 2187 2188
 2187 2234
 2188 2189
 2188 2234
 2189 2190
 2189 2237
 2189 2236
 2190 2237
 2190 2191
 2191 2192
 2191 2238
 2191 2237
 2192 2240
 2192 2238
 2192 2193
 2193 2241
 2193 2194
 2194 2287
 2194 2242
 2194 2241
 2195 2196
 2195 2243
 2196 2197
 2196 2243
 2196 2244
 2197 2198
 2197 2244
 2197 2246
 2198 2247
 2198 2246
 2199 2248
 2199 2247
 2200 2249
 2200 2248
 2200 2201
 2201 2202
 2201 2250
 2201 2249
 2202 2250
 2202 2203
 2203 2204
 2203 2250
 2204 2252
 2204 2205
 2205 2253
 2205 2206
 2205 2252
 2206 2255
 2206 2253
 2206 2207
 2206 2254
 2207 2208
 2208 2209
 2208 2256
 2209 2257
 2209 2256
 2209 2210
 2210 2257
 2211 2212
 2211 2258
 2211 2257
 2212 2259
 2212 2213
 2213 2260
 2213 2259
 2213 2214
 2214 2262
 2214 2215
 2214 2261
 2214 2260
 2215 2262
 2215 2263
 2216 2309
 2216 2264
 2216 2263
 2217 2265
 2217 2218
 2217 2264
 2218 2266
 2218 2311
 2218 2265
 2219 2220
 2219 2268
 2219 2266
 2220 2221
 2220 2268
 2220 2269
 2221 2270
 2221 2269
 2222 2271
 2222 2270
 2222 2223
 2223 2272
 2223 2271
 2224 2225
 2225 2273
 2225 2272
 2226 2274
 2226 2273
 2229 2276
 2229 2275
 2230 2322
 2230 2277
 2230 2276
 2231 2232
 2231 2277
 2232 2280
 2232 2279
 2232 2233
 2232 2278
 2233 2281
 2233 2234
 2234 2327
 2234 2282
 2234 2235
 2235 2236
 2236 2237
 2236 2283
 2237 2238
 2237 2283
 2238 2239
 2238 2285
 2239 2333
 2239 2240
 2239 2285
 2239 2286
 2240 2241
 2241 2287
 2241 2286
 2242 2288
 2242 2287
 2243 2288
 2243 2244
 2244 2290
 2244 2245
 2244 2288
 2245 2290
 2246 2291
 2246 2290
 2247 2292
 2247 2248
 2248 2292
 2249 2294
 2249 2250
 2249 2293
 2250 2294
 2250 2251
 2251 2296
 2251 2252
 2251 2295
 2252 2298
 2252 2297
 2253 2254
 2253 2299
 2254 2255
 2255 2256
 2255 2299
 2256 2257
 2256 2301
 2257 2301
 2257 2303
 2258 2259
 2258 2303
 2259 2305
 2259 2260
 2260 2306
 2260 2261
 2261 2307
 2261 2262
 2262 2263
 2263 2307
 2264 2265
 2264 2309
 2265 2310
 2266 2267
 2267 2313
 2267 2268
 2268 2269
 2268 2313
 2269 2315
 2269 2270
 2270 2317
 2270 2316
 2270 2271
 2271 2272
 2271 2317
 2272 2273
 2273 2319
 2273 2318
 2274 2319
 2276 2366
 2276 2322
 2276 2321
 2277 2278
 2277 2322
 2278 2370
 2278 2323
 2279 2280
 2279 2324
 2280 2281
 2280 2326
 2280 2374
 2281 2327
 2281 2326
 2282 2283
 2282 2329
 2282 2327
 2283 2284
 2284 2285
 2284 2330
 2284 2329
 2285 2330
 2285 2332
 2286 2333
 2287 2334
 2288 2289
 2288 2335
 2289 2336
 2289 2290
 2290 2338
 2290 2291
 2291 2339
 2291 2292
 2292 2340
 2292 2293
 2293 2341
 2294 2342
 2294 2295
 2294 2341
 2295 2343
 2295 2296
 2296 2343
 2297 2343
 2297 2405
 2298 2344
 2298 2299
 2299 2347
 2299 2300
 2299 2345
 2300 2301
 2301 2302
 2301 2349
 2301 2347
 2302 2303
 2303 2304
 2303 2349
 2304 2305
 2304 2351
 2305 2352
 2305 2306
 2306 2307
 2307 2354
 2307 2353
 2307 2308
 2307 2352
 2308 2355
 2308 2309
 2309 2310
 2310 2311
 2310 2356
 2310 2355
 2311 2357
 2311 2312
 2312 2313
 2313 2358
 2313 2357
 2314 2360
 2314 2358
 2314 2315
 2315 2316
 2316 2361
 2316 2360
 2316 2317
 2317 2361
 2317 2318
 2318 2363
 2318 2319
 2319 2364
 2319 2320
 2322 2368
 2322 2323
 2322 2366
 2323 2370
 2323 2368
 2324 2372
 2324 2325
 2324 2370
 2325 2374
 2325 2372
 2326 2376
 2326 2374
 2327 2328
 2327 2376
 2328 2379
 2328 2377
 2328 2329
 2329 2381
 2329 2379
 2330 2331
 2330 2381
 2331 2332
 2331 2382
 2332 2385
 2332 2383
 2332 2333
 2333 2387
 2333 2334
 2333 2385
 2334 2388
 2334 2335
 2335 2390
 2335 2336
 2335 2388
 2336 2392
 2336 2390
 2336 2337
 2337 2394
 2337 2338
 2337 2392
 2338 2396
 2338 2339
 2338 2394
 2339 2398
 2339 2396
 2339 2340
 2340 2400
 2340 2341
 2340 2398
 2341 2401
 2342 2403
 2342 2343
 2342 2401
 2343 2405
 2343 2403
 2344 2407
 2344 2345
 2344 2405
 2345 2408
 2345 2346
 2346 2410
 2346 2347
 2346 2408
 2347 2412
 2347 2410
 2347 2348
 2348 2414
 2348 2349
 2348 2412
 2349 2416
 2349 2414
 2349 2350
 2350 2418
 2350 2351
 2350 2416
 2351 2420
 2351 2352
 2351 2418
 2352 2422
 2352 2353
 2352 2420
 2353 2424
 2353 2422
 2354 2426
 2354 2355
 2354 2424
 2355 2428
 2355 2426
 2356 2430
 2356 2357
 2356 2428
 2357 2432
 2357 2430
 2357 2358
 2358 2432
 2358 2359
 2359 2435
 2359 2360
 2359 2433
 2360 2437
 2360 2435
 2361 2439
 2361 2362
 2361 2437
 2362 2441
 2362 2363
 2362 2439
 2363 2443
 2363 2441
 2363 2364
 2447 2448
