   0.000          0.000          0.000    1
   0.000          0.000          0.000    2
   0.000          0.000          0.000    3
   0.000          0.000          0.000    4
   0.000          0.000          0.000    5
   0.000          0.000          0.000    6
   0.000          0.000          0.000    7
   0.000          0.000          0.000    8
   0.000          0.000          0.000    9
   0.000          0.000          0.000   10
   0.000          0.000          0.000   11
   0.000          0.000          0.000   12
   0.000          0.000          0.000   13
   0.000          0.000          0.000   14
   0.000          0.000          0.000   15
   0.000          0.000          0.000   16
   0.000          0.000          0.000   17
   0.000          0.000          0.000   18
   0.000          0.000          0.000   19
   0.000          0.000          0.000   20
   0.000          0.000          0.000   21
   0.000          0.000          0.000   22
   0.000          0.000          0.000   23
   0.000          0.000          0.000   24
   0.000          0.000          0.000   25
   0.000          0.000          0.000   26
   0.000          0.000          0.000   27
   0.000          0.000          0.000   28
   0.000          0.000          0.000   29
   0.000          0.000          0.000   30
   0.000          0.000          0.000   31
   0.000          0.000          0.000   32
   0.000          0.000          0.000   33
   0.000          0.000          0.000   34
   0.000          0.000          0.000   35
   0.000          0.000          0.000   36
   0.000          0.000          0.000   37
   0.000          0.000          0.000   38
   0.000          0.000          0.000   39
   0.000          0.000          0.000   40
   0.000          0.000          0.000   41
   0.000          0.000          0.000   42
   0.000          0.000          0.000   43
   0.000          0.000          0.000   44
   0.000          0.000          0.000   45
   0.000          0.000          0.000   46
   0.000          0.000          0.000   47
   0.000          0.000          0.000   48
   0.000          0.000          0.000   49
   0.000          0.000          0.000   50
   0.000          0.000          0.000   51
   0.000          0.000          0.000   52
   0.000          0.000          0.000   53
   0.000          0.000          0.000   54
   0.000          0.000          0.000   55
   0.000          0.000          0.000   56
   0.000          0.000          0.000   57
   0.000          0.000          0.000   58
   0.000          0.000          0.000   59
   0.000          0.000          0.000   60
   0.000          0.000          0.000   61
   0.000          0.000          0.000   62
   0.000          0.000          0.000   63
   0.000          0.000          0.000   64
   0.000          0.000          0.000   65
   0.000          0.000          0.000   66
   0.000          0.000          0.000   67
   0.000          0.000          0.000   68
   0.000          0.000          0.000   69
   0.000          0.000          0.000   70
   0.000          0.000          0.000   71
   0.000          0.000          0.000   72
   0.000          0.000          0.000   73
   0.000          0.000          0.000   74
   0.000          0.000          0.000   75
   0.000          0.000          0.000   76
   0.000          0.000          0.000   77
   0.000          0.000          0.000   78
   0.000          0.000          0.000   79
   0.000          0.000          0.000   80
   0.000          0.000          0.000   81
 788.809   12436320.134          0.003    5
 181.366    1750015.311          0.000    5
 105.613    1091873.355          0.000    7
 363.379    3325578.733          0.001    8
 131.589    1351230.240          0.000   10
 238.288    2231499.634          0.001   12
 296.636    2937038.160          0.001   13
  41.575     455793.163          0.000   15
 264.711    2648030.234          0.001   17
 521.524    5194336.714          0.001   19
  66.225     695152.987          0.000   20
 772.943    8616384.901          0.002   20
 231.989    2365302.501          0.001   24
  32.257     364252.261          0.000   26
 671.232    7550994.226          0.002   26
 151.662    1557872.191          0.000   30
 309.217    3047069.794          0.001   32
 473.814    4821720.518          0.001   35
  22.176     252951.751          0.000   35
 189.355    1835282.262          0.000   37
 745.237    8513883.846          0.002   41
  26.206     298467.476          0.000   41
 226.916    2295850.542          0.001   43
 227.570    2266996.717          0.001   45
  42.199     461406.206          0.000   47
 203.214    2034424.631          0.001   49
 334.096    3039195.013          0.001   51
  32.874     376357.932          0.000   52
 210.507    1820564.948          0.001   54
 119.375    1229537.936          0.000   56
 245.974    2485856.645          0.001   58
  29.760     333762.051          0.000   60
  52.247     587176.760          0.000   60
 233.134    2282183.832          0.001   63
  49.907     543292.595          0.000   65
 666.240    9221364.584          0.002   65
 122.002    1240238.644          0.000   69
 427.196    4232905.784          0.001   72
  78.355     829299.058          0.000   72
 247.444    2418933.053          0.001   74
 149.388    1465545.315          0.000   76
 305.722    2796586.615          0.001   78
   0.000          0.000          0.000  124
   0.000          0.000          0.000  125
 474.703    4690905.761          0.001  125
 500.593    4919642.403          0.001    5
 236.739    2464287.894          0.001    7
 287.855    2977935.818          0.001   10
 667.804    6733695.371          0.002   10
 665.099    6465001.978          0.002   12
 411.303    4173104.361          0.001   15
 727.457    7758398.678          0.002   17
 156.934    1660983.468          0.000   20
 712.347    9275504.007          0.002   20
 814.870    9494021.462          0.002   24
 444.795    4460780.850          0.001   26
  58.187     658170.406          0.000   26
 397.809    4093636.817          0.001   30
 507.227    5226480.572          0.001   35
  54.476     622663.347          0.000   35
 351.123    3503982.895          0.001   35
 713.622    7331562.089          0.002   37
 612.599    7727536.326          0.002   41
  53.137     606470.776          0.000   41
 433.310    4426905.214          0.001   43
 472.663    4665970.473          0.001   45
 100.963    1110644.508          0.000   47
 392.780    3945749.106          0.001   49
 600.645    6048439.099          0.002   49
  59.748     684644.509          0.000   52
 189.394    1954277.799          0.000   56
 489.883    4973933.950          0.001   56
 605.012    5774150.303          0.001   60
  72.579     816735.403          0.000   60
 676.166    8460776.476          0.002   63
  95.845    1047310.983          0.000   65
 650.749    8618093.699          0.002   65
 245.484    2509795.904          0.001   69
 659.164   10165478.355          0.003   69
 148.977    1582037.080          0.000   72
 727.025    7755308.892          0.002   74
 317.566    3162595.653          0.001   76
 567.050    5668805.400          0.001   76
 233.511    2351914.094          0.001  166
   0.000          0.000          0.000  166
   0.000          0.000          0.000  167
 534.618    5315285.921          0.001  167
 884.723    9523914.549          0.002    7
 379.891    3982592.739          0.001    7
 523.603    5475975.338          0.001   10
 926.436   11432562.117          0.003   10
 702.580    7890886.158          0.002   15
 111.987    1231270.468          0.000   15
 770.589   12006209.819          0.003   20
 454.035    4851928.557          0.001   20
 551.376    5739057.099          0.001   20
 905.364   11496803.919          0.003   26
 333.546    4290582.930          0.001   26
  85.287     966570.866          0.000   26
 451.266    4650877.629          0.001   26
 505.139    5358446.096          0.001   30
 493.465    5135854.026          0.001   35
  82.023     938660.258          0.000   35
 216.228    2349499.327          0.001   35
 580.908    8394414.289          0.002   35
 867.300    9536613.409          0.002   35
 678.285    7151841.449          0.002   41
  94.349    1079258.370          0.000   41
 479.690    5363669.573          0.001   41
 598.664    7343659.782          0.002   47
 852.334   10666440.164          0.003   49
  90.015    1034218.407          0.000   52
 601.140    7102766.332          0.002   52
 783.821   10841106.084          0.003   52
 331.519    3445224.181          0.001   56
 585.758    7324424.493          0.002   60
 356.171    3741291.848          0.001   65
 136.492    1495814.172          0.000   65
 698.774    9390357.972          0.002   65
 456.670    4709145.054          0.001   69
 734.356    8043731.022          0.002   72
 214.471    2285979.134          0.001   72
 937.184   12126956.558          0.003   72
 984.896   10570917.249          0.003   76
 857.663   11229797.439          0.003  166
 406.025    3922405.010          0.001  208
   0.000          0.000          0.000  208
   0.000          0.000          0.000  209
 634.434   10665992.878          0.003  209
 936.115   10811869.157          0.003  250
 622.243    6550104.181          0.002    7
 928.754   11379439.541          0.003    7
 972.296   11079883.392          0.003   15
 298.156    3232562.898          0.001   15
 164.710    1820000.125          0.000   15
 860.647   12514267.138          0.003   20
 343.912    3690580.385          0.001   20
 709.531    8274918.989          0.002   20
 885.229    9895567.626          0.002   20
 109.377    1241648.598          0.000   26
 367.998    4013805.866          0.001   26
 782.803    8505189.853          0.002   30
 577.327    6056027.520          0.001   35
 109.870    1259728.255          0.000   35
 636.561    6745945.989          0.002   35
1106.235   12547991.544          0.003   41
 679.150    7438709.920          0.002   41
 125.679    1438854.345          0.000   41
 594.261    5940363.632          0.001   41
 648.727    6817882.385          0.002   47
 175.856    1948456.889          0.000   47
 630.115    6741769.174          0.002   47
 472.523    4975875.814          0.001   52
 127.240    1465248.725          0.000   52
 254.750    2784079.502          0.001   52
 703.087    7299525.472          0.002   56
 504.545    5283031.861          0.001   56
 784.494    7969386.295          0.002   60
 292.661    3178128.245          0.001   60
 142.154    1607301.952          0.000   60
 194.523    2138666.617          0.000   65
 878.792    9884714.607          0.002   65
 780.508    8152879.318          0.002   69
 545.582    5803888.309          0.001   72
 508.099    5348788.517          0.001   72
1032.898   13275481.074          0.003  293
 568.216    5845600.559          0.001  293
   0.000          0.000          0.000  249
   0.000          0.000          0.000  250
 256.044    2717648.877          0.001  250
 990.395   12227660.356          0.003  250
 899.944    9517975.148          0.002    7
 836.145    9188826.402          0.002    7
1176.195   12846583.982          0.003   10
 724.025    7743999.034          0.002   15
 623.299    9261184.515          0.002   15
 223.605    2479237.614          0.001   15
 824.471    8635586.522          0.002   20
 907.466   12128107.777          0.003   20
 606.227    6437280.800          0.001   26
 294.125    3248961.032          0.001   26
 163.468    1864054.360          0.000   26
 242.106    2676817.634          0.001   26
 614.082    6635995.303          0.002   26
1045.827   15498893.027          0.004   26
 908.236   10165629.421          0.002   35
 586.801    6488177.225          0.001   35
 129.168    1483152.139          0.000   35
 709.333    7884916.704          0.002   35
1088.410   13173934.185          0.003   35
 784.023    8422310.621          0.002   41
 162.031    1857579.146          0.000   41
 624.391    6938510.807          0.002   47
 244.683    2729387.518          0.001   47
 897.371   13083031.176          0.003   47
 612.890    6536787.696          0.002   52
 389.617    4260964.972          0.001   52
1031.622   11026221.675          0.003   56
 881.944    9533093.366          0.002   56
 500.108    5248244.075          0.001   60
 435.096    5055178.835          0.001   60
 207.347    2356661.849          0.001   60
 674.909    8851389.656          0.002   65
 278.691    3083048.248          0.001   65
 401.901    4384399.674          0.001   65
 999.723   11167754.090          0.003   72
 401.906    4325619.008          0.001   72
 697.060    7449117.368          0.002   72
1012.751   11482212.046          0.003  293
 391.127    4083868.081          0.001  293
 129.751    1360430.525          0.000  293
   0.000          0.000          0.000  293
   0.000          0.000          0.000  294
 573.628    6103863.048          0.001  250
 888.043    9445815.491          0.002  250
 991.584   10516688.611          0.002  450
 947.500   10208316.204          0.002  450
 945.682   10092974.946          0.002   15
 534.784    5781141.331          0.001   15
 271.023    3012027.541          0.001   15
 776.758    8479828.313          0.002   15
 597.840    6520247.842          0.002   20
 645.468    6933872.157          0.002   26
 348.074    3878572.893          0.001   26
 628.788   10312969.414          0.002   26
 397.868    4369382.801          0.001   26
 962.356   10843796.453          0.003   26
 436.953    4826839.530          0.001   35
 168.783    1945180.172          0.000   35
 331.945    3791929.453          0.001   35
 839.908    9268351.056          0.002   35
 767.530    8757994.522          0.002   41
 183.321    2103288.282          0.000   41
 628.738    6613623.852          0.002   41
 751.785    8454200.057          0.002   47
 295.743    3314427.768          0.001   47
 184.730    2134189.492          0.000   52
 766.399    9864824.483          0.002   52
 734.571    8177193.287          0.002   52
1237.376   12992588.140          0.003   60
 945.735    9924909.662          0.002   60
 748.340   10263251.219          0.002   60
 647.417    6863662.371          0.002   60
 817.690   10131303.668          0.002   65
 526.515    5754811.693          0.001   65
 882.179    9563105.459          0.002   65
1093.013   11917638.278          0.003   72
 474.850    5121600.799          0.001   72
 887.550   11174405.404          0.003   72
1078.631   11683358.922          0.003   72
 717.949    7322116.928          0.002  293
 616.677    8428198.571          0.002  334
   0.000          0.000          0.000  334
   0.000          0.000          0.000  335
 552.240    6061437.448          0.001  335
 732.652    7877183.807          0.002  450
 528.144    5751457.464          0.001  450
1004.365   10683597.723          0.002  450
 943.845   10237762.918          0.002   15
 710.406    7649408.260          0.002   15
 335.537    3738741.948          0.001   15
 659.528    7174001.136          0.002   15
1069.877   11838618.440          0.003   15
 790.414    8715377.278          0.002   20
1095.224   13262224.759          0.003   26
 603.086    6733707.424          0.002   26
 219.473    2513326.025          0.001   26
 459.518    5080485.238          0.001   26
 538.614    5937025.933          0.001   26
1164.590   14396912.290          0.003   35
 419.227    4693405.115          0.001   35
1137.157   13635557.575          0.003   41
 796.936    9339188.736          0.002   41
 216.172    2482289.904          0.001   41
 443.141    4864151.366          0.001   41
 365.674    4126543.711          0.001   47
 563.462    6281035.055          0.001   47
 498.645    5484557.426          0.001   52
 528.033    5930636.419          0.001   52
1086.239   12297802.243          0.003   52
1048.179   12299376.692          0.003   60
 528.498    5991854.560          0.001   60
 280.049    3198632.152          0.001   60
 399.974    4442493.332          0.001   65
1038.034   12362769.695          0.003   65
 686.059    7443141.097          0.002   72
 944.476   10223757.208          0.002   72
 707.523    8134798.614          0.002  371
 108.443    1158577.028          0.000  371
   0.000          0.000          0.000  371
   0.000          0.000          0.000  372
 713.614    8865244.485          0.002  450
 347.931    3793624.388          0.001  450
1065.800   12271486.088          0.003  450
1002.776   11074238.104          0.003  450
1226.932   13305430.343          0.003   15
 667.517    7441874.045          0.002   15
 383.493    4279432.136          0.001   15
 942.648   11321948.257          0.003   15
 963.720   10730111.965          0.002   20
1170.259   13651838.405          0.003   26
 723.214    9750955.991          0.002   26
 670.437    7982070.398          0.002   26
 864.675    9607140.987          0.002   26
 810.013    8992794.388          0.002   35
 217.441    2517621.924          0.001   35
 793.342    9736590.112          0.002   35
 914.654   10254465.759          0.002   35
 734.988    7624507.751          0.002   41
 249.981    2873428.135          0.001   41
 955.834   12999359.810          0.003   47
 415.120    4709953.402          0.001   47
 933.281   12498870.389          0.003   47
 764.926   14846669.015          0.003   52
 245.947    2851016.678          0.001   52
 532.475    5949668.479          0.001   52
1216.706   14021309.775          0.003   52
1032.229   10885330.576          0.002   60
 644.204    7135765.338          0.002   60
 356.916    4096056.957          0.001   60
 454.119    5135892.766          0.001   60
 871.326   11633734.102          0.003   60
 671.245    7237315.558          0.002   65
 946.321    9858523.216          0.002   65
1214.904   13306051.750          0.003   72
1027.990   11094776.784          0.003   72
1145.190   14022991.493          0.003  489
 823.667    9170352.497          0.002  489
 792.848    8242023.906          0.002  371
 319.319    3419305.254          0.001  371
   0.000          0.000          0.000  412
   0.000          0.000          0.000  413
 322.169    3429213.059          0.001  450
 221.905    2423746.456          0.001  450
 813.914    8949880.812          0.002  450
 710.632    7832479.604          0.002  450
 933.870   10298448.742          0.002   15
 474.759    5310667.021          0.001   15
 749.866    8236535.467          0.002   15
 855.501   10301499.543          0.002   26
 275.604    3165625.214          0.001   26
 909.517   10039396.800          0.002   26
 892.520    9881829.548          0.002   26
 535.310    6027601.537          0.001   35
 339.811    3899681.251          0.001   35
 832.453    9049912.161          0.002   35
1226.820   13525382.114          0.003   41
 941.662   10220601.632          0.002   41
 281.123    3234046.972          0.001   41
 847.687   10733332.389          0.002   41
 529.058    6100215.600          0.001   47
 849.035    9463352.003          0.002   47
 916.071    9692224.074          0.002   52
 308.390    3594683.490          0.001   52
 308.811    3579917.509          0.001   52
 758.855    8566022.123          0.002   52
1087.319   11328765.924          0.003   52
1405.241   18127744.048          0.004   60
 656.683    7558450.234          0.002   60
 840.125    9160446.834          0.002   60
 531.524    5916056.760          0.001   65
1071.977   11806239.310          0.003   65
1421.229   17154796.964          0.004  489
 918.403   10339083.579          0.002  489
1054.953   16049346.115          0.004  489
 570.722    6336242.193          0.001  489
 731.211    8201107.243          0.002  489
   0.000          0.000          0.000  449
   0.000          0.000          0.000  450
  44.366     482791.989          0.000  450
 108.957    1186862.610          0.000  450
 576.898    6131965.080          0.001  450
 378.793    4159171.008          0.001  450
1013.803   11345556.026          0.003  450
1413.310   19312394.634          0.004  450
1105.001   12862809.028          0.003   15
 541.646    6069237.063          0.001   15
 737.501    8358794.557          0.002   15
1084.776   11658311.915          0.003   15
 871.713    8833021.840          0.002   26
 611.189    6565769.418          0.001   26
 307.223    3533966.204          0.001   26
 872.587   10593973.689          0.002   26
 580.087    6526293.942          0.001   35
 279.902    3262178.334          0.001   35
 494.119    5694940.730          0.001   35
 816.980    9214966.326          0.002   35
 558.311    6331399.818          0.001   41
 326.427    3761646.418          0.001   41
 876.353   11448404.422          0.003   41
 581.203    6747011.959          0.002   47
 732.647    8676587.883          0.002   47
 854.218    9433601.968          0.002   52
 733.655    8131750.634          0.002   52
1230.149   15907215.712          0.004   52
1436.040   14831233.844          0.003   52
1041.221   14727269.438          0.003   60
 441.815    5098088.528          0.001   60
 990.896   12133867.290          0.003   60
 607.027    6761673.318          0.002   65
1210.262   13905388.683          0.003   65
1106.774   12280347.635          0.003  489
 617.455    6920398.802          0.002  489
 439.266    4880818.304          0.001  489
 265.770    2924218.623          0.001  489
 124.014    1356836.386          0.000  489
  52.079     568408.511          0.000  489
   0.000          0.000          0.000  489
   0.000          0.000          0.000  490
 320.938    3466026.877          0.001  450
 964.774   14798913.698          0.003  450
 948.216   12342383.724          0.003  450
 687.935    7548868.715          0.002  450
 502.204    5532555.033          0.001  450
 803.899    8936418.500          0.002  450
1456.416   18029063.733          0.004  450
 894.257    9943030.535          0.002   15
 775.457    8736070.948          0.002   15
1296.268   16924889.023          0.004   15
 961.701   10965388.261          0.002   26
 711.257    8167895.947          0.002   26
 359.701    4148593.780          0.001   26
 548.928    6268850.702          0.001   26
1140.437   13652670.577          0.003   26
 928.324   10023287.120          0.002   35
 558.491    6369920.777          0.001   35
 690.651    8354367.000          0.002   35
 689.416    7924974.306          0.002   35
 648.981    7525649.695          0.002   35
 955.058   10859709.582          0.002   35
1124.270   12986055.497          0.003   41
 628.169    6951832.770          0.002   41
 356.850    4115998.358          0.001   41
 634.439    6920441.466          0.002   41
1118.569   13594683.589          0.003   41
 887.711   10704648.243          0.002   47
 382.811    4488977.703          0.001   52
 412.432    4788210.868          0.001   52
 988.538   11350808.442          0.002   52
1313.071   15011265.371          0.003   52
1041.499   11538977.315          0.003   60
 835.928    9421899.220          0.002   60
 590.200    6803163.323          0.001   60
 980.301   11272624.107          0.002   60
 885.887    9768133.453          0.002   65
 781.568    8666353.129          0.002   65
1532.014   20287445.028          0.005  489
 921.676   10634513.295          0.002  489
 764.136    8608276.072          0.002  489
 852.064   12132619.496          0.003  489
 668.025    8311372.900          0.002  489
 520.444    5962786.844          0.001  489
 396.140    4856415.876          0.001  489
   0.000          0.000          0.000  535
   0.000          0.000          0.000  536
 562.121    5926635.698          0.001  536
 887.766    9585855.091          0.002  620
1016.829   13819275.608          0.003  620
1053.588   11652264.930          0.003  450
1200.018   13215372.269          0.003   15
 746.500    8370208.560          0.002   15
1273.113   14652894.738          0.003   15
1267.905   16070504.739          0.004   26
 874.634   10259830.842          0.002   26
 386.187    4459760.647          0.001   26
 912.836   11405815.267          0.003   26
1152.724   13018790.378          0.003   26
 921.235   10406120.209          0.002   35
 359.546    4220498.294          0.001   35
 890.472   11829488.012          0.003   35
1042.383   12208586.162          0.003   35
1001.138   11801301.204          0.003   35
 930.712   10581038.768          0.002   41
 406.326    4693488.205          0.001   41
 990.967   11960170.581          0.003   41
 722.668    8580098.465          0.002   47
 672.528    7330276.986          0.002   52
 482.383    5608759.789          0.001   52
 985.348   10989908.762          0.002   52
1427.894   16801656.922          0.004   52
1310.845   15390838.533          0.003   60
 757.626    8700134.917          0.002   60
 544.491    6326291.300          0.001   60
1137.726   13964121.988          0.003   60
1401.560   17294312.798          0.004   65
 965.185   10583978.858          0.002   65
1108.635   11843583.039          0.003   65
1400.613   18522377.392          0.004  489
 903.232   10182768.277          0.002  619
 710.039    7868416.000          0.002  619
 747.625    8187689.896          0.002  619
 537.987    7104633.782          0.002  619
   0.000          0.000          0.000  574
   0.000          0.000          0.000  575
 559.119    6768920.399          0.002  620
 537.717    5839949.488          0.001  620
 615.626    6742281.940          0.002  620
 775.209    8857437.761          0.002  620
1030.802   12567557.343          0.003  620
 904.815   10589080.161          0.002  620
1324.783   15534266.469          0.003  620
1127.033   12764208.034          0.003   15
 921.826   10231494.045          0.002   15
1344.493   15864341.503          0.003   15
1209.108   13780052.610          0.003   26
 661.587    7523110.427          0.002   26
 497.420    5754138.824          0.001   26
 562.158    6472308.182          0.001   26
 957.664   10549393.887          0.002   26
1296.713   16082803.934          0.004   35
 748.521    8659336.084          0.002   35
 476.575    5588578.167          0.001   35
 671.767    7792099.517          0.002   35
1014.983   12028395.488          0.003   35
1105.883   10583955.713          0.002   41
 451.177    5219183.443          0.001   41
 608.652    6905010.545          0.001   41
1206.470   17352759.000          0.004   41
 999.484   12031227.549          0.003   47
1260.470   17656295.953          0.004   52
 455.010    5365831.647          0.001   52
 542.536    6326443.362          0.001   52
 707.911    8159861.061          0.002   52
 859.684    9804757.368          0.002   52
1226.340   13161382.331          0.003   52
1210.136   13091738.440          0.003   60
1199.548   14370475.111          0.003   60
1064.064   14791266.703          0.003   60
 878.933   10168920.867          0.002   60
1285.155   14786203.594          0.003   60
1278.588   13525636.576          0.003   65
1168.128   13385882.061          0.003  619
 673.220    7561193.654          0.002  619
 467.061    5174912.207          0.001  619
 328.939    3632782.491          0.001  619
 189.783    2090777.094          0.000  619
  71.117     783781.429          0.000  619
   0.000          0.000          0.000  619
   0.000          0.000          0.000  620
 119.015    1318484.598          0.000  620
 248.984    2775478.801          0.001  620
 322.186    3607861.269          0.001  620
 460.161    5205539.654          0.001  620
 639.214    7354316.961          0.002  620
1133.488   13209846.301          0.003  620
1386.177   15876441.832          0.003   15
1162.954   12433572.154          0.003   15
1483.190   16528117.403          0.004   26
1154.996   13058171.809          0.003   26
 643.024    7489138.019          0.002   26
 465.443    5401844.831          0.001   26
1416.455   16186487.515          0.004   26
 838.203    9718465.873          0.002   35
 429.947    5088559.490          0.001   35
 589.085    6908981.725          0.001   35
1094.258   12771398.360          0.003   35
 711.152    8112852.556          0.002   41
 517.477    6002068.202          0.001   41
 998.026   11064255.962          0.002   41
 888.805   10842933.808          0.002   47
1235.887   15406728.565          0.003   47
 840.783    9644239.688          0.002   52
 521.764    6185935.637          0.001   52
 653.241    7651342.592          0.002   52
1032.377   11805129.680          0.003   52
1472.894   18295021.215          0.004   60
1144.053   13062754.136          0.003   60
 647.533    7574909.457          0.002   60
1082.680   12410335.134          0.003   60
1247.007   14180706.466          0.003   60
1528.570   18037270.742          0.004   65
1356.479   17250972.481          0.004  619
 872.665    9991278.474          0.002  619
 822.894    8770893.302          0.002  619
 738.997    7873755.852          0.002  619
 562.710    6126950.318          0.001  619
 473.459    5079955.785          0.001  619
 320.913    3478011.555          0.001  660
   0.000          0.000          0.000  660
   0.000          0.000          0.000  661
 600.515    6720428.459          0.002  620
 519.292    5727952.194          0.001  620
 647.755    7479781.545          0.002  620
 660.029    7518490.981          0.002  620
 891.646   10244784.847          0.002  620
 923.885   11195332.387          0.002  620
1314.102   17231078.389          0.004  620
1624.540   17250258.991          0.004   15
1460.301   17541916.867          0.004   26
 805.338    9446171.475          0.002   26
1042.906   13648165.642          0.003   26
 517.780    6025389.039          0.001   26
 874.677   10722278.970          0.002   26
 878.543    9876266.026          0.002   26
1443.163   18985090.343          0.004   26
 934.971   10650356.115          0.002   35
 922.892   11338361.830          0.002   35
 734.998    8623054.967          0.002   35
1225.234   13663529.252          0.003   35
1204.162   12751553.831          0.003   41
 790.967    8803697.838          0.002   41
1389.924   16209317.644          0.003   41
 993.479   12313325.339          0.003   47
1016.297   12257494.075          0.003   52
1087.467   13203086.143          0.003   52
1367.438   15960346.265          0.003   60
 794.303    9346877.042          0.002   60
 787.123    9262721.518          0.002   60
1325.962   16044520.695          0.003   60
1398.177   14996857.255          0.003  991
1421.146   17207215.208          0.004  619
1189.368   16470864.141          0.004  783
1015.920   12431370.661          0.003  619
1020.804   15908337.055          0.004  783
 287.415    3046488.052          0.001  697
   0.000          0.000          0.000  697
   0.000          0.000          0.000  698
 238.988    2541654.866          0.001  698
 803.929   11294279.387          0.003  698
 805.471   10116944.906          0.002  827
 832.659    9993944.001          0.002  827
 803.199    9039937.228          0.002  827
1114.591   12314262.207          0.003  827
1432.117   17606194.502          0.004  827
1271.421   14113740.357          0.003   26
1151.555   13770041.607          0.003   26
 624.576    7286281.443          0.002   26
 954.391   12474526.516          0.003   26
 980.425   11182044.842          0.002   26
1455.935   19131580.506          0.004   26
1371.782   14956361.351          0.003   35
1070.740   12071726.736          0.003   35
 495.758    5911978.038          0.001   35
 938.013   11533229.711          0.002   35
1155.860   15480892.943          0.003   35
 844.796    9887090.462          0.002   35
1389.609   16761516.819          0.004   35
1184.236   16526298.860          0.004   41
 597.666    6956000.236          0.001   41
1192.572   15843994.332          0.003   41
1460.846   14816954.206          0.003   41
1181.886   15000690.663          0.003   47
1359.346   16969443.035          0.004   47
1207.503   14529980.342          0.003   52
 613.977    7326449.255          0.002   52
 852.076    9942254.011          0.002   52
1397.716   14974844.871          0.003   52
 983.847   11461554.792          0.002   60
1245.483   14436299.205          0.003   60
1041.488   12000455.014          0.003   60
1213.680   12826416.722          0.003  991
1184.904   14394571.889          0.003  991
1449.903   16646975.888          0.004  991
1209.630   16636241.321          0.004  783
 805.910    9943972.243          0.002  783
 635.352    7189728.063          0.002  783
 356.510    3928957.141          0.001  783
   0.000          0.000          0.000  739
   0.000          0.000          0.000  740
 209.879    2244070.302          0.001  740
 757.778    8596452.059          0.002  827
 441.365    4845285.936          0.001  827
 524.040    6085245.486          0.001  827
 820.478   10624941.919          0.002  827
 687.348    7367069.318          0.002  827
 553.184    6296511.728          0.001  827
 868.421    9792081.924          0.002  827
1199.810   13291976.416          0.003  827
1359.080   14088953.493          0.003   26
 966.449   10749801.344          0.002   26
 694.929    8123786.914          0.002   26
 635.175    7444742.297          0.002   26
1260.893   14157849.738          0.003   26
1357.809   16462321.549          0.004   35
 559.379    6714326.446          0.001   35
 583.066    7030982.170          0.001   35
 862.514   10336941.337          0.002   35
1253.837   14837654.813          0.003   35
1187.975   13549177.052          0.003   35
1109.015   12548143.048          0.003   41
 653.952    7629100.691          0.002   41
 835.072    9627629.985          0.002   41
1437.797   15393717.811          0.003   41
1361.903   17526103.950          0.004   47
1099.214   12077704.742          0.003   52
 765.066    9157436.638          0.002   52
 683.134    8192629.065          0.002   52
 765.081    9110146.118          0.002   52
 974.790   11316281.426          0.002   52
1390.782   14868500.471          0.003   60
1135.923   13198321.125          0.003   60
1513.599   16786722.913          0.004  991
1260.909   13902850.005          0.003  991
 867.402    9812574.681          0.002  991
 828.935    9185541.822          0.002  991
1171.915   12485575.588          0.003  991
 831.713   10286815.185          0.002  783
 602.812    7207760.579          0.002  783
 470.997    5531338.855          0.001  783
 271.802    3086105.275          0.001  783
 126.873    1416712.593          0.000  783
   0.000          0.000          0.000  783
   0.000          0.000          0.000  784
 479.325    5306192.461          0.001  827
 153.997    1730989.375          0.000  827
 224.730    2529320.256          0.001  827
 397.346    4498272.264          0.001  827
 487.098    5538692.503          0.001  827
 784.743    8985146.697          0.002  827
1447.779   17820864.673          0.004  827
 938.483   11162713.958          0.002   26
 805.232    9350001.205          0.002   26
1043.676   12335399.001          0.003   26
 756.862    8916429.920          0.002   26
1235.994   14824186.175          0.003   35
 771.988    9315880.499          0.002   35
 611.286    7373679.935          0.002   35
 666.465    8132612.921          0.002   35
 985.849   11728902.216          0.002   35
1459.032   19473522.099          0.004   35
1559.029   17169385.856          0.004   35
1566.268   17778335.358          0.004   41
 943.640   10763924.399          0.002   41
 741.364    8667390.259          0.002   41
 842.135    9691696.662          0.002   41
1418.974   19424300.641          0.004   41
1705.627   22064871.467          0.005   47
1376.361   14207554.678          0.003   52
 853.476   10210659.183          0.002   52
 770.189    9284972.280          0.002   52
 942.231   11652588.331          0.002   52
1100.402   12280970.392          0.003   52
1417.518   15224507.745          0.003   52
1826.554   20325176.608          0.004   60
1559.400   18168942.581          0.004  991
1418.857   16925971.082          0.004  991
1056.206   12118507.829          0.003  991
 899.365   10383421.715          0.002  991
 668.134    7755606.215          0.002  991
 611.682    6533609.985          0.001  991
 915.575   12314777.203          0.003  783
 615.808    7043759.265          0.002  783
 676.901    7834314.575          0.002  783
 214.057    2295655.417          0.001  826
   0.000          0.000          0.000  826
   0.000          0.000          0.000  827
  74.464     836857.713          0.000  827
 554.694    5787357.579          0.001  827
 705.984    8905217.335          0.002  827
 298.572    3365242.814          0.001  827
 800.591   10861420.978          0.002  827
 962.061   11198971.781          0.002  827
 608.589    6976852.064          0.002  827
1163.435   14415453.950          0.003  827
1582.166   17700531.050          0.004  827
1502.358   16675425.428          0.004   26
1079.534   11841769.750          0.003   26
1276.738   15838114.785          0.003   26
 998.517   11377300.324          0.002   26
1250.717   14820567.915          0.003   35
 689.080    8370932.383          0.002   35
1089.799   13313612.404          0.003   35
 793.426    9824400.192          0.002   35
1281.041   14472789.043          0.003   35
1527.145   16196017.856          0.003   41
 831.221    9704596.185          0.002   41
 979.872   11095778.480          0.002   41
1229.414   12909468.740          0.003   41
1742.069   19476947.283          0.004   52
1190.861   13360518.042          0.003   52
 963.662   11476238.551          0.002   52
 884.744   10623100.430          0.002   52
1214.172   13263645.293          0.003   52
1631.570   16949094.332          0.004   52
2037.525   20706192.711          0.004   60
1733.376   18017068.347          0.004   60
1786.753   21326302.828          0.004   60
1023.737   12087591.028          0.003  991
 925.536   10681668.025          0.002  991
 549.954    6414779.495          0.001  991
 467.036    5452931.926          0.001  991
 734.897   10086468.897          0.002  991
 455.634    5104011.541          0.001  991
 721.474    7453830.651          0.002  991
 861.455   10226309.987          0.002  826
 337.840    3504621.583          0.001  868
   0.000          0.000          0.000  868
   0.000          0.000          0.000  869
 715.340    7951991.773          0.002  827
 711.537    7813829.647          0.002  827
 467.410    5143322.945          0.001  827
 620.402    6670750.527          0.001  827
1067.511   14386832.772          0.003  827
 722.699    8345837.407          0.002  827
1092.255   12045353.360          0.003  827
1445.535   16251724.421          0.003  827
1333.744   15726200.174          0.003   26
1293.007   13450792.657          0.003   26
1407.157   17731039.977          0.004   26
 926.151   10865151.154          0.002   26
1418.734   18892351.974          0.004   35
 789.116    9652178.220          0.002   35
 763.551    9286769.080          0.002   35
1283.965   16817150.372          0.004   35
 950.780   11868795.959          0.002   35
1725.004   20136344.719          0.004   35
1279.802   13809128.191          0.003   41
 892.922   10395972.539          0.002   41
1288.441   13805564.056          0.003   41
1558.474   15253401.240          0.003   41
1268.707   14042226.667          0.003   52
1018.716   11965720.375          0.002   52
1458.055   16835286.336          0.003   52
1694.427   16822695.967          0.003   52
2134.779   24128214.118          0.005   52
1829.539   18438800.229          0.004  991
1566.657   15848013.511          0.003  991
1317.541   14572055.130          0.003  991
 867.873   10283796.000          0.002  991
 613.361    7254946.898          0.002  991
 440.187    5171420.714          0.001  991
 360.538    4214579.194          0.001  991
 287.499    3349572.919          0.001  991
 758.484    8097560.335          0.002  991
 761.778    8471929.167          0.002  952
 439.285    5173415.400          0.001  908
   0.000          0.000          0.000  908
   0.000          0.000          0.000  909
 389.492    4451474.782          0.001  909
 560.299    6496495.027          0.002  909
 994.807   12803562.982          0.003  909
 794.993    8170202.272          0.002  827
 655.529    7029050.698          0.002  827
 967.868    9962561.625          0.002  827
 866.000    8910964.631          0.002  827
1169.446   14238549.548          0.003  827
1108.140   12722259.408          0.003  827
1797.963   21536416.176          0.005  827
1799.000   19435025.295          0.004   26
1578.296   19302477.580          0.004   26
1003.752   11728917.389          0.002   26
1361.605   19010333.969          0.004   35
 846.858   10390294.978          0.002   35
 970.802   11585326.300          0.002   35
 917.455   11150471.260          0.002   35
1358.653   15350614.205          0.003   35
1115.954   13848159.537          0.003   35
1620.099   20457885.413          0.004   41
1039.277   11772350.963          0.002   41
1423.218   14619664.003          0.003   41
1780.097   21348631.624          0.004   41
1896.815   17510091.715          0.004   41
1978.118   21414277.801          0.004   52
1721.552   17791610.557          0.004   52
1533.594   18219210.274          0.004   52
1719.455   18347322.642          0.004   52
2046.938   19406900.018          0.004   52
2120.992   21231038.565          0.004  991
1506.611   15024939.238          0.003  991
1002.742   11468573.587          0.002  991
 782.537    9335571.669          0.002  991
 595.077    7066590.066          0.001  991
 538.462    6370960.977          0.001  991
 602.782    7023743.074          0.002  991
 762.742    8589044.318          0.002  991
 686.192    7900896.795          0.002  991
 202.569    2352358.772          0.001  991
 545.774    6175744.099          0.001  991
 547.518    6073170.090          0.001  991
 210.690    2241919.329          0.001  952
   0.000          0.000          0.000  952
   0.000          0.000          0.000  953
 376.612    4292020.341          0.001  953
 762.249    9321208.520          0.002  953
1183.928   15943268.758          0.004  827
1225.296   11887702.176          0.003  827
1411.776   17168173.991          0.004  827
 915.349   10625035.321          0.002  827
1272.591   14269330.829          0.003  827
1778.763   19776337.061          0.004  827
1838.286   22466585.998          0.005   26
1503.085   17037431.257          0.004   26
1125.510   13188164.688          0.003   35
1102.180   13032616.716          0.003   35
1128.074   13223257.147          0.003   35
1036.096   12473779.905          0.003   35
1567.730   20136315.422          0.004   35
1673.606   17936842.054          0.004   35
1618.352   16956653.928          0.003   41
1673.240   15937067.177          0.003   41
2016.649   20752340.737          0.004   41
1939.509   20354078.446          0.004 2136
1719.221   19994638.369          0.004 2136
1727.473   18064472.570          0.004 2136
1925.662   25863798.894          0.005   52
1768.039   18818571.727          0.004 2136
2063.862   22298148.711          0.005  991
1792.968   19934597.815          0.004  991
1416.036   15687326.309          0.003  991
 933.020   10963959.089          0.002  991
 671.629    8011160.470          0.002  991
 976.392   10805057.149          0.002  991
1020.833   11441662.549          0.002  991
 846.040    9140690.937          0.002  991
 700.647    9002825.958          0.002  991
 220.884    2553220.263          0.001  991
 133.776    1548880.541          0.000  991
  75.974     878600.875          0.000  991
  31.727     366666.948          0.000  991
   0.000          0.000          0.000  991
   0.000          0.000          0.000  992
 222.005    2348489.360          0.001  992
 682.349    7363948.226          0.002 1077
 781.912    8995420.901          0.002 1077
 930.919   12172846.358          0.003 1077
1305.102   16503865.480          0.004 1077
1071.971   13497607.970          0.003 1077
1163.231   13121754.747          0.003  827
1634.692   20210615.530          0.004 1331
1285.657   14063885.030          0.003 1331
1629.886   20083646.323          0.004 1331
1426.059   14962501.955          0.003   26
1717.824   17623060.947          0.004   35
1450.742   15836347.167          0.003   35
1350.697   15219708.122          0.003   35
1481.189   21093825.148          0.004   35
1191.178   13905428.335          0.003   35
1725.643   19508347.318          0.004   35
1860.097   19816565.294          0.004   41
2049.664   22794149.929          0.005   41
1728.469   18417485.819          0.004 2136
1687.085   24293191.998          0.005 2136
1124.738   13201425.555          0.003 2136
1426.663   15525682.055          0.003 2136
1632.781   17449049.149          0.003 2136
1581.159   16264666.941          0.003 2136
2027.282   24228405.560          0.005 2136
1961.678   23029562.845          0.005  991
1386.742   15222430.398          0.003  991
 939.735   10856063.417          0.002  991
1035.510   11817982.198          0.002  991
1126.385   13572455.911          0.003  991
1035.025   12001139.679          0.003  991
 931.983   10747350.530          0.002  991
 393.544    4562434.357          0.001  991
 334.096    3867647.419          0.001  991
 586.064    6188801.996          0.001  991
 638.333    9905797.396          0.002  991
 393.577    4262103.719          0.001  991
 512.371    5967552.748          0.001  991
   0.000          0.000          0.000 1032
   0.000          0.000          0.000 1033
 422.080    4478944.615          0.001 1077
 741.574    8890069.303          0.002 1077
 565.688    6589787.279          0.001 1077
 708.655    8837983.396          0.002 1077
 961.711   11819810.856          0.003 1077
 932.335   11591050.058          0.003 1077
1418.355   19498648.904          0.004 1077
1371.641   15019936.911          0.003 1331
1306.624   14772435.955          0.003 1331
1025.499   11987093.079          0.002 1331
1647.080   19533311.905          0.004 1331
1831.717   18170149.473          0.004   26
2085.529   22913091.072          0.005   26
1757.262   18223064.520          0.004   35
1770.482   18658504.211          0.004   35
1740.651   20416959.292          0.004   35
1693.190   16994625.046          0.003   35
1796.620   21589738.371          0.004 2131
1448.447   16054825.515          0.003 2131
1698.591   20590457.479          0.004 2131
1928.152   22933340.948          0.005 2131
2074.363   24358235.550          0.005 2131
1660.276   17831932.000          0.004 2136
1337.423   15011845.745          0.003 2136
1289.842   14943152.207          0.003 2136
 993.840   12254077.349          0.002 2136
1458.347   17693551.478          0.004 2136
 951.334   11798015.502          0.002 2136
1606.050   17936021.048          0.004 2136
1681.953   17772996.711          0.004 2136
1937.186   22758548.752          0.005 2136
1468.472   15067871.517          0.003  991
1198.632   13123910.116          0.003  991
1251.032   13881941.621          0.003  991
 856.955   10201373.213          0.002  991
 610.022    7146558.585          0.002  991
 526.410    6135325.609          0.001  991
 816.334    8950312.653          0.002  991
1010.766   12832022.537          0.003  991
 886.623   12919412.868          0.003 1122
 618.315    7168282.966          0.002 1122
 448.116    4936901.623          0.001 1122
   0.000          0.000          0.000 1076
   0.000          0.000          0.000 1077
 102.936    1158702.562          0.000 1077
 192.303    2180958.768          0.000 1077
 384.003    4465772.771          0.001 1077
 492.753    5830854.936          0.001 1077
 690.854    8230820.777          0.002 1077
 778.653    9484165.103          0.002 1077
1053.788   13561559.701          0.003 1077
1198.325   12688137.671          0.003 1331
1177.828   15289783.108          0.003 1331
 930.196   10891232.539          0.002 1331
 920.359   10881951.574          0.002 1331
1259.931   13732114.360          0.003 1331
1633.910   17232092.411          0.004 1331
2033.235   21922454.169          0.004 2114
2014.950   19710560.858          0.004 2114
2086.043   24474971.304          0.005 2114
1694.158   17928096.082          0.004 2114
1968.096   23229033.468          0.005 2131
1595.457   18337134.798          0.004 2131
1088.895   13314906.668          0.003 2131
1423.624   15978587.875          0.003 2131
1612.286   17787100.656          0.004 2131
1783.603   19078646.861          0.004 2136
1610.374   18207055.367          0.004 2136
1120.958   13163441.164          0.003 2136
 987.300   11977656.087          0.002 2136
 815.458   10303782.293          0.002 2136
1328.246   18047601.748          0.004 2136
 852.441   10640451.082          0.002 2136
1247.392   14312049.166          0.003 2136
1399.094   15366283.386          0.003 2136
1903.071   21788763.747          0.004 2136
1881.025   19549064.513          0.004  991
1697.460   17570570.295          0.004  991
1574.053   19170942.046          0.004  991
1043.282   12470803.041          0.003  991
 909.788   10559779.022          0.002  991
 904.003   10484173.150          0.002  991
 654.142    7589982.324          0.002  991
1093.851   14423515.402          0.003  991
 843.316   11967428.610          0.003 1122
 525.131    6339762.000          0.001 1122
 329.937    3773956.006          0.001 1122
 147.702    1642029.740          0.000 1122
   0.000          0.000          0.000 1122
   0.000          0.000          0.000 1123
 556.492    6903533.179          0.002 1077
 480.462    5263732.712          0.001 1077
 317.692    3647177.802          0.001 1077
 473.412    5531389.557          0.001 1077
 545.019    6418240.252          0.001 1077
 622.390    7395033.717          0.002 1077
1186.438   15208904.641          0.003 1077
1262.583   17270584.730          0.004 1331
 821.778    9533656.376          0.002 1331
 748.846    8932263.573          0.002 1331
1219.914   14166117.455          0.003 1331
1749.648   19871078.027          0.004 1331
1636.741   16975331.205          0.003 2114
1466.487   15573669.582          0.003 2114
1850.203   18086896.241          0.004 2114
1776.860   19683552.042          0.004 2114
1249.288   14061276.038          0.003 2114
1279.531   14386774.504          0.003 2114
1757.884   22364707.086          0.004 2131
1607.285   18684144.939          0.004 2131
1139.169   13795734.897          0.003 2131
 994.873   12361659.906          0.003 2131
1255.794   14702602.764          0.003 2131
1447.805   16164347.414          0.003 2136
1175.887   13943469.539          0.003 2136
 800.931    9980446.527          0.002 2136
 732.951    9185641.960          0.002 2136
1325.617   19536118.202          0.004 2136
1338.740   16731232.586          0.003 2136
 937.889   11469482.990          0.002 2136
1400.671   15597243.432          0.003 2136
1766.853   19423266.020          0.004 2150
1894.494   23274026.364          0.005 2150
1653.894   20607975.900          0.004  991
1384.686   15384021.508          0.003  991
1200.746   13557063.648          0.003  991
 816.064    9272737.907          0.002  991
1226.075   16300967.097          0.004 1122
 799.289   10088793.814          0.002 1122
 745.201    9070568.164          0.002 1122
 719.018    8765929.304          0.002 1122
   0.000          0.000          0.000 1165
   0.000          0.000          0.000 1166
 347.550    3869274.911          0.001 1166
 618.894    7045508.834          0.002 1166
 744.066    8526609.914          0.002 1077
 617.907    7006898.429          0.002 1077
 865.273   10369181.191          0.002 1077
1020.445   12445381.101          0.003 1077
1062.530   11906552.676          0.003 1331
 626.507    7424978.306          0.002 1331
1008.426   12183229.998          0.003 1331
1336.407   15619745.566          0.003 1331
1645.639   19608877.972          0.004 2114
1015.192   12192276.179          0.003 2114
1593.884   20504619.277          0.004 2114
1382.666   15747547.066          0.003 2114
 971.202   11828155.284          0.002 2114
1351.534   15415071.355          0.003 2114
1218.183   14655234.886          0.003 2131
 893.842   11183152.090          0.002 2131
 867.748   10843484.806          0.002 2131
1355.577   17578954.180          0.004 2131
1520.839   17429181.559          0.004 2136
 876.411   10909181.434          0.002 2136
 681.928    8495355.902          0.002 2136
 921.652   11054471.295          0.002 2136
1283.588   16773207.680          0.003 2136
 712.519    8874028.111          0.002 2136
1320.304   19905429.602          0.004 2136
1296.731   14848096.202          0.003 2136
1485.811   15143446.467          0.003 2150
1437.711   15652556.269          0.003 2150
1775.376   19257136.429          0.004  991
1482.939   17349061.656          0.004  991
1233.576   12961930.754          0.003  991
1190.800   16647742.106          0.004 1122
 938.028   12930655.144          0.003 1205
 565.627    6748418.792          0.002 1205
 293.107    3300931.356          0.001 1205
 110.617    1215616.419          0.000 1205
   0.000          0.000          0.000 1205
   0.000          0.000          0.000 1206
 595.850    8375568.804          0.002 1206
 819.286    9964547.224          0.002 1166
 664.293    6954162.939          0.002 1331
 668.279    7543997.229          0.002 1331
 690.110    7866811.552          0.002 1331
 682.475    7883334.859          0.002 1331
 552.345    6508300.236          0.001 1331
 632.912    7467957.513          0.002 1331
1293.296   14843230.018          0.003 1331
1674.345   19787143.789          0.004 1331
1243.864   13947867.073          0.003 2114
1338.280   16317475.345          0.003 2114
1472.389   19160858.964          0.004 2114
1134.926   13743622.831          0.003 2114
 882.739   10809730.645          0.002 2114
1073.641   12972004.154          0.003 2114
1374.824   15715324.256          0.003 2131
 974.041   12055629.113          0.002 2131
 776.306    9635399.035          0.002 2131
1376.358   17621277.869          0.004 2131
1327.871   15171442.734          0.003 2136
1197.664   16296545.945          0.003 2136
 643.854    7976978.575          0.002 2136
 622.305    7697201.592          0.002 2136
 909.237   11103510.116          0.002 2136
1175.700   16507799.977          0.003 2136
 663.216    8220385.389          0.002 2136
 828.617   10223845.189          0.002 2136
1359.064   15757047.646          0.003 2136
1626.976   16556686.470          0.003 2150
1188.901   13085565.920          0.003 2150
1409.297   14743192.252          0.003 2150
1536.820   16125544.591          0.003 1374
1649.199   18904585.373          0.004 1374
1450.280   16983139.544          0.004 1374
 930.469   10397237.170          0.002 1374
 742.509    8169581.007          0.002 1374
 969.037   13370519.812          0.003 1205
 644.103    7899024.371          0.002 1205
 594.237    6817101.713          0.002 1205
 343.009    3723771.988          0.001 1205
   0.000          0.000          0.000 1248
   0.000          0.000          0.000 1249
 624.768    6728022.424          0.002 1331
 394.106    4309991.777          0.001 1331
 499.470    5487339.282          0.001 1331
 648.344    7191086.947          0.002 1331
 346.425    4021522.439          0.001 1331
 373.528    4344431.503          0.001 1331
 459.327    5373861.723          0.001 1331
 967.378   11398088.647          0.002 1331
 774.537    9109742.032          0.002 1331
1146.269   12746146.800          0.003 1331
1405.591   17812041.695          0.004 2114
 837.043   10199069.520          0.002 2114
1446.402   18585965.902          0.004 2114
 928.942   11389813.866          0.002 2114
 797.723    9752283.067          0.002 2114
1320.414   14708044.440          0.003 2114
1266.188   14941227.395          0.003 2131
 788.562    9768954.337          0.002 2131
 707.926    8716467.824          0.002 2131
1001.222   12044008.387          0.002 2131
1257.595   15130966.653          0.003 2131
1582.601   19340508.441          0.004 2131
1400.609   16018883.752          0.003 2136
 933.530   11277637.013          0.002 2136
 548.969    6732363.744          0.001 2136
 918.668   10997671.387          0.002 2136
 693.982    8574256.230          0.002 2136
1058.965   12164267.452          0.003 2136
1448.938   17281794.622          0.004 2136
1464.423   16439564.993          0.003 2150
 879.610   10299224.435          0.002 2150
1486.225   16188737.463          0.003 1374
1030.431   11606304.135          0.002 1374
 961.188   10993703.531          0.002 1374
 653.691    7531288.981          0.002 1374
 602.777    6785254.274          0.001 1374
 889.441    9115654.903          0.002 1374
 602.518    7944649.645          0.002 1288
   0.000          0.000          0.000 1288
   0.000          0.000          0.000 1289
 216.648    2254494.141          0.001 1289
 151.167    1735127.864          0.000 1331
 216.807    2495478.172          0.001 1331
 283.885    3278878.963          0.001 1331
 599.778    6831592.040          0.001 1331
1043.688   12119164.495          0.003 1331
 644.876    7507849.000          0.002 1331
1067.187   12115275.030          0.003 1331
1149.086   12434447.543          0.003 1331
1288.840   15264832.243          0.003 2114
1016.224   12145028.111          0.003 2114
 748.331    9077319.182          0.002 2114
1199.011   15116241.405          0.003 2114
 810.518    9907074.525          0.002 2114
1067.935   13300114.946          0.003 2114
 963.632   12078537.604          0.003 2131
 816.374   10010856.213          0.002 2131
 996.180   12217161.907          0.003 2131
1493.575   19085513.707          0.004 2131
1438.945   17293144.027          0.004 2136
 896.157   10691065.898          0.002 2136
 521.486    6376810.088          0.001 2136
 736.565    8902882.244          0.002 2136
 756.826    9413674.527          0.002 2136
 576.555    7077656.449          0.001 2136
 930.503   11523677.160          0.002 2136
1550.591   20422467.415          0.004 2136
1447.850   15560299.661          0.003 2150
 974.183   11294582.413          0.002 2150
 798.815    9378683.831          0.002 2150
1355.752   15689727.632          0.003 2150
1738.558   22423436.218          0.005 1374
1013.706   11562351.699          0.002 1374
 691.321    7989867.558          0.002 1374
 553.136    6361538.228          0.001 1374
 430.343    4917922.604          0.001 1374
 517.863    5625330.276          0.001 1374
 427.731    4634289.104          0.001 1374
 478.167    5102833.779          0.001 1374
 582.300    7906718.966          0.002 1374
   0.000          0.000          0.000 1330
   0.000          0.000          0.000 1331
  64.090     732769.183          0.000 1331
  85.060     973364.532          0.000 1331
 424.607    4644672.169          0.001 1331
 339.659    3798758.473          0.001 1331
 569.153    6338902.533          0.001 1331
 377.883    4328995.461          0.001 1331
 655.983    7533002.522          0.002 1331
 922.942   10328028.671          0.002 1331
 890.505   10177405.710          0.002 1331
1385.135   15705237.886          0.003 2114
 833.595   10016731.578          0.002 2114
1011.524   12204411.645          0.003 2114
1263.446   15004387.460          0.003 2114
 698.353    8472596.883          0.002 2114
 648.826    7862251.183          0.002 2114
1023.583   11979433.260          0.003 2114
1462.350   16297842.094          0.003 2114
1003.314   11377685.876          0.002 2131
 809.458    9626092.564          0.002 2131
 652.923    7944302.960          0.002 2131
 946.364   11200456.603          0.002 2131
1444.724   17440588.648          0.004 2131
1330.459   15539889.267          0.003 2136
 921.073   10938483.323          0.002 2136
 474.456    5773494.567          0.001 2136
 622.796    7662600.820          0.002 2136
1065.161   12499813.659          0.003 2136
1562.478   19566101.322          0.004 2136
1658.099   18288374.492          0.004 2150
1354.601   17502836.496          0.004 2150
 735.879    8634230.390          0.002 2150
1108.949   13149497.982          0.003 2150
1482.518   16070556.931          0.003 2150
1299.938   14119184.255          0.003 1374
 789.935    9117484.573          0.002 1374
1098.143   13774421.886          0.003 1374
 782.457    9033665.832          0.002 1374
 349.177    3973057.364          0.001 1374
 281.613    3194356.681          0.001 1374
 201.280    2274806.637          0.001 1374
 124.041    1396998.197          0.000 1374
  48.159     541115.283          0.000 1374
   0.000          0.000          0.000 1374
   0.000          0.000          0.000 1375
 368.844    3864366.099          0.001 1331
 706.546   10525238.467          0.002 1331
 857.396   10825883.898          0.002 1331
 760.878    7576455.133          0.002 1331
 652.588    7254040.870          0.002 1331
 526.934    5978985.670          0.001 1331
 918.042   10583739.349          0.002 1331
1153.614   12697030.172          0.003 1331
1506.690   16623899.181          0.004 1331
1672.084   24791577.197          0.005 2114
1083.363   12544648.726          0.003 2114
 626.663    7526928.557          0.002 2114
1189.370   14970659.945          0.003 2114
 915.159   10613186.440          0.002 2114
1027.385   12822326.576          0.003 2114
1240.200   14148593.208          0.003 2114
1467.516   16911435.297          0.004 2131
1135.857   12409644.485          0.003 2131
 868.633   10431478.653          0.002 2131
 568.759    6894752.697          0.001 2131
 698.933    8332457.847          0.002 2131
 869.388   10030661.358          0.002 2131
1520.035   17726026.595          0.004 2131
1361.105   17357387.470          0.004 2136
 875.549   11802254.122          0.002 2136
 814.608    9507078.778          0.002 2136
 788.594    9393067.995          0.002 2136
1015.530   13448239.576          0.003 2136
1583.692   19414817.069          0.004 2150
1017.446   11168888.701          0.002 2150
 662.543    7760729.570          0.002 2150
 911.702   10349140.719          0.002 2150
1596.041   18006481.262          0.004 2150
1170.221   12621541.242          0.003 1374
1140.949   12680897.285          0.003 1374
 612.253    6940060.824          0.002 1374
 582.712    6445584.810          0.001 1374
 427.362    4480433.158          0.001 1374
 587.550    7514066.796          0.002 1374
   0.000          0.000          0.000 1415
   0.000          0.000          0.000 1416
 719.135    8568180.882          0.002 1457
 730.114    8264373.494          0.002 1457
 896.801   10749370.712          0.002 1457
 992.405   10888599.002          0.002 1331
 712.455    7948086.211          0.002 1331
1286.528   14474259.504          0.003 1331
1410.642   14877749.386          0.003 2106
1539.667   16874064.709          0.004 2106
1125.731   12698453.372          0.003 2114
 802.106    9423356.546          0.002 2114
 543.527    6484565.428          0.001 2114
 963.806   12385314.825          0.003 2114
 655.269    7745855.369          0.002 2114
 539.384    6463406.453          0.001 2114
 867.720   10024786.497          0.002 2114
1422.391   16470961.113          0.004 2114
1345.358   16510330.368          0.003 2131
1062.175   13474922.155          0.003 2131
 512.513    6177779.616          0.001 2131
 827.062   10731343.788          0.002 2131
1085.471   11880723.422          0.003 2131
1359.039   14155225.349          0.003 2136
1154.399   12211614.276          0.003 2136
 633.601    7556452.112          0.002 2136
 411.932    4981581.106          0.001 2136
 816.924   10134741.070          0.002 2136
 435.936    5269296.287          0.001 2136
 556.373    6646548.142          0.001 2136
 925.821   10112037.593          0.002 2136
1517.235   22268769.423          0.005 2150
1215.187   13786934.783          0.003 2150
 595.357    6962655.484          0.001 2150
1170.606   13364313.384          0.003 2150
1479.176   15960921.475          0.003 1374
1077.755   11642228.430          0.003 1374
 915.330   10308685.981          0.002 1374
 929.394   11249747.997          0.003 1579
 760.741    8349627.628          0.002 1374
 667.270    9456933.684          0.002 1456
   0.000          0.000          0.000 1456
   0.000          0.000          0.000 1457
 201.322    2217290.643          0.001 1457
 409.635    4598882.981          0.001 1457
 625.975    7215214.968          0.002 1457
 962.564   11806338.388          0.003 1457
1295.110   15868436.342          0.003 1331
 922.832    9865948.178          0.002 1331
1159.274   12451238.944          0.003 1331
1579.221   19100723.176          0.004 2106
1045.254   11788369.856          0.003 2106
1428.515   17359043.279          0.004 2106
1131.574   12734885.276          0.003 2114
 851.031    9883208.372          0.002 2114
 464.821    5514746.220          0.001 2114
 450.343    5354911.158          0.001 2114
 729.113    8682826.805          0.002 2114
1087.434   13447265.933          0.003 2131
1283.601   16289422.795          0.003 2131
1056.720   13670738.643          0.003 2131
 664.043    7910070.258          0.002 2131
1196.219   14004304.762          0.003 2131
 799.949    9038012.796          0.002 2136
 464.262    5533059.823          0.001 2136
 537.564    6398628.704          0.001 2136
 358.681    4309417.573          0.001 2136
 890.059   10735060.242          0.002 2136
 876.881    9368415.448          0.002 2136
1374.567   15873823.102          0.003 2136
1240.078   16298905.771          0.004 2150
 968.570   11195561.628          0.002 2150
 562.768    6576949.478          0.001 2150
1144.306   15157511.236          0.003 2150
1216.001   13883362.051          0.003 2150
1375.930   15255869.602          0.003 2150
1456.297   18299082.938          0.004 1579
1220.813   16503425.104          0.004 1579
1094.442   13535958.355          0.003 1579
 761.470    8424832.751          0.002 1579
 843.410   10064139.914          0.002 1579
 884.287   15089363.757          0.004 1498
 212.218    2350781.887          0.001 1498
   0.000          0.000          0.000 1498
   0.000          0.000          0.000 1499
 542.620    5897684.760          0.001 1540
 759.862   10511822.954          0.002 1540
 993.806   12463051.123          0.003 1457
 980.215   10745700.540          0.002 1540
1043.153   12244236.904          0.003 1540
1431.748   16864117.333          0.004 1331
1268.017   13838458.186          0.003 2106
1261.965   14986873.068          0.003 2106
 842.063    9591509.240          0.002 2106
1156.815   13346578.346          0.003 2106
1291.067   14493819.249          0.003 2114
 781.703    9012334.505          0.002 2114
 390.739    4623814.294          0.001 2114
 591.694    6970656.777          0.001 2114
1044.985   13021275.446          0.003 2114
1298.902   15679055.517          0.003 2114
1262.240   15221526.758          0.003 2131
 839.842   10107051.947          0.002 2131
 712.434    8513343.507          0.002 2131
 448.846    5378006.822          0.001 2131
 781.730    9071773.798          0.002 2131
1271.897   15857306.882          0.003 2131
1152.257   13352231.108          0.003 2136
 992.042   10894245.910          0.002 2136
 343.747    4128757.655          0.001 2136
 702.421    8203291.939          0.002 2136
1107.547   12630505.403          0.003 2136
 996.186   12194961.560          0.003 2150
 680.284    7869329.920          0.002 2150
 757.405    9773157.419          0.002 2150
1053.001   11999222.313          0.003 2150
1106.405   12250535.687          0.003 2150
1406.824   15955128.686          0.004 1579
1057.919   12061280.818          0.003 1579
 917.194   10390705.737          0.002 1579
 636.596    7093476.412          0.002 1579
 417.679    4557996.801          0.001 1579
 578.148    6320292.066          0.001 1579
 310.610    3020079.197          0.001 1539
   0.000          0.000          0.000 1539
   0.000          0.000          0.000 1540
 110.958    1211895.279          0.000 1540
 476.859    5145629.153          0.001 1540
 842.479   10270628.995          0.002 1540
 591.788    6612050.248          0.001 1540
 775.990    8816984.831          0.002 1540
1053.479   12063929.495          0.003 1540
1446.845   17691099.025          0.004 1540
 976.593   10884431.857          0.002 2106
1030.597   12079062.444          0.003 2106
 731.447    8313291.495          0.002 2106
 876.466   10052996.441          0.002 2106
1143.887   12716540.566          0.003 2114
 391.712    4626447.831          0.001 2114
 606.660    7078004.720          0.002 2114
 989.977   11395359.149          0.002 2114
1034.882   11319648.670          0.002 2114
1361.246   16074947.205          0.004 2114
 996.956   11574930.438          0.003 2131
 686.272    8158073.189          0.002 2131
 416.365    4974142.684          0.001 2131
 899.357   10612993.888          0.002 2131
1357.600   17546270.840          0.004 2136
 771.114    8976457.237          0.002 2136
 803.936    9466328.396          0.002 2136
 286.772    3427083.729          0.001 2136
 998.206   14328794.937          0.003 2136
1206.047   13782620.367          0.003 2136
1405.265   17783415.663          0.004 2142
1198.750   14225522.120          0.003 2150
 833.561    9996474.810          0.002 2150
 466.885    5442351.717          0.001 2150
 794.271    9076717.859          0.002 2150
1316.699   14850529.958          0.003 1579
1061.498   12115013.148          0.003 1579
 548.088    5963643.378          0.001 1579
 304.191    3282636.784          0.001 1579
 161.548    1739784.568          0.000 1579
  46.684     503159.316          0.000 1579
   0.000          0.000          0.000 1579
   0.000          0.000          0.000 1580
 276.977    2948606.506          0.001 1540
 235.617    2582605.751          0.001 1540
 365.966    4026039.608          0.001 1540
 656.396    7315251.097          0.002 1540
1046.664   11862071.580          0.003 1540
1321.687   16738497.261          0.004 2106
 714.943    8033067.285          0.002 2106
 737.618    8449001.075          0.002 2106
 622.604    7051905.103          0.002 2106
1081.674   11658749.973          0.003 2106
 689.909    7913284.637          0.002 2114
 323.940    3810210.881          0.001 2114
 735.128    8381648.932          0.002 2114
 740.560    8395643.794          0.002 2114
1386.710   14909849.749          0.003 2114
 993.815   11466413.761          0.003 2131
 676.487    7948428.563          0.002 2131
 603.546    7070598.873          0.002 2131
 827.199    9679545.862          0.002 2131
1188.127   13218029.320          0.003 2136
 652.622    7537279.490          0.002 2136
1027.678   11416460.222          0.003 2136
 664.957    7505116.982          0.002 2136
 884.363    9642643.877          0.002 2136
1203.673   14670142.327          0.003 2142
1299.232   15608465.231          0.003 2150
 658.240    7714410.228          0.002 2150
 993.450   12187581.438          0.003 2150
 942.095   13090531.237          0.003 2150
 392.544    4561432.228          0.001 2150
 559.747    6398310.664          0.001 2150
 595.526    6822098.633          0.001 2150
1104.078   12420290.790          0.003 2150
1241.018   14059843.395          0.003 2159
1056.861   11497271.877          0.003 1579
 739.723    8080229.294          0.002 1579
 675.266    6186757.094          0.001 1579
 603.010    6256285.622          0.001 1579
 559.886    6414064.754          0.002 1579
   0.000          0.000          0.000 1620
   0.000          0.000          0.000 1621
 449.589    5197201.675          0.001 1621
 722.012   10531097.382          0.002 1540
 733.767    7733921.502          0.002 1540
 502.949    5526036.504          0.001 1540
 900.041    9850972.538          0.002 1540
1429.430   19142162.855          0.004 1540
1140.857   11938370.930          0.003 2106
 632.052    7096395.002          0.002 2106
 604.468    6861734.472          0.002 2106
 519.752    5862705.420          0.001 2106
 610.837    6877058.251          0.002 2106
1206.308   14735039.019          0.003 2106
 650.164    7449831.298          0.002 2114
 451.764    5216435.121          0.001 2114
 395.817    4588688.323          0.001 2114
 472.684    5462343.631          0.001 2114
 921.162    9981057.516          0.002 2114
1064.670   12104690.789          0.003 2131
 515.102    6046449.178          0.001 2131
 355.323    4219550.188          0.001 2131
 629.267    7015253.574          0.002 2131
1113.863   12407944.866          0.003 2131
 692.943    7844362.879          0.002 2136
 498.619    5713009.032          0.001 2136
 858.985   10882085.034          0.002 2136
 241.574    2876392.119          0.001 2136
 612.118    7091511.563          0.002 2136
1001.690   10556440.762          0.002 2136
 922.535   10756017.728          0.002 2142
1101.739   14764676.114          0.003 2150
 541.985    6288171.010          0.001 2150
 735.372    8004880.543          0.002 2150
 339.928    3938653.883          0.001 2150
 473.329    5410595.466          0.001 2150
 859.057    9717257.453          0.002 2150
1335.662   14998379.456          0.003 2159
1189.173   16690353.408          0.004 2159
 841.389    9451199.176          0.002 2159
1151.844   13267650.289          0.003 2159
1121.743   11930317.219          0.003 1579
1042.143    9429539.979          0.002 1579
 865.418   13318413.534          0.003 1710
 726.861   10494136.854          0.002 1579
 390.926    4101837.778          0.001 1666
   0.000          0.000          0.000 1666
   0.000          0.000          0.000 1667
 150.739    1627594.485          0.000 1667
 466.382    5404953.295          0.001 1667
 931.819   14445433.896          0.003 1540
 751.873    7966767.670          0.002 1540
1128.405   14471832.723          0.003 1540
1195.958   14039021.318          0.003 2106
 504.505    5663462.814          0.001 2106
 425.866    4788875.971          0.001 2106
 975.335   14435047.644          0.003 2106
1166.258   12705132.909          0.003 2106
 985.263   10862761.096          0.002 2114
 558.625    6327241.902          0.001 2114
 270.434    3165954.698          0.001 2114
 840.861   11915801.177          0.003 2114
 936.326   10122216.121          0.002 2114
1459.802   15898819.602          0.003 2114
1230.340   13045196.389          0.003 2124
 900.974   10320598.808          0.002 2131
 761.510    8641942.775          0.002 2131
 408.600    4788832.587          0.001 2131
 303.621    3584578.650          0.001 2131
1025.692   12131066.656          0.003 2131
 908.264   13219994.058          0.003 2136
 376.156    4307074.601          0.001 2136
 415.705    4742341.197          0.001 2136
 487.606    5501688.655          0.001 2136
1188.023   12937606.384          0.003 2136
1004.091   11491762.880          0.003 2142
1030.659   11586678.738          0.003 2142
 718.382    8164699.559          0.002 2150
 454.204    5237933.557          0.001 2150
 744.510   10231231.775          0.002 2150
 401.998    4593993.886          0.001 2150
 702.786    7909347.596          0.002 2150
1165.867   13479816.992          0.003 2150
 974.829   10835334.706          0.002 2159
 658.447    7331830.222          0.002 2159
1277.294   14959100.422          0.003 2159
1390.890   17032333.654          0.004 2159
1063.464   11090863.436          0.003 1790
 531.541    6848832.507          0.002 1710
 261.947    3152518.567          0.001 1710
   0.000          0.000          0.000 1710
   0.000          0.000          0.000 1711
 722.524    7912467.295          0.002 1749
 876.305   11318774.291          0.003 1667
1179.848   11909241.679          0.003 1540
1025.495   11375579.346          0.003 2098
1235.980   13473199.218          0.003 2098
1303.268   17171774.250          0.004 2106
 961.809   12903541.093          0.003 2106
 369.903    4144258.018          0.001 2106
 377.681    4238883.436          0.001 2106
 786.421    8637243.316          0.002 2106
1134.342   14966126.469          0.003 2114
 505.010    5697059.750          0.001 2114
 524.326    4954531.234          0.001 2114
1069.227   10437913.856          0.002 2114
1101.274   12552974.269          0.003 2118
1287.955   16965494.987          0.004 2124
 722.189    8390392.687          0.002 2131
 277.076    3261796.292          0.001 2131
 643.141    7410770.942          0.002 2131
 739.718    7775405.473          0.002 2136
 290.689    3338055.867          0.001 2136
 201.901    2395512.986          0.001 2136
 779.163    9387776.903          0.002 2136
1176.028   17633806.442          0.004 2142
 642.708    7210411.161          0.002 2142
1161.371   14104609.838          0.003 2150
 359.516    4128030.276          0.001 2150
 269.151    3102609.042          0.001 2150
 329.407    3765468.601          0.001 2150
1092.978   13556841.694          0.003 2150
1329.398   16728276.659          0.004 2159
 695.118    7712516.847          0.002 2159
1047.897   12563012.383          0.003 2159
1190.482   14654582.992          0.003 2159
1208.489   14518946.982          0.003 1790
 632.679    6693196.846          0.002 1790
   0.000          0.000          0.000 1748
   0.000          0.000          0.000 1749
 206.451    2171771.509          0.001 1749
 753.658    8004633.880          0.002 1749
1251.303   16908488.928          0.004 2098
1128.804   13804275.920          0.003 2098
 797.276    8823336.413          0.002 2098
 945.931   10375116.103          0.002 2098
 772.134    8426125.107          0.002 2106
 833.918   12348164.344          0.003 2106
 304.634    3408915.449          0.001 2106
 851.001   10100702.884          0.002 2106
 908.575   10026499.352          0.002 2114
 337.774    3832746.307          0.001 2114
 217.515    2538264.443          0.001 2114
 793.937    8974801.491          0.002 2114
 901.127   13404588.545          0.003 2118
 946.893   10778014.323          0.002 2118
 830.667    8993453.914          0.002 2124
1063.870   10892115.090          0.002 2124
 802.619    9410627.780          0.002 2131
 248.718    2921335.255          0.001 2131
 562.906    6308463.321          0.001 2136
 225.777    2612574.152          0.001 2136
 177.916    2106572.865          0.000 2136
 334.215    3790324.982          0.001 2136
 930.739    9156091.506          0.002 2136
1063.120   12107344.612          0.003 2142
 550.312    6133707.027          0.001 2142
1024.873   11862363.525          0.003 2142
 825.930    8611758.694          0.002 2150
 651.681    6904940.843          0.002 2150
 220.144    2524267.959          0.001 2150
 660.641    7310691.465          0.002 2150
 895.589    9901590.653          0.002 2159
 444.275    4902050.666          0.001 2159
 983.617   11008192.034          0.003 2159
 732.842    7938890.392          0.002 2159
 786.912    8422992.733          0.002 1790
 536.322    5730860.255          0.001 1790
 350.178    3735105.281          0.001 1790
 183.489    1951519.860          0.000 1790
   0.000          0.000          0.000 1790
   0.000          0.000          0.000 1791
 479.085    5014247.013          0.001 1749
1030.693   11819946.425          0.003 1749
 980.806   13021773.927          0.003 2098
 667.785    7275057.892          0.002 2098
1107.536   12227038.720          0.003 2106
 531.446    5854149.029          0.001 2106
 265.196    2962934.363          0.001 2106
 866.978    9951566.009          0.002 2106
1211.920   15090895.668          0.003 2114
 689.277    7615006.777          0.002 2114
 171.326    1994023.533          0.000 2114
 492.401    5423945.731          0.001 2114
1014.550   12926994.989          0.003 2118
 654.890    7421401.630          0.002 2118
1151.687   16206817.253          0.004 2124
 613.249    6640532.246          0.002 2124
 994.239   11972912.126          0.003 2124
 745.750    9342928.795          0.002 2131
 707.921    7765417.199          0.002 2131
 908.020   11010183.036          0.003 2136
 343.643    3844150.109          0.001 2136
 148.795    1757293.827          0.000 2136
 683.725    8686173.525          0.002 2136
 896.937    9552371.265          0.002 2136
 713.090    7936203.242          0.002 2142
 478.783    5313211.415          0.001 2142
 773.233   10457025.470          0.002 2150
 190.924    2186685.759          0.000 2150
 798.728   10836186.728          0.002 2150
1016.147   10891113.003          0.002 2150
1185.555   12668378.240          0.003 2159
 553.053    6054465.033          0.001 2159
 648.523    7023773.683          0.002 2159
 564.000    6101702.297          0.001 2159
1040.335   12426858.116          0.003 2159
 697.476    7590582.251          0.002 1790
 415.158    4247931.479          0.001 1790
 267.157    2877548.264          0.001 1830
   0.000          0.000          0.000 1830
   0.000          0.000          0.000 1831
 614.964    8182322.312          0.002 1831
 889.465   10116274.401          0.002 1749
1093.423   14010055.138          0.003 1749
 554.715    5978130.713          0.001 2098
 535.219    5880665.077          0.001 2098
 756.958    8136527.108          0.002 2098
 793.545    8629773.601          0.002 2106
 217.627    2426472.948          0.001 2106
 553.084    5854645.935          0.001 2106
1153.650   14985564.037          0.003 2106
 543.846    5700057.186          0.001 2114
 147.842    1719089.420          0.000 2114
 784.208    8823329.292          0.002 2114
 581.193    7035197.102          0.002 2118
 875.579    9807311.987          0.002 2118
 878.666    9415891.429          0.002 2124
 439.595    4761641.460          0.001 2124
 193.878    2267450.235          0.000 2131
 411.472    4527735.006          0.001 2131
 938.176   12336850.920          0.003 2136
 406.100    4460586.584          0.001 2136
 119.322    1407212.296          0.000 2136
 712.341    7759456.802          0.002 2136
1144.543   13405535.525          0.003 2140
 595.440    6548276.748          0.002 2142
 376.438    4150267.475          0.001 2142
 850.118    9313174.584          0.002 2142
1097.424   13401441.212          0.003 2150
 364.005    4036660.514          0.001 2150
 166.829    1908935.878          0.000 2150
 546.482    5933836.803          0.001 2150
 698.490    7505550.304          0.002 2150
1228.941   14565455.939          0.003 2156
1134.369   12989695.568          0.003 2159
 814.958    9052552.708          0.002 2159
 325.202    3542610.058          0.001 2159
 738.024    7953042.862          0.002 2159
1224.008   14122744.860          0.003 1790
1053.517   14536758.338          0.003 1790
 779.432   10368413.596          0.002 1917
 301.307    3168146.142          0.001 1873
   0.000          0.000          0.000 1873
   0.000          0.000          0.000 1874
 163.700    1702034.037          0.000 1874
 578.543    6012597.181          0.001 1874
 829.569    8602942.877          0.002 1874
 808.829    8586738.945          0.002 2098
 343.716    3722856.643          0.001 2098
 400.722    4344724.810          0.001 2098
1110.332   13261199.631          0.003 2098
 735.548    8732374.123          0.002 2106
 630.430    8442997.979          0.002 2106
1102.751   13387959.966          0.003 2106
 847.650   10188447.572          0.002 2112
 614.188    6754056.112          0.002 2114
 133.120    1547259.763          0.000 2114
 613.004    6519511.316          0.002 2114
 889.812   11177942.254          0.003 2118
 358.399    4010918.995          0.001 2118
 544.073    6087884.926          0.001 2118
 483.397    5180481.063          0.001 2124
 587.715    6182324.579          0.001 2124
 538.487    5995149.233          0.001 2131
 162.300    1893377.789          0.000 2131
 299.466    3319510.190          0.001 2131
 921.518   11560487.685          0.003 2131
 536.982    7292946.652          0.002 2136
 535.386    5745621.006          0.001 2136
1039.960   11556545.841          0.003 2140
 842.100   10835281.064          0.003 2142
 313.204    3442357.897          0.001 2142
 745.498    8145514.404          0.002 2142
 939.275   12144262.165          0.003 2150
 507.721    5525053.768          0.001 2150
 139.697    1596501.908          0.000 2150
 458.132    4999196.745          0.001 2150
 918.751    9983004.899          0.002 2156
 852.471    9383474.444          0.002 2156
1036.363   15273476.773          0.004 2156
 253.004    2764764.249          0.001 2159
 819.634   10135349.632          0.002 2159
1178.796   13026255.695          0.003 2165
1154.261   12251317.338          0.003 2165
 774.595    8397266.477          0.002 1917
 168.304    1742874.341          0.000 1917
   0.000          0.000          0.000 1917
   0.000          0.000          0.000 1918
 580.659    6445884.731          0.002 1960
 936.818   10913639.741          0.003 2094
 800.699    9780136.130          0.002 2098
 236.744    2557087.106          0.001 2098
 569.317    5857370.972          0.001 2098
 858.118    9805367.878          0.002 2103
 670.381    6948137.472          0.002 2106
 148.159    1648091.003          0.000 2106
 691.942    7398360.362          0.002 2106
 830.956    8616733.484          0.002 2109
 557.312    6264170.850          0.001 2112
 437.211    4621108.587          0.001 2114
  95.043    1103288.847          0.000 2114
 865.194   10250689.255          0.002 2114
 302.206    3362010.353          0.001 2118
 968.486   11430749.741          0.003 2124
 294.100    3173817.028          0.001 2124
 441.359    4942217.646          0.001 2131
 120.093    1396088.199          0.000 2131
 682.317    8103509.581          0.002 2131
 915.909   10719272.329          0.003 2132
 567.834    5813239.713          0.001 2136
  83.682     985177.585          0.000 2136
 476.556    5077887.935          0.001 2136
 950.539    9894888.891          0.002 2136
 560.387    5978122.979          0.001 2140
 783.569    9044259.376          0.002 2142
 267.554    2934812.175          0.001 2142
 860.612   12028049.775          0.003 2142
 868.087    8894833.992          0.002 2146
 408.345    4373665.725          0.001 2150
 268.363    2912843.385          0.001 2150
 900.690    9972789.785          0.002 2150
 557.095    6009475.335          0.001 2156
 723.487    8149351.770          0.002 2159
 196.827    2146982.250          0.000 2159
 895.182    9724707.444          0.002 2159
 658.425    6972100.685          0.002 2165
 797.570   10606494.151          0.003 1917
 336.425    3454114.644          0.001 1959
   0.000          0.000          0.000 1959
   0.000          0.000          0.000 1960
 207.162    2135933.221          0.001 1960
 727.006    7601255.330          0.002 1960
 731.084    7573888.190          0.002 2094
 589.202    6019624.986          0.001 2098
 202.287    2182272.889          0.001 2098
 890.067   12642944.043          0.003 2098
 557.191    6090728.084          0.001 2103
 713.050   14131569.943          0.003 2106
 108.125    1201059.057          0.000 2106
 671.251    8799288.155          0.002 2106
 540.812    5602553.035          0.001 2109
 363.833    3954167.619          0.001 2112
 699.354   11193377.264          0.003 2112
  69.642     807893.769          0.000 2114
 567.860    6457912.322          0.002 2114
 563.485    6067969.905          0.001 2118
 230.152    2541999.685          0.001 2118
 403.782    4379284.034          0.001 2118
 870.169    9059776.838          0.002 2118
 426.343    4525230.413          0.001 2124
 444.335    4442174.859          0.001 2124
  97.686    1134311.132          0.000 2131
 598.969    7357321.615          0.002 2131
 896.348   10765199.217          0.003 2136
  62.333     733122.037          0.000 2136
 613.282    7650506.675          0.002 2136
 331.773    3504359.960          0.001 2140
 198.727    2173417.926          0.000 2142
 416.168    4418126.441          0.001 2142
 642.233    6649214.169          0.002 2146
 610.689    6302590.401          0.001 2146
 834.747   10042359.961          0.002 2150
  86.744     989084.571          0.000 2150
 678.136    7262512.235          0.002 2150
 941.388   11693106.725          0.003 2154
 445.016    4719401.434          0.001 2156
 722.126   13819439.739          0.003 2159
 146.706    1597437.278          0.000 2159
 441.248    4675312.181          0.001 2159
 652.580    6702673.190          0.002 2161
 705.144    8456055.795          0.002 2165
 423.580    4455808.622          0.001 2165
 784.834    9699919.247          0.002 2004
   0.000          0.000          0.000 2004
   0.000          0.000          0.000 2005
 585.089    9607554.949          0.002 2005
 299.713    3102492.688          0.001 2094
 609.708    6564583.297          0.002 2094
 120.225    1293217.871          0.000 2098
 683.829    9190503.356          0.002 2101
 291.973    3102294.462          0.001 2103
  62.791     696604.531          0.000 2106
 636.677    8562433.097          0.002 2106
 257.104    2755260.109          0.001 2112
 522.735    6124738.441          0.001 2114
 617.457    7085902.031          0.002 2114
 354.320    3678634.514          0.001 2118
 153.014    1678766.138          0.000 2118
 701.933   10153688.419          0.002 2120
 659.450    7569214.705          0.002 2122
 136.800    1469159.152          0.000 2124
 695.660    8094535.128          0.002 2126
  65.329     757629.308          0.000 2131
 365.300    3804962.002          0.001 2132
 640.793    8784696.111          0.002 2136
  44.214     519570.772          0.000 2136
 649.873   10093653.236          0.002 2136
 233.687    2458951.456          0.001 2140
 383.403    3953033.834          0.001 2142
 121.184    1319321.508          0.000 2142
 454.368    4735528.749          0.001 2142
 303.642    3146782.489          0.001 2146
 666.826    9311469.443          0.002 2149
  56.183     639262.799          0.000 2150
 603.449    6383254.121          0.002 2153
 536.460    5439451.104          0.001 2154
 239.263    2532380.524          0.001 2156
 500.798    5208531.759          0.001 2159
 101.758    1106072.759          0.000 2159
 303.491    3131095.536          0.001 2161
 611.373    8591097.087          0.002 2162
 619.617    6739554.749          0.002 2165
 224.086    2331100.791          0.001 2165
 598.817    8304022.541          0.002 2045
   0.000          0.000          0.000 2045
   0.000          0.000          0.000 2046
 304.505    3014389.876          0.001 2092
 164.921    1701584.077          0.000 2094
 383.621    3922931.977          0.001 2096
  60.372     647531.361          0.000 2098
 349.976    3963034.182          0.001 2100
 321.302    3158233.542          0.001 2102
 169.566    1784982.210          0.000 2103
 279.202    2793942.802          0.001 2105
 436.410    5862296.405          0.001 2107
 458.871    5262233.326          0.001 2108
 171.209    1761826.840          0.000 2109
 352.811    3511702.080          0.001 2111
 138.978    1469078.090          0.000 2112
  19.696     228247.245          0.000 2114
 306.517    3076794.951          0.001 2116
  59.224     641065.550          0.000 2118
 212.118    2131855.266          0.001 2120
 197.922    1987856.529          0.000 2122
  48.281     517378.732          0.000 2124
 440.948    4560520.158          0.001 2125
 259.776    2615232.856          0.001 2127
 326.851    3603626.236          0.001 2129
  26.503     306855.588          0.000 2131
 191.290    1972409.307          0.000 2132
 340.596    3476137.140          0.001 2134
  19.003     222979.862          0.000 2136
 290.843    2920842.647          0.001 2138
 124.971    1307673.953          0.000 2140
  56.507     612808.082          0.000 2142
 346.476    3478766.056          0.001 2144
 120.360    1240155.782          0.000 2146
 335.895    3315460.386          0.001 2148
  23.296     264855.061          0.000 2150
 345.991    3456424.728          0.001 2152
 160.123    1606878.984          0.000 2154
 111.712    1174143.540          0.000 2156
 400.851    4975337.798          0.001 2159
  38.968     422443.858          0.000 2159
 147.744    1518853.065          0.000 2161
 339.029    3392579.984          0.001 2163
 103.532    1071637.101          0.000 2165
 490.506    5361209.769          0.001 2167
   0.000          0.000          0.000 2089
   0.000          0.000          0.000 2090
   0.000          0.000          0.000 2091
   0.000          0.000          0.000 2092
   0.000          0.000          0.000 2093
   0.000          0.000          0.000 2094
   0.000          0.000          0.000 2095
   0.000          0.000          0.000 2096
   0.000          0.000          0.000 2097
   0.000          0.000          0.000 2098
   0.000          0.000          0.000 2099
   0.000          0.000          0.000 2100
   0.000          0.000          0.000 2101
   0.000          0.000          0.000 2102
   0.000          0.000          0.000 2103
   0.000          0.000          0.000 2104
   0.000          0.000          0.000 2105
   0.000          0.000          0.000 2106
   0.000          0.000          0.000 2107
   0.000          0.000          0.000 2108
   0.000          0.000          0.000 2109
   0.000          0.000          0.000 2110
   0.000          0.000          0.000 2111
   0.000          0.000          0.000 2112
   0.000          0.000          0.000 2113
   0.000          0.000          0.000 2114
   0.000          0.000          0.000 2115
   0.000          0.000          0.000 2116
   0.000          0.000          0.000 2117
   0.000          0.000          0.000 2118
   0.000          0.000          0.000 2119
   0.000          0.000          0.000 2120
   0.000          0.000          0.000 2121
   0.000          0.000          0.000 2122
   0.000          0.000          0.000 2123
   0.000          0.000          0.000 2124
   0.000          0.000          0.000 2125
   0.000          0.000          0.000 2126
   0.000          0.000          0.000 2127
   0.000          0.000          0.000 2128
   0.000          0.000          0.000 2129
   0.000          0.000          0.000 2130
   0.000          0.000          0.000 2131
   0.000          0.000          0.000 2132
   0.000          0.000          0.000 2133
   0.000          0.000          0.000 2134
   0.000          0.000          0.000 2135
   0.000          0.000          0.000 2136
   0.000          0.000          0.000 2137
   0.000          0.000          0.000 2138
   0.000          0.000          0.000 2139
   0.000          0.000          0.000 2140
   0.000          0.000          0.000 2141
   0.000          0.000          0.000 2142
   0.000          0.000          0.000 2143
   0.000          0.000          0.000 2144
   0.000          0.000          0.000 2145
   0.000          0.000          0.000 2146
   0.000          0.000          0.000 2147
   0.000          0.000          0.000 2148
   0.000          0.000          0.000 2149
   0.000          0.000          0.000 2150
   0.000          0.000          0.000 2151
   0.000          0.000          0.000 2152
   0.000          0.000          0.000 2153
   0.000          0.000          0.000 2154
   0.000          0.000          0.000 2155
   0.000          0.000          0.000 2156
   0.000          0.000          0.000 2157
   0.000          0.000          0.000 2158
   0.000          0.000          0.000 2159
   0.000          0.000          0.000 2160
   0.000          0.000          0.000 2161
   0.000          0.000          0.000 2162
   0.000          0.000          0.000 2163
   0.000          0.000          0.000 2164
   0.000          0.000          0.000 2165
   0.000          0.000          0.000 2166
   0.000          0.000          0.000 2167
   0.000          0.000          0.000 2168
   0.000          0.000          0.000 2169
 493.900    5087165.806          0.001   72
 695.813    9093883.680          0.002    7
 345.035    3746512.177          0.001  489
 193.063    2117982.089          0.000  489
 444.705    4699138.417          0.001   26
 423.175    4569199.844          0.001 2150
 350.153    3794146.024          0.001  991
 104.753    1212062.488          0.000  991
 248.313    2724943.310          0.001  991
 444.702    4676660.268          0.001   15
 440.384    4936202.414          0.001 2131
 350.433    3849081.751          0.001 2159
 374.700    4146234.305          0.001 2106
 667.487    7068918.370          0.002 2140
 969.887   11118492.792          0.003   26
 703.088    7775702.509          0.002   26
 238.854    2777748.733          0.001  991
 480.785    5496886.054          0.001  991
 451.807    5133818.430          0.001 1374
 697.893    7843911.102          0.002 1374
 420.685    4781383.477          0.001 1374
 843.581    9638613.912          0.002 1374
 607.283    6892335.679          0.002   35
 311.006    3634482.969          0.001   35
 759.884    9362847.692          0.002   35
 853.706    9764909.253          0.002 2150
 794.797    9125603.595          0.002 2150
1084.503   13278713.618          0.003 1331
 744.295    8476089.102          0.002   52
1325.665   13743467.827          0.003  991
 455.869    4332393.567          0.001 2131
 490.248    5958055.946          0.001 2136
 770.997    8576040.820          0.002   65
1143.474   12960621.761          0.003 2114
 931.170   10988139.256          0.002 2136
1032.350   12729388.001          0.003 2136
 623.862    7607102.052          0.002 2131
 645.263    7887370.006          0.002 2131
 828.850    9444918.664          0.002   60
 492.911    5708126.273          0.001   60
1282.442   14255391.389          0.003   60
1526.435   16898881.199          0.004   60
1655.235   19953824.931          0.004 1331
 758.344    9463771.102          0.002 2136
 972.687   11670758.940          0.002 2136
 624.461    6887175.182          0.002   15
 704.988    8226014.989          0.002   35
1693.203   18561123.765          0.004 2136
1803.990   18622610.091          0.004   41
1779.154   20199707.749          0.004   41
1532.135   17744304.517          0.004  991
1607.545   17991463.478          0.004 2114
 992.846   11362038.502          0.002 2150
1312.738   13829176.338          0.003 2136
 527.170    6700187.767          0.002 1579
 473.584    5078325.277          0.001 1579
 232.112    2502954.397          0.001 1579
