   0.000          0.000          0.000    1
   0.000          0.000          0.000    2
   0.000          0.000          0.000    3
   0.000          0.000          0.000    4
   0.000          0.000          0.000    5
   0.000          0.000          0.000    6
   0.000          0.000          0.000    7
   0.000          0.000          0.000    8
   0.000          0.000          0.000    9
   0.000          0.000          0.000   10
   0.000          0.000          0.000   11
   0.000          0.000          0.000   12
   0.000          0.000          0.000   13
   0.000          0.000          0.000   14
   0.000          0.000          0.000   15
   0.000          0.000          0.000   16
   0.000          0.000          0.000   17
   0.000          0.000          0.000   18
   0.000          0.000          0.000   19
   0.000          0.000          0.000   20
   0.000          0.000          0.000   21
   0.000          0.000          0.000   22
   0.000          0.000          0.000   23
   0.000          0.000          0.000   24
   0.000          0.000          0.000   25
   0.000          0.000          0.000   26
   0.000          0.000          0.000   27
   0.000          0.000          0.000   28
   0.000          0.000          0.000   29
   0.000          0.000          0.000   30
   0.000          0.000          0.000   31
   0.000          0.000          0.000   32
   0.000          0.000          0.000   33
   0.000          0.000          0.000   34
   0.000          0.000          0.000   35
   0.000          0.000          0.000   36
   0.000          0.000          0.000   37
   0.000          0.000          0.000   38
   0.000          0.000          0.000   39
   0.000          0.000          0.000   40
   0.000          0.000          0.000   41
   0.000          0.000          0.000   42
   0.000          0.000          0.000   43
   0.000          0.000          0.000   44
   0.000          0.000          0.000   45
   0.000          0.000          0.000   46
   0.000          0.000          0.000   47
   0.000          0.000          0.000   48
   0.000          0.000          0.000   49
   0.000          0.000          0.000   50
   0.000          0.000          0.000   51
   0.000          0.000          0.000   52
   0.000          0.000          0.000   53
   0.000          0.000          0.000   54
   0.000          0.000          0.000   55
   0.000          0.000          0.000   56
   0.000          0.000          0.000   57
   0.000          0.000          0.000   58
   0.000          0.000          0.000   59
   0.000          0.000          0.000   60
   0.000          0.000          0.000   61
   0.000          0.000          0.000   62
   0.000          0.000          0.000   63
   0.000          0.000          0.000   64
   0.000          0.000          0.000   65
   0.000          0.000          0.000   66
   0.000          0.000          0.000   67
   0.000          0.000          0.000   68
   0.000          0.000          0.000   69
   0.000          0.000          0.000   70
   0.000          0.000          0.000   71
   0.000          0.000          0.000   72
   0.000          0.000          0.000   73
   0.000          0.000          0.000   74
   0.000          0.000          0.000   75
   0.000          0.000          0.000   76
   0.000          0.000          0.000   77
   0.000          0.000          0.000   78
   0.000          0.000          0.000   79
   0.000          0.000          0.000   80
   0.000          0.000          0.000   81
 787.558   12427141.189          0.003    5
 181.319    1764403.926          0.000    5
 105.562    1082607.232          0.000    7
 363.280    3325372.766          0.001    8
 131.677    1351759.998          0.000   10
 237.767    2221107.148          0.001   12
 297.142    2935052.812          0.001   13
  41.554     455450.798          0.000   15
 265.041    2654363.155          0.001   17
 521.343    5177212.155          0.001   19
  66.453     698667.820          0.000   20
 782.790    8605939.659          0.002   20
 233.555    2379951.425          0.001   24
  32.198     363257.514          0.000   26
 681.613    7638397.069          0.002   26
 152.132    1563422.936          0.000   30
 309.337    3047769.036          0.001   32
 474.660    4827626.518          0.001   35
  22.181     253023.442          0.000   35
 189.583    1834394.481          0.000   37
 757.052    8666154.766          0.002   41
  26.190     297673.326          0.000   41
 227.691    2301190.002          0.001   43
 226.697    2263986.132          0.001   45
  42.455     463330.884          0.000   47
 202.822    2036455.093          0.001   49
 333.995    3038999.658          0.001   51
  32.827     375477.761          0.000   52
 210.183    1822792.584          0.001   54
 119.456    1232257.740          0.000   56
 254.896    2502787.181          0.001   58
  29.778     333828.439          0.000   60
  52.282     587335.080          0.000   60
 233.343    2284824.222          0.001   63
  49.947     544138.520          0.000   65
 695.892    9527170.872          0.002   65
 121.921    1235815.063          0.000   69
 427.001    4244932.984          0.001   72
  78.354     829973.727          0.000   72
 247.247    2426511.678          0.001   74
 149.399    1467095.281          0.000   76
 305.624    2795694.190          0.001   78
   0.000          0.000          0.000  124
   0.000          0.000          0.000  125
 474.610    4744039.787          0.001  125
 500.095    5008843.587          0.001    5
 236.764    2440992.921          0.001    7
 288.111    2980670.936          0.001   10
 667.024    6695547.733          0.002   10
 663.443    6410232.757          0.002   12
 410.957    4166897.107          0.001   15
 735.166    7799931.207          0.002   17
 157.381    1669185.099          0.000   20
 735.730    9553331.013          0.002   20
 831.575    9699743.826          0.002   24
 441.813    4430057.195          0.001   26
  58.107     656334.505          0.000   26
 398.839    4102434.733          0.001   30
 505.878    5219675.143          0.001   35
  54.486     622855.830          0.000   35
 347.743    3494094.860          0.001   35
 715.874    7332130.456          0.002   37
 595.868    7546036.805          0.002   41
  53.115     604790.407          0.000   41
 435.376    4439259.626          0.001   43
 469.441    4658428.914          0.001   45
 101.651    1115389.236          0.000   47
 392.157    3951222.378          0.001   49
 601.138    6058320.851          0.002   49
  59.685     683034.757          0.000   52
 189.516    1958764.969          0.000   56
 489.497    4976166.809          0.001   56
 598.524    5730369.967          0.001   60
  72.636     816978.052          0.000   60
 677.909    8495748.725          0.002   63
  95.906    1048761.332          0.000   65
 654.969    8587875.288          0.002   65
 245.334    2502790.849          0.001   69
 648.454    9900305.178          0.002   69
 148.931    1583296.651          0.000   72
 736.139    7824506.795          0.002   74
 317.961    3168053.532          0.001   76
 566.965    5646931.472          0.001   76
 234.969    2387222.865          0.001  166
   0.000          0.000          0.000  166
   0.000          0.000          0.000  167
 531.777    5328757.068          0.001  167
 806.327    8578030.578          0.002    7
 380.260    3972072.241          0.001    7
 523.680    5469171.167          0.001   10
 948.180   11753701.251          0.003   10
 710.399    7917841.574          0.002   15
 111.954    1230342.118          0.000   15
 784.566   12242290.374          0.003   20
 456.421    4884284.191          0.001   20
 551.009    5731286.108          0.001   20
 890.465   11150155.432          0.003   26
 333.986    4296255.327          0.001   26
  85.217     963800.679          0.000   26
 450.065    4666874.722          0.001   26
 508.454    5398757.098          0.001   30
 492.236    5134012.561          0.001   35
  82.051     938914.542          0.000   35
 216.681    2342729.956          0.001   35
 610.445    8773923.718          0.002   35
 877.553    9545398.643          0.002   35
 679.030    7146019.619          0.002   41
  94.282    1076253.951          0.000   41
 486.207    5410481.044          0.001   41
 615.868    7520088.475          0.002   47
 846.040   10766347.623          0.003   49
  89.946    1031744.033          0.000   52
 614.548    7312314.485          0.002   52
 765.467   10351205.509          0.002   52
 331.807    3453764.208          0.001   56
 583.004    7332648.406          0.002   60
 355.778    3742851.292          0.001   65
 136.562    1497982.339          0.000   65
 692.870    9263275.714          0.002   65
 456.528    4698364.798          0.001   69
 740.446    8104984.457          0.002   72
 214.335    2287020.466          0.001   72
 937.341   12437644.853          0.003   72
 992.072   10799246.783          0.003   76
 886.518   11902705.496          0.003  166
 400.742    3880713.804          0.001  208
   0.000          0.000          0.000  208
   0.000          0.000          0.000  209
 672.893   11421527.343          0.003  209
 947.865   11083620.912          0.003  250
 622.084    6554648.549          0.002    7
 949.665   11609937.244          0.003    7
 980.933   11103835.702          0.003   15
 297.807    3231699.743          0.001   15
 164.663    1818435.429          0.000   15
 862.143   12504312.828          0.003   20
 344.873    3712002.104          0.001   20
 728.554    8330845.813          0.002   20
 895.141    9996020.675          0.002   20
 109.345    1238165.335          0.000   26
 368.054    3942988.123          0.001   26
 791.154    8638224.994          0.002   30
 574.775    6032820.091          0.001   35
 109.952    1260084.843          0.000   35
 636.237    6711253.609          0.002   35
1118.715   12785479.184          0.003   41
 682.505    7519866.514          0.002   41
 125.530    1434793.928          0.000   41
 585.429    5896532.839          0.001   41
 647.542    6826583.902          0.002   47
 177.212    1956770.225          0.000   47
 630.373    6876685.052          0.002   47
 470.334    5015750.297          0.001   52
 127.181    1461684.811          0.000   52
 255.562    2776508.393          0.001   52
 702.461    7311093.431          0.002   56
 505.420    5297514.805          0.001   56
 777.599    7922491.833          0.002   60
 291.224    3170327.580          0.001   60
 142.349    1607829.149          0.000   60
 194.561    2141917.449          0.000   65
 886.373   10010959.702          0.002   65
 780.949    8134543.808          0.002   69
 546.225    5821170.743          0.001   72
 507.113    5373528.441          0.001   72
 936.131   11653740.077          0.003  293
 564.230    5805084.945          0.001  293
   0.000          0.000          0.000  249
   0.000          0.000          0.000  250
 256.458    2733884.153          0.001  250
1008.261   12702442.012          0.003  250
 899.706    9515745.510          0.002    7
 841.394    9186785.231          0.002    7
1179.807   12842218.385          0.003   10
 722.333    7732306.354          0.002   15
 626.889    9331995.833          0.002   15
 223.529    2476870.243          0.001   15
 820.325    8617801.448          0.002   20
 936.431   12680634.009          0.003   20
 602.663    6401092.938          0.001   26
 293.543    3229025.896          0.001   26
 163.535    1858723.554          0.000   26
 241.891    2674389.997          0.001   26
 615.644    6602610.064          0.002   26
 982.068   13695355.689          0.003   26
 915.216   10307976.056          0.002   35
 589.003    6496682.166          0.001   35
 129.310    1483610.854          0.000   35
 709.979    7839044.468          0.002   35
1084.446   13031286.934          0.003   35
 783.884    8393268.174          0.002   41
 161.716    1852255.939          0.000   41
 628.755    6964479.744          0.002   47
 246.778    2741092.507          0.001   47
 817.023   11406465.399          0.003   47
 611.093    6628169.382          0.002   52
 391.160    4254860.042          0.001   52
1033.304   11038092.026          0.003   56
 887.457    9587041.840          0.002   56
 493.939    5228285.374          0.001   60
 444.533    5096682.683          0.001   60
 207.717    2357624.249          0.001   60
 672.246    8784391.802          0.002   65
 278.578    3088049.266          0.001   65
 402.146    4388650.941          0.001   65
1009.174   11262575.665          0.003   72
 401.391    4319988.289          0.001   72
 697.131    7473005.933          0.002   72
1025.139   11970967.634          0.003  293
 389.771    4041260.753          0.001  293
 129.471    1349211.014          0.000  293
   0.000          0.000          0.000  293
   0.000          0.000          0.000  294
 574.346    6121210.138          0.001  250
 887.062    9434642.429          0.002  250
 985.901   10467125.473          0.002  450
 944.961   10196214.736          0.002  450
 941.875   10083828.227          0.002   15
 533.529    5781935.594          0.001   15
 270.895    3008893.636          0.001   15
 777.268    8476147.940          0.002   15
 600.090    6568892.762          0.002   20
 642.027    6923810.314          0.002   26
 348.247    3858965.981          0.001   26
 629.106   10316280.111          0.002   26
 397.619    4368494.648          0.001   26
 969.869   10985003.088          0.003   26
 438.157    4861550.753          0.001   35
 169.108    1945859.721          0.000   35
 336.478    3792832.619          0.001   35
 840.896    9261805.979          0.002   35
 773.490    8779656.610          0.002   41
 182.883    2097204.370          0.000   41
 624.388    6589209.270          0.002   41
 756.561    8498685.321          0.002   47
 298.387    3330519.777          0.001   47
 184.726    2128649.567          0.000   52
 785.042   10106973.967          0.002   52
 738.380    8183429.771          0.002   52
1232.470   12840039.413          0.003   60
 941.611    9881045.990          0.002   60
 738.959   10088982.020          0.002   60
 642.747    6827857.388          0.002   60
 835.730   10441282.358          0.002   65
 527.926    5765259.546          0.001   65
 881.219    9557074.307          0.002   65
1093.672   11897195.356          0.003   72
 474.257    5114390.234          0.001   72
 850.408   10780842.995          0.002   72
1081.906   11764473.432          0.003   72
 710.856    7256788.323          0.002  293
 617.560    8436657.990          0.002  334
   0.000          0.000          0.000  334
   0.000          0.000          0.000  335
 555.094    6064250.503          0.001  335
 731.164    7856630.977          0.002  450
 527.500    5744419.075          0.001  450
 998.362   10646760.154          0.002  450
 943.071   10244645.163          0.002   15
 707.711    7656773.676          0.002   15
 335.304    3734602.832          0.001   15
 657.445    7150371.390          0.002   15
1072.741   11788911.030          0.003   15
 794.011    8790331.603          0.002   20
1041.354   12322156.552          0.003   26
 603.638    6662006.112          0.002   26
 219.627    2506345.184          0.001   26
 458.297    5071755.903          0.001   26
 539.168    5931281.682          0.001   26
1183.852   15028441.180          0.003   35
 420.012    4685049.067          0.001   35
1145.463   13782182.086          0.003   41
 805.761    9423355.965          0.002   41
 215.499    2474969.262          0.001   41
 441.191    4852316.806          0.001   41
 369.171    4148663.811          0.001   47
 566.412    6342360.788          0.001   47
 497.706    5486437.356          0.001   52
 528.187    5899897.328          0.001   52
1092.456   12342234.806          0.003   52
1047.049   12332405.358          0.003   60
 529.272    6001440.074          0.001   60
 280.637    3200389.761          0.001   60
 399.383    4449106.606          0.001   65
1038.190   12427382.825          0.003   65
 685.079    7426961.474          0.002   72
 943.775   10214038.923          0.002   72
 718.595    8205818.665          0.002  371
 108.375    1157815.989          0.000  371
   0.000          0.000          0.000  371
   0.000          0.000          0.000  372
 731.956    9088120.522          0.002  450
 347.705    3789422.952          0.001  450
1075.077   12397324.017          0.003  450
1002.729   11072065.406          0.003  450
1226.159   13365692.345          0.003   15
 668.261    7447657.789          0.002   15
 383.154    4274416.922          0.001   15
 954.226   11430290.726          0.003   15
 968.599   10832590.530          0.002   20
1181.529   13964293.310          0.003   26
 719.105    9651919.270          0.002   26
 666.805    7954374.697          0.002   26
 867.080    9624595.535          0.002   26
 810.368    8955268.964          0.002   35
 218.019    2518420.257          0.001   35
 795.985    9756918.344          0.002   35
 915.497   10245701.300          0.002   35
 724.836    7612641.293          0.002   41
 249.067    2864708.989          0.001   41
 963.904   13142349.964          0.003   47
 419.308    4737176.295          0.001   47
 926.142   12393014.507          0.003   47
 758.587   14626188.569          0.003   52
 246.050    2843037.631          0.001   52
 530.413    5919707.119          0.001   52
1222.952   14060362.924          0.003   52
1018.392   10768551.631          0.002   60
 640.247    7096242.552          0.002   60
 357.744    4099059.144          0.001   60
 454.656    5131411.872          0.001   60
 867.289   11536565.829          0.003   60
 664.086    7217781.383          0.002   65
 930.413    9806601.014          0.002   65
1213.973   13262226.318          0.003   72
1023.731   11051488.341          0.003   72
1163.407   14446534.372          0.003  489
 825.612    9194037.173          0.002  489
 786.803    8205800.992          0.002  371
 319.172    3416759.641          0.001  371
   0.000          0.000          0.000  412
   0.000          0.000          0.000  413
 321.842    3418484.422          0.001  450
 221.899    2422146.868          0.001  450
 814.603    8933479.119          0.002  450
 710.615    7828615.132          0.002  450
 931.742   10309698.659          0.002   15
 474.228    5303938.495          0.001   15
 746.178    8208043.819          0.002   15
 865.013   10428666.959          0.002   26
 275.793    3156976.786          0.001   26
 907.021    9981947.097          0.002   26
 892.962    9879711.401          0.002   26
 533.764    6014474.485          0.001   35
 341.127    3904474.520          0.001   35
 827.849    9026860.476          0.002   35
1234.205   13591839.541          0.003   41
 937.772   10170886.948          0.002   41
 279.960    3223982.738          0.001   41
 850.182   10714379.915          0.002   41
 535.293    6141118.581          0.001   47
 849.369    9486788.554          0.002   47
 907.207    9631116.938          0.002   52
 308.544    3582741.768          0.001   52
 309.170    3572317.520          0.001   52
 759.345    8574682.770          0.002   52
1072.178   11186721.609          0.002   52
1428.336   19081654.149          0.004   60
 660.834    7613531.437          0.002   60
 834.525    9156255.882          0.002   60
 530.366    5927291.051          0.001   65
1067.923   11859059.846          0.003   65
1439.492   17854587.076          0.004  489
 921.296   10465622.037          0.002  489
1038.852   15557995.014          0.004  489
 572.789    6360986.737          0.001  489
 735.736    8236038.187          0.002  489
   0.000          0.000          0.000  449
   0.000          0.000          0.000  450
  44.325     482159.386          0.000  450
 108.896    1185276.563          0.000  450
 575.572    6136076.400          0.001  450
 378.923    4157528.962          0.001  450
1017.108   11409847.148          0.003  450
1374.948   18257337.880          0.004  450
1111.968   12967135.067          0.003   15
 540.827    6059542.851          0.001   15
 739.690    8353688.115          0.002   15
1075.370   11606986.006          0.003   15
 845.718    8728362.361          0.002   26
 600.251    6504708.034          0.001   26
 307.408    3524205.346          0.001   26
 882.731   10663469.869          0.002   26
 577.042    6517518.189          0.001   35
 280.833    3262829.596          0.001   35
 497.446    5707776.782          0.001   35
 816.129    9227066.203          0.002   35
 559.316    6348950.475          0.001   41
 324.925    3749056.000          0.001   41
 879.156   11638347.528          0.003   41
 588.506    6795013.830          0.002   47
 743.515    8761381.906          0.002   47
 851.031    9392599.525          0.002   52
 730.246    8115731.260          0.002   52
1224.511   15908155.842          0.004   52
1422.220   14589972.794          0.003   52
1070.977   15102796.991          0.003   60
 442.893    5102511.119          0.001   60
 977.482   11995609.465          0.003   60
 605.412    6775304.758          0.002   65
1217.807   14161451.709          0.003   65
1104.858   12302758.700          0.003  489
 619.583    6915176.166          0.002  489
 440.373    4876491.333          0.001  489
 266.309    2923844.368          0.001  489
 124.145    1356594.380          0.000  489
  52.118     568457.076          0.000  489
   0.000          0.000          0.000  489
   0.000          0.000          0.000  490
 320.330    3418194.198          0.001  450
 934.104   13743357.985          0.003  450
 974.963   13046273.490          0.003  450
 687.476    7533302.347          0.002  450
 502.305    5527811.015          0.001  450
 803.612    8905392.340          0.002  450
1477.535   18598134.377          0.004  450
 890.784    9896822.349          0.002   15
 775.640    8726332.991          0.002   15
1295.325   16869658.307          0.004   15
 961.184   10975481.785          0.002   26
 712.693    8171996.128          0.002   26
 359.912    4137221.554          0.001   26
 549.799    6262375.678          0.001   26
1150.867   13775839.169          0.003   26
 916.137    9960472.669          0.002   35
 557.442    6351137.086          0.001   35
 686.256    8350283.082          0.002   35
 692.088    7952601.279          0.002   35
 653.826    7548200.796          0.002   35
 953.831   10869536.596          0.002   35
1129.990   13110393.595          0.003   41
 622.396    6920669.705          0.002   41
 355.157    4101679.002          0.001   41
 623.467    6755123.210          0.001   41
1058.751   12337281.787          0.003   41
 902.417   10824857.097          0.002   47
 383.118    4472036.258          0.001   52
 413.047    4781395.119          0.001   52
 989.845   11388406.738          0.002   52
1313.491   15071792.146          0.003   52
1032.902   11516037.936          0.003   60
 833.272    9420512.823          0.002   60
 590.793    6804416.124          0.001   60
 980.552   11289456.439          0.002   60
 881.347    9806751.715          0.002   65
 777.247    8683320.264          0.002   65
1472.822   18763031.584          0.004  489
 928.020   10525035.365          0.002  489
 767.317    8607654.241          0.002  489
 848.775   12048245.835          0.003  489
 646.415    8061650.825          0.002  489
 520.079    6001695.002          0.001  489
 411.110    5002903.843          0.001  489
   0.000          0.000          0.000  535
   0.000          0.000          0.000  536
 562.125    6049170.219          0.001  536
 883.612    9628934.854          0.002  620
1022.496   14136820.983          0.003  620
1050.253   11602892.140          0.003  450
1193.363   13121958.194          0.003   15
 744.123    8350480.663          0.002   15
1276.546   14638359.995          0.003   15
1286.569   16332686.009          0.004   26
 879.120   10255407.374          0.002   26
 386.407    4447424.945          0.001   26
 915.363   11449391.522          0.003   26
1151.774   12983020.840          0.003   26
 919.110   10388689.643          0.002   35
 361.001    4221136.577          0.001   35
 872.589   11567263.271          0.003   35
1049.117   12273392.350          0.003   35
1008.714   11887749.188          0.003   35
 931.470   10654115.521          0.002   41
 404.444    4677153.574          0.001   41
1000.508   12099175.493          0.003   41
 733.308    8648606.306          0.002   47
 659.829    7270945.238          0.002   52
 483.123    5602189.873          0.001   52
 975.500   10948351.815          0.002   52
1435.635   17002368.693          0.004   52
1320.552   15599493.525          0.003   60
 756.750    8696682.289          0.002   60
 545.975    6332576.979          0.001   60
1148.527   14059820.234          0.003   60
1423.607   17905159.898          0.004   65
 956.118   10602234.146          0.002   65
1092.396   11845186.576          0.003   65
1400.590   18737422.752          0.004  489
 904.379   10178429.897          0.002  619
 709.786    7862946.352          0.002  619
 746.974    8216430.433          0.002  619
 535.330    7029290.194          0.002  619
   0.000          0.000          0.000  574
   0.000          0.000          0.000  575
 510.764    6305879.921          0.001  620
 536.969    5954689.655          0.001  620
 614.694    6802026.081          0.002  620
 779.230    9056688.537          0.002  620
1017.023   12739847.325          0.003  620
 911.329   10944257.222          0.002  620
1328.012   15882965.912          0.004  620
1127.166   12748260.070          0.003   15
 913.835   10185685.761          0.002   15
1352.665   16009578.185          0.004   15
1205.969   13725050.956          0.003   26
 658.055    7526021.050          0.002   26
 498.131    5741626.096          0.001   26
 562.313    6462829.259          0.001   26
 948.508   10528799.928          0.002   26
1313.206   16419364.632          0.004   35
 750.050    8731817.084          0.002   35
 477.911    5590209.326          0.001   35
 671.763    7794261.935          0.002   35
1022.909   12111148.400          0.003   35
1068.654   10378488.286          0.002   41
 449.109    5200178.645          0.001   41
 606.478    6931692.300          0.002   41
1242.815   18507070.834          0.004   41
1008.597   12095241.623          0.003   47
1255.110   17072576.810          0.004   52
 455.601    5344233.060          0.001   52
 543.477    6321071.538          0.001   52
 706.928    8147762.381          0.002   52
 855.186    9787242.062          0.002   52
1202.975   13073275.920          0.003   52
1192.579   13026535.039          0.003   60
1210.000   14595712.979          0.003   60
1049.576   14545296.760          0.003   60
 878.499   10171527.443          0.002   60
1283.494   14791097.721          0.003   60
1256.772   13500072.089          0.003   65
1170.772   13377452.162          0.003  619
 674.380    7559772.436          0.002  619
 465.963    5170185.746          0.001  619
 327.943    3629969.168          0.001  619
 189.243    2089425.876          0.000  619
  70.996     783183.132          0.000  619
   0.000          0.000          0.000  619
   0.000          0.000          0.000  620
 119.863    1350696.139          0.000  620
 250.511    2851409.172          0.001  620
 324.326    3717520.449          0.001  620
 463.625    5391071.903          0.001  620
 645.415    7701794.620          0.002  620
1137.029   13522115.003          0.003  620
1390.129   15844426.931          0.003   15
1138.934   12341279.119          0.003   15
1473.634   16447460.310          0.004   26
1148.988   13002332.199          0.003   26
 645.152    7472758.198          0.002   26
 465.653    5384809.704          0.001   26
1422.151   16222847.771          0.004   26
 838.041    9709452.248          0.002   35
 432.142    5089025.197          0.001   35
 590.386    6911309.038          0.001   35
1095.747   12777460.672          0.003   35
 708.335    8096525.543          0.002   41
 515.296    5979637.280          0.001   41
 989.141   10950515.559          0.002   41
 903.076   10945511.806          0.002   47
1249.837   15611315.682          0.003   47
 837.772    9601443.237          0.002   52
 522.677    6159558.327          0.001   52
 654.250    7648356.980          0.002   52
1029.764   11803383.611          0.003   52
1486.151   18811446.399          0.004   60
1135.493   13043024.598          0.003   60
 649.467    7583735.850          0.002   60
1078.296   12440414.001          0.003   60
1239.771   14227888.001          0.003   60
1540.902   18409383.005          0.004   65
1378.685   17441845.821          0.004  619
 877.577   10001073.693          0.002  619
 812.836    8716509.877          0.002  619
 733.123    7851096.957          0.002  619
 562.785    6130235.019          0.001  619
 471.765    5068324.478          0.001  619
 323.598    3494026.558          0.001  660
   0.000          0.000          0.000  660
   0.000          0.000          0.000  661
 605.483    6806018.040          0.002  620
 520.557    5804222.829          0.001  620
 655.326    7576487.587          0.002  620
 664.139    7696784.599          0.002  620
 893.754   10592503.929          0.002  620
 943.772   13265309.138          0.003  620
1332.398   14074125.483          0.003  827
1608.733   16951648.486          0.004   15
1467.271   17812439.334          0.004   26
 808.423    9433172.540          0.002   26
1034.460   13421056.679          0.003   26
 518.005    6005106.121          0.001   26
 886.481   10775282.888          0.002   26
 872.733    9886592.305          0.002   26
1437.916   18874379.155          0.004   26
 927.621   10637332.745          0.002   35
 931.972   11353985.402          0.002   35
 735.866    8621974.402          0.002   35
1210.778   13640461.652          0.003   35
1183.526   12704675.077          0.003   41
 779.584    8757270.875          0.002   41
1395.089   16203422.346          0.003   41
1009.846   12441921.518          0.003   47
1022.173   12316813.511          0.003   52
1096.808   13333176.148          0.003   52
1366.547   16073004.304          0.003   60
 795.526    9355966.983          0.002   60
 789.671    9282057.675          0.002   60
1333.400   16274493.135          0.003   60
1377.592   14888627.468          0.003  991
1432.341   17246825.872          0.004  619
1204.357   16779430.974          0.004  783
1011.763   12298000.120          0.003  619
1022.565   16047953.663          0.004  783
 287.153    3043867.143          0.001  697
   0.000          0.000          0.000  697
   0.000          0.000          0.000  698
 238.625    2524969.307          0.001  698
 800.019   11138650.773          0.003  698
 820.450   10235501.562          0.002  827
 843.712    9994981.561          0.002  827
 792.835    8264113.781          0.002  827
1102.621   12172781.328          0.003  827
1448.281   17872366.245          0.004  827
1256.363   14070702.436          0.003   26
1157.619   13922769.706          0.003   26
 624.713    7261819.928          0.002   26
 979.679   12695405.144          0.003   26
 973.712   11114174.151          0.002   26
1483.579   19803089.438          0.004   26
1350.387   14746718.609          0.003   35
1060.035   11954446.045          0.003   35
 498.747    5912356.830          0.001   35
 946.266   11518998.902          0.002   35
1179.031   15838688.873          0.003   35
 844.163    9884869.483          0.002   35
1397.802   16942880.633          0.004   35
1182.641   16564314.811          0.004   41
 595.476    6929877.732          0.001   41
1177.752   15840775.798          0.003   41
1429.925   14508447.737          0.003   41
1199.796   15198939.193          0.003   47
1368.907   17171590.730          0.004   47
1211.079   14513550.856          0.003   52
 615.213    7292670.297          0.002   52
 849.389    9940463.300          0.002   52
1371.304   14889192.301          0.003   52
 976.817   11440940.082          0.002   60
1240.751   14443194.815          0.003   60
1033.758   12018688.977          0.003   60
1180.555   12731906.595          0.003  991
1194.006   14637420.137          0.003  991
1451.837   16589933.513          0.004  991
1239.362   16986786.997          0.004  783
 820.934   10076183.254          0.002  783
 638.445    7220487.455          0.002  783
 358.424    3942710.800          0.001  783
   0.000          0.000          0.000  739
   0.000          0.000          0.000  740
 210.709    2244034.289          0.001  740
 763.087    8651387.995          0.002  827
 440.899    4818334.857          0.001  827
 529.477    6060426.927          0.001  827
 843.861   10901744.517          0.002  827
 675.678    7279614.542          0.002  827
 551.292    6163812.698          0.001  827
 864.848    9681263.468          0.002  827
1189.240   13240497.651          0.003  827
1323.415   13894742.798          0.003   26
 952.236   10647391.427          0.002   26
 695.300    8097932.171          0.002   26
 635.650    7413190.215          0.002   26
1248.962   14022599.078          0.003   26
1362.469   16540518.225          0.004   35
 562.865    6714868.421          0.001   35
 588.444    7030433.177          0.001   35
 864.273   10311219.348          0.002   35
1255.652   14797533.452          0.003   35
1178.341   13512056.243          0.003   35
1100.925   12496964.760          0.003   41
 651.630    7599951.583          0.002   41
 830.558    9589715.490          0.002   41
1414.727   15219537.942          0.003   41
1378.930   17816349.039          0.004   47
1069.406   11993865.209          0.003   52
 765.257    9123907.450          0.002   52
 684.369    8149040.943          0.002   52
 762.610    9050902.551          0.002   52
 968.901   11323422.347          0.002   52
1355.254   14882674.452          0.003   60
1131.178   13281793.854          0.003   60
1496.947   16654919.841          0.004  991
1247.467   13880178.217          0.003  991
 855.220    9770918.029          0.002  991
 816.863    9117095.155          0.002  991
1160.798   12187134.925          0.003  991
 847.616   10405235.346          0.002  783
 613.381    7290579.379          0.002  783
 479.106    5591335.624          0.001  783
 275.219    3114056.017          0.001  783
 128.117    1428386.073          0.000  783
   0.000          0.000          0.000  783
   0.000          0.000          0.000  784
 483.313    5313490.241          0.001  827
 153.236    1713003.867          0.000  827
 223.688    2501985.005          0.001  827
 396.225    4443634.923          0.001  827
 486.335    5466647.966          0.001  827
 785.159    8942275.256          0.002  827
1462.269   18459101.871          0.004  827
 943.608   11167357.285          0.002   26
 800.500    9311685.933          0.002   26
1045.925   12302233.412          0.003   26
 756.950    8870374.268          0.002   26
1237.452   14868888.783          0.003   35
 775.715    9325679.878          0.002   35
 615.171    7374837.307          0.002   35
 674.357    8131490.955          0.002   35
 982.882   11686953.601          0.002   35
1479.511   20157414.471          0.004   35
1538.725   17099161.207          0.004   35
1560.780   17788588.289          0.004   41
 931.570   10729455.530          0.002   41
 738.073    8634670.243          0.002   41
 832.885    9646674.112          0.002   41
1414.930   19628582.019          0.004   41
1717.642   22576504.707          0.005   47
1324.181   14000292.630          0.003   52
 852.003   10179763.294          0.002   52
 770.746    9222209.431          0.002   52
 952.285   11674648.689          0.002   52
1073.909   12163357.910          0.003   52
1384.562   15256802.302          0.003   52
1688.168   19164374.597          0.004   60
1553.352   18189370.498          0.004  991
1420.431   17046426.678          0.004  991
1049.319   12067555.126          0.003  991
 895.254   10347638.620          0.002  991
 665.210    7736191.085          0.002  991
 592.537    6469012.161          0.001  991
 944.135   12919269.028          0.003  783
 620.784    7119527.231          0.002  783
 665.871    7903924.201          0.002  783
 215.220    2220634.395          0.001  826
   0.000          0.000          0.000  826
   0.000          0.000          0.000  827
  74.070     828422.539          0.000  827
 549.499    5722695.677          0.001  827
 709.784    8883186.061          0.002  827
 297.288    3326748.495          0.001  827
 798.681   10804957.539          0.002  827
 968.501   11335327.636          0.003  827
 609.058    6906112.266          0.002  827
1112.236   13740569.449          0.003  827
1580.252   17752084.702          0.004  827
1484.067   16637847.700          0.004   26
1051.694   11742543.390          0.003   26
1290.384   15957059.924          0.003   26
 985.985   11329161.626          0.002   26
1249.310   14884674.820          0.003   35
 693.657    8372661.320          0.002   35
1093.826   13280590.986          0.003   35
 802.679    9824166.343          0.002   35
1259.348   14400524.748          0.003   35
1499.696   16114608.803          0.003   41
 825.098    9667247.571          0.002   41
 963.878   11056352.955          0.002   41
1187.245   12812055.231          0.003   41
1731.884   19561909.657          0.004   52
1166.526   13361954.035          0.003   52
 958.346   11454898.514          0.002   52
 879.822   10534336.674          0.002   52
1176.879   13126567.350          0.003   52
1584.491   16984322.413          0.004   52
1976.841   20621747.569          0.004   60
1689.412   17916758.540          0.004   60
1791.874   22062343.207          0.005   60
1020.970   12105386.368          0.003  991
 920.536   10674617.010          0.002  991
 548.898    6400336.973          0.001  991
 466.440    5441935.641          0.001  991
 759.300   10346950.407          0.002  991
 449.211    5071495.779          0.001  991
 709.651    7356029.539          0.002  991
 801.867    9418719.912          0.002  826
 335.902    3530400.029          0.001  868
   0.000          0.000          0.000  868
   0.000          0.000          0.000  869
 718.613    7888301.519          0.002  827
 710.414    7760349.973          0.002  827
 462.792    5091146.904          0.001  827
 610.387    6566508.257          0.001  827
1056.490   14156043.763          0.003  827
 723.967    8278208.862          0.002  827
1078.416   11999034.612          0.003  827
1433.869   16147842.800          0.003  827
1332.822   15799851.256          0.003   26
1240.720   13309940.307          0.003   26
1422.244   18100293.689          0.004   26
 921.308   10795019.809          0.002   26
1392.950   18507289.623          0.004   35
 793.863    9660013.244          0.002   35
 766.008    9290150.177          0.002   35
1301.595   17210161.860          0.004   35
 957.532   11857074.115          0.002   35
1709.087   20087485.857          0.004   35
1250.203   13698670.066          0.003   41
 883.923   10356037.475          0.002   41
1253.602   13786287.507          0.003   41
1488.667   15072294.428          0.003   41
1229.090   14013385.446          0.003   52
 998.836   11834935.729          0.002   52
1446.229   16885449.067          0.003   52
1628.022   16584603.783          0.003   52
2060.518   23834278.990          0.005   52
1785.394   18222037.225          0.004  991
1511.751   15498354.211          0.003  991
1297.031   14514950.227          0.003  991
 867.967   10297145.797          0.002  991
 614.844    7257435.399          0.002  991
 440.433    5169501.257          0.001  991
 360.395    4211133.503          0.001  991
 287.284    3346702.604          0.001  991
 753.350    8143714.859          0.002  991
 766.939    8655129.693          0.002  952
 449.173    5238754.260          0.001  908
   0.000          0.000          0.000  908
   0.000          0.000          0.000  909
 395.815    4531429.244          0.001  909
 570.529    6630668.191          0.002  909
1020.998   13346196.941          0.003  909
 776.867    8058353.026          0.002  827
 645.246    6983378.251          0.002  827
 949.280    9819432.131          0.002  827
 842.016    8733878.433          0.002  827
1180.834   14412369.683          0.003  827
1104.867   12644037.509          0.003  827
1811.581   21995622.524          0.005  827
1771.350   19217991.955          0.004   26
1588.055   19710282.041          0.004   26
 995.556   11646441.813          0.002   26
1365.165   19318226.009          0.004   35
 851.080   10403886.766          0.002   35
 963.906   11554893.376          0.002   35
 915.998   11157834.997          0.002   35
1320.555   15146413.772          0.003   35
1116.013   13835406.215          0.003   35
1638.453   21213149.052          0.004   41
1014.524   11733248.472          0.002   41
1367.428   14489469.232          0.003   41
1730.722   21407154.769          0.004   41
1809.430   17216108.979          0.004   41
1957.640   21626452.081          0.004   52
1668.614   17669336.340          0.004   52
1530.834   18664048.991          0.004   52
1691.724   18827947.846          0.004   52
1972.735   19064913.512          0.004   52
2095.731   21008475.341          0.004  991
1433.729   14588852.316          0.003  991
 978.433   11262415.825          0.002  991
 779.499    9270018.996          0.002  991
 596.203    7068237.857          0.001  991
 539.247    6370970.878          0.001  991
 603.547    7022598.772          0.002  991
 760.595    8589238.167          0.002  991
 689.856    7936749.435          0.002  991
 202.437    2350387.089          0.001  991
 549.677    6198900.330          0.001  991
 551.102    6094222.623          0.001  991
 210.996    2265389.198          0.001  952
   0.000          0.000          0.000  952
   0.000          0.000          0.000  953
 381.833    4326363.990          0.001  953
 778.349    9440607.315          0.002  953
1187.401   15943711.533          0.004  827
1184.715   11542672.266          0.003  827
1420.713   17338298.578          0.004  827
 914.561   10557295.875          0.002  827
1257.524   14235508.390          0.003  827
1766.738   19760093.656          0.004  827
1791.589   21649030.816          0.005   26
1490.099   17098920.824          0.004   26
1106.873   13241195.998          0.003   35
1087.780   13047455.463          0.003   35
1111.056   13173429.231          0.003   35
1027.055   12480380.019          0.003   35
1559.970   20390234.408          0.004   35
1610.579   17774826.388          0.004   35
1579.834   16860378.744          0.003   41
1589.127   15849974.253          0.003   41
1996.680   21205064.259          0.004   41
1894.435   20289016.379          0.004 2135
1707.128   20237913.891          0.004 2135
1668.927   17875485.477          0.004 2135
1600.623   19644907.708          0.004   52
1729.412   19260315.084          0.004 2135
2064.735   22520107.322          0.005  991
1769.956   17826718.115          0.004  991
1404.502   16494404.802          0.003  991
 932.448   11461535.302          0.002  991
 672.952    8014715.878          0.002  991
 963.241   10721340.321          0.002  991
1014.728   11415694.437          0.002  991
 836.450    9094004.313          0.002  991
 703.370    9034179.882          0.002  991
 221.056    2551225.208          0.001  991
 133.747    1547632.318          0.000  991
  75.959     877896.933          0.000  991
  31.724     366373.270          0.000  991
   0.000          0.000          0.000  991
   0.000          0.000          0.000  992
 222.120    2347639.685          0.001  992
 679.191    7361196.623          0.002 1077
 782.549    9022372.202          0.002 1077
 954.443   12369832.730          0.003 1077
1317.269   16740115.510          0.004 1077
1085.553   13604384.510          0.003 1077
1147.045   13021195.931          0.003  827
1644.608   21010886.947          0.004 1331
1240.249   14071219.747          0.003 1331
1638.106   20549774.152          0.004 1331
1370.443   14748872.026          0.003   26
1656.184   17795336.567          0.004   35
1403.435   15845364.748          0.003   35
1314.845   15142812.509          0.003   35
1478.593   21499719.940          0.004   35
1162.096   13894100.362          0.003   35
1704.444   19752180.860          0.004   35
1829.016   19742552.369          0.004   41
1907.970   21323416.701          0.004   41
1684.010   18529248.840          0.004 2135
1656.055   24279482.919          0.005 2135
1096.548   13228608.466          0.003 2135
1369.714   15595363.842          0.003 2135
1592.970   17915894.032          0.004 2135
1511.212   16324579.413          0.003 2135
1924.994   23262156.136          0.005 2135
1911.686   23318692.950          0.005  991
1356.986   15677886.325          0.003  991
 927.429   10863291.116          0.002  991
1023.395   11771600.201          0.002  991
1130.996   13680235.990          0.003  991
1034.895   12021532.660          0.003  991
 932.883   10768529.586          0.002  991
 394.031    4559349.703          0.001  991
 334.492    3865220.924          0.001  991
 577.884    6137202.474          0.001  991
 643.186    9995355.899          0.002  991
 391.583    4246414.899          0.001  991
 514.422    5961697.168          0.001  991
   0.000          0.000          0.000 1032
   0.000          0.000          0.000 1033
 419.075    4464915.547          0.001 1077
 751.962    8999485.060          0.002 1077
 570.489    6615068.244          0.001 1077
 726.027    8937343.047          0.002 1077
 974.102   11892646.090          0.003 1077
 945.945   11691703.878          0.003 1077
1447.668   20397059.185          0.004 1077
1342.352   14910623.140          0.003 1331
1283.365   14755068.479          0.003 1331
1012.295   12017710.173          0.003 1331
1644.884   19939784.238          0.004 1331
1773.343   18075180.497          0.004   26
1888.383   20993609.193          0.004   26
1702.797   18422121.901          0.004   35
1716.222   18522786.187          0.004   35
1733.692   20887751.525          0.004   35
1593.558   16825557.584          0.003   35
1789.174   22219947.690          0.004 2130
1389.738   16058910.837          0.003 2130
1693.436   21138948.340          0.004 2130
1933.973   23815584.519          0.005 2130
1999.648   23996672.696          0.005 2130
1617.289   18009505.642          0.004 2135
1295.121   14988205.457          0.003 2135
1262.333   14919224.692          0.003 2135
 984.256   12285868.042          0.002 2135
1451.360   17809690.896          0.004 2135
 948.239   11815411.557          0.002 2135
1495.456   17530379.687          0.004 2135
1621.718   17769184.486          0.004 2135
1861.591   22346027.399          0.005 2135
1418.963   15123539.283          0.003  991
1164.511   13105073.858          0.003  991
1228.712   13800049.875          0.003  991
 861.148   10246087.657          0.002  991
 612.018    7148143.045          0.002  991
 527.375    6132196.763          0.001  991
 808.685    8872666.638          0.002  991
1027.106   13025617.391          0.003  991
 893.544   12943656.008          0.003 1122
 627.313    7223570.947          0.002 1122
 451.850    4950940.449          0.001 1122
   0.000          0.000          0.000 1076
   0.000          0.000          0.000 1077
 103.613    1164666.376          0.000 1077
 193.853    2192552.635          0.000 1077
 389.368    4493359.563          0.001 1077
 501.824    5877024.060          0.001 1077
 698.232    8275306.130          0.002 1077
 790.062    9571733.304          0.002 1077
1073.840   13778652.443          0.003 1077
1157.782   12488786.961          0.003 1331
1179.552   15574349.772          0.003 1331
 920.925   10903013.230          0.002 1331
 914.012   10904115.120          0.002 1331
1218.950   13756028.479          0.003 1331
1598.374   17283857.056          0.004 1331
1923.407   20789337.031          0.004 2113
1947.050   19912512.413          0.004 2113
2013.281   24606354.447          0.005 2113
1642.525   17850963.884          0.004 2113
1907.930   22688871.685          0.005 2130
1567.730   18130655.490          0.004 2130
1077.080   13359896.664          0.003 2130
1379.576   16076115.691          0.003 2130
1569.249   17701730.183          0.004 2130
1738.600   19064308.425          0.004 2135
1587.905   18343633.364          0.004 2135
1098.784   13211251.126          0.003 2135
 973.492   11974050.240          0.002 2135
 821.961   10322800.509          0.002 2135
1344.555   18251428.708          0.004 2135
 854.932   10648770.604          0.002 2135
1213.293   14299978.151          0.003 2135
1359.565   15299332.126          0.003 2135
1841.801   21408060.514          0.004 2135
1863.592   19791577.125          0.004  991
1658.052   17453061.855          0.004  991
1579.073   19480316.519          0.004  991
1046.170   12557845.845          0.003  991
 905.700   10559444.853          0.002  991
 901.468   10482644.179          0.002  991
 652.356    7565789.775          0.002  991
1090.324   14242356.604          0.003  991
 878.930   12122677.359          0.003 1122
 538.793    6384089.931          0.001 1122
 335.318    3797051.857          0.001 1122
 149.470    1650133.558          0.000 1122
   0.000          0.000          0.000 1122
   0.000          0.000          0.000 1123
 573.116    7098666.813          0.002 1077
 480.484    5256366.845          0.001 1077
 320.414    3668609.404          0.001 1077
 478.124    5569406.727          0.001 1077
 550.938    6467160.662          0.001 1077
 629.812    7456738.664          0.002 1077
1203.239   15620451.561          0.003 1077
1288.059   17941905.170          0.004 1331
 812.614    9479366.962          0.002 1331
 749.574    8943628.505          0.002 1331
1211.410   14257954.132          0.003 1331
1747.601   20225980.289          0.004 1331
1575.866   16655338.464          0.003 2113
1405.166   15547906.248          0.003 2113
1758.781   18028363.681          0.004 2113
1750.940   19934466.050          0.004 2113
1202.602   14044204.916          0.003 2113
1234.050   14340239.542          0.003 2113
1770.884   23555732.686          0.005 2130
1585.194   18637194.018          0.004 2130
1124.115   13769830.250          0.003 2130
 992.020   12398122.629          0.003 2130
1233.180   14680628.236          0.003 2130
1413.996   16134549.514          0.003 2135
1156.981   13915380.192          0.003 2135
 802.807    9987489.486          0.002 2135
 739.218    9199496.263          0.002 2135
1355.790   20215734.247          0.004 2135
1340.776   16751466.549          0.003 2135
 931.408   11445698.553          0.002 2135
1361.036   15482679.370          0.003 2135
1753.248   19536005.070          0.004 2149
1870.873   22915196.201          0.005 2149
1663.546   20991876.886          0.004  991
1365.840   15326030.074          0.003  991
1188.518   13548625.017          0.003  991
 805.666    9216418.857          0.002  991
1248.864   16760056.998          0.004 1122
 816.392   10186068.845          0.002 1122
 756.763    9092825.896          0.002 1122
 734.669    8884314.623          0.002 1122
   0.000          0.000          0.000 1165
   0.000          0.000          0.000 1166
 351.820    3901520.834          0.001 1166
 627.281    7074343.379          0.002 1166
 749.157    8558054.844          0.002 1077
 619.752    7030341.352          0.002 1077
 874.489   10450510.937          0.002 1077
1031.211   12703457.201          0.003 1077
1052.894   11912094.641          0.003 1331
 627.777    7429115.091          0.002 1331
1013.317   12227327.576          0.003 1331
1329.979   15600797.930          0.003 1331
1640.324   19688254.640          0.004 2113
1006.104   12160526.424          0.003 2113
1608.179   21134891.246          0.004 2113
1358.278   15835495.474          0.003 2113
 964.505   11813471.057          0.002 2113
1316.465   15351806.368          0.003 2113
1205.798   14823663.128          0.003 2130
 897.840   11205031.584          0.002 2130
 872.457   10861102.423          0.002 2130
1366.808   17904282.179          0.004 2130
1500.031   17352098.770          0.004 2135
 876.594   10897294.619          0.002 2135
 687.351    8504455.589          0.002 2135
 914.889   11019317.561          0.002 2135
1259.632   16286611.070          0.003 2135
 718.031    8868590.579          0.002 2135
1322.834   20403606.933          0.004 2135
1275.697   14906746.301          0.003 2135
1429.867   15022344.072          0.003 2149
1411.337   15555731.813          0.003 2149
1751.839   19170703.963          0.004  991
1481.389   17467866.518          0.004  991
1200.603   12753172.225          0.003  991
1189.339   16547065.592          0.004 1122
 969.626   13303379.564          0.003 1205
 577.481    6920075.900          0.002 1205
 298.058    3430979.000          0.001 1205
 112.424    1254594.921          0.000 1205
   0.000          0.000          0.000 1205
   0.000          0.000          0.000 1206
 576.150    8039372.383          0.002 1206
 836.512   10196790.497          0.002 1166
 654.506    6900529.393          0.002 1331
 665.824    7521259.092          0.002 1331
 689.535    7980078.118          0.002 1331
 680.358    7906692.364          0.002 1331
 553.395    6510026.370          0.001 1331
 633.906    7468636.545          0.002 1331
1286.119   14829645.371          0.003 1331
1682.148   19970501.702          0.004 1331
1214.600   13846405.235          0.003 2113
1337.804   16282346.673          0.003 2113
1486.302   19396370.620          0.004 2113
1126.732   13759207.171          0.003 2113
 882.312   10800582.579          0.002 2113
1068.144   12945748.530          0.003 2113
1344.714   15742262.268          0.003 2130
 975.375   12124592.436          0.003 2130
 781.792    9652675.955          0.002 2130
1358.578   17425710.070          0.004 2130
1300.956   15100560.668          0.003 2135
1193.142   16389452.869          0.003 2135
 648.231    7976732.869          0.002 2135
 626.663    7701048.661          0.002 2135
 908.767   11085360.585          0.002 2135
1205.433   17043834.098          0.004 2135
 668.317    8213825.341          0.002 2135
 830.657   10235418.787          0.002 2135
1344.187   15809221.830          0.003 2135
1579.040   16342012.945          0.003 2149
1158.628   13057954.922          0.003 2149
1367.576   14600436.493          0.003 2149
1503.242   15981763.010          0.003 1374
1647.713   19003675.950          0.004 1374
1453.664   17199734.993          0.004 1374
 920.034   10340925.955          0.002 1374
 729.979    8095843.233          0.002 1374
1002.672   14009978.099          0.003 1374
 663.294    9056841.459          0.002 1205
 601.503    6939352.754          0.002 1205
 344.792    3749143.663          0.001 1205
   0.000          0.000          0.000 1248
   0.000          0.000          0.000 1249
 625.367    6744732.310          0.002 1331
 392.308    4294894.026          0.001 1331
 497.616    5482531.800          0.001 1331
 647.773    7180050.531          0.002 1331
 346.749    4021488.662          0.001 1331
 373.928    4344481.879          0.001 1331
 460.017    5373701.542          0.001 1331
 970.143   11433187.447          0.002 1331
 773.506    9106276.444          0.002 1331
1127.443   12742680.433          0.003 1331
1416.358   17997584.069          0.004 2113
 839.138   10175373.095          0.002 2113
1459.701   18812748.699          0.004 2113
 930.887   11408861.447          0.002 2113
 799.555    9742670.661          0.002 2113
1294.716   14640747.305          0.003 2113
1256.320   15004556.633          0.003 2130
 794.279    9797075.676          0.002 2130
 712.700    8732089.847          0.002 2130
 996.725   12048283.062          0.003 2130
1254.677   15192925.318          0.003 2130
1584.109   19540880.919          0.004 2130
1382.377   15906069.793          0.003 2135
 929.802   11268394.029          0.002 2135
 552.082    6732262.138          0.001 2135
 916.710   10935593.176          0.002 2135
 698.721    8574440.775          0.002 2135
1040.339   12090647.188          0.003 2135
1443.775   17305180.326          0.004 2135
1451.742   16417897.300          0.003 2149
 874.184   10238994.380          0.002 2149
1465.160   16186908.675          0.003 1374
1019.980   11546504.611          0.002 1374
 957.011   10992921.997          0.002 1374
 654.153    7480962.824          0.002 1374
 598.479    6725113.262          0.001 1374
 869.968    8885802.872          0.002 1374
 621.108    8093265.580          0.002 1288
   0.000          0.000          0.000 1288
   0.000          0.000          0.000 1289
 216.853    2262302.331          0.001 1289
 151.238    1734756.089          0.000 1331
 216.918    2495093.980          0.001 1331
 284.060    3278744.017          0.001 1331
 599.622    6828631.489          0.002 1331
1046.743   12176597.786          0.003 1331
 645.578    7511693.110          0.002 1331
1062.824   12141922.738          0.003 1331
1121.963   12403382.368          0.003 1331
1287.020   15282894.902          0.003 2113
1015.643   12124702.516          0.003 2113
 751.245    9056486.604          0.002 2113
1201.587   15104549.960          0.003 2113
 814.247    9918886.324          0.002 2113
1075.881   13405835.085          0.003 2113
 972.724   12166993.194          0.003 2130
 821.547   10039782.095          0.002 2130
 999.436   12262370.903          0.003 2130
1510.444   19341333.840          0.004 2130
1440.851   17347623.554          0.004 2135
 895.034   10702625.040          0.002 2135
 524.200    6376113.965          0.001 2135
 737.115    8900295.374          0.002 2135
 765.534    9468188.331          0.002 2135
 580.750    7071526.253          0.001 2135
 936.961   11539729.996          0.002 2135
1572.999   21633085.776          0.005 2135
1422.502   15645366.332          0.003 2149
 970.080   11287439.138          0.002 2149
 796.120    9321450.760          0.002 2149
1351.031   15661295.742          0.003 2149
1764.707   24984856.953          0.005 1374
1008.582   11580922.601          0.002 1374
 691.989    7947497.711          0.002 1374
 553.811    6311904.197          0.001 1374
 430.570    4868668.680          0.001 1374
 510.899    5531566.290          0.001 1374
 421.288    4308890.289          0.001 1374
 475.724    5040688.866          0.001 1374
 605.781    8225872.687          0.002 1374
   0.000          0.000          0.000 1330
   0.000          0.000          0.000 1331
  64.123     732646.785          0.000 1331
  85.102     973237.511          0.000 1331
 425.240    4612698.091          0.001 1331
 338.960    3791135.956          0.001 1331
 568.714    6340300.834          0.001 1331
 377.883    4329830.168          0.001 1331
 658.081    7553337.234          0.002 1331
 913.227   10316392.976          0.002 1331
 886.261   10190183.633          0.002 1331
1373.690   15720263.404          0.003 2113
 836.119   10005922.594          0.002 2113
1015.890   12331183.186          0.003 2113
1262.766   15140993.439          0.003 2113
 701.955    8478404.504          0.002 2113
 652.036    7856529.412          0.002 2113
1016.783   11960775.165          0.003 2113
1442.564   16235065.697          0.003 2113
 979.055   11365736.631          0.002 2130
 803.393    9614886.872          0.002 2130
 656.981    7959809.265          0.002 2130
 944.558   11229034.138          0.002 2130
1451.059   17463889.741          0.004 2130
1325.220   15430055.374          0.003 2135
 919.082   10882482.466          0.002 2135
 476.561    5772017.972          0.001 2135
 629.782    7664720.771          0.002 2135
1059.438   12579951.345          0.003 2135
1474.073   18822159.406          0.004 2135
1494.008   16872710.015          0.004 2149
1284.717   17150016.149          0.004 2149
 733.950    8580114.927          0.002 2149
1111.195   13161390.661          0.003 2149
1464.493   15877048.094          0.003 2149
1282.522   14030328.762          0.003 1374
 789.190    9072239.655          0.002 1374
1026.301   12697360.832          0.003 1374
 787.079    9099254.393          0.002 1374
 349.015    3924540.575          0.001 1374
 281.357    3150095.434          0.001 1374
 200.807    2235879.741          0.000 1374
 123.607    1374224.184          0.000 1374
  47.869     532304.493          0.000 1374
   0.000          0.000          0.000 1374
   0.000          0.000          0.000 1375
 367.308    3838888.571          0.001 1331
 737.546   10930166.864          0.003 1331
 878.154   11001217.028          0.003 1331
 742.031    7475804.048          0.002 1331
 650.905    7256637.731          0.002 1331
 525.323    5977074.339          0.001 1331
 920.714   10630496.055          0.002 1331
1136.902   12702754.927          0.003 1331
1497.290   16733595.235          0.004 1331
1648.283   24278244.399          0.005 2113
1077.613   12488147.302          0.003 2113
 629.489    7511911.936          0.002 2113
1100.990   13729900.959          0.003 2113
 911.233   10650222.894          0.002 2113
1037.944   12962592.391          0.003 2113
1230.446   14105113.521          0.003 2113
1466.662   16978487.683          0.004 2130
1101.453   12296974.427          0.003 2130
 872.215   10584664.665          0.002 2130
 571.975    6904605.920          0.001 2130
 698.227    8338047.393          0.002 2130
 856.271   10029982.501          0.002 2130
1520.103   17831557.889          0.004 2130
1382.730   17949751.111          0.004 2135
 895.724   12016157.659          0.003 2135
 811.187    9471342.747          0.002 2135
 788.729    9371543.237          0.002 2135
1036.226   13721363.927          0.003 2135
1606.305   20382161.023          0.004 2149
 995.431   11059229.320          0.002 2149
 660.912    7708601.517          0.002 2149
 903.098   10283117.849          0.002 2149
1591.942   18071860.956          0.004 2149
1147.742   12551685.268          0.003 1374
1136.302   12682263.624          0.003 1374
 608.693    6800011.528          0.001 1374
 581.710    6407554.037          0.001 1374
 417.422    4084358.336          0.001 1374
 538.532    6731965.563          0.002 1374
   0.000          0.000          0.000 1415
   0.000          0.000          0.000 1416
 733.048    8731789.891          0.002 1457
 735.835    8247962.049          0.002 1457
 913.068   10844323.946          0.002 1457
 985.996   10792839.344          0.002 1331
 706.486    7948048.920          0.002 1331
1279.730   14561919.890          0.003 1331
1376.949   14787116.568          0.003 2105
1527.054   16839827.387          0.004 2105
1112.924   12664824.183          0.003 2113
 800.639    9398286.680          0.002 2113
 545.477    6470174.448          0.001 2113
 965.136   12703205.186          0.003 2113
 656.365    7755468.648          0.002 2113
 541.625    6459769.481          0.001 2113
 861.544   10003474.100          0.002 2113
1420.827   16403143.381          0.003 2113
1359.136   17334605.540          0.004 2130
1037.103   13573314.428          0.003 2130
 515.216    6184920.139          0.001 2130
 845.810   10853005.151          0.002 2130
1054.091   11845734.014          0.003 2130
1332.669   13970630.956          0.003 2135
1126.741   12077314.596          0.003 2135
 633.839    7543944.846          0.002 2135
 413.393    4979407.362          0.001 2135
 826.028   10209886.515          0.002 2135
 438.046    5260999.951          0.001 2135
 555.498    6596453.936          0.001 2135
 904.014   10021435.504          0.002 2135
1557.056   23313666.002          0.005 2149
1209.054   13346521.727          0.003 2149
 594.051    6913013.308          0.001 2149
1165.760   13336422.252          0.003 2149
1470.408   15418340.456          0.003 1374
1058.321   11068156.592          0.002 1374
 913.544   10195468.921          0.002 1374
 922.794   10366571.689          0.002 1374
 762.017    8442226.292          0.002 1374
 692.887   10370320.928          0.002 1456
   0.000          0.000          0.000 1456
   0.000          0.000          0.000 1457
 202.950    2226352.046          0.001 1457
 413.879    4620457.546          0.001 1457
 634.470    7264615.024          0.002 1457
 980.390   11939626.614          0.003 1457
1311.323   16088366.787          0.004 1331
 902.049    9864389.653          0.002 1331
1145.652   12429097.084          0.003 1331
1573.809   19305067.053          0.004 2105
1038.729   11764389.627          0.003 2105
1441.444   17679759.034          0.004 2105
1118.069   12677017.972          0.003 2113
 849.576    9857881.163          0.002 2113
 466.132    5504317.368          0.001 2113
 451.771    5350793.617          0.001 2113
 731.102    8685683.297          0.002 2113
1101.444   13572405.347          0.003 2130
1203.014   15124780.841          0.003 2130
 940.610   12373038.522          0.003 2130
 665.281    7853935.317          0.002 2130
1197.326   14140649.832          0.003 2130
 790.544    8980886.710          0.002 2135
 465.418    5523771.927          0.001 2135
 540.257    6395819.567          0.001 2135
 359.974    4303942.407          0.001 2135
 895.396   10790622.337          0.002 2135
 845.117    9100886.226          0.002 2135
1382.678   15655599.016          0.003 2135
1260.105   14567711.469          0.003 2149
 966.496   11159735.806          0.002 2149
 561.635    6528409.953          0.001 2149
1130.140   14819484.113          0.003 2149
1213.200   13905753.006          0.003 2149
1361.784   15233896.749          0.003 2149
1442.712   16731716.971          0.004 1374
1251.294   17500309.633          0.004 1579
1113.945   13946133.226          0.003 1579
 762.544    8556040.140          0.002 1579
 862.430   10406419.968          0.002 1579
 823.297   12801765.916          0.003 1498
 215.650    2244230.333          0.001 1498
   0.000          0.000          0.000 1498
   0.000          0.000          0.000 1499
 544.332    5858228.935          0.001 1540
 785.076   11064543.496          0.003 1540
1012.920   12743329.971          0.003 1457
 975.496   10649623.822          0.002 1540
1053.724   12235957.260          0.003 1540
1445.823   16942062.732          0.004 1331
1254.867   13768317.462          0.003 2105
1270.607   15107619.178          0.003 2105
 841.576    9587511.878          0.002 2105
1158.468   13352793.594          0.003 2105
1281.583   14420821.342          0.003 2113
 780.558    9008870.686          0.002 2113
 391.698    4619059.242          0.001 2113
 594.040    6963184.141          0.001 2113
1056.211   13146988.895          0.003 2113
1305.099   15745416.778          0.003 2113
1267.415   15285872.046          0.003 2130
 848.883   10160577.344          0.002 2130
 714.102    8403552.956          0.002 2130
 450.985    5381964.741          0.001 2130
 780.152    9131929.494          0.002 2130
1197.557   14717663.824          0.003 2130
1154.073   13493376.375          0.003 2135
 980.756   10792511.075          0.002 2135
 344.718    4125867.334          0.001 2135
 704.022    8305864.593          0.002 2135
1102.491   12554423.028          0.003 2135
1008.687   12503018.765          0.003 2149
 675.558    7493611.815          0.002 2149
 775.418    9871365.792          0.002 2149
1048.965   11990245.727          0.003 2149
1094.361   12228912.028          0.003 2149
1405.291   16576642.825          0.004 1579
1067.185   12661750.231          0.003 1579
 922.937   10787598.512          0.002 1579
 640.311    7316856.586          0.002 1579
 418.613    4698877.497          0.001 1579
 579.915    6387628.797          0.001 1579
 303.432    3017667.554          0.001 1539
   0.000          0.000          0.000 1539
   0.000          0.000          0.000 1540
 111.004    1210002.689          0.000 1540
 455.878    4479518.183          0.001 1540
 842.040    8574753.135          0.002 1540
 593.608    6615149.482          0.001 1540
 780.846    8815446.986          0.002 1540
1057.643   12058840.979          0.003 1540
1467.555   17852879.117          0.004 1540
 971.331   10841016.068          0.002 2105
1037.678   12153491.134          0.003 2105
 731.367    8311342.464          0.002 2105
 878.878   10062371.492          0.002 2105
1136.912   12704224.874          0.003 2113
 392.524    4618727.011          0.001 2113
 608.326    7073633.447          0.002 2113
 989.421   11389938.790          0.002 2113
1021.057   11254762.818          0.002 2113
1368.391   16160558.793          0.004 2113
 996.763   11571069.032          0.003 2130
 692.781    8183939.063          0.002 2130
 418.274    4977444.049          0.001 2130
 905.117   10702106.933          0.002 2130
1382.348   18545184.535          0.004 2135
 777.541    9050664.146          0.002 2135
 806.874    9515502.426          0.002 2135
 287.472    3423960.170          0.001 2135
 864.120   12415555.457          0.003 2135
1203.604   13961749.001          0.003 2135
1431.955   18872339.577          0.004 2135
1203.326   14464413.746          0.003 2149
 848.697   11053977.808          0.002 2149
 466.109    5397619.148          0.001 2149
 792.845    9067301.571          0.002 2149
1315.251   15206666.555          0.003 1579
1067.246   12375799.475          0.003 1579
 547.614    6036701.070          0.001 1579
 302.816    3354893.417          0.001 1579
 160.784    1774831.211          0.000 1579
  46.544     512871.875          0.000 1579
   0.000          0.000          0.000 1579
   0.000          0.000          0.000 1580
 276.985    2944758.443          0.001 1540
 235.674    2576433.063          0.001 1540
 367.022    4040280.971          0.001 1540
 657.714    7337353.310          0.002 1540
1049.730   11902587.096          0.003 1540
1342.850   17089275.214          0.004 2105
 713.947    8015810.021          0.002 2105
 741.407    8479254.960          0.002 2105
 622.699    7052054.607          0.002 2105
1070.850   11626123.971          0.003 2105
 690.109    7909015.880          0.002 2113
 324.381    3804796.132          0.001 2113
 734.497    8372937.811          0.002 2113
 737.223    8373861.175          0.002 2113
1373.899   14778460.395          0.003 2113
 992.715   11482211.514          0.003 2130
 680.386    7949740.608          0.002 2130
 606.689    7103788.803          0.002 2130
 830.830    9723037.298          0.002 2130
1183.410   13096785.533          0.003 2135
 656.891    7581930.609          0.002 2135
1022.661   11284740.543          0.002 2135
 661.918    7445795.279          0.002 2135
 877.103    9810706.506          0.002 2135
1224.647   16209964.530          0.004 2141
1305.626   15749713.296          0.003 2149
 665.117    7961496.549          0.002 2149
 953.933   11828138.727          0.003 2149
 915.656   12707235.453          0.003 2149
 392.062    4531020.818          0.001 2149
 557.380    6359931.831          0.001 2149
 595.581    6817832.343          0.001 2149
1101.806   12419833.968          0.003 2149
1242.760   14083954.826          0.003 2158
1053.876   11555362.896          0.003 1579
 739.377    8151540.569          0.002 1579
 640.973    6172033.468          0.001 1579
 598.514    6214697.111          0.001 1579
 560.442    6378659.400          0.002 1579
   0.000          0.000          0.000 1620
   0.000          0.000          0.000 1621
 458.748    5277988.359          0.001 1621
 718.867   10363413.915          0.002 1540
 730.111    7676703.653          0.002 1540
 503.049    5533399.274          0.001 1540
 899.922    9896684.733          0.002 1540
1429.381   19233726.856          0.004 1540
1123.442   11818887.767          0.003 2105
 631.127    7080182.197          0.002 2105
 606.430    6878135.727          0.002 2105
 519.789    5863437.149          0.001 2105
 610.227    6874912.838          0.002 2105
1202.187   14731188.338          0.003 2105
 651.231    7451670.099          0.002 2113
 452.338    5212641.363          0.001 2113
 396.239    4581824.179          0.001 2113
 473.195    5453979.233          0.001 2113
 910.996    9980634.568          0.002 2113
1060.913   12119433.263          0.003 2130
 518.427    6046050.641          0.001 2130
 356.875    4222347.277          0.001 2130
 624.679    6999036.822          0.002 2130
1113.462   12368810.346          0.003 2130
 691.748    7845912.013          0.002 2135
 500.628    5730103.642          0.001 2135
 874.101   11240677.708          0.002 2135
 242.079    2873893.796          0.001 2135
 613.896    7119164.988          0.002 2135
 987.928   10469610.928          0.002 2135
 934.244   11327028.535          0.003 2141
1127.234   15274530.397          0.003 2149
 546.565    6437067.357          0.001 2149
 727.478    8004008.476          0.002 2149
 339.526    3916924.042          0.001 2149
 473.500    5407339.440          0.001 2149
 858.101    9713423.897          0.002 2149
1337.126   14938750.108          0.003 2158
1225.048   17296915.708          0.004 2158
 843.530    9465943.525          0.002 2158
1158.523   13326510.378          0.003 2158
1112.232   11961155.323          0.003 1579
1014.980    9314762.550          0.002 1579
 909.799   14091226.455          0.003 1710
 758.256   11080442.465          0.003 1579
 391.191    4088466.372          0.001 1666
   0.000          0.000          0.000 1666
   0.000          0.000          0.000 1667
 152.423    1651605.428          0.000 1667
 476.318    5527024.127          0.001 1667
 937.134   14466343.812          0.003 1540
 742.638    7991998.765          0.002 1540
1052.451   13527344.827          0.003 1540
1204.057   13994195.728          0.003 2105
 504.138    5655145.772          0.001 2105
 426.039    4791453.839          0.001 2105
 957.444   14053297.006          0.003 2105
1160.312   12641511.432          0.003 2105
 982.024   10844978.325          0.002 2113
 557.794    6320881.596          0.001 2113
 270.558    3161013.996          0.001 2113
 829.508   11948184.077          0.003 2113
 926.314   10115329.370          0.002 2113
1456.863   15943291.271          0.004 2113
1220.897   13328210.036          0.003 2123
 899.337   10039735.984          0.002 2130
 760.362    8650487.141          0.002 2130
 410.764    4789757.967          0.001 2130
 304.906    3586987.184          0.001 2130
1037.030   12365200.000          0.003 2130
 889.722   12847683.521          0.003 2135
 377.292    4314360.292          0.001 2135
 415.957    4729332.134          0.001 2135
 485.332    5482764.109          0.001 2135
1183.670   12964192.481          0.003 2135
1009.596   11670700.396          0.003 2141
1031.223   11681837.754          0.003 2141
 718.573    8266780.256          0.002 2149
 457.328    5333809.261          0.001 2149
 708.806    9663083.575          0.002 2149
 402.090    4590722.470          0.001 2149
 702.197    7886656.846          0.002 2149
1169.465   13439509.666          0.003 2149
 974.052   10817317.980          0.002 2158
 659.556    7348964.751          0.002 2158
1286.254   14989882.855          0.003 2158
1410.970   17479615.018          0.004 2158
1055.696   10951227.200          0.003 1789
 552.774    7030762.621          0.002 1710
 272.369    3208966.385          0.001 1710
   0.000          0.000          0.000 1710
   0.000          0.000          0.000 1711
 726.056    7872479.466          0.002 1748
 901.107   11742610.005          0.003 1667
1161.582   11972214.210          0.003 1540
1026.344   11402979.329          0.003 2097
1231.405   13423116.677          0.003 2097
1335.559   17866129.958          0.004 2105
 986.614   13276079.633          0.003 2105
 369.873    4144344.599          0.001 2105
 377.815    4241377.749          0.001 2105
 785.046    8674033.366          0.002 2105
1159.817   15499809.126          0.003 2113
 506.054    5715710.408          0.001 2113
 490.501    4904920.724          0.001 2113
1054.881   10272088.267          0.002 2113
1104.163   12613085.778          0.003 2117
 726.940    8432618.654          0.002 2130
 278.226    3263939.909          0.001 2130
 647.361    7501687.197          0.002 2130
 730.654    7735594.202          0.002 2135
 291.245    3339471.828          0.001 2135
 202.289    2393502.512          0.001 2135
 776.079    9426455.620          0.002 2135
1145.440   17028301.923          0.004 2141
 646.823    7355868.383          0.002 2141
1178.216   14392827.737          0.003 2149
 361.298    4179928.992          0.001 2149
 268.851    3091819.422          0.001 2149
 329.407    3762296.290          0.001 2149
1108.448   13707900.065          0.003 2149
1351.940   17222786.447          0.004 2158
 695.942    7726238.000          0.002 2158
1060.127   12653685.894          0.003 2158
1213.544   14769497.399          0.003 2158
1231.737   14716138.207          0.003 1789
 628.906    6635504.688          0.002 1789
   0.000          0.000          0.000 1747
   0.000          0.000          0.000 1748
 205.901    2178616.304          0.001 1748
 753.183    8065738.144          0.002 1748
1143.764   14520419.726          0.003 2097
1148.627   14249632.868          0.003 2097
 798.741    8828449.762          0.002 2097
 945.644   10343022.409          0.002 2097
 769.435    8455495.153          0.002 2105
 835.183   12255611.278          0.003 2105
 304.709    3410893.607          0.001 2105
 862.689   10343189.454          0.002 2105
 909.493   10140546.038          0.002 2113
 338.477    3840745.540          0.001 2113
 217.426    2533721.015          0.001 2113
 794.840    8966717.537          0.002 2113
 944.790   13848184.046          0.003 2117
 949.760   10821118.866          0.002 2117
 827.622    9064915.072          0.002 2123
1047.427   11079765.931          0.003 2123
 808.593    9437888.480          0.002 2130
 249.730    2923311.615          0.001 2130
 564.472    6307732.573          0.001 2135
 226.154    2612672.367          0.001 2135
 178.264    2104883.827          0.000 2135
 333.800    3785974.265          0.001 2135
 910.809    9072964.673          0.002 2135
1069.810   12380624.563          0.003 2141
 553.338    6236311.870          0.001 2141
1032.888   11988742.646          0.003 2141
 814.560    8542949.875          0.002 2149
 644.032    6855848.978          0.002 2149
 220.014    2521118.019          0.001 2149
 658.619    7312533.051          0.002 2149
 894.921    9908156.562          0.002 2158
 444.950    4911008.671          0.001 2158
 989.270   11015780.561          0.003 2158
 732.342    7972346.553          0.002 2158
 786.497    8422696.915          0.002 1789
 535.918    5723187.941          0.001 1789
 349.688    3723075.878          0.001 1789
 183.287    1946629.587          0.000 1789
   0.000          0.000          0.000 1789
   0.000          0.000          0.000 1790
 477.511    5035072.301          0.001 1748
1044.038   12379687.141          0.003 1748
 983.247   12964667.420          0.003 2097
 666.833    7256519.149          0.002 2097
1108.102   12208896.865          0.003 2105
 530.727    5865448.464          0.001 2105
 265.298    2965165.231          0.001 2105
 873.947   10055271.235          0.002 2105
1135.276   13026489.963          0.003 2113
 691.249    7754006.156          0.002 2113
 171.174    1990016.495          0.000 2113
 490.609    5407930.590          0.001 2113
1024.427   13045580.129          0.003 2117
 658.466    7454331.772          0.002 2117
1148.717   16101007.181          0.004 2123
 610.889    6685994.348          0.002 2123
1010.332   12326767.022          0.003 2123
 654.797    8103301.247          0.002 2130
 708.670    7821244.886          0.002 2130
 922.528   11135372.217          0.003 2135
 343.997    3866206.876          0.001 2135
 149.109    1755990.170          0.000 2135
 674.279    8573360.725          0.002 2135
 891.515    9577625.836          0.002 2135
 716.265    8025341.735          0.002 2141
 481.158    5393654.839          0.001 2141
 768.167   10377913.478          0.002 2149
 190.779    2183835.160          0.000 2149
 767.740   10406514.237          0.002 2149
1013.587   10879777.643          0.002 2149
1180.590   12575848.717          0.003 2158
 552.868    6056008.467          0.001 2158
 647.838    7015951.850          0.002 2158
 562.872    6124227.128          0.001 2158
1058.527   12609363.899          0.003 2158
 700.627    7573308.748          0.002 1789
 410.359    4252812.623          0.001 1789
 270.604    2891836.919          0.001 1829
   0.000          0.000          0.000 1829
   0.000          0.000          0.000 1830
 608.399    8052829.124          0.002 1830
 903.702   10356802.368          0.002 1748
1053.580   13277753.429          0.003 1748
 553.142    5921734.462          0.001 2097
 537.131    5872584.249          0.001 2097
 755.117    8115832.585          0.002 2097
 792.480    8593563.061          0.002 2105
 217.743    2428502.096          0.001 2105
 548.731    5898356.493          0.001 2105
1183.915   15661227.349          0.004 2105
 530.274    5418358.971          0.001 2113
 147.670    1715200.175          0.000 2113
 787.277    8835418.842          0.002 2113
 599.343    7135674.049          0.002 2117
 878.652    9870836.795          0.002 2117
 877.815    9466039.638          0.002 2123
 438.632    4790134.388          0.001 2123
 194.598    2268543.260          0.000 2130
 411.872    4552804.851          0.001 2130
 962.984   12645065.235          0.003 2135
 406.176    4453901.124          0.001 2135
 119.602    1406135.003          0.000 2135
 712.498    7779084.070          0.002 2135
1100.808   12638988.263          0.003 2139
 597.087    6625074.586          0.002 2141
 378.037    4204542.878          0.001 2141
 850.609    9360067.523          0.002 2141
1112.479   13681144.934          0.003 2149
 365.099    4065076.197          0.001 2149
 166.685    1906426.925          0.000 2149
 545.290    5971552.598          0.001 2149
 696.663    7502165.360          0.002 2149
1228.282   14546076.949          0.003 2155
1143.165   13133246.277          0.003 2158
 817.744    9077472.639          0.002 2158
 325.025    3549148.278          0.001 2158
 737.290    7949548.816          0.002 2158
1236.833   14145961.813          0.003 1789
1086.868   15071570.040          0.004 1789
 804.209   10647169.968          0.003 1916
 302.154    3156853.080          0.001 1872
   0.000          0.000          0.000 1872
   0.000          0.000          0.000 1873
 163.296    1700395.309          0.000 1873
 577.205    6004722.598          0.001 1873
 827.331    8604898.366          0.002 1873
 807.297    8593782.678          0.002 2097
 343.932    3708419.366          0.001 2097
 400.654    4335786.707          0.001 2097
1124.743   13515120.865          0.003 2097
 745.783    8813967.023          0.002 2105
 628.961    8444445.735          0.002 2105
1122.818   13581822.917          0.003 2105
 867.978   10366552.861          0.002 2111
 615.036    6741467.776          0.002 2113
 132.957    1543654.492          0.000 2113
 612.713    6821001.313          0.002 2113
 886.289   11690717.715          0.003 2117
 363.441    4049012.122          0.001 2117
 548.339    6137420.999          0.001 2117
 482.541    5205909.311          0.001 2123
 584.137    6178554.547          0.001 2123
 541.220    6010105.358          0.001 2130
 162.868    1894329.579          0.000 2130
 299.991    3335798.631          0.001 2130
 941.086   11797167.327          0.003 2130
 506.173    7000598.432          0.002 2135
 534.062    5739872.172          0.001 2135
1048.121   11647176.072          0.003 2139
 843.817   10984691.688          0.003 2141
 314.481    3484638.819          0.001 2141
 746.600    8184908.657          0.002 2141
 962.598   12412254.460          0.003 2149
 507.296    5501621.273          0.001 2149
 139.562    1594350.998          0.000 2149
 457.838    4999896.770          0.001 2149
 920.817    9982898.420          0.002 2155
 856.594    9385273.864          0.002 2155
1018.314   14661450.190          0.003 2155
 253.136    2769043.353          0.001 2158
 800.028    9909065.459          0.002 2158
1186.980   13108745.553          0.003 2164
1152.617   12080842.824          0.003 2164
 777.423    8318420.947          0.002 1916
 167.756    1754331.453          0.000 1916
   0.000          0.000          0.000 1916
   0.000          0.000          0.000 1917
 590.174    6506285.570          0.002 1959
 951.173   11141971.367          0.003 2093
 802.322    9794496.454          0.002 2097
 236.806    2547572.030          0.001 2097
 564.748    5871730.770          0.001 2097
 872.382   10052424.320          0.002 2102
 665.478    6890503.614          0.002 2105
 148.268    1649341.573          0.000 2105
 691.533    7382355.752          0.002 2105
 827.755    8536047.990          0.002 2108
 567.337    6337512.809          0.001 2111
 434.298    4600254.509          0.001 2113
  94.905    1100410.021          0.000 2113
 653.928    7534540.720          0.002 2113
 306.482    3396233.116          0.001 2117
 941.828   11016715.988          0.003 2123
 293.616    3187486.082          0.001 2123
 444.832    4956824.003          0.001 2130
 120.479    1396797.058          0.000 2130
 675.786    7982700.479          0.002 2130
 931.914   10850258.148          0.003 2131
 562.382    5771464.383          0.001 2135
  83.912     984419.566          0.000 2135
 474.837    5028292.608          0.001 2135
 945.391    9732208.833          0.002 2135
 560.296    5904095.910          0.001 2139
 793.630    9251524.346          0.002 2141
 268.633    2969580.522          0.001 2141
 844.073   11741189.644          0.003 2141
 864.957    9097333.448          0.002 2145
 411.243    4557808.066          0.001 2149
 267.939    2910666.789          0.001 2149
 905.770    9950347.981          0.002 2149
 558.471    6005308.499          0.001 2155
 729.762    8235139.411          0.002 2158
 196.901    2150010.685          0.000 2158
 897.752    9803906.777          0.002 2158
 658.939    6949290.620          0.002 2164
 822.929   10951950.497          0.003 1916
 335.305    3420301.170          0.001 1958
   0.000          0.000          0.000 1958
   0.000          0.000          0.000 1959
 207.210    2140493.410          0.001 1959
 728.204    7590550.919          0.002 1959
 730.016    7568977.951          0.002 2093
 586.504    6001270.644          0.001 2097
 202.270    2173626.796          0.001 2097
 808.683   10892840.219          0.003 2097
 564.026    6225410.375          0.001 2102
 712.561   14069029.309          0.003 2105
 108.221    1201939.887          0.000 2105
 668.691    8804306.250          0.002 2105
 538.897    5571119.217          0.001 2108
 368.791    3991715.689          0.001 2111
 709.443   11444585.809          0.003 2111
  69.551     805874.631          0.000 2113
 577.235    6922074.582          0.002 2113
 565.956    6237293.065          0.001 2117
 233.502    2567248.330          0.001 2117
 405.534    4402386.984          0.001 2117
 866.799    9080021.308          0.002 2117
 425.769    4479345.430          0.001 2123
 437.304    4422341.112          0.001 2123
  97.991    1134826.724          0.000 2130
 598.652    7330740.980          0.002 2130
 909.747   11037048.824          0.003 2135
  62.514     732578.434          0.000 2135
 629.683    7814117.242          0.002 2135
 331.588    3473740.489          0.001 2139
 199.570    2198480.063          0.001 2141
 416.789    4444578.952          0.001 2141
 640.929    6699298.732          0.002 2145
 610.186    6438536.029          0.002 2145
 614.553    7473032.648          0.002 2149
  86.633     987408.715          0.000 2149
 678.763    7217402.853          0.002 2149
 972.712   12242990.781          0.003 2153
 445.273    4678458.578          0.001 2155
 722.637   13774111.625          0.003 2158
 146.752    1599720.875          0.000 2158
 441.422    4678316.079          0.001 2158
 650.049    6670530.890          0.002 2160
 722.809    8614811.817          0.002 2164
 423.874    4440566.668          0.001 2164
 802.170   10030205.551          0.002 2003
   0.000          0.000          0.000 2003
   0.000          0.000          0.000 2004
 575.887    9345052.714          0.002 2004
 300.113    3111366.466          0.001 2093
 605.664    6536649.924          0.002 2093
 120.165    1288597.151          0.000 2097
 605.707    8020336.875          0.002 2100
 295.448    3159259.422          0.001 2102
  62.860     697117.617          0.000 2105
 628.301    8598845.119          0.002 2105
 259.815    2779419.437          0.001 2111
 514.655    6027528.732          0.001 2113
 627.028    7173141.711          0.002 2113
 354.507    3675410.640          0.001 2117
 155.367    1694692.094          0.000 2117
 708.859   10240319.180          0.002 2119
 673.943    7747159.707          0.002 2121
 136.572    1472170.729          0.000 2123
 707.414    8330914.866          0.002 2125
  65.530     757961.967          0.000 2130
 367.248    3818541.687          0.001 2131
 640.775    8709928.271          0.002 2135
  44.343     519194.463          0.000 2135
 649.897   10012248.082          0.002 2135
 233.494    2439605.364          0.001 2139
 382.839    3949978.032          0.001 2141
 121.749    1333712.083          0.000 2141
 454.626    4750288.113          0.001 2141
 303.882    3183770.746          0.001 2145
 669.495   10138928.926          0.002 2148
  56.120     638195.855          0.000 2149
 605.847    6353466.722          0.002 2152
 535.350    5518622.939          0.001 2153
 239.431    2525663.965          0.001 2155
 500.581    5183114.103          0.001 2158
 101.778    1107605.918          0.000 2158
 302.825    3119356.898          0.001 2160
 615.666    8644648.307          0.002 2161
 625.561    6750055.112          0.002 2164
 223.989    2326853.554          0.001 2164
 598.416    8182089.732          0.002 2044
   0.000          0.000          0.000 2044
   0.000          0.000          0.000 2045
 304.318    3018227.242          0.001 2091
 165.164    1704899.821          0.000 2093
 385.281    3938491.392          0.001 2095
  60.285     645283.744          0.000 2097
 363.047    4182744.911          0.001 2099
 321.209    3256719.829          0.001 2101
 171.436    1815207.583          0.000 2102
 278.695    2791485.296          0.001 2104
 437.773    6102224.329          0.002 2106
 388.036    4729036.907          0.001 2107
 170.630    1759482.351          0.000 2108
 351.818    3507618.218          0.001 2110
 140.086    1481430.063          0.000 2111
  19.678     227683.833          0.000 2113
 306.548    3067753.336          0.001 2115
  60.080     646674.353          0.000 2117
 212.144    2135589.544          0.001 2119
 198.099    2002055.030          0.000 2121
  48.245     518331.344          0.000 2123
 443.436    4566171.417          0.001 2124
 260.338    2614142.955          0.001 2126
 335.454    3656822.635          0.001 2128
  26.580     306988.785          0.000 2130
 192.088    1978249.781          0.000 2131
 342.932    3486667.456          0.001 2133
  19.053     222815.852          0.000 2135
 291.658    2923963.637          0.001 2137
 124.784    1298530.149          0.000 2139
  56.831     619172.931          0.000 2141
 347.526    3483092.075          0.001 2143
 120.746    1251359.934          0.000 2145
 335.792    3311390.183          0.001 2147
  23.275     264416.347          0.000 2149
 345.473    3452996.521          0.001 2151
 159.571    1620308.600          0.000 2153
 111.792    1171228.532          0.000 2155
 420.310    5168598.778          0.001 2158
  38.959     423121.436          0.000 2158
 147.494    1513881.288          0.000 2160
 339.154    3384645.366          0.001 2162
 103.500    1069965.858          0.000 2164
 499.825    5477196.437          0.001 2166
   0.000          0.000          0.000 2088
   0.000          0.000          0.000 2089
   0.000          0.000          0.000 2090
   0.000          0.000          0.000 2091
   0.000          0.000          0.000 2092
   0.000          0.000          0.000 2093
   0.000          0.000          0.000 2094
   0.000          0.000          0.000 2095
   0.000          0.000          0.000 2096
   0.000          0.000          0.000 2097
   0.000          0.000          0.000 2098
   0.000          0.000          0.000 2099
   0.000          0.000          0.000 2100
   0.000          0.000          0.000 2101
   0.000          0.000          0.000 2102
   0.000          0.000          0.000 2103
   0.000          0.000          0.000 2104
   0.000          0.000          0.000 2105
   0.000          0.000          0.000 2106
   0.000          0.000          0.000 2107
   0.000          0.000          0.000 2108
   0.000          0.000          0.000 2109
   0.000          0.000          0.000 2110
   0.000          0.000          0.000 2111
   0.000          0.000          0.000 2112
   0.000          0.000          0.000 2113
   0.000          0.000          0.000 2114
   0.000          0.000          0.000 2115
   0.000          0.000          0.000 2116
   0.000          0.000          0.000 2117
   0.000          0.000          0.000 2118
   0.000          0.000          0.000 2119
   0.000          0.000          0.000 2120
   0.000          0.000          0.000 2121
   0.000          0.000          0.000 2122
   0.000          0.000          0.000 2123
   0.000          0.000          0.000 2124
   0.000          0.000          0.000 2125
   0.000          0.000          0.000 2126
   0.000          0.000          0.000 2127
   0.000          0.000          0.000 2128
   0.000          0.000          0.000 2129
   0.000          0.000          0.000 2130
   0.000          0.000          0.000 2131
   0.000          0.000          0.000 2132
   0.000          0.000          0.000 2133
   0.000          0.000          0.000 2134
   0.000          0.000          0.000 2135
   0.000          0.000          0.000 2136
   0.000          0.000          0.000 2137
   0.000          0.000          0.000 2138
   0.000          0.000          0.000 2139
   0.000          0.000          0.000 2140
   0.000          0.000          0.000 2141
   0.000          0.000          0.000 2142
   0.000          0.000          0.000 2143
   0.000          0.000          0.000 2144
   0.000          0.000          0.000 2145
   0.000          0.000          0.000 2146
   0.000          0.000          0.000 2147
   0.000          0.000          0.000 2148
   0.000          0.000          0.000 2149
   0.000          0.000          0.000 2150
   0.000          0.000          0.000 2151
   0.000          0.000          0.000 2152
   0.000          0.000          0.000 2153
   0.000          0.000          0.000 2154
   0.000          0.000          0.000 2155
   0.000          0.000          0.000 2156
   0.000          0.000          0.000 2157
   0.000          0.000          0.000 2158
   0.000          0.000          0.000 2159
   0.000          0.000          0.000 2160
   0.000          0.000          0.000 2161
   0.000          0.000          0.000 2162
   0.000          0.000          0.000 2163
   0.000          0.000          0.000 2164
   0.000          0.000          0.000 2165
   0.000          0.000          0.000 2166
   0.000          0.000          0.000 2167
   0.000          0.000          0.000 2168
 493.439    5117368.956          0.001   72
 695.809    9019269.335          0.002    7
 345.828    3748213.132          0.001  489
 193.359    2117322.515          0.000  489
 443.208    4692710.727          0.001   26
 422.309    4566137.515          0.001 2149
 349.105    3784266.151          0.001  991
 104.731    1211083.061          0.000  991
 248.044    2719912.552          0.001  991
 444.136    4664337.659          0.001   15
 440.468    4930403.362          0.001 2130
 350.825    3855279.610          0.001 2158
 374.550    4152377.163          0.001 2105
 668.123    7032541.075          0.002 2139
 942.434   10899222.981          0.002   26
 704.062    7772994.320          0.002   26
 238.675    2775438.055          0.001  991
 483.030    5519363.467          0.001  991
 450.256    5059476.434          0.001 1374
 696.439    7751219.174          0.002 1374
 419.591    4716402.737          0.001 1374
 846.851    9582162.996          0.002 1374
 611.095    6890933.033          0.002   35
 312.125    3635080.687          0.001   35
 772.835    9507934.654          0.002   35
 856.562    9820225.585          0.002 2149
 794.368    9121916.758          0.002 2149
 977.158   12029839.278          0.003 1331
 740.236    8450393.374          0.002   52
1297.902   13543111.031          0.003  991
 441.020    4271837.136          0.001 2130
 493.226    5951289.228          0.001 2135
 770.073    8601671.048          0.002   65
1123.914   12856340.150          0.003 2113
 933.064   11149570.581          0.002 2135
1041.423   12704455.688          0.003 2135
 627.562    7618532.415          0.002 2130
 649.217    7899842.248          0.002 2130
 827.939    9460978.447          0.002   60
 494.173    5713473.941          0.001   60
1252.913   14146314.197          0.003   60
1510.149   16778451.865          0.004   60
1662.329   20210680.311          0.004 1331
 762.808    9459447.927          0.002 2135
 966.231   11632411.278          0.002 2135
 627.622    6903575.125          0.002   15
 704.666    8220837.080          0.002   35
1664.242   18700646.052          0.004 2135
1778.580   18524627.178          0.004   41
1785.390   20327391.977          0.004   41
1524.034   17790531.609          0.004  991
1568.762   18004020.256          0.004 2113
 976.751   11288664.123          0.002 2149
1289.439   13688218.801          0.003 2135
 547.623    7015432.751          0.002 1579
 473.768    5188010.492          0.001 1579
 230.991    2555996.348          0.001 1579
