   0.000          0.000          0.000    1
   0.000          0.000          0.000    2
   0.000          0.000          0.000    3
   0.000          0.000          0.000    4
   0.000          0.000          0.000    5
   0.000          0.000          0.000    6
   0.000          0.000          0.000    7
   0.000          0.000          0.000    8
   0.000          0.000          0.000    9
   0.000          0.000          0.000   10
   0.000          0.000          0.000   11
   0.000          0.000          0.000   12
   0.000          0.000          0.000   13
   0.000          0.000          0.000   14
   0.000          0.000          0.000   15
   0.000          0.000          0.000   16
   0.000          0.000          0.000   17
   0.000          0.000          0.000   18
   0.000          0.000          0.000   19
   0.000          0.000          0.000   20
   0.000          0.000          0.000   21
   0.000          0.000          0.000   22
   0.000          0.000          0.000   23
   0.000          0.000          0.000   24
   0.000          0.000          0.000   25
   0.000          0.000          0.000   26
   0.000          0.000          0.000   27
   0.000          0.000          0.000   28
   0.000          0.000          0.000   29
   0.000          0.000          0.000   30
   0.000          0.000          0.000   31
   0.000          0.000          0.000   32
   0.000          0.000          0.000   33
   0.000          0.000          0.000   34
   0.000          0.000          0.000   35
   0.000          0.000          0.000   36
   0.000          0.000          0.000   37
   0.000          0.000          0.000   38
   0.000          0.000          0.000   39
   0.000          0.000          0.000   40
   0.000          0.000          0.000   41
   0.000          0.000          0.000   42
   0.000          0.000          0.000   43
   0.000          0.000          0.000   44
   0.000          0.000          0.000   45
   0.000          0.000          0.000   46
   0.000          0.000          0.000   47
   0.000          0.000          0.000   48
   0.000          0.000          0.000   49
   0.000          0.000          0.000   50
   0.000          0.000          0.000   51
   0.000          0.000          0.000   52
   0.000          0.000          0.000   53
   0.000          0.000          0.000   54
   0.000          0.000          0.000   55
   0.000          0.000          0.000   56
   0.000          0.000          0.000   57
   0.000          0.000          0.000   58
   0.000          0.000          0.000   59
   0.000          0.000          0.000   60
   0.000          0.000          0.000   61
   0.000          0.000          0.000   62
   0.000          0.000          0.000   63
   0.000          0.000          0.000   64
   0.000          0.000          0.000   65
   0.000          0.000          0.000   66
   0.000          0.000          0.000   67
   0.000          0.000          0.000   68
   0.000          0.000          0.000   69
   0.000          0.000          0.000   70
   0.000          0.000          0.000   71
   0.000          0.000          0.000   72
   0.000          0.000          0.000   73
   0.000          0.000          0.000   74
   0.000          0.000          0.000   75
   0.000          0.000          0.000   76
   0.000          0.000          0.000   77
   0.000          0.000          0.000   78
   0.000          0.000          0.000   79
   0.000          0.000          0.000   80
   0.000          0.000          0.000   81
 788.157   12423745.866          0.003    5
 181.287    1749250.089          0.000    5
 105.648    1091701.015          0.000    7
 363.273    3334769.197          0.001    8
 131.627    1352402.776          0.000   10
 238.068    2226330.624          0.001   12
 296.919    2935993.010          0.001   13
  41.574     455773.768          0.000   15
 264.838    2656142.068          0.001   17
 521.473    5186137.902          0.001   19
  66.339     698252.393          0.000   20
 778.040    8613913.712          0.002   20
 232.804    2375406.852          0.001   24
  32.236     363795.453          0.000   26
 676.471    7595312.420          0.002   26
 151.893    1563669.917          0.000   30
 309.282    3047436.508          0.001   32
 474.247    4824782.456          0.001   35
  22.165     252957.609          0.000   35
 189.503    1832963.717          0.000   37
 751.189    8533780.769          0.002   41
  26.203     297923.724          0.000   41
 227.318    2298623.448          0.001   43
 227.104    2265395.464          0.001   45
  42.316     462830.165          0.000   47
 203.036    2028592.313          0.001   49
 334.043    3039030.768          0.001   51
  32.851     375489.263          0.000   52
 210.265    1815311.834          0.001   54
 119.368    1228544.275          0.000   56
 250.765    2494780.007          0.001   58
  29.753     333598.284          0.000   60
  52.243     586904.692          0.000   60
 233.262    2287878.762          0.001   63
  49.912     543413.525          0.000   65
 681.167    9369811.305          0.002   65
 121.985    1238007.503          0.000   69
 427.111    4238311.465          0.001   72
  78.335     829000.753          0.000   72
 247.298    2422991.709          0.001   74
 149.344    1462358.614          0.000   76
 305.674    2796172.590          0.001   78
   0.000          0.000          0.000  124
   0.000          0.000          0.000  125
 474.589    4691391.657          0.001  125
 500.201    4916373.297          0.001    5
 236.795    2466727.433          0.001    7
 287.966    2981684.415          0.001   10
 667.486    6715761.013          0.002   10
 664.372    6437683.609          0.002   12
 411.141    4170165.880          0.001   15
 731.346    7814550.213          0.002   17
 157.139    1668456.520          0.000   20
 724.157    9457213.928          0.002   20
 823.305    9635167.953          0.002   24
 443.329    4438149.593          0.001   26
  58.166     657331.006          0.000   26
 398.337    4101092.318          0.001   30
 506.535    5222938.401          0.001   35
  54.462     622684.098          0.000   35
 349.339    3499297.842          0.001   35
 714.826    7312907.110          0.002   37
 622.527    7796707.923          0.002   41
  53.143     605351.738          0.000   41
 434.381    4433312.372          0.001   43
 470.954    4661953.102          0.001   45
 101.300    1114158.678          0.000   47
 392.516    3931422.366          0.001   49
 600.947    6036758.576          0.002   49
  59.734     683055.840          0.000   52
 189.402    1952626.862          0.000   56
 489.676    4971015.074          0.001   56
 601.729    5751654.430          0.001   60
  72.587     816364.237          0.000   60
 679.291    8540440.504          0.002   63
  95.859    1047428.583          0.000   65
 653.090    8605433.843          0.002   65
 245.437    2506247.652          0.001   69
 653.879   10030637.750          0.002   69
 148.925    1581390.814          0.000   72
 731.676    7792084.994          0.002   74
 317.711    3154054.848          0.001   76
 567.128    5647201.649          0.001   76
 234.129    2369112.051          0.001  166
   0.000          0.000          0.000  166
   0.000          0.000          0.000  167
 533.191    5284096.446          0.001  167
 887.310    9534822.930          0.002    7
 380.015    3988182.788          0.001    7
 523.668    5476828.768          0.001   10
 937.273   11589014.394          0.003   10
 706.598    7905433.614          0.002   15
 111.985    1231229.730          0.000   15
 765.606   11809027.150          0.003   20
 455.289    4883138.465          0.001   20
 551.303    5754143.101          0.001   20
 879.683   11048837.480          0.003   26
 344.239    4343613.427          0.001   26
  85.285     965274.398          0.000   26
 450.574    4682065.273          0.001   26
 506.780    5399932.208          0.001   30
 492.821    5134682.646          0.001   35
  82.024     938672.596          0.000   35
 216.550    2347449.244          0.001   35
 595.738    8576741.592          0.002   35
 872.683    9543378.449          0.002   35
 678.717    7126844.591          0.002   41
  94.327    1077215.291          0.000   41
 483.013    5386976.311          0.001   41
 607.350    7433713.882          0.002   47
 848.288   10520612.054          0.003   49
  90.008    1031670.053          0.000   52
 607.587    7099716.774          0.002   52
 800.522   11268046.430          0.003   52
 331.619    3442869.504          0.001   56
 584.009    7324569.273          0.002   60
 355.951    3734668.828          0.001   65
 136.508    1496005.616          0.000   65
 695.840    9325212.466          0.002   65
 456.625    4703684.159          0.001   69
 737.455    8073214.892          0.002   72
 214.376    2284885.767          0.001   72
 937.048   12048220.781          0.003   72
 988.072   10526930.225          0.003   76
 871.860   11546655.681          0.003  166
 403.355    3901787.179          0.001  208
   0.000          0.000          0.000  208
   0.000          0.000          0.000  209
 653.590   11021799.868          0.003  209
 942.037   10795398.027          0.003  250
 622.127    6550986.451          0.002    7
 939.198   11532146.087          0.003    7
 976.734   11095406.482          0.003   15
 297.972    3234801.127          0.001   15
 164.702    1819758.237          0.000   15
 879.889   12924487.350          0.003   20
 344.333    3712211.173          0.001   20
 719.614    8320584.964          0.002   20
 890.387   10003098.162          0.002   20
 109.409    1240098.627          0.000   26
 368.320    3931981.566          0.001   26
 786.841    8644622.118          0.002   30
 576.045    6044363.166          0.001   35
 109.913    1259743.665          0.000   35
 636.445    6739419.979          0.002   35
1112.340   12720407.893          0.003   41
 680.719    7495737.773          0.002   41
 125.599    1436078.746          0.000   41
 589.713    5917112.259          0.001   41
 648.067    6824293.289          0.002   47
 176.544    1954690.361          0.000   47
 630.384    6713867.544          0.002   47
 471.422    4963230.310          0.001   52
 127.245    1461491.879          0.000   52
 255.298    2788500.980          0.001   52
 702.672    7281045.426          0.002   56
 504.985    5283682.578          0.001   56
 781.020    7944788.538          0.002   60
 291.861    3172233.963          0.001   60
 142.245    1606574.558          0.000   60
 194.513    2139041.597          0.000   65
 882.556    9945518.170          0.002   65
 780.777    8143632.876          0.002   69
 545.873    5810889.333          0.001   72
 507.406    5353348.410          0.001   72
1046.372   13523431.681          0.003  293
 565.911    5829785.128          0.001  293
   0.000          0.000          0.000  249
   0.000          0.000          0.000  250
 256.239    2716920.568          0.001  250
 999.224   12329793.093          0.003  250
 899.859    9515533.730          0.002    7
 838.882    9199210.866          0.002    7
1178.066   12849510.963          0.003   10
 723.173    7740723.774          0.002   15
 622.047    9238075.488          0.002   15
 223.580    2478782.356          0.001   15
 822.389    8620506.164          0.002   20
 921.839   12398425.563          0.003   20
 604.459    6421661.193          0.001   26
 293.783    3231414.999          0.001   26
 163.556    1861788.657          0.000   26
 241.969    2676894.155          0.001   26
 614.786    6600866.191          0.002   26
 965.542   13425206.001          0.003   26
 911.625   10307042.341          0.002   35
 587.940    6492743.825          0.001   35
 129.254    1483202.416          0.000   35
 710.992    7801252.211          0.002   35
1072.679   12881467.562          0.003   35
 783.990    8424161.344          0.002   41
 161.841    1853889.484          0.000   41
 626.605    6955147.588          0.002   47
 245.750    2738607.886          0.001   47
 914.570   13628510.824          0.003   47
 612.073    6503301.163          0.002   52
 390.441    4266204.775          0.001   52
1032.488   11025441.113          0.003   56
 884.735    9553426.629          0.002   56
 496.775    5234342.064          0.001   60
 439.965    5062344.509          0.001   60
 207.532    2355710.150          0.001   60
 687.195    9019017.309          0.002   65
 278.588    3082793.083          0.001   65
 402.011    4387359.819          0.001   65
1004.503   11213448.669          0.003   72
 401.659    4320778.989          0.001   72
 696.918    7484000.826          0.002   72
1018.149   11505541.433          0.003  293
 390.583    4079166.092          0.001  293
 129.713    1358906.718          0.000  293
   0.000          0.000          0.000  293
   0.000          0.000          0.000  294
 573.998    6103653.442          0.001  250
 887.578    9431540.637          0.002  250
 988.717   10488520.652          0.002  450
 946.188   10199206.788          0.002  450
 943.728   10095468.145          0.002   15
 534.118    5788805.821          0.001   15
 270.967    3011410.299          0.001   15
 777.031    8478539.141          0.002   15
 598.904    6566238.153          0.002   20
 643.554    6941599.899          0.002   26
 348.228    3861766.279          0.001   26
 633.091   10423149.153          0.002   26
 397.722    4371991.857          0.001   26
 966.021   11008092.075          0.003   26
 437.454    4851881.325          0.001   35
 168.980    1945302.156          0.000   35
 334.468    3792590.963          0.001   35
 840.336    9272803.247          0.002   35
 770.606    8764454.118          0.002   41
 183.054    2099054.399          0.000   41
 626.494    6590837.573          0.002   41
 754.144    8471360.259          0.002   47
 297.084    3325699.236          0.001   47
 184.771    2128534.921          0.000   52
 775.729    9979391.523          0.002   52
 736.520    8188912.189          0.002   52
1235.175   12919900.263          0.003   60
 943.695    9876012.091          0.002   60
 761.342   10467513.138          0.002   60
 645.133    6848474.561          0.002   60
 826.756   10291412.464          0.002   65
 527.207    5766027.450          0.001   65
 881.710    9555343.708          0.002   65
1093.387   11906625.476          0.003   72
 474.549    5117061.669          0.001   72
 837.827   10670605.762          0.002   72
1080.196   11746501.781          0.003   72
 714.226    7302260.755          0.002  293
 628.114    8618327.024          0.002  334
   0.000          0.000          0.000  334
   0.000          0.000          0.000  335
 553.727    6063222.888          0.001  335
 731.920    7864128.978          0.002  450
 527.812    5745114.924          0.001  450
1001.295   10661967.490          0.002  450
 943.456   10248587.462          0.002   15
 708.967    7669557.756          0.002   15
 335.422    3737935.931          0.001   15
 658.486    7163698.726          0.002   15
1071.523   11817181.178          0.003   15
 792.146    8781999.440          0.002   20
1033.559   12248467.454          0.003   26
 603.579    6653846.987          0.002   26
 219.600    2510721.422          0.001   26
 458.818    5078000.855          0.001   26
 538.979    5935505.362          0.001   26
1173.872   14759935.180          0.003   35
 419.685    4689430.531          0.001   35
1144.586   13765074.854          0.003   41
 801.310    9405063.758          0.002   41
 215.770    2477179.376          0.001   41
 442.106    4853610.233          0.001   41
 367.446    4141032.390          0.001   47
 564.987    6291017.718          0.001   47
 498.150    5485732.296          0.001   52
 528.211    5911675.108          0.001   52
1089.323   12329104.023          0.003   52
1046.412   12297417.967          0.003   60
 528.796    5988684.971          0.001   60
 280.336    3197338.951          0.001   60
 399.612    4440836.374          0.001   65
1045.396   12469103.575          0.003   65
 685.576    7435410.047          0.002   72
 944.064   10246152.216          0.002   72
 713.152    8150359.543          0.002  371
 108.387    1156696.584          0.000  371
   0.000          0.000          0.000  371
   0.000          0.000          0.000  372
 722.810    8970766.593          0.002  450
 347.823    3788781.083          0.001  450
1070.419   12330383.366          0.003  450
1002.747   11067717.233          0.003  450
1226.598   13416251.940          0.003   15
 667.892    7446217.432          0.002   15
 383.320    4278438.487          0.001   15
 948.492   11377331.330          0.003   15
 966.079   10816002.765          0.002   20
1175.486   13868137.064          0.003   26
 707.570    9526675.096          0.002   26
 661.889    7921731.542          0.002   26
 865.808    9627798.124          0.002   26
 810.260    8975221.964          0.002   35
 217.774    2517697.646          0.001   35
 794.589    9744063.491          0.002   35
 914.997   10246294.906          0.002   35
 729.675    7614409.333          0.002   41
 249.459    2867328.620          0.001   41
 970.011   13322076.870          0.003   47
 417.239    4726795.847          0.001   47
 929.359   12441733.759          0.003   47
 752.579   14326426.954          0.003   52
 246.054    2843157.170          0.001   52
 531.449    5931389.282          0.001   52
1219.871   14039295.719          0.003   52
1025.241   10825142.994          0.002   60
 642.192    7113699.775          0.002   60
 357.320    4094574.210          0.001   60
 454.471    5140382.335          0.001   60
 856.117   11358120.666          0.003   60
 667.488    7218411.440          0.002   65
 938.098    9820011.677          0.002   65
1214.525   13276977.786          0.003   72
1025.747   11085876.193          0.003   72
1153.829   14333161.536          0.003  489
 824.634    9197581.449          0.002  489
 789.751    8219918.006          0.002  371
 319.235    3414360.333          0.001  371
   0.000          0.000          0.000  412
   0.000          0.000          0.000  413
 322.043    3421953.051          0.001  450
 221.905    2420244.210          0.001  450
 814.315    8936384.284          0.002  450
 710.628    7825059.142          0.002  450
 932.781   10333454.586          0.002   15
 474.492    5309399.791          0.001   15
 747.981    8224394.883          0.002   15
 860.161   10389058.947          0.002   26
 275.733    3162832.273          0.001   26
 908.260   10024372.441          0.002   26
 892.698    9887979.731          0.002   26
 534.476    6020289.831          0.001   35
 340.517    3900888.107          0.001   35
 830.063    9036880.575          0.002   35
1230.787   13552428.702          0.003   41
 939.739   10193912.614          0.002   41
 280.471    3226995.030          0.001   41
 846.578   10665301.357          0.002   41
 532.225    6122830.939          0.001   47
 849.146    9478407.774          0.002   47
 911.651    9668414.490          0.002   52
 308.511    3583169.154          0.001   52
 309.073    3572056.207          0.001   52
 759.030    8562992.559          0.002   52
1079.729   11256800.031          0.003   52
1416.244   18554096.285          0.004   60
 658.709    7581550.657          0.002   60
 837.153    9159788.066          0.002   60
 530.841    5913636.516          0.001   65
1069.649   11781731.272          0.003   65
1429.757   17297939.753          0.004  489
 919.306   10386654.935          0.002  489
1020.027   15246791.628          0.003  489
 571.655    6363716.276          0.001  489
 733.493    8224516.750          0.002  489
   0.000          0.000          0.000  449
   0.000          0.000          0.000  450
  44.332     481693.807          0.000  450
 108.926    1184114.285          0.000  450
 576.216    6165457.095          0.001  450
 378.853    4152822.586          0.001  450
1015.461   11408825.574          0.003  450
1359.103   17994864.890          0.004  450
1108.513   12969394.189          0.003   15
 541.232    6066459.656          0.001   15
 738.674    8355704.918          0.002   15
1079.935   11635931.915          0.003   15
 858.073    8780245.192          0.002   26
 605.430    6535882.680          0.001   26
 307.346    3530960.986          0.001   26
 877.723   10630445.721          0.002   26
 578.405    6521520.396          0.001   35
 280.416    3262090.825          0.001   35
 495.884    5700171.468          0.001   35
 816.394    9219574.097          0.002   35
 558.797    6338179.003          0.001   41
 325.620    3753009.799          0.001   41
 877.216   11427429.346          0.003   41
 584.917    6772723.118          0.002   47
 738.132    8732501.385          0.002   47
 852.612    9407880.228          0.002   52
 731.880    8120501.791          0.002   52
1226.252   15884474.055          0.004   52
1429.613   14712531.750          0.003   52
1056.177   14910184.808          0.003   60
 442.340    5096380.587          0.001   60
 997.888   12239593.096          0.003   60
 606.094    6758686.019          0.002   65
1213.740   13912578.892          0.003   65
1105.588   12255455.461          0.003  489
 618.588    6933150.691          0.002  489
 439.933    4885302.259          0.001  489
 266.078    2929545.043          0.001  489
 124.111    1359116.244          0.000  489
  52.122     569365.603          0.000  489
   0.000          0.000          0.000  489
   0.000          0.000          0.000  490
 320.745    3396720.915          0.001  450
 916.325   13336425.923          0.003  450
 961.306   12814376.366          0.003  450
 687.740    7531357.561          0.002  450
 502.248    5520207.968          0.001  450
 803.746    8881177.961          0.002  450
1466.782   18393815.334          0.004  450
 892.542    9922105.267          0.002   15
 775.609    8734261.755          0.002   15
1294.362   16873513.617          0.004   15
 961.321   10974530.542          0.002   26
 711.970    8173355.875          0.002   26
 359.841    4145467.207          0.001   26
 549.380    6265196.738          0.001   26
1145.633   13712710.796          0.003   26
 921.966    9990065.165          0.002   35
 557.942    6359688.353          0.001   35
 695.531    8363255.034          0.002   35
 690.786    7923007.858          0.002   35
 651.457    7535731.794          0.002   35
 954.237   10862725.209          0.002   35
1127.037   13046005.167          0.003   41
 625.156    6933509.342          0.002   41
 355.964    4106277.796          0.001   41
 629.936    6914672.353          0.002   41
1128.038   13715319.476          0.003   41
 895.114   10785191.798          0.002   47
 383.020    4472689.024          0.001   52
 412.804    4780380.228          0.001   52
 989.144   11366691.847          0.002   52
1313.188   15039081.135          0.003   52
1036.940   11522992.086          0.003   60
 834.492    9417127.649          0.002   60
 590.455    6796794.504          0.001   60
 980.349   11256921.324          0.002   60
 883.361    9772139.084          0.002   65
 779.166    8660076.800          0.002   65
1546.491   20736186.778          0.005  489
 925.441   10674183.801          0.002  489
 765.810    8617181.657          0.002  489
 867.287   12412851.410          0.003  489
 676.764    8415412.642          0.002  489
 524.411    5957423.416          0.001  489
 403.775    4897306.356          0.001  489
   0.000          0.000          0.000  535
   0.000          0.000          0.000  536
 561.861    5986395.654          0.001  536
 885.650    9613017.591          0.002  620
1031.020   14158829.987          0.003  620
1051.881   11588249.910          0.003  450
1196.742   13170902.521          0.003   15
 745.274    8362048.903          0.002   15
1274.930   14651885.597          0.003   15
1277.312   16205085.550          0.004   26
 876.963   10261916.006          0.002   26
 386.334    4456486.020          0.001   26
 919.978   11504128.048          0.003   26
1152.267   12994257.565          0.003   26
 920.131   10397279.726          0.002   35
 360.332    4220277.031          0.001   35
 901.282   11955544.135          0.003   35
1045.842   12209293.249          0.003   35
1004.845   11843629.260          0.003   35
 930.964   10614063.522          0.002   41
 405.348    4681906.846          0.001   41
 995.455   11928709.056          0.003   41
 728.091    8616329.687          0.002   47
 665.819    7265867.451          0.002   52
 482.815    5600758.200          0.001   52
 980.118   10963635.811          0.002   52
1431.653   16893549.464          0.004   52
1315.596   15490099.914          0.003   60
 757.081    8687111.238          0.002   60
 545.227    6324432.777          0.001   60
1143.168   14008517.088          0.003   60
1412.358   17568137.100          0.004   65
 960.285   10578212.882          0.002   65
1100.013   11810830.223          0.003   65
1398.691   18480669.305          0.004  489
 903.826   10172581.500          0.002  619
 709.991    7851245.226          0.002  619
 747.212    8140777.741          0.002  619
 548.652    7223281.688          0.002  619
   0.000          0.000          0.000  574
   0.000          0.000          0.000  575
 566.139    6860998.775          0.002  620
 537.110    5874295.780          0.001  620
 615.154    6755922.400          0.002  620
 777.214    8866465.682          0.002  620
1008.778   12314526.675          0.003  620
 908.109   10610491.418          0.002  620
1326.319   15552167.586          0.003  620
1127.169   12758081.975          0.003   15
 917.594   10209523.711          0.002   15
1348.528   15938518.913          0.003   15
1207.498   13750772.894          0.003   26
 659.383    7525834.778          0.002   26
 497.827    5749125.189          0.001   26
 562.210    6470220.339          0.001   26
 952.799   10536891.616          0.002   26
1304.877   16245806.101          0.004   35
 749.094    8694155.226          0.002   35
 477.231    5588191.475          0.001   35
 671.716    7786317.806          0.002   35
1018.893   12068664.535          0.003   35
1086.927   10473103.438          0.002   41
 450.119    5205529.111          0.001   41
 607.303    6914006.466          0.001   41
1224.325   17871900.451          0.004   41
1003.993   12065079.350          0.003   47
1239.391   16764485.584          0.004   52
 455.377    5345255.008          0.001   52
 543.100    6318596.468          0.001   52
 707.349    8148999.594          0.002   52
 857.169    9790982.718          0.002   52
1214.162   13111121.980          0.003   52
1201.007   13047498.450          0.003   60
1204.481   14393267.522          0.003   60
1078.710   15053173.375          0.003   60
 878.651   10165715.966          0.002   60
1284.276   14785536.305          0.003   60
1267.269   13497099.160          0.003   65
1169.505   13375798.957          0.003  619
 673.928    7551935.474          0.002  619
 466.528    5164898.323          0.001  619
 328.420    3626108.418          0.001  619
 189.482    2087272.953          0.000  619
  71.045     782712.476          0.000  619
   0.000          0.000          0.000  619
   0.000          0.000          0.000  620
 119.218    1321421.022          0.000  620
 249.455    2781597.437          0.001  620
 322.880    3615576.760          0.001  620
 461.478    5217030.922          0.001  620
 641.688    7367776.982          0.002  620
1135.285   13205305.183          0.003  620
1388.455   15854465.374          0.003   15
1150.222   12387367.087          0.003   15
1478.359   16485414.640          0.004   26
1151.874   13028141.917          0.003   26
 644.233    7479165.441          0.002   26
 465.602    5398150.563          0.001   26
1419.556   16190826.564          0.004   26
 838.078    9713788.811          0.002   35
 431.140    5087966.110          0.001   35
 589.724    6908960.038          0.001   35
1094.997   12774053.273          0.003   35
 709.690    8100506.452          0.002   41
 516.382    5985433.655          0.001   41
 993.641   11002349.705          0.002   41
 896.000   10898528.752          0.002   47
1242.579   15537052.466          0.003   47
 839.224    9612977.639          0.002   52
 522.302    6160786.919          0.001   52
 653.821    7643780.545          0.002   52
1030.967   11799995.825          0.003   52
1479.112   18528797.548          0.004   60
1139.434   13025366.204          0.003   60
 648.473    7572261.816          0.002   60
1080.236   12418080.181          0.003   60
1243.022   14196942.153          0.003   60
1534.633   18203210.893          0.004   65
1367.683   17335345.540          0.004  619
 875.297    9986058.046          0.002  619
 817.755    8734685.234          0.002  619
 735.980    7869162.320          0.002  619
 562.760    6127655.529          0.001  619
 472.604    5071260.887          0.001  619
 322.300    3486243.114          0.001  660
   0.000          0.000          0.000  660
   0.000          0.000          0.000  661
 603.022    6749290.573          0.002  620
 519.945    5734070.484          0.001  620
 651.673    7497500.564          0.002  620
 662.189    7526824.846          0.002  620
 892.546   10257367.708          0.002  620
 931.172   11257444.269          0.002  620
1326.790   17424888.289          0.004  620
1617.545   17104462.243          0.004   15
1463.453   17666299.149          0.004   26
 806.938    9438727.859          0.002   26
1022.441   13210529.927          0.003   26
 517.951    6021357.619          0.001   26
 880.759   10756634.714          0.002   26
 875.311    9887530.135          0.002   26
1445.795   19014739.601          0.004   26
 930.922   10639248.323          0.002   35
 927.562   11346061.165          0.002   35
 735.418    8621338.385          0.002   35
1217.550   13649783.570          0.003   35
1193.378   12723302.335          0.003   41
 784.946    8784849.221          0.002   41
1392.764   16215460.876          0.003   41
1001.679   12381694.875          0.003   47
1019.188   12274937.530          0.003   52
1092.086   13262093.959          0.003   52
1366.746   16007848.740          0.003   60
 794.771    9340263.576          0.002   60
 788.370    9265279.806          0.002   60
1329.428   16152014.174          0.003   60
1387.830   14941921.184          0.003  991
1426.823   17216546.410          0.004  619
1205.928   16817236.440          0.004  783
1004.814   12224954.159          0.003  619
1019.655   15995398.617          0.004  783
 287.284    3045119.996          0.001  697
   0.000          0.000          0.000  697
   0.000          0.000          0.000  698
 238.814    2533771.232          0.001  698
 802.259   11221101.601          0.003  698
 813.050   10187410.656          0.002  827
 838.320   10007799.617          0.002  827
 801.210    9033372.995          0.002  827
1108.315   12303858.336          0.003  827
1440.067   17795454.286          0.004  827
1263.417   14090016.465          0.003   26
1154.400   13873823.451          0.003   26
 624.669    7278980.022          0.002   26
 967.275   12596216.595          0.003   26
 976.918   11161070.822          0.002   26
1469.642   19431404.880          0.004   26
1361.025   14837359.379          0.003   35
1065.306   12005878.474          0.003   35
 497.364    5911059.473          0.001   35
 942.307   11525676.463          0.002   35
1167.422   15653342.560          0.003   35
 844.320    9884737.246          0.002   35
1393.582   16849793.526          0.004   35
1183.287   16537637.008          0.004   41
 596.574    6935506.167          0.001   41
1166.173   15562921.948          0.003   41
1445.670   14704868.318          0.003   41
1190.657   15102938.804          0.003   47
1363.736   17074993.904          0.004   47
1209.308   14509930.681          0.003   52
 614.665    7294331.539          0.002   52
 850.602    9933233.271          0.002   52
1384.066   14923397.516          0.003   52
 979.730   11429641.990          0.002   60
1242.940   14429254.834          0.003   60
1037.068   12001904.175          0.003   60
1196.359   12775115.455          0.003  991
1189.269   14510895.458          0.003  991
1451.121   16615966.054          0.004  991
1224.557   16805858.200          0.004  783
 813.430   10022980.836          0.002  783
 636.890    7205050.259          0.002  783
 357.495    3935074.996          0.001  783
   0.000          0.000          0.000  739
   0.000          0.000          0.000  740
 210.355    2244031.964          0.001  740
 760.470    8630079.228          0.002  827
 441.189    4839509.354          0.001  827
 527.002    6085383.081          0.001  827
 832.203   10782064.142          0.002  827
 681.158    7346987.377          0.002  827
 553.110    6296954.486          0.001  827
 866.461    9800961.926          0.002  827
1194.182   13290782.788          0.003  827
1340.762   13993325.756          0.003   26
 959.053   10701979.921          0.002   26
 695.172    8114290.931          0.002   26
 635.520    7442266.151          0.002   26
1254.826   14112745.543          0.003   26
1360.046   16499498.075          0.004   35
 561.168    6713021.520          0.001   35
 586.075    7029870.543          0.001   35
 863.332   10322892.036          0.002   35
1254.847   14819075.150          0.003   35
1182.923   13529197.417          0.003   35
1104.854   12513822.448          0.003   41
 652.768    7605514.013          0.002   41
 832.760    9607683.256          0.002   41
1426.149   15318886.882          0.003   41
1369.986   17672838.131          0.004   47
1083.054   12018841.733          0.003   52
 765.051    9125578.511          0.002   52
 683.768    8147319.012          0.002   52
 763.675    9067250.577          0.002   52
 971.602   11309725.371          0.002   52
1371.981   14894624.808          0.003   60
1133.048   13227159.740          0.003   60
1505.199   16721077.466          0.004  991
1254.063   13890361.992          0.003  991
 860.789    9789549.317          0.002  991
 822.661    9148690.270          0.002  991
1167.103   12337955.118          0.003  991
 839.786   10353766.365          0.002  783
 608.130    7254983.780          0.002  783
 475.155    5563278.057          0.001  783
 273.595    3097851.071          0.001  783
 127.530    1421765.585          0.000  783
   0.000          0.000          0.000  783
   0.000          0.000          0.000  784
 481.406    5313814.434          0.001  827
 153.676    1729805.259          0.000  827
 224.283    2527616.023          0.001  827
 396.958    4497081.437          0.001  827
 486.938    5538606.881          0.001  827
 784.879    8988277.551          0.002  827
1454.446   17982949.152          0.004  827
 941.138   11170939.979          0.002   26
 802.404    9329380.524          0.002   26
1044.853   12332833.715          0.003   26
 756.963    8915890.650          0.002   26
1236.570   14845214.836          0.003   35
 773.789    9318810.968          0.002   35
 613.257    7372287.407          0.002   35
 670.757    8131515.610          0.002   35
 984.067   11706620.280          0.002   35
1468.755   19791283.788          0.004   35
1548.573   17133047.085          0.004   35
1563.574   17776057.212          0.004   41
 936.994   10734640.511          0.002   41
 739.531    8638810.820          0.002   41
 837.124    9656893.460          0.002   41
1416.915   19528831.984          0.004   41
1710.936   22313556.125          0.005   47
1349.160   14084419.020          0.003   52
 852.438   10180291.382          0.002   52
 770.453    9216772.073          0.002   52
 947.416   11641523.094          0.002   52
1086.197   12213607.407          0.003   52
1400.244   15222003.485          0.003   52
1691.028   19046098.677          0.004   60
1556.271   18179066.605          0.004  991
1419.465   16983226.554          0.004  991
1052.630   12092135.607          0.003  991
 897.254   10364356.354          0.002  991
 666.509    7743964.210          0.002  991
 601.184    6499323.901          0.001  991
 929.566   12600146.988          0.003  783
 618.290    7064516.335          0.002  783
 661.140    7694941.534          0.002  783
 214.645    2312958.517          0.001  826
   0.000          0.000          0.000  826
   0.000          0.000          0.000  827
  74.325     836296.963          0.000  827
 552.088    5762670.067          0.001  827
 707.885    8902150.876          0.002  827
 298.030    3362797.424          0.001  827
 799.729   10860891.752          0.002  827
 965.192   11289460.532          0.003  827
 608.906    6979183.033          0.002  827
1170.465   14512109.844          0.003  827
1581.287   17757091.904          0.004  827
1492.689   16660058.282          0.004   26
1064.623   11773711.020          0.003   26
1283.710   15898334.237          0.003   26
 991.471   11364779.508          0.002   26
1249.709   14791025.854          0.003   35
 691.397    8369888.669          0.002   35
1091.976   13292022.786          0.003   35
 798.167    9824336.421          0.002   35
1269.425   14434733.391          0.003   35
1513.116   16143292.874          0.003   41
 827.684    9669648.242          0.002   41
 971.283   11051841.118          0.002   41
1206.946   12854220.667          0.003   41
1737.116   19511974.749          0.004   52
1177.425   13347912.735          0.003   52
 960.400   11450828.282          0.002   52
 881.756   10523762.848          0.002   52
1194.070   13188408.081          0.003   52
1607.222   16929072.867          0.004   52
1991.184   20670969.602          0.004   60
1710.752   17944919.584          0.004   60
1788.554   21653841.698          0.005   60
1022.066   12094538.968          0.003  991
 922.784   10675456.432          0.002  991
 549.395    6405701.357          0.001  991
 466.754    5445568.755          0.001  991
 747.237   10212735.432          0.002  991
 452.149    5085995.546          0.001  991
 715.502    7403312.296          0.002  991
 867.690   10379093.477          0.002  826
 336.849    3493677.846          0.001  868
   0.000          0.000          0.000  868
   0.000          0.000          0.000  869
 717.137    7926266.706          0.002  827
 711.004    7804869.560          0.002  827
 464.857    5127839.771          0.001  827
 615.302    6637333.686          0.001  827
1062.399   14314069.225          0.003  827
 723.361    8348990.160          0.002  827
1084.642   12049152.479          0.003  827
1439.433   16238128.206          0.003  827
1332.861   15777359.732          0.003   26
1265.091   13347778.295          0.003   26
1414.528   17913094.384          0.004   26
 923.470   10871831.094          0.002   26
1428.595   19183269.555          0.004   35
 791.383    9653122.364          0.002   35
 764.618    9282553.797          0.002   35
1292.378   17005941.696          0.004   35
 954.026   11864464.538          0.002   35
1716.718   20117760.919          0.004   35
1264.398   13737251.558          0.003   41
 887.694   10356527.084          0.002   41
1270.241   13731902.201          0.003   41
1522.235   15164747.880          0.003   41
1246.813   14012793.331          0.003   52
1007.230   11818970.556          0.002   52
1451.646   16808760.806          0.003   52
1660.338   16709189.733          0.003   52
2053.575   23423754.742          0.005   52
1807.120   18470687.999          0.004  991
1538.711   15790762.042          0.003  991
1306.730   14577502.064          0.003  991
 867.789   10288292.957          0.002  991
 614.147    7253914.859          0.002  991
 440.345    5168164.655          0.001  991
 360.479    4211026.379          0.001  991
 287.386    3346598.042          0.001  991
 755.876    8068536.250          0.002  991
 764.388    8480346.417          0.002  952
 444.337    5206491.402          0.001  908
   0.000          0.000          0.000  908
   0.000          0.000          0.000  909
 392.623    4489868.642          0.001  909
 565.362    6560762.969          0.002  909
1007.643   13058070.056          0.003  909
 785.624    8128813.014          0.002  827
 649.682    6994701.660          0.002  827
 958.434    9921818.212          0.002  827
 853.622    8840162.649          0.002  827
1175.029   14358858.805          0.003  827
1106.364   12721029.885          0.003  827
1804.531   21853009.083          0.005  827
1774.853   19225727.942          0.004   26
1582.808   19608756.311          0.004   26
 999.213   11740025.491          0.002   26
1362.723   19055486.773          0.004   35
 848.654   10390649.491          0.002   35
 966.816   11578091.661          0.002   35
 916.332   11143272.810          0.002   35
1338.436   15227695.638          0.003   35
1115.480   13846858.948          0.003   35
1629.080   20796194.282          0.004   41
1025.098   11735204.513          0.002   41
1393.295   14437810.476          0.003   41
1719.877   20883213.784          0.004   41
1852.794   17371543.502          0.004   41
1967.728   21507062.781          0.004   52
1694.901   17714809.746          0.004   52
1531.366   18424755.818          0.004   52
1704.348   18777437.644          0.004   52
2009.996   19240378.738          0.004   52
2108.959   21543624.307          0.004  991
1470.930   15101283.831          0.003  991
 990.997   11484903.932          0.002  991
 781.801    9339161.987          0.002  991
 595.686    7063770.231          0.001  991
 538.901    6367836.452          0.001  991
 603.187    7020923.745          0.002  991
 761.585    8587349.047          0.002  991
 687.999    7902558.360          0.002  991
 202.492    2350143.185          0.001  991
 547.773    6186688.200          0.001  991
 549.349    6083420.438          0.001  991
 210.836    2242015.175          0.001  952
   0.000          0.000          0.000  952
   0.000          0.000          0.000  953
 379.287    4309786.247          0.001  953
 770.412    9382558.016          0.002  953
1172.080   15532728.143          0.003  827
1205.163   11729898.958          0.003  827
1416.054   17286824.282          0.004  827
 914.787   10630419.481          0.002  827
1264.275   14300201.508          0.003  827
1772.662   19856354.582          0.004  827
1800.525   21762661.143          0.005   26
1496.008   17098910.160          0.004   26
1114.510   13183445.724          0.003   35
1093.852   13033319.530          0.003   35
1118.599   13213094.997          0.003   35
1030.589   12464307.179          0.003   35
1573.853   20401896.350          0.004   35
1640.267   17846332.766          0.004   35
1598.797   16895456.143          0.003   41
1629.142   15893947.343          0.003   41
2006.135   21080275.257          0.004   41
1916.922   20353097.970          0.004 2136
1713.020   20146393.986          0.004 2136
1697.971   17989817.558          0.004 2136
1599.969   19466869.054          0.004   52
1747.118   19268942.183          0.004 2136
2064.484   22700036.295          0.005  991
1782.715   20106237.661          0.004  991
1403.900   15747260.732          0.003  991
 929.256   10940314.311          0.002  991
 672.301    8008519.279          0.002  991
 969.607   10758774.041          0.002  991
1017.622   11426002.756          0.002  991
 841.035    9106992.450          0.002  991
 711.278    9106517.844          0.002  991
 220.979    2550941.010          0.001  991
 133.759    1547404.377          0.000  991
  75.964     877761.263          0.000  991
  31.724     366319.962          0.000  991
   0.000          0.000          0.000  991
   0.000          0.000          0.000  992
 222.072    2348071.841          0.001  992
 680.682    7362212.444          0.002 1077
 782.026    9021887.159          0.002 1077
 942.697   12291622.296          0.003 1077
1310.839   16608955.458          0.004 1077
1078.721   13543423.178          0.003 1077
1154.379   13110188.807          0.003  827
1639.013   20585523.277          0.004 1331
1260.677   14066733.181          0.003 1331
1633.770   20357223.216          0.004 1331
1396.623   14985746.718          0.003   26
1684.711   17528907.241          0.004   35
1425.222   15833510.580          0.003   35
1331.286   15204522.057          0.003   35
1463.010   20927225.834          0.004   35
1174.482   13883632.594          0.003   35
1714.140   19607133.638          0.004   35
1844.405   19772849.527          0.004   41
1908.795   20924807.845          0.004   41
1705.390   18569368.478          0.004 2136
1663.089   24122111.769          0.005 2136
1108.614   13235511.733          0.003 2136
1395.849   15671074.662          0.003 2136
1611.026   18028609.100          0.004 2136
1543.371   16302538.089          0.003 2136
2004.547   24413610.118          0.005 2136
1908.040   22386252.177          0.005  991
1371.459   15083513.460          0.003  991
 932.852   10854075.568          0.002  991
1029.070   11790342.008          0.002  991
1128.550   13623056.002          0.003  991
1034.829   12006242.040          0.003  991
 932.351   10754154.606          0.002  991
 393.781    4558345.210          0.001  991
 334.293    3864422.351          0.001  991
 581.861    6160945.035          0.001  991
 625.876    9660873.660          0.002  991
 392.578    4251471.691          0.001  991
 509.691    5929278.095          0.001  991
   0.000          0.000          0.000 1032
   0.000          0.000          0.000 1033
 420.507    4471333.374          0.001 1077
 746.788    8944242.382          0.002 1077
 568.096    6609120.853          0.001 1077
 717.582    8900457.665          0.002 1077
 968.020   11852446.401          0.003 1077
 939.222   11633176.809          0.003 1077
1432.263   19905870.677          0.004 1077
1356.650   14970051.281          0.003 1331
1294.640   14761263.002          0.003 1331
1017.753   11997715.063          0.002 1331
1645.348   19646438.741          0.004 1331
1801.034   18139704.683          0.004   26
2082.995   23842826.545          0.005   26
1727.766   18261377.592          0.004   35
1742.488   18635274.473          0.004   35
1736.541   20667234.406          0.004   35
1640.731   16862753.516          0.003   35
1792.013   21843821.799          0.004 2131
1416.500   16072690.269          0.003 2131
1695.198   20878133.839          0.004 2131
1930.666   23212914.821          0.005 2131
2081.723   25775137.939          0.005 2131
1637.541   17982468.150          0.004 2136
1314.763   15022899.317          0.003 2136
1275.332   14959082.490          0.003 2136
 987.721   12316331.945          0.002 2136
1454.366   17801187.330          0.004 2136
 948.618   11864141.568          0.002 2136
1589.336   18061851.190          0.004 2136
1653.087   17747161.896          0.004 2136
1941.881   23413287.744          0.005 2136
1442.304   15084134.588          0.003  991
1180.231   13109018.271          0.003  991
1239.348   13836437.763          0.003  991
 858.914   10211992.258          0.002  991
 611.062    7142466.965          0.002  991
 526.900    6129981.026          0.001  991
 812.456    8910332.245          0.002  991
1019.047   12866024.433          0.003  991
 903.734   13303680.466          0.003 1122
 622.886    7191179.284          0.002 1122
 450.015    4951017.960          0.001 1122
   0.000          0.000          0.000 1076
   0.000          0.000          0.000 1077
 103.292    1161413.458          0.000 1077
 193.130    2186221.875          0.000 1077
 386.860    4482657.035          0.001 1077
 497.539    5859481.547          0.001 1077
 694.655    8248874.682          0.002 1077
 784.491    9519647.272          0.002 1077
1063.793   13660013.966          0.003 1077
1177.267   12589964.402          0.003 1331
1168.843   15320912.113          0.003 1331
 924.726   10897174.983          0.002 1331
 916.454   10888161.536          0.002 1331
1237.295   13719036.888          0.003 1331
1615.753   17168423.910          0.004 1331
2031.898   22253922.043          0.005 2114
1978.751   19531318.644          0.004 2114
2008.913   23292582.217          0.005 2114
1668.091   17861955.691          0.004 2114
1969.352   23663509.290          0.005 2131
1581.652   18471684.871          0.004 2131
1081.578   13355840.234          0.003 2131
1399.302   16027432.643          0.003 2131
1590.716   18012497.826          0.004 2131
1760.010   18991646.954          0.004 2136
1598.767   18313055.067          0.004 2136
1108.447   13219660.976          0.003 2136
 979.137   11995025.273          0.002 2136
 818.671   10336665.189          0.002 2136
1336.312   18172331.697          0.004 2136
 853.120   10686750.566          0.002 2136
1229.979   14308012.631          0.003 2136
1377.506   15485471.175          0.003 2136
1843.333   21142555.098          0.004 2136
1873.272   19657073.002          0.004  991
1677.897   17508564.394          0.004  991
1576.078   19262862.304          0.004  991
1044.322   12495072.414          0.003  991
 907.435   10551005.868          0.002  991
 902.532   10478254.238          0.002  991
 653.149    7574284.769          0.002  991
1090.172   14301595.052          0.003  991
 861.500   12048361.459          0.003 1122
 532.324    6362430.420          0.001 1122
 332.757    3788737.609          0.001 1122
 148.653    1647354.723          0.000 1122
   0.000          0.000          0.000 1122
   0.000          0.000          0.000 1123
 564.830    6997936.971          0.002 1077
 480.488    5259331.400          0.001 1077
 319.080    3655935.429          0.001 1077
 475.810    5546002.773          0.001 1077
 548.027    6436537.385          0.001 1077
 626.171    7417658.585          0.002 1077
1194.621   15266711.160          0.003 1077
1275.047   17592037.527          0.004 1331
 816.771    9507782.238          0.002 1331
 749.030    8936033.940          0.002 1331
1215.139   14212779.808          0.003 1331
1748.632   19927275.272          0.004 1331
1606.619   17012880.105          0.003 2114
1432.829   15510430.367          0.003 2114
1802.046   17977793.306          0.004 2114
1762.664   19894720.381          0.004 2114
1223.017   14043189.634          0.003 2114
1254.466   14350007.785          0.003 2114
1763.496   22803183.128          0.005 2131
1595.990   18677356.680          0.004 2131
1130.669   13842122.757          0.003 2131
 992.388   12400669.748          0.003 2131
1243.714   14800013.140          0.003 2131
1429.772   16124575.791          0.003 2136
1165.467   13935959.522          0.003 2136
 801.582   10000767.153          0.002 2136
 736.171    9211363.507          0.002 2136
1340.466   19961718.952          0.004 2136
1339.603   16809854.768          0.003 2136
 934.076   11483695.465          0.002 2136
1379.340   15465743.119          0.003 2136
1759.974   19458916.182          0.004 2150
1907.639   23827433.651          0.005 2150
1658.240   20697531.567          0.004  991
1374.856   15330555.297          0.003  991
1194.177   13547229.413          0.003  991
 810.368    9241012.472          0.002  991
1237.046   16527781.343          0.004 1122
 807.818   10132307.365          0.002 1122
 750.979    9081850.952          0.002 1122
 726.926    8828525.980          0.002 1122
   0.000          0.000          0.000 1165
   0.000          0.000          0.000 1166
 349.796    3885709.481          0.001 1166
 623.276    7060698.402          0.002 1166
 746.656    8540636.963          0.002 1077
 618.787    7016601.606          0.002 1077
 869.905   10405841.298          0.002 1077
1025.558   12481545.076          0.003 1077
1057.553   11827640.358          0.003 1331
 627.085    7426573.397          0.002 1331
1010.860   12206036.076          0.003 1331
1333.054   15608700.710          0.003 1331
1642.815   19651804.959          0.004 2114
1009.792   12183088.907          0.003 2114
1600.585   20818425.705          0.004 2114
1369.106   15819442.080          0.003 2114
 966.882   11813197.428          0.002 2114
1332.293   15375225.667          0.003 2114
1210.584   14736085.491          0.003 2131
 895.590   11215180.810          0.002 2131
 870.024   10878647.485          0.002 2131
1360.842   17797924.286          0.004 2131
1510.033   17413345.387          0.004 2136
 876.055   10910950.057          0.002 2136
 684.747    8516265.594          0.002 2136
 917.882   11058115.561          0.002 2136
1254.051   16322855.821          0.003 2136
 715.270    8897660.439          0.002 2136
1320.942   20176491.126          0.004 2136
1285.405   14926610.100          0.003 2136
1456.493   15111650.761          0.003 2150
1424.423   15722928.636          0.003 2150
1763.308   19161575.982          0.004  991
1481.973   17400306.604          0.004  991
1216.844   12852158.630          0.003  991
1182.018   16475701.486          0.004 1122
 954.002   13082427.500          0.003 1205
 571.712    6789248.245          0.002 1205
 295.240    3317526.885          0.001 1205
 111.275    1220499.489          0.000 1205
   0.000          0.000          0.000 1205
   0.000          0.000          0.000 1206
 585.924    8200222.294          0.002 1206
 827.946   10078989.198          0.002 1166
 659.189    6926285.846          0.002 1331
 667.010    7532813.778          0.002 1331
 689.455    7857162.844          0.002 1331
 681.172    7863586.478          0.002 1331
 552.848    6509274.409          0.001 1331
 633.399    7468400.196          0.002 1331
1289.546   14837601.099          0.003 1331
1678.483   19886050.207          0.004 1331
1228.231   13897745.730          0.003 2114
1337.969   16306211.354          0.003 2114
1479.256   19214345.426          0.004 2114
1130.594   13624476.866          0.003 2114
 882.090   10798906.851          0.002 2114
1070.557   12951938.904          0.003 2114
1358.582   15735845.805          0.003 2131
 974.144   12097867.849          0.002 2131
 779.123    9661089.314          0.002 2131
1354.149   17371380.292          0.004 2131
1313.657   15132535.933          0.003 2136
1208.579   16516760.930          0.003 2136
 646.150    7988697.938          0.002 2136
 624.612    7712860.942          0.002 2136
 908.846   11108102.722          0.002 2136
1190.397   16837216.908          0.004 2136
 665.813    8240439.911          0.002 2136
 829.315   10253177.979          0.002 2136
1351.018   15805881.912          0.003 2136
1602.511   16468974.027          0.003 2150
1172.101   13084767.371          0.003 2150
1387.391   14679215.163          0.003 2150
1519.525   16057735.217          0.003 1374
1648.341   18962895.557          0.004 1374
1451.705   17093491.803          0.004 1374
 924.712   10376414.453          0.002 1374
 735.524    8139765.370          0.002 1374
 986.127   13658035.121          0.003 1205
 651.990    7981703.472          0.002 1205
 597.997    6832154.924          0.002 1205
 343.984    3721886.230          0.001 1205
   0.000          0.000          0.000 1248
   0.000          0.000          0.000 1249
 625.138    6737312.497          0.002 1331
 393.180    4302213.713          0.001 1331
 498.468    5484833.762          0.001 1331
 648.060    7185774.031          0.002 1331
 346.575    4021640.585          0.001 1331
 373.719    4344626.931          0.001 1331
 459.674    5374377.792          0.001 1331
 968.713   11416423.217          0.002 1331
 773.862    9108055.056          0.002 1331
1136.099   12744582.676          0.003 1331
1410.821   17907716.171          0.004 2114
 837.985   10190382.036          0.002 2114
1452.937   18649913.390          0.004 2114
 929.853   11338585.224          0.002 2114
 798.481    9740736.177          0.002 2114
1306.867   14667167.803          0.003 2114
1260.681   14986223.348          0.003 2131
 791.371    9795691.150          0.002 2131
 710.391    8738223.670          0.002 2131
 998.576   12073058.656          0.003 2131
1255.790   15195117.177          0.003 2131
1583.032   19454274.372          0.004 2131
1391.357   15956003.926          0.003 2136
 931.314   11284050.021          0.002 2136
 550.640    6743263.527          0.001 2136
 917.693   10977273.551          0.002 2136
 696.353    8595569.423          0.002 2136
1048.956   12145684.761          0.003 2136
1446.157   17319372.242          0.004 2136
1458.006   16451062.072          0.003 2150
 876.501   10289438.041          0.002 2150
1475.206   16193413.649          0.003 1374
1024.788   11581927.583          0.002 1374
 958.663   10998451.270          0.002 1374
 653.887    7513662.613          0.002 1374
 600.350    6761508.668          0.001 1374
 879.769    9004794.151          0.002 1374
 611.932    8019597.334          0.002 1288
   0.000          0.000          0.000 1288
   0.000          0.000          0.000 1289
 216.790    2258469.118          0.001 1289
 151.183    1734966.833          0.000 1331
 216.841    2495323.702          0.001 1331
 283.949    3278868.668          0.001 1331
 599.676    6830295.239          0.001 1331
1045.152   12148995.302          0.003 1331
 645.202    7510589.557          0.002 1331
1064.770   12130039.931          0.003 1331
1134.539   12418279.423          0.003 1331
1287.721   15276129.390          0.003 2114
1015.761   12135921.497          0.003 2114
 749.817    9068867.603          0.002 2114
1196.566   15053911.391          0.003 2114
 812.490    9872263.605          0.002 2114
1071.792   13346768.214          0.003 2114
 968.148   12136209.745          0.003 2131
 818.948   10040260.680          0.002 2131
 997.572   12254603.741          0.003 2131
1502.053   19221086.919          0.004 2131
1439.873   17329328.954          0.004 2136
 895.452   10706050.567          0.002 2136
 522.945    6386852.847          0.001 2136
 736.712    8911698.269          0.002 2136
 761.202    9462385.414          0.002 2136
 578.752    7094152.871          0.001 2136
 934.138   11649418.099          0.002 2136
1560.893   21129606.507          0.004 2136
1434.937   15779886.484          0.003 2150
 972.183   11352310.333          0.002 2150
 797.372    9368746.158          0.002 2150
1353.263   15698488.127          0.003 2150
1750.088   23441141.490          0.005 1374
1010.661   11575515.192          0.002 1374
 691.595    7974214.541          0.002 1374
 553.478    6344252.334          0.001 1374
 430.502    4899000.799          0.001 1374
 514.261    5584254.841          0.001 1374
 426.192    4613968.793          0.001 1374
 476.996    5076731.942          0.001 1374
 594.035    8061793.544          0.002 1374
   0.000          0.000          0.000 1330
   0.000          0.000          0.000 1331
  64.090     732718.220          0.000 1331
  85.060     973314.694          0.000 1331
 425.082    4628940.957          0.001 1331
 339.295    3794809.582          0.001 1331
 568.895    6339734.529          0.001 1331
 377.844    4329221.437          0.001 1331
 657.045    7541348.683          0.002 1331
 917.627   10322522.425          0.002 1331
 888.086   10185122.378          0.002 1331
1379.078   15717907.273          0.003 2114
 834.828   10012514.836          0.002 2114
1013.141   12209165.615          0.003 2114
1262.493   14976975.097          0.003 2114
 700.276    8450662.770          0.002 2114
 650.505    7852186.472          0.002 2114
1019.850   11963586.330          0.003 2114
1452.144   16261609.056          0.003 2114
 989.647   11382323.626          0.002 2131
 805.846    9631341.934          0.002 2131
 654.989    7963527.482          0.002 2131
 945.289   11223316.900          0.002 2131
1448.230   17464434.700          0.004 2131
1327.882   15494808.754          0.003 2136
 920.087   10920012.347          0.002 2136
 475.585    5782266.307          0.001 2136
 626.748    7695441.159          0.002 2136
1061.451   12521963.212          0.003 2136
1567.768   20105141.859          0.004 2136
1494.463   16811784.345          0.004 2150
1273.000   16944296.441          0.004 2150
 734.900    8624869.809          0.002 2150
1110.016   13171762.356          0.003 2150
1473.570   15993810.927          0.003 2150
1290.852   14079169.473          0.003 1374
 789.422    9098684.084          0.002 1374
1106.452   13917634.680          0.003 1374
 784.811    9001014.341          0.002 1374
 349.184    3953523.198          0.001 1374
 281.580    3178958.487          0.001 1374
 201.225    2264174.990          0.001 1374
 123.972    1390652.356          0.000 1374
  48.108     538829.040          0.000 1374
   0.000          0.000          0.000 1374
   0.000          0.000          0.000 1375
 368.112    3851668.343          0.001 1331
 722.106   10719796.374          0.003 1331
 867.921   10912900.688          0.003 1331
 751.168    7523656.690          0.002 1331
 651.656    7255044.395          0.002 1331
 526.008    5977500.133          0.001 1331
 919.300   10602618.198          0.002 1331
1144.577   12700822.586          0.003 1331
1501.746   16685371.983          0.004 1331
1658.231   24456407.470          0.005 2114
1080.079   12510142.347          0.003 2114
 628.164    7520039.737          0.002 2114
1194.963   15030121.609          0.003 2114
 912.593   10583451.717          0.002 2114
1032.593   12884247.231          0.003 2114
1235.087   14118240.337          0.003 2114
1467.509   16960901.050          0.004 2131
1117.734   12361315.926          0.003 2131
 870.053   10562606.466          0.002 2131
 570.407    6909819.802          0.001 2131
 698.347    8343709.797          0.002 2131
 861.812   10038568.513          0.002 2131
1520.141   17789664.146          0.004 2131
1371.715   17643666.558          0.004 2136
 885.719   11914894.471          0.003 2136
 812.835    9497218.583          0.002 2136
 788.626    9396627.632          0.002 2136
1025.859   13612787.702          0.003 2136
1594.826   19944083.284          0.004 2150
1005.254   11070311.397          0.002 2150
 661.659    7750951.519          0.002 2150
 907.131   10333713.665          0.002 2150
1593.834   18058433.788          0.004 2150
1158.170   12588877.164          0.003 1374
1138.466   12567507.722          0.003 1374
 611.009    6819506.992          0.001 1374
 582.166    6432227.778          0.001 1374
 423.225    4464888.944          0.001 1374
 597.119    7624274.533          0.002 1374
   0.000          0.000          0.000 1415
   0.000          0.000          0.000 1416
 726.086    8647419.696          0.002 1457
 733.152    8256758.388          0.002 1457
 905.096   10797595.911          0.002 1457
 989.312   10840436.314          0.002 1331
 709.142    7946900.918          0.002 1331
1282.660   14504032.616          0.003 1331
1392.872   14822433.361          0.003 2106
1533.298   16859086.376          0.004 2106
1118.891   12683117.753          0.003 2114
 801.255    9411910.884          0.002 2114
 544.641    6478454.496          0.001 2114
 971.833   12461997.256          0.003 2114
 655.575    7729943.401          0.002 2114
 540.601    6454127.781          0.001 2114
 864.356   10006630.424          0.002 2114
1421.801   16430919.683          0.003 2114
1351.441   17182977.605          0.004 2131
1028.053   13537161.354          0.003 2131
 513.902    6189973.637          0.001 2131
 836.683   10802898.384          0.002 2131
1068.624   11869938.664          0.003 2131
1345.759   14073480.881          0.003 2136
1140.113   12150750.149          0.003 2136
 633.703    7559381.781          0.002 2136
 412.704    4988975.913          0.001 2136
 821.510   10182323.554          0.002 2136
 437.119    5279563.435          0.001 2136
 555.959    6651352.583          0.001 2136
 914.068   10081025.940          0.002 2136
1537.005   22627278.915          0.005 2150
1212.190   13748795.731          0.003 2150
 594.623    6954762.728          0.001 2150
1168.023   13338522.890          0.003 2150
1475.137   15456733.466          0.003 1374
1069.340   11118081.531          0.002 1374
 914.523   10238625.121          0.002 1374
 926.759   11236904.306          0.003 1579
 761.337    8303157.692          0.002 1374
 679.863    9501553.767          0.002 1456
   0.000          0.000          0.000 1456
   0.000          0.000          0.000 1457
 202.183    2221928.120          0.001 1457
 411.842    4609932.915          0.001 1457
 630.324    7240325.614          0.002 1457
 971.573   11873524.537          0.003 1457
1303.316   15975536.805          0.004 1331
 911.349    9864256.940          0.002 1331
1152.301   12431103.156          0.003 1331
1585.062   19368867.218          0.004 2106
1041.727   11773705.230          0.003 2106
1434.770   17513980.704          0.004 2106
1124.419   12706285.531          0.003 2114
 850.247    9870498.433          0.002 2114
 465.587    5509309.218          0.001 2114
 451.128    5347724.742          0.001 2114
 730.055    8676947.048          0.002 2114
1094.414   13561333.668          0.003 2131
1194.996   15121271.427          0.003 2131
 930.837   12321584.224          0.003 2131
 665.220    7924411.990          0.002 2131
1196.093   14040008.406          0.003 2131
 794.991    9017250.210          0.002 2136
 464.901    5535907.025          0.001 2136
 538.978    6407675.240          0.001 2136
 359.426    4316974.895          0.001 2136
 892.665   10777276.178          0.002 2136
 860.606    9360454.190          0.002 2136
1379.384   15903417.468          0.003 2136
1252.298   16369414.268          0.004 2150
 967.466   11192164.107          0.002 2150
 562.145    6569937.256          0.001 2150
1154.868   15324198.297          0.003 2150
1214.431   13869465.628          0.003 2150
1368.449   15236033.723          0.003 2150
1451.091   16857691.641          0.004 1374
1235.750   16983370.565          0.004 1579
1104.236   13746691.297          0.003 1579
 762.056    8465442.508          0.002 1579
 853.022   10121223.946          0.002 1579
 906.373   15838767.019          0.004 1498
 214.643    2375042.314          0.001 1498
   0.000          0.000          0.000 1498
   0.000          0.000          0.000 1499
 543.624    5880766.527          0.001 1540
 772.269   10755932.755          0.002 1540
1003.296   12598165.007          0.003 1457
 977.955   10710358.170          0.002 1540
1048.699   12254300.760          0.003 1540
1439.371   16910194.036          0.004 1331
1261.197   13794441.383          0.003 2106
1266.084   15100469.090          0.003 2106
 841.798    9588967.512          0.002 2106
1157.615   13351068.336          0.003 2106
1286.207   14457279.003          0.003 2114
 781.050    9009348.181          0.002 2114
 391.290    4617877.419          0.001 2114
 592.963    6963522.696          0.001 2114
1050.591   13078693.437          0.003 2114
1301.976   15705862.287          0.003 2114
1264.684   15287524.326          0.003 2131
 844.377   10168200.086          0.002 2131
 713.695    8412372.120          0.002 2131
 449.969    5387010.881          0.001 2131
 780.312    9065623.109          0.002 2131
1278.020   15923006.074          0.003 2131
1152.666   13380875.509          0.003 2136
 986.293   10849953.325          0.002 2136
 344.252    4134764.889          0.001 2136
 702.797    8189704.698          0.002 2136
1104.960   12624180.739          0.003 2136
1002.484   12224676.138          0.003 2150
 679.379    7864041.605          0.002 2150
 766.643    9809489.578          0.002 2150
1050.818   11986651.471          0.003 2150
1099.962   12234488.131          0.003 2150
1405.603   16448495.590          0.004 1579
1061.099   12548271.449          0.003 1579
 919.316   10682295.434          0.002 1579
 638.111    7212014.717          0.002 1579
 417.864    4603597.443          0.001 1579
 579.204    6340757.854          0.001 1579
 306.746    2993041.657          0.001 1539
   0.000          0.000          0.000 1539
   0.000          0.000          0.000 1540
 111.008    1211599.637          0.000 1540
 469.572    4503661.138          0.001 1540
 842.298    8622763.349          0.002 1540
 592.782    6627595.720          0.001 1540
 778.639    8830269.332          0.002 1540
1055.547   12074963.701          0.003 1540
1457.427   17769218.391          0.004 1540
 973.872   10859293.795          0.002 2106
1034.071   12144058.975          0.003 2106
 731.411    8312445.996          0.002 2106
 877.742   10058690.339          0.002 2106
1140.215   12732790.806          0.003 2114
 392.212    4621470.189          0.001 2114
 607.542    7073994.375          0.002 2114
 989.628   11390918.055          0.002 2114
1027.661   11285137.493          0.002 2114
1364.848   16117092.142          0.004 2114
 996.713   11590673.272          0.003 2131
 689.584    8196762.241          0.002 2131
 417.367    4982135.829          0.001 2131
 901.958   10620099.854          0.002 2131
1368.840   17761133.058          0.004 2136
 774.172    8998327.666          0.002 2136
 805.324    9497527.540          0.002 2136
 287.155    3432241.261          0.001 2136
1011.343   14647958.965          0.003 2136
1204.385   13737319.705          0.003 2136
1418.376   18038000.103          0.004 2142
1201.010   14222456.340          0.003 2150
 839.049   10018319.199          0.002 2150
 466.592    5437450.133          0.001 2150
 793.498    9067805.912          0.002 2150
1315.840   15122088.146          0.003 1579
1064.331   12253385.128          0.003 1579
 547.894    5986707.219          0.001 1579
 303.205    3305200.407          0.001 1579
 160.878    1750172.567          0.000 1579
  46.385     506054.960          0.000 1579
   0.000          0.000          0.000 1579
   0.000          0.000          0.000 1580
 276.974    2940283.684          0.001 1540
 235.689    2581431.871          0.001 1540
 366.420    4047162.822          0.001 1540
 657.040    7335439.740          0.002 1540
1048.222   11880009.504          0.003 1540
1332.215   16905511.827          0.004 2106
 714.455    8022897.307          0.002 2106
 739.532    8475036.095          0.002 2106
 622.667    7052668.243          0.002 2106
1076.054   11651319.978          0.003 2106
 689.995    7919038.896          0.002 2114
 324.230    3805617.127          0.001 2114
 734.753    8375825.132          0.002 2114
 738.757    8383574.366          0.002 2114
1380.323   14844653.727          0.003 2114
 993.008   11491821.445          0.003 2131
 678.457    7966903.630          0.002 2131
 604.989    7078806.340          0.002 2131
 828.987    9692834.578          0.002 2131
1185.971   13165145.947          0.003 2136
 654.660    7552252.877          0.002 2136
1025.332   11359676.548          0.002 2136
 663.476    7482350.421          0.002 2136
 879.958    9618624.721          0.002 2136
1212.555   14804579.842          0.003 2142
1302.573   15563613.373          0.003 2150
 661.252    7716015.209          0.002 2150
 947.116   11546119.090          0.003 2150
 957.567   13693991.717          0.003 2150
 392.403    4557353.248          0.001 2150
 558.458    6390032.454          0.001 2150
 595.545    6816217.351          0.001 2150
1102.855   12417377.387          0.003 2150
1241.851   14072173.549          0.003 2159
1055.309   11512607.235          0.003 1579
 739.570    8102282.025          0.002 1579
 657.077    6164815.310          0.001 1579
 600.872    6230086.511          0.001 1579
 555.588    6355473.512          0.002 1579
   0.000          0.000          0.000 1620
   0.000          0.000          0.000 1621
 454.203    5200502.788          0.001 1621
 739.748   10932078.402          0.003 1540
 731.780    7636366.813          0.002 1540
 502.900    5542558.524          0.001 1540
 899.662    9962738.418          0.002 1540
1448.005   19832731.614          0.004 1540
1132.000   11861408.762          0.003 2106
 631.608    7087063.043          0.002 2106
 605.461    6876010.778          0.002 2106
 519.766    5864095.552          0.001 2106
 610.479    6874255.057          0.002 2106
1194.534   14592036.835          0.003 2106
 650.700    7456474.308          0.002 2114
 452.081    5216422.774          0.001 2114
 396.079    4583867.636          0.001 2114
 472.976    5456786.603          0.001 2114
 915.715    9979738.398          0.002 2114
1062.487   12129296.069          0.003 2131
 516.874    6064211.741          0.001 2131
 356.138    4226380.378          0.001 2131
 626.807    7012139.815          0.002 2131
1113.826   12395273.807          0.003 2131
 692.199    7849388.232          0.002 2136
 499.556    5720703.941          0.001 2136
 866.323   11055645.604          0.002 2136
 241.842    2880551.347          0.001 2136
 612.953    7111551.149          0.002 2136
 994.671   10517070.066          0.002 2136
 927.527   10819583.998          0.002 2142
1114.443   14936411.894          0.003 2150
 543.962    6284344.863          0.001 2150
 730.960    7944320.418          0.002 2150
 339.821    3935043.502          0.001 2150
 473.426    5406445.485          0.001 2150
 858.544    9712648.531          0.002 2150
1336.604   14968662.932          0.003 2159
1207.133   16980622.415          0.004 2159
 842.545    9458065.664          0.002 2159
1155.239   13296624.250          0.003 2159
1116.809   11930651.299          0.003 1579
1029.366    9358885.900          0.002 1579
 887.473   13681996.118          0.003 1710
 742.488   10786831.996          0.003 1579
 391.089    4102251.452          0.001 1666
   0.000          0.000          0.000 1666
   0.000          0.000          0.000 1667
 151.444    1628160.479          0.000 1667
 471.226    5412458.880          0.001 1667
 952.735   15028885.232          0.003 1540
 746.263    7997453.247          0.002 1540
1040.380   13370591.339          0.003 1540
1200.230   14018343.501          0.003 2106
 504.362    5659191.167          0.001 2106
 425.953    4791771.325          0.001 2106
 975.679   14464472.979          0.003 2106
1163.355   12681299.843          0.003 2106
 983.623   10872686.865          0.002 2114
 558.170    6322578.705          0.001 2114
 270.542    3162071.007          0.001 2114
 835.044   11933689.937          0.003 2114
 931.025   10115822.794          0.002 2114
1458.392   15922863.635          0.004 2114
1224.928   13029033.477          0.003 2124
 900.643   10334683.803          0.002 2131
 760.785    8657175.878          0.002 2131
 409.760    4800616.135          0.001 2131
 304.294    3590473.512          0.001 2131
1031.116   12273911.871          0.003 2131
 874.374   12576601.988          0.003 2136
 376.671    4311148.506          0.001 2136
 415.874    4740370.985          0.001 2136
 486.384    5494966.503          0.001 2136
1185.555   12908631.172          0.003 2136
1006.691   11511798.982          0.003 2142
1030.977   11587755.569          0.003 2142
 718.332    8164655.153          0.002 2150
 455.520    5234664.323          0.001 2150
 757.893   10497145.499          0.002 2150
 402.059    4590280.738          0.001 2150
 702.540    7896252.616          0.002 2150
1167.787   13458862.409          0.003 2150
 974.506   10825583.231          0.002 2159
 658.992    7339659.581          0.002 2159
1281.907   14975230.495          0.003 2159
1400.801   17240380.527          0.004 2159
1059.719   11020017.452          0.003 1790
 542.222    6938349.857          0.002 1710
 267.395    3181140.727          0.001 1710
   0.000          0.000          0.000 1710
   0.000          0.000          0.000 1711
 724.479    7895852.355          0.002 1749
 888.412   11366775.175          0.003 1667
1169.713   11947422.780          0.003 1540
1025.710   11403943.082          0.003 2098
1233.615   13418806.554          0.003 2098
1319.329   17497043.798          0.004 2106
 974.201   13076916.799          0.003 2106
 369.901    4145227.616          0.001 2106
 377.755    4241773.721          0.001 2106
 785.760    8678501.095          0.002 2106
1146.932   15225167.883          0.003 2114
 505.491    5712681.342          0.001 2114
 505.837    4928223.547          0.001 2114
1062.883   10356959.382          0.002 2114
1102.595   12551947.637          0.003 2118
1306.086   17446542.380          0.004 2124
 724.561    8415970.074          0.002 2131
 277.687    3267271.275          0.001 2131
 645.116    7443354.141          0.002 2131
 734.959    7771501.018          0.002 2136
 290.942    3339521.112          0.001 2136
 202.096    2398808.718          0.001 2136
 770.865    9355434.114          0.002 2136
1195.926   18095731.188          0.004 2142
 644.407    7235977.218          0.002 2142
1169.853   14197949.142          0.003 2150
 360.176    4125153.205          0.001 2150
 269.098    3099855.693          0.001 2150
 329.413    3762217.643          0.001 2150
1100.775   13631018.327          0.003 2150
1340.495   16961021.914          0.004 2159
 695.524    7718430.305          0.002 2159
1054.112   12607076.408          0.003 2159
1202.387   14713678.435          0.003 2159
1220.338   14617409.016          0.003 1790
 630.853    6664137.962          0.002 1790
   0.000          0.000          0.000 1748
   0.000          0.000          0.000 1749
 206.029    2175470.298          0.001 1749
 753.184    7973671.696          0.002 1749
1266.642   17233368.754          0.004 2098
1138.279   13883394.104          0.003 2098
 797.889    8836487.591          0.002 2098
 945.887   10348551.259          0.002 2098
 770.586    8440218.163          0.002 2106
 836.886   12351230.003          0.003 2106
 304.674    3411297.044          0.001 2106
 856.937   10300723.996          0.002 2106
 909.168   10174153.526          0.002 2114
 338.177    3841658.220          0.001 2114
 217.490    2534908.136          0.001 2114
 794.444    8960700.622          0.002 2114
 923.141   13611182.448          0.003 2118
 948.222   10768700.029          0.002 2118
 828.957    8997670.676          0.002 2124
1054.981   10818189.583          0.002 2124
 805.652    9429571.840          0.002 2131
 249.255    2926196.700          0.001 2131
 563.728    6310243.923          0.001 2136
 225.918    2614433.590          0.001 2136
 178.085    2109416.877          0.000 2136
 333.928    3797896.281          0.001 2136
 920.488    9130919.342          0.002 2136
1065.967   12217362.761          0.003 2142
 551.609    6156883.156          0.001 2142
1028.919   11906160.479          0.003 2142
 820.130    8564670.868          0.002 2150
 647.798    6870126.523          0.002 2150
 220.079    2521954.367          0.001 2150
 659.412    7291552.826          0.002 2150
 895.205    9903874.068          0.002 2159
 444.624    4905635.833          0.001 2159
 986.673   11012877.112          0.003 2159
 732.566    7955149.356          0.002 2159
 786.674    8422780.786          0.002 1790
 536.104    5726986.258          0.001 1790
 349.969    3729100.012          0.001 1790
 183.412    1949025.998          0.000 1790
   0.000          0.000          0.000 1790
   0.000          0.000          0.000 1791
 478.088    5033443.773          0.001 1749
1036.608   11818833.793          0.003 1749
 986.021   13055368.725          0.003 2098
 667.318    7261950.236          0.002 2098
1107.905   12219810.286          0.003 2106
 531.000    5860060.544          0.001 2106
 265.252    2965422.057          0.001 2106
 870.646   10070145.449          0.002 2106
1128.331   13005145.424          0.003 2114
 690.296    7749613.198          0.002 2114
 171.256    1991212.588          0.000 2114
 491.509    5411756.180          0.001 2114
1024.781   13079333.674          0.003 2118
 656.609    7415440.819          0.002 2118
1170.900   16814868.087          0.004 2124
 611.924    6644150.635          0.002 2124
1002.130   12135434.149          0.003 2124
 753.574    9475561.030          0.002 2131
 708.231    7755751.315          0.002 2131
 915.376   11077804.982          0.003 2136
 343.674    3858240.412          0.001 2136
 148.942    1759575.262          0.000 2136
 665.975    8467326.573          0.002 2136
 893.918    9612600.972          0.002 2136
 714.506    7990012.117          0.002 2142
 479.784    5332740.079          0.001 2142
 784.892   10602190.479          0.002 2150
 190.852    2184663.307          0.000 2150
 810.530   11039440.952          0.003 2150
1014.774   10871705.357          0.002 2150
1183.144   12635527.582          0.003 2159
 552.932    6054048.544          0.001 2159
 648.213    7019682.904          0.002 2159
 563.310    6112765.618          0.001 2159
1049.586   12517639.967          0.003 2159
 699.200    7582563.455          0.002 1790
 412.445    4249789.382          0.001 1790
 268.978    2885055.651          0.001 1830
   0.000          0.000          0.000 1830
   0.000          0.000          0.000 1831
 598.108    7901450.603          0.002 1831
 896.447   10191020.582          0.002 1749
1106.861   14252757.559          0.003 1749
 554.227    5984506.529          0.001 2098
 536.215    5885128.236          0.001 2098
 756.014    8126561.457          0.002 2098
 793.068    8613142.028          0.002 2106
 217.690    2428635.494          0.001 2106
 550.676    5889273.171          0.001 2106
1169.050   15524876.520          0.004 2106
 536.642    5427681.132          0.001 2114
 147.748    1716405.027          0.000 2114
 785.877    8843499.667          0.002 2114
 590.649    7082558.504          0.002 2118
 876.929    9795141.273          0.002 2118
 878.076    9446878.550          0.002 2124
 439.007    4764774.709          0.001 2124
 194.272    2271093.036          0.000 2131
 411.600    4526426.845          0.001 2131
 950.642   12492349.064          0.003 2136
 406.182    4467748.953          0.001 2136
 119.457    1408976.836          0.000 2136
 712.380    7795154.896          0.002 2136
1094.249   12544418.760          0.003 2140
 596.010    6582230.743          0.002 2142
 377.070    4165244.582          0.001 2142
 850.351    9324776.050          0.002 2142
1104.967   13477378.575          0.003 2150
 364.511    4044297.485          0.001 2150
 166.753    1907075.825          0.000 2150
 545.507    5913759.792          0.001 2150
 697.458    7496487.084          0.002 2150
1217.607   14356195.688          0.003 2156
1138.619   13015371.963          0.003 2159
 816.310    9028352.891          0.002 2159
 325.041    3545850.121          0.001 2159
 737.700    7963980.861          0.002 2159
1230.559   14135964.264          0.003 1790
1070.262   14791557.031          0.003 1790
 791.921   10506381.587          0.002 1917
 301.814    3162842.912          0.001 1873
   0.000          0.000          0.000 1873
   0.000          0.000          0.000 1874
 163.441    1700409.482          0.000 1874
 577.839    5997504.893          0.001 1874
 828.357    8570398.021          0.002 1874
 807.960    8566053.629          0.002 2098
 343.935    3721994.061          0.001 2098
 400.679    4340865.985          0.001 2098
1117.448   13385799.863          0.003 2098
 740.735    8774021.909          0.002 2106
 629.666    8444883.355          0.002 2106
1113.028   13498715.626          0.003 2106
 858.043   10321042.725          0.002 2112
 614.665    6747642.986          0.002 2114
 133.032    1544856.813          0.000 2114
 611.911    6519893.007          0.002 2114
 874.605   10928805.783          0.003 2118
 361.003    4016099.200          0.001 2118
 546.066    6099707.514          0.001 2118
 482.819    5193386.160          0.001 2124
 585.867    6174538.661          0.001 2124
 539.881    6005444.514          0.001 2131
 162.611    1896341.347          0.000 2131
 299.666    3321816.875          0.001 2131
 931.375   11671588.156          0.003 2131
 492.649    6875303.579          0.002 2136
 534.688    5744275.985          0.001 2136
1043.734   11588417.085          0.003 2140
 852.964   11115261.739          0.003 2142
 313.684    3454638.508          0.001 2142
 745.969    8137576.118          0.002 2142
 951.021   12272500.794          0.003 2150
 507.568    5513767.490          0.001 2150
 139.622    1594832.080          0.000 2150
 457.965    4999341.697          0.001 2150
 919.780    9979202.294          0.002 2156
 854.621    9323028.105          0.002 2156
1056.318   15803174.861          0.004 2156
 253.063    2766235.250          0.001 2159
 791.685    9832500.474          0.002 2159
1182.906   13106134.992          0.003 2165
1153.749   12172252.112          0.003 2165
 776.246    8358139.227          0.002 1917
 167.912    1748617.604          0.000 1917
   0.000          0.000          0.000 1917
   0.000          0.000          0.000 1918
 585.554    6484458.902          0.002 1960
 943.931   11024895.414          0.003 2094
 801.545    9794072.509          0.002 2098
 236.868    2554278.632          0.001 2098
 566.624    5898459.769          0.001 2098
 865.005   10037634.987          0.002 2103
 667.952    6922385.496          0.002 2106
 148.222    1649489.263          0.000 2106
 691.768    7390623.415          0.002 2106
 829.506    8578858.505          0.002 2109
 562.512    6316979.092          0.001 2112
 435.723    4615025.704          0.001 2114
  94.974    1101604.147          0.000 2114
 871.157   10433180.147          0.002 2114
 304.302    3365064.433          0.001 2118
 933.618   10909008.078          0.003 2124
 293.785    3174697.944          0.001 2124
 443.161    4952477.783          0.001 2131
 120.303    1398149.418          0.000 2131
 679.131    8058044.584          0.002 2131
 924.076   10802474.937          0.003 2132
 565.108    5808259.830          0.001 2136
  83.808     986415.426          0.000 2136
 475.786    5055456.673          0.001 2136
 948.183    9817626.200          0.002 2136
 560.824    5882979.790          0.001 2140
 788.440    9097078.710          0.002 2142
 267.971    2945637.975          0.001 2142
 876.004   12376254.296          0.003 2142
 865.962    9104232.036          0.002 2146
 409.291    4557126.757          0.001 2150
 268.094    2909779.214          0.001 2150
 903.417    9959471.230          0.002 2150
 557.797    5990888.833          0.001 2156
 726.544    8148153.920          0.002 2159
 196.854    2147713.241          0.000 2159
 896.454    9817873.240          0.002 2159
 658.745    6966633.151          0.002 2165
 810.285   10773876.047          0.003 1917
 335.951    3437412.580          0.001 1959
   0.000          0.000          0.000 1959
   0.000          0.000          0.000 1960
 207.100    2145620.711          0.001 1960
 727.590    7624934.450          0.002 1960
 730.544    7575117.461          0.002 2094
 587.819    6015277.504          0.001 2098
 202.387    2179165.310          0.001 2098
 795.075   10728143.343          0.003 2098
 560.256    6222325.510          0.001 2103
 710.308   14010892.008          0.003 2106
 108.185    1202069.394          0.000 2106
 670.205    8804958.209          0.002 2106
 539.913    5589639.534          0.001 2109
 366.471    3981234.857          0.001 2112
 704.918   11400844.494          0.003 2112
  69.595     806657.710          0.000 2114
 571.477    6459881.363          0.002 2114
 563.939    6059682.105          0.001 2118
 231.784    2544205.973          0.001 2118
 404.520    4386225.589          0.001 2118
 868.248    9108392.345          0.002 2118
 426.310    4463956.878          0.001 2124
 440.617    4428514.269          0.001 2124
  97.856    1135937.706          0.000 2131
 590.823    7256377.501          0.002 2131
 902.921   10862692.316          0.003 2136
  62.445     734055.465          0.000 2136
 621.555    7689963.836          0.002 2136
 331.972    3463867.679          0.001 2140
 199.029    2181163.520          0.001 2142
 416.338    4415624.719          0.001 2142
 641.307    6667990.991          0.002 2146
 609.960    6444602.698          0.002 2146
 606.976    7454632.231          0.002 2150
  86.673     987710.283          0.000 2150
 678.531    7240044.701          0.002 2150
 957.081   11951442.782          0.003 2154
 445.544    4744981.595          0.001 2156
 717.458   13641445.362          0.003 2159
 146.716    1597924.198          0.000 2159
 441.338    4676452.665          0.001 2159
 651.322    6678870.748          0.002 2161
 714.082    8535606.757          0.002 2165
 423.826    4451256.483          0.001 2165
 793.484    9939081.955          0.002 2004
   0.000          0.000          0.000 2004
   0.000          0.000          0.000 2005
 557.440    8890230.346          0.002 2005
 299.876    3106436.142          0.001 2094
 602.400    6507211.997          0.002 2094
 120.288    1291821.547          0.000 2098
 594.398    7921314.479          0.002 2101
 293.448    3159297.293          0.001 2103
  62.840     697232.799          0.000 2106
 632.318    8693287.701          0.002 2106
 258.545    2772850.131          0.001 2112
 508.710    5987059.940          0.001 2114
 622.270    7132964.348          0.002 2114
 354.419    3675206.041          0.001 2118
 154.193    1680152.577          0.000 2118
 705.803   10208368.826          0.002 2120
 666.693    7655270.249          0.002 2122
 136.651    1467352.237          0.000 2124
 701.403    8208967.402          0.002 2126
  65.448     758687.379          0.000 2131
 366.347    3814629.319          0.001 2132
 645.325    8831124.597          0.002 2136
  44.306     520247.099          0.000 2136
 667.742   10559028.116          0.003 2136
 233.833    2432721.466          0.001 2140
 383.119    3950106.861          0.001 2142
 121.356    1323698.331          0.000 2142
 454.482    4740513.616          0.001 2142
 303.506    3182691.455          0.001 2146
 653.957    9674370.993          0.002 2149
  56.138     638395.018          0.000 2150
 604.748    6369554.004          0.002 2153
 535.657    5477139.672          0.001 2154
 239.417    2531747.859          0.001 2156
 500.770    5202013.844          0.001 2159
 101.753    1106409.918          0.000 2159
 303.181    3121201.612          0.001 2161
 624.858    8794508.379          0.002 2162
 622.699    6727964.947          0.002 2165
 224.071    2330415.892          0.001 2165
 585.566    8033495.121          0.002 2045
   0.000          0.000          0.000 2045
   0.000          0.000          0.000 2046
 304.317    3028122.277          0.001 2092
 165.028    1702007.192          0.000 2094
 384.459    3936405.317          0.001 2096
  60.389     646854.842          0.000 2098
 356.115    4158880.807          0.001 2100
 320.579    3272518.753          0.001 2102
 170.288    1815108.498          0.000 2103
 278.941    2794211.876          0.001 2105
 423.922    5948638.966          0.001 2107
 379.028    4687876.407          0.001 2108
 170.922    1763532.030          0.000 2109
 352.293    3509367.692          0.001 2111
 139.575    1478355.108          0.000 2112
  19.688     227905.607          0.000 2114
 306.570    3072323.716          0.001 2116
  59.645     641539.886          0.000 2118
 212.145    2134360.088          0.001 2120
 197.915    1994660.341          0.000 2122
  48.235     516746.029          0.000 2124
 442.246    4564243.813          0.001 2125
 260.091    2614925.960          0.001 2127
 331.284    3630792.103          0.001 2129
  26.559     307283.039          0.000 2131
 191.734    1976290.446          0.000 2132
 341.808    3475287.606          0.001 2134
  19.050     223266.947          0.000 2136
 291.290    2903105.130          0.001 2138
 125.045    1295029.327          0.000 2140
  56.586     614738.352          0.000 2142
 347.021    3481239.417          0.001 2144
 120.434    1251449.800          0.000 2146
 335.804    3334365.008          0.001 2148
  23.278     264503.245          0.000 2150
 345.723    3454493.770          0.001 2152
 159.688    1613226.758          0.000 2154
 111.812    1173787.665          0.000 2156
 410.692    5069279.027          0.001 2159
  38.940     422622.457          0.000 2159
 147.639    1514301.132          0.000 2161
 339.124    3378687.272          0.001 2163
 103.542    1071202.941          0.000 2165
 495.230    5455462.435          0.001 2167
   0.000          0.000          0.000 2089
   0.000          0.000          0.000 2090
   0.000          0.000          0.000 2091
   0.000          0.000          0.000 2092
   0.000          0.000          0.000 2093
   0.000          0.000          0.000 2094
   0.000          0.000          0.000 2095
   0.000          0.000          0.000 2096
   0.000          0.000          0.000 2097
   0.000          0.000          0.000 2098
   0.000          0.000          0.000 2099
   0.000          0.000          0.000 2100
   0.000          0.000          0.000 2101
   0.000          0.000          0.000 2102
   0.000          0.000          0.000 2103
   0.000          0.000          0.000 2104
   0.000          0.000          0.000 2105
   0.000          0.000          0.000 2106
   0.000          0.000          0.000 2107
   0.000          0.000          0.000 2108
   0.000          0.000          0.000 2109
   0.000          0.000          0.000 2110
   0.000          0.000          0.000 2111
   0.000          0.000          0.000 2112
   0.000          0.000          0.000 2113
   0.000          0.000          0.000 2114
   0.000          0.000          0.000 2115
   0.000          0.000          0.000 2116
   0.000          0.000          0.000 2117
   0.000          0.000          0.000 2118
   0.000          0.000          0.000 2119
   0.000          0.000          0.000 2120
   0.000          0.000          0.000 2121
   0.000          0.000          0.000 2122
   0.000          0.000          0.000 2123
   0.000          0.000          0.000 2124
   0.000          0.000          0.000 2125
   0.000          0.000          0.000 2126
   0.000          0.000          0.000 2127
   0.000          0.000          0.000 2128
   0.000          0.000          0.000 2129
   0.000          0.000          0.000 2130
   0.000          0.000          0.000 2131
   0.000          0.000          0.000 2132
   0.000          0.000          0.000 2133
   0.000          0.000          0.000 2134
   0.000          0.000          0.000 2135
   0.000          0.000          0.000 2136
   0.000          0.000          0.000 2137
   0.000          0.000          0.000 2138
   0.000          0.000          0.000 2139
   0.000          0.000          0.000 2140
   0.000          0.000          0.000 2141
   0.000          0.000          0.000 2142
   0.000          0.000          0.000 2143
   0.000          0.000          0.000 2144
   0.000          0.000          0.000 2145
   0.000          0.000          0.000 2146
   0.000          0.000          0.000 2147
   0.000          0.000          0.000 2148
   0.000          0.000          0.000 2149
   0.000          0.000          0.000 2150
   0.000          0.000          0.000 2151
   0.000          0.000          0.000 2152
   0.000          0.000          0.000 2153
   0.000          0.000          0.000 2154
   0.000          0.000          0.000 2155
   0.000          0.000          0.000 2156
   0.000          0.000          0.000 2157
   0.000          0.000          0.000 2158
   0.000          0.000          0.000 2159
   0.000          0.000          0.000 2160
   0.000          0.000          0.000 2161
   0.000          0.000          0.000 2162
   0.000          0.000          0.000 2163
   0.000          0.000          0.000 2164
   0.000          0.000          0.000 2165
   0.000          0.000          0.000 2166
   0.000          0.000          0.000 2167
   0.000          0.000          0.000 2168
   0.000          0.000          0.000 2169
 493.465    5075128.706          0.001   72
 683.980    8872370.838          0.002    7
 345.449    3751541.709          0.001  489
 193.262    2121802.944          0.000  489
 443.991    4703354.101          0.001   26
 422.663    4564275.138          0.001 2150
 349.617    3788423.248          0.001  991
 104.739    1210906.588          0.000  991
 248.175    2722939.606          0.001  991
 444.443    4667366.753          0.001   15
 440.417    4936192.976          0.001 2131
 350.638    3851260.396          0.001 2159
 374.573    4149965.831          0.001 2106
 667.868    7014342.430          0.002 2140
 936.696   10893882.632          0.002   26
 703.592    7779043.217          0.002   26
 238.751    2775223.191          0.001  991
 481.913    5507003.601          0.001  991
 451.316    5085168.113          0.001 1374
 697.268    7786011.476          0.002 1374
 420.334    4742673.822          0.001 1374
 845.309    9615421.851          0.002 1374
 609.177    6890487.549          0.002   35
 311.617    3634317.592          0.001   35
 766.370    9434088.835          0.002   35
 855.156    9764298.201          0.002 2150
 794.534    9116013.087          0.002 2150
1089.119   13325581.639          0.003 1331
 742.050    8463500.654          0.002   52
1311.732   13639003.754          0.003  991
 448.096    4301963.025          0.001 2131
 491.868    5971298.313          0.001 2136
 770.447    8568139.749          0.002   65
1133.124   12908722.007          0.003 2114
 931.756   11072533.914          0.002 2136
1037.165   12729027.738          0.003 2136
 625.758    7624256.417          0.002 2131
 647.302    7905665.455          0.002 2131
 828.255    9428177.428          0.002   60
 493.529    5706329.448          0.001   60
1266.295   14136219.636          0.003   60
1519.077   16778837.383          0.004   60
1658.824   20086591.788          0.004 1331
 760.553    9472373.651          0.002 2136
 969.168   11654996.586          0.002 2136
 626.119    6877894.468          0.002   15
 704.735    8220828.199          0.002   35
1678.305   18716757.841          0.004 2136
1791.701   18571102.122          0.004   41
1782.875   20265114.801          0.004   41
1527.851   17767130.801          0.004  991
1587.976   17668150.048          0.004 2114
 983.886   11346090.010          0.002 2150
1300.939   13736292.910          0.003 2136
 537.468    6731276.819          0.002 1579
 473.476    5091408.594          0.001 1579
 231.247    2519231.295          0.001 1579
