   0.000          0.000          0.000    1
   0.000          0.000          0.000    2
   0.000          0.000          0.000    3
   0.000          0.000          0.000    4
   0.000          0.000          0.000    5
   0.000          0.000          0.000    6
   0.000          0.000          0.000    7
   0.000          0.000          0.000    8
   0.000          0.000          0.000    9
   0.000          0.000          0.000   10
   0.000          0.000          0.000   11
   0.000          0.000          0.000   12
   0.000          0.000          0.000   13
   0.000          0.000          0.000   14
   0.000          0.000          0.000   15
   0.000          0.000          0.000   16
   0.000          0.000          0.000   17
   0.000          0.000          0.000   18
   0.000          0.000          0.000   19
   0.000          0.000          0.000   20
   0.000          0.000          0.000   21
   0.000          0.000          0.000   22
   0.000          0.000          0.000   23
   0.000          0.000          0.000   24
   0.000          0.000          0.000   25
   0.000          0.000          0.000   26
   0.000          0.000          0.000   27
   0.000          0.000          0.000   28
   0.000          0.000          0.000   29
   0.000          0.000          0.000   30
   0.000          0.000          0.000   31
   0.000          0.000          0.000   32
   0.000          0.000          0.000   33
   0.000          0.000          0.000   34
   0.000          0.000          0.000   35
   0.000          0.000          0.000   36
   0.000          0.000          0.000   37
   0.000          0.000          0.000   38
   0.000          0.000          0.000   39
   0.000          0.000          0.000   40
   0.000          0.000          0.000   41
   0.000          0.000          0.000   42
   0.000          0.000          0.000   43
   0.000          0.000          0.000   44
   0.000          0.000          0.000   45
   0.000          0.000          0.000   46
   0.000          0.000          0.000   47
   0.000          0.000          0.000   48
   0.000          0.000          0.000   49
   0.000          0.000          0.000   50
   0.000          0.000          0.000   51
   0.000          0.000          0.000   52
   0.000          0.000          0.000   53
   0.000          0.000          0.000   54
   0.000          0.000          0.000   55
   0.000          0.000          0.000   56
   0.000          0.000          0.000   57
   0.000          0.000          0.000   58
   0.000          0.000          0.000   59
   0.000          0.000          0.000   60
   0.000          0.000          0.000   61
   0.000          0.000          0.000   62
   0.000          0.000          0.000   63
   0.000          0.000          0.000   64
   0.000          0.000          0.000   65
   0.000          0.000          0.000   66
   0.000          0.000          0.000   67
   0.000          0.000          0.000   68
   0.000          0.000          0.000   69
   0.000          0.000          0.000   70
   0.000          0.000          0.000   71
   0.000          0.000          0.000   72
   0.000          0.000          0.000   73
   0.000          0.000          0.000   74
   0.000          0.000          0.000   75
   0.000          0.000          0.000   76
   0.000          0.000          0.000   77
   0.000          0.000          0.000   78
   0.000          0.000          0.000   79
   0.000          0.000          0.000   80
   0.000          0.000          0.000   81
 797.431   12624397.308          0.003    5
 182.470    1762779.550          0.000    5
 104.476    1089493.288          0.000    7
 364.362    3333053.522          0.001    8
 130.274    1350696.559          0.000   10
 240.748    2241734.718          0.001   12
 288.174    2910355.104          0.001   13
  41.911     459820.789          0.000   15
 264.378    2650581.782          0.001   17
 520.412    5201401.756          0.001   19
  65.619     693001.356          0.000   20
 688.261    8125253.201          0.002   20
 219.628    2273075.251          0.001   24
  32.006     366063.209          0.000   26
 675.163    7660998.046          0.002   26
 147.668    1519698.209          0.000   30
 307.264    3036579.640          0.001   32
 466.870    4763973.194          0.001   35
  21.269     249558.622          0.000   35
 188.120    1842527.749          0.000   37
 653.571    7830799.008          0.002   41
  26.667     307832.976          0.000   41
 217.506    2233156.171          0.001   43
 246.111    2324341.463          0.001   45
  39.488     437638.285          0.000   47
 202.673    2043964.505          0.001   49
 334.442    3047815.617          0.001   51
  32.365     378379.035          0.000   52
 210.892    1838378.695          0.001   54
 118.961    1225201.125          0.000   56
 185.024    1763937.702          0.000   58
  29.592     335254.063          0.000   60
  51.840     587708.134          0.000   60
 225.818    2261175.290          0.001   63
  50.460     550373.855          0.000   65
 674.492    9332244.879          0.002   65
 121.795    1238318.784          0.000   69
 428.202    4240943.069          0.001   72
  78.605     834075.642          0.000   72
 248.253    2438244.693          0.001   74
 147.111    1459595.453          0.000   76
 305.715    2801061.310          0.001   78
   0.000          0.000          0.000  124
   0.000          0.000          0.000  125
 476.921    4696374.157          0.001  125
 504.529    4975590.066          0.001    5
 233.289    2457933.251          0.001    7
 284.048    2977235.161          0.001   10
 671.543    6719452.795          0.002   10
 676.194    6513857.562          0.002   12
 414.607    4181832.116          0.001   15
 724.325    7790867.472          0.002   17
 154.970    1653350.415          0.000   20
 753.641   10449528.963          0.003   20
 702.862    8385447.290          0.002   24
 463.487    4655198.743          0.001   26
  57.716     661334.962          0.000   26
 387.598    4014521.651          0.001   30
 523.850    5292838.800          0.001   35
  52.103     614038.179          0.000   35
 348.532    3616319.357          0.001   35
 700.559    7287057.907          0.002   37
 617.595    8093431.525          0.002   41
  54.072     625977.891          0.000   41
 409.353    4286742.566          0.001   43
 523.889    4811118.222          0.001   45
  93.950    1052186.027          0.000   47
 390.353    3966846.203          0.001   49
 589.850    6031464.307          0.002   49
  58.863     688341.294          0.000   52
 188.642    1947171.418          0.000   56
 491.898    4999065.342          0.001   56
 622.818    6248065.684          0.002   58
  71.975     816383.317          0.000   60
 665.926    8254685.147          0.002   63
  96.924    1061363.541          0.000   65
 651.989    8653405.352          0.002   65
 244.762    2505564.244          0.001   69
 658.145   10195059.680          0.003   69
 149.443    1591641.483          0.000   72
 733.611    7939725.482          0.002   74
 311.950    3147976.442          0.001   76
 563.408    5710922.900          0.001   76
 231.307    2241803.300          0.001  166
   0.000          0.000          0.000  166
   0.000          0.000          0.000  167
 549.751    5460359.541          0.001  167
 837.294    9340746.667          0.002    7
 373.771    3976572.416          0.001    7
 515.178    5443472.948          0.001   10
 945.379   12248037.842          0.003   10
 699.633    7923591.720          0.002   15
 112.806    1242457.844          0.000   15
 759.872   11884365.957          0.003   20
 434.764    4720931.613          0.001   20
 554.813    5783929.358          0.001   20
 875.877   11288846.347          0.003   26
 344.404    4299906.385          0.001   26
  84.560     971126.770          0.000   26
 466.091    4717807.337          0.001   26
 479.839    5141090.697          0.001   30
 513.853    5173954.554          0.001   35
  78.299     925487.698          0.000   35
 213.926    2341594.014          0.001   35
 610.066    8563317.283          0.002   35
 919.214   10286409.357          0.002   35
 674.874    7136840.957          0.002   41
  95.875    1114807.304          0.000   41
 415.886    4978385.799          0.001   41
 566.352    7071351.224          0.002   47
 853.130   11062440.424          0.003   49
  88.725    1040552.250          0.000   52
 495.343    6287642.410          0.002   52
 776.318   11229372.060          0.003   52
 328.769    3427061.735          0.001   56
 580.995    7128552.334          0.002   60
 362.872    3772597.112          0.001   65
 138.098    1516349.315          0.000   65
 697.888    9590116.679          0.002   65
 453.818    4701955.541          0.001   69
 733.302    8106093.613          0.002   72
 215.152    2300134.069          0.001   72
 936.376   12508806.332          0.003   72
 940.184   10224363.849          0.003   76
 803.574    9637023.356          0.002  166
 439.530    4528217.168          0.001  208
   0.000          0.000          0.000  208
   0.000          0.000          0.000  209
 684.297   12347276.907          0.003  209
 834.014   10088311.880          0.002  251
 614.354    6615616.882          0.002    7
 937.793   11826999.845          0.003    7
 903.635   10499062.926          0.002   15
 301.755    3270048.885          0.001   15
 165.756    1836455.013          0.000   15
 860.112   12601849.212          0.003   20
 337.733    3676736.334          0.001   20
 710.841    8302682.843          0.002   20
 818.939    9280454.826          0.002   20
 108.390    1247559.377          0.000   26
 368.552    3992077.167          0.001   26
 725.169    7983641.878          0.002   30
 610.142    6159762.768          0.001   35
 104.653    1241659.611          0.000   35
 653.017    6785644.221          0.002   35
1046.103   11510103.307          0.003   41
 686.571    7122694.346          0.002   41
 127.611    1487232.374          0.000   41
 681.732    6397850.438          0.001   41
 681.904    6732360.251          0.002   47
 162.659    1843067.045          0.000   47
 618.514    6759195.503          0.002   47
 498.677    5106526.355          0.001   52
 125.425    1474916.782          0.000   52
 246.465    2756973.380          0.001   52
 705.337    7355762.803          0.002   56
 495.344    5230291.292          0.001   56
 824.730    8505774.743          0.002   60
 308.811    3357930.561          0.001   60
 140.681    1603776.938          0.000   60
 197.072    2169012.395          0.000   65
 830.752    9366032.212          0.002   65
 767.748    8130916.748          0.002   69
 546.187    5801310.403          0.001   72
 513.268    5531394.568          0.001   72
 966.344   12583554.002          0.003  294
 629.579    6186874.441          0.001  294
 753.098    9766582.775          0.002  294
   0.000          0.000          0.000  250
   0.000          0.000          0.000  251
 257.645    2649295.650          0.001  251
 861.495   11048568.361          0.003  251
 896.005    9637430.145          0.002    7
 781.157    8905327.173          0.002    7
1149.628   12553361.988          0.003   10
 733.482    7850105.947          0.002   15
 624.703    9290764.703          0.002   15
 224.813    2501781.211          0.001   15
 855.198    8959617.422          0.002   20
 876.796   11514870.531          0.003   20
 659.663    6618020.819          0.002   26
 296.916    3275634.986          0.001   26
 161.615    1873377.637          0.000   26
 239.189    2677326.739          0.001   26
 614.378    6597366.102          0.002   26
1038.532   15087576.123          0.004   26
1046.610   11936592.490          0.003   35
 596.444    6263783.239          0.001   35
 122.856    1461517.173          0.000   35
 702.670    7794096.365          0.002   35
1065.198   12945944.896          0.003   35
 781.372    8476829.554          0.002   41
 164.365    1921390.386          0.000   41
 593.863    6630683.625          0.002   47
 224.966    2575134.628          0.001   47
 822.891   11398807.062          0.003   47
 618.086    6667740.034          0.002   52
 373.039    4196395.833          0.001   52
1011.941   11008684.176          0.003   56
 830.461    9259054.770          0.002   56
 550.223    5751594.196          0.001   60
 378.869    4236629.068          0.001   60
 204.859    2349422.427          0.001   60
 687.812    8905158.318          0.002   65
 284.752    3140926.793          0.001   65
 387.591    4376258.378          0.001   65
 981.256   11090599.094          0.003   72
 403.508    4332244.454          0.001   72
 699.992    7415839.057          0.002   72
 930.938   10508590.406          0.002  294
 416.147    4135127.258          0.001  294
 132.149    1362424.193          0.000  294
   0.000          0.000          0.000  294
   0.000          0.000          0.000  295
 562.351    6012114.470          0.001  251
 887.218    9522603.784          0.002  251
1027.603   10929079.234          0.003  453
 973.455   10341814.631          0.002  453
 982.030   10295087.651          0.002   15
 543.562    5902785.215          0.001   15
 272.408    3041133.418          0.001   15
 768.202    8393917.074          0.002   15
 579.864    6477028.856          0.001   20
 719.710    7083656.638          0.002   26
 353.346    3831190.620          0.001   26
 624.180   10140731.941          0.002   26
 393.334    4362831.574          0.001   26
 979.837   11099663.689          0.003   26
 455.413    4804698.479          0.001   35
 160.357    1920268.947          0.000   35
 300.208    3410268.253          0.001   35
 863.354    8986327.012          0.002   35
 772.739    8736430.758          0.002   41
 185.893    2176562.759          0.000   41
 676.267    6799974.338          0.002   41
 739.367    8070415.883          0.002   47
 270.798    3122126.334          0.001   47
 182.120    2148820.548          0.000   52
 781.095   10097392.392          0.002   52
 709.795    7977724.868          0.002   52
1218.669   13651633.236          0.003   60
 933.119   12132504.836          0.003   60
 744.062   10410674.954          0.002   60
 694.214    7049561.785          0.002   60
 845.876   10359432.276          0.002   65
 486.822    5648366.255          0.001   65
 891.057    9696660.049          0.002   65
1081.797   11859397.481          0.003   72
 477.265    5128057.213          0.001   72
 855.983   10692972.001          0.002   72
1142.500   12848565.811          0.003   72
 805.167    7615117.328          0.002  294
 574.711    7803604.303          0.002  335
   0.000          0.000          0.000  335
   0.000          0.000          0.000  336
 527.041    5878971.996          0.001  336
 749.233    7936183.590          0.002  453
 534.238    5805589.021          0.001  453
1058.809   11012904.827          0.003  453
 960.843   10202974.389          0.002   15
 731.302    7969885.847          0.002   15
 336.870    3775084.987          0.001   15
 670.532    7641347.529          0.002   15
1118.800   13576201.142          0.003   15
 770.749    8654456.659          0.002   20
1060.331   12418128.454          0.003   26
 639.925    6437680.885          0.001   26
 216.515    2527446.460          0.001   26
 493.212    5180047.404          0.001   26
 533.785    5910946.806          0.001   26
1077.090   12459238.925          0.003   35
 409.729    4641040.230          0.001   35
1176.774   13708969.906          0.003   41
 826.509    9420669.456          0.002   41
 219.215    2570819.114          0.001   41
 483.056    5005622.230          0.001   41
 332.679    3875776.767          0.001   47
 545.298    6099054.266          0.001   47
 522.690    5554519.494          0.001   52
 559.115    5989442.271          0.001   52
1051.072   11901054.031          0.003   52
1072.863   12429531.375          0.003   60
 546.510    5993799.618          0.001   60
 276.478    3186250.711          0.001   60
 414.767    4542474.844          0.001   65
 997.337   11497364.971          0.003   65
 697.202    7465426.303          0.002   72
 938.552   10076799.003          0.002   72
 590.474    7499425.759          0.002  372
 109.444    1160001.206          0.000  372
   0.000          0.000          0.000  372
   0.000          0.000          0.000  373
 735.169    9205051.806          0.002  453
 350.652    3817973.192          0.001  453
1003.924   11568979.603          0.003  453
1015.177   11024633.143          0.002  453
1339.415   15281987.863          0.003   15
 661.054    7387214.879          0.002   15
 384.765    4322218.116          0.001   15
 854.911    9247423.517          0.002   15
 950.755   10670181.695          0.002   20
1178.005   11655567.746          0.003   26
 708.292    9508676.857          0.002   26
 663.973    7872913.596          0.002   26
 850.233    9447001.002          0.002   26
 804.829    8921581.828          0.002   35
 206.345    2488548.486          0.001   35
 600.926    7125083.439          0.002   35
 946.591   10010354.170          0.002   35
 819.117    8207664.600          0.002   41
 253.799    2978511.047          0.001   41
 921.077   12237558.462          0.003   47
 375.783    4412482.370          0.001   47
 881.596   11248113.648          0.003   47
 746.215   13522910.226          0.003   52
 242.844    2871196.816          0.001   52
 571.255    6055535.310          0.001   52
1165.931   13438864.342          0.003   52
1129.846   11661262.312          0.003   60
 687.805    7376829.133          0.002   60
 352.351    4073519.372          0.001   60
 460.667    5277923.582          0.001   60
 870.141   11223735.620          0.003   60
 796.800    7641167.071          0.002   65
1087.713   10522671.648          0.002   65
1223.225   13354784.703          0.003   72
1068.784   11232873.509          0.003   72
1201.823   15739533.199          0.004  493
 812.360    9051489.018          0.002  493
 854.967    8492613.688          0.002  372
 320.245    3418415.836          0.001  372
   0.000          0.000          0.000  413
   0.000          0.000          0.000  414
 323.807    3435346.858          0.001  453
 223.318    2433291.725          0.001  453
 795.755    8952958.812          0.002  453
 712.193    7834411.021          0.002  453
 962.790   10442986.940          0.002   15
 475.999    5374371.565          0.001   15
 784.808    8634620.233          0.002   15
1333.285   20195911.398          0.004   15
1409.244   17382644.850          0.004   20
 847.686    9742254.653          0.002   26
 271.552    3184774.692          0.001   26
 925.396   10253348.015          0.002   26
 915.937    9849776.268          0.002   26
 582.940    6219582.303          0.001   35
 335.397    3930254.366          0.001   35
 849.036   10678193.467          0.002   35
1321.312   15491436.087          0.003   41
 987.464   10324394.743          0.002   41
 285.935    3354405.549          0.001   41
 849.205   11006496.711          0.002   41
 473.252    5670047.962          0.001   47
 871.055    9438439.949          0.002   47
 975.397   10438288.061          0.002   52
 305.419    3625134.309          0.001   52
 305.605    3596888.252          0.001   52
 778.864    8368624.128          0.002   52
1186.140   12087580.242          0.003   52
1341.737   14967027.005          0.003   60
 677.831    7226967.404          0.002   60
 898.979   10257603.007          0.002   60
 556.621    6052370.259          0.001   65
1156.302   11682701.781          0.003   65
1411.510   16155008.916          0.004  493
 872.517   10008853.823          0.002  493
 998.807   14804728.456          0.003  493
 562.400    6328308.188          0.001  493
 699.071    7887683.207          0.002  493
   0.000          0.000          0.000  452
   0.000          0.000          0.000  453
  44.581     484146.040          0.000  453
 109.550    1190237.683          0.000  453
 583.237    6198753.987          0.001  453
 380.310    4169317.453          0.001  453
 993.419   11167973.384          0.003  453
1341.873   18023459.318          0.004  453
1047.956   12587559.684          0.003   15
 544.183    6169260.335          0.001   15
 718.785    8179661.905          0.002   15
1196.727   12548256.553          0.003   15
1101.082   11163697.250          0.002   26
 721.754    7685183.013          0.002   26
 302.648    3556512.452          0.001   26
 857.422   10500918.719          0.002   26
 703.922    6665124.463          0.001   35
 265.150    3221620.993          0.001   35
 492.364    5646768.474          0.001   35
 875.189    9246752.137          0.002   35
 571.854    6250234.006          0.001   41
 334.000    3909107.504          0.001   41
 882.265   11735401.593          0.003   41
 517.564    6249841.192          0.001   47
 644.008    7968232.794          0.002   47
 883.375    9596643.388          0.002   52
 783.399    8289413.885          0.002   52
1240.821   15119574.778          0.003   52
1553.655   16074016.088          0.004   52
1110.001   15304179.134          0.003   60
 437.185    5062864.590          0.001   60
 916.545   13051941.787          0.003   60
1207.364   20321452.932          0.005   65
 641.750    6953426.900          0.002   65
1259.430   14686706.852          0.003   65
1136.926   12345990.717          0.003  493
 593.647    6809265.652          0.002  493
 425.394    4808617.758          0.001  493
 259.497    2890232.839          0.001  493
 121.699    1342151.027          0.000  493
  51.267     562116.422          0.000  493
   0.000          0.000          0.000  493
   0.000          0.000          0.000  494
 316.474    3415634.480          0.001  453
 942.035   13768499.927          0.003  453
 939.374   12208114.702          0.003  453
 679.963    7529411.444          0.002  453
 503.619    5545684.994          0.001  453
 808.187    9021313.958          0.002  453
1325.168   17340451.347          0.004  453
 912.749   10118722.622          0.002   15
 774.003    8722481.718          0.002   15
1265.545   15452268.746          0.003   15
1077.956   10346870.700          0.002   26
 757.752    7850398.788          0.002   26
 354.243    4171733.936          0.001   26
 561.011    6219770.211          0.001   26
1083.894   12620240.950          0.003   26
1068.275   10648219.963          0.002   35
 596.474    6509261.577          0.001   35
 675.373    8336760.958          0.002   35
 672.318    7778300.936          0.002   35
 652.468    7377239.022          0.002   35
1036.674   10807372.877          0.002   35
1118.084   12180286.533          0.003   41
 728.175    7351382.071          0.002   41
 366.882    4282161.209          0.001   41
 751.017    7753062.481          0.002   41
1082.593   16159256.934          0.004   47
 776.691    9753723.456          0.002   47
 382.050    4530819.836          0.001   52
 410.995    4798106.548          0.001   52
1005.858   11157352.449          0.002   52
1353.627   14639234.172          0.003   52
1197.454   11613464.677          0.003   60
 916.465    9369562.383          0.002   60
 600.109    6828042.990          0.001   60
 997.057   10701897.481          0.002   60
 979.860   10051140.175          0.002   65
 873.857    9134432.792          0.002   65
1578.937   20648924.872          0.005  493
 884.899   10449978.520          0.002  493
 731.111    8450124.573          0.002  493
 832.615   12033198.633          0.003  493
 666.049    8315238.594          0.002  493
 518.223    5954803.236          0.001  493
 352.439    4514956.963          0.001  493
   0.000          0.000          0.000  539
   0.000          0.000          0.000  540
 564.823    5944535.044          0.001  540
 923.683    9823716.422          0.002  625
 999.911   13541292.469          0.003  625
1084.683   12336836.100          0.003  453
1467.677   19999071.067          0.004  625
1242.402   13459650.703          0.003   15
 779.621    8681639.951          0.002   15
1268.749   14098753.927          0.003   15
1407.575   18531141.280          0.004   26
 867.332    9733599.459          0.002   26
 380.545    4485213.751          0.001   26
 855.638   10408445.178          0.002   26
1172.796   12869811.024          0.003   26
 972.923   10382556.550          0.002   35
 340.792    4161435.220          0.001   35
 868.886   11611196.555          0.003   35
 988.266   11678594.445          0.003   35
1108.486   11184079.820          0.002   35
 951.445   10445002.905          0.002   41
 421.919    4888091.568          0.001   41
1080.299   12998205.841          0.003   41
 643.161    7890256.120          0.002   47
 827.382    8003859.828          0.002   52
 483.442    5615180.091          0.001   52
1039.935   12625705.701          0.003   52
1529.757   17297314.119          0.004   52
1346.948   14398657.328          0.003   60
 808.570    8817626.025          0.002   60
 541.258    6264109.228          0.001   60
1070.558   12925100.482          0.003   60
1396.430   16074243.261          0.004   65
1137.969   11368836.694          0.002   65
1291.954   12612309.128          0.003   65
1405.520   17644198.845          0.004  493
 933.849   10130639.502          0.002  624
 713.215    7901109.296          0.002  624
 746.054    8243886.478          0.002  624
 536.729    7249430.122          0.002  624
   0.000          0.000          0.000  579
   0.000          0.000          0.000  580
 537.372    6370794.606          0.001  625
 582.035    5868584.659          0.001  625
 622.145    6788383.408          0.002  625
 760.630    8574871.459          0.002  625
 982.666   11869279.154          0.003  625
 866.098    9915277.049          0.002  625
1310.525   15905482.042          0.004  625
1170.186   12342015.978          0.003   15
1058.253   11136892.905          0.002   15
1486.769   16721030.598          0.004   15
1261.500   13453388.875          0.003   26
 742.375    7685273.278          0.002   26
 500.184    5757656.808          0.001   26
 590.186    6544436.969          0.001   26
1114.381   10971926.115          0.002   26
1299.418   14673184.800          0.003   35
 761.230    8264716.434          0.002   35
 462.121    5545847.353          0.001   35
 757.553    7918344.948          0.002   35
1016.703   11277717.046          0.002   35
1247.968   12628009.125          0.003   41
 473.403    5439839.150          0.001   41
 726.853    7458823.234          0.002   41
1224.621   19262615.863          0.004   47
1010.168   11342049.919          0.002   47
1259.258   18668413.130          0.004   47
 459.269    5411088.836          0.001   52
 547.058    6335809.232          0.001   52
 770.738    8313250.853          0.002   52
1033.631   10083396.192          0.002   52
1431.336   13907048.960          0.003   52
1407.307   13720419.341          0.003   60
1330.254   14773003.333          0.003   60
1071.024   13865765.504          0.003   60
 933.810    9950915.696          0.002   60
1327.658   14082039.872          0.003   60
1552.319   14566455.440          0.003   65
1171.887   13087467.600          0.003  624
 647.125    7407530.302          0.002  624
 454.528    5176838.029          0.001  624
 322.028    3640479.227          0.001  624
 187.149    2095957.114          0.000  624
  70.667     785898.544          0.000  624
   0.000          0.000          0.000  624
   0.000          0.000          0.000  625
 113.934    1275307.271          0.000  625
 237.794    2681529.908          0.001  625
 306.200    3471311.190          0.001  625
 433.411    4977277.870          0.001  625
 594.326    6952205.324          0.002  625
1114.364   12867644.964          0.003  625
1439.160   15673884.440          0.003   15
1489.127   14199348.995          0.003   15
1566.086   16058532.040          0.003   26
1238.063   12817438.647          0.003   26
 690.473    7421781.925          0.002   26
 460.681    5441003.559          0.001   26
1546.448   17174387.016          0.004   26
 899.597    9546809.423          0.002   35
 409.705    5005269.707          0.001   35
 582.714    6875531.306          0.001   35
1108.834   12492262.864          0.003   35
1504.882   18184818.503          0.004   35
 796.885    8466513.408          0.002   41
 554.285    6257358.985          0.001   41
1081.441   11481932.874          0.002   41
 809.515    9894193.089          0.002   47
1220.227   13964527.249          0.003   47
 894.216    9615132.420          0.002   52
 535.772    6234837.593          0.001   52
 674.128    7668182.814          0.002   52
1151.653   11500502.336          0.002   52
1452.737   15789851.528          0.003   60
1259.102   15846400.352          0.003   60
 656.936    7492831.359          0.002   60
1227.747   12251239.494          0.003   60
1479.732   13931162.456          0.003   60
1616.353   18042134.894          0.004  624
1238.585   13981496.975          0.003  624
 828.455    9479207.318          0.002  624
 927.616    9524401.883          0.002  624
 796.105    8276558.759          0.002  624
 561.211    6100174.200          0.001  624
 489.902    5183729.566          0.001  624
 288.819    3313280.346          0.001  666
   0.000          0.000          0.000  666
   0.000          0.000          0.000  667
 562.353    6408697.704          0.001  625
 511.801    5642990.935          0.001  625
 632.525    7241164.175          0.002  625
 629.237    7223383.514          0.002  625
 960.226   10455495.427          0.002  625
 833.717    9915500.116          0.002  625
1227.526   14207929.949          0.003  625
1790.880   24998854.935          0.005  625
1463.395   15541695.881          0.003   26
 949.936    9192665.100          0.002   26
1048.444   17260332.306          0.004   26
 514.616    6074564.637          0.001   26
 915.165   10671971.215          0.002   26
1028.465    9926721.425          0.002   26
1559.147   18640393.334          0.004   26
1126.821   10806922.932          0.002   35
 869.381   10803849.857          0.002   35
 756.061    8617269.084          0.002   35
1450.335   14377046.862          0.003   35
1512.613   13846647.328          0.003   41
 981.918    9706328.265          0.002   41
1378.063   18916424.986          0.004   47
 927.116   11217931.136          0.002   47
1013.068   11229120.841          0.002   52
1056.826   11166648.770          0.002   52
1643.258   17655400.828          0.004   60
 896.010    9334232.602          0.002   60
 824.575    9021692.817          0.002   60
1506.302   15161195.960          0.003   60
1755.744   17248372.290          0.004 1010
1335.986   16497922.547          0.004  624
1045.724   13928079.213          0.003  793
 960.818   12348721.300          0.003  793
 991.807   14873713.351          0.003  793
 288.456    3068506.387          0.001  703
   0.000          0.000          0.000  703
   0.000          0.000          0.000  704
 236.992    2554757.676          0.001  704
 791.297   11325545.603          0.003  704
 840.598   11326016.188          0.003  838
 788.444    8910622.252          0.002  838
1197.296   14969713.043          0.003  838
 930.292    9613592.237          0.002  838
1346.633   12762325.164          0.003  838
1542.161   16604106.166          0.004  838
1621.991   14021316.398          0.003   26
1437.307   13063168.473          0.003   26
1223.632   13960283.561          0.003   26
 636.473    7343156.288          0.002   26
 981.743   12140876.441          0.003   26
1129.237   11382114.634          0.002   26
1568.609   18836807.469          0.004   26
1550.025   15178660.436          0.003   35
1213.110   12130316.252          0.003   35
 477.450    5801959.565          0.001   35
 891.498   11017443.399          0.002   35
1181.553   15408643.205          0.003   35
 903.378    9936200.175          0.002   35
1584.944   16839014.608          0.004   35
1243.816   15277345.793          0.003   41
 667.276    7248128.538          0.001   41
1276.052   15117896.338          0.003   41
1569.606   16514765.904          0.003   41
1175.018   13573945.194          0.003   47
1458.641   15282593.527          0.003   47
1375.746   15436243.877          0.003   52
 663.054    7385125.286          0.002   52
1024.325   10134338.317          0.002   52
1511.345   16739058.396          0.003   52
1884.624   25604777.193          0.005   52
1278.099   11514548.569          0.002   60
1346.208   14259254.281          0.003   60
1370.148   12025167.096          0.003   60
1594.126   14071080.254          0.003 1010
1410.075   14459133.156          0.003 1010
1349.350   18579493.812          0.004  793
1009.381   13728468.107          0.003  793
 689.065    8754830.908          0.002  793
 621.409    6970224.388          0.002  793
 342.439    3802250.892          0.001  793
   0.000          0.000          0.000  748
   0.000          0.000          0.000  749
 206.885    2200298.684          0.001  749
 750.491    8222745.147          0.002  838
 450.292    4889370.810          0.001  838
 470.103    5421784.150          0.001  838
 732.011    8674038.491          0.002  838
 869.578   10057652.925          0.002  838
 539.470    6375695.434          0.001  838
 954.606    9867333.369          0.002  838
1346.950   13381841.731          0.003  838
1601.560   14796589.439          0.003   26
1122.730   11023340.175          0.002   26
 723.453    8156011.290          0.002   26
 661.534    7546476.821          0.002   26
1386.366   14105385.605          0.003   26
1538.664   17456788.556          0.004   35
 550.229    6602452.929          0.001   35
 577.606    6807443.264          0.001   35
 945.666   10225453.386          0.002   35
1275.523   14109183.122          0.003   35
1396.996   13729708.975          0.003   35
1279.603   11945338.100          0.002   41
 763.932    7965746.460          0.002   41
1022.220    9755200.471          0.002   41
1592.911   14782051.092          0.003   41
1424.298   15648437.873          0.003   47
1577.414   13029185.396          0.003   52
 984.016    9209449.080          0.002   52
 772.069    8245626.443          0.002   52
 980.794    9254497.616          0.002   52
1245.606   11453956.426          0.002   52
1777.979   19430864.340          0.004   52
1834.475   15467349.509          0.003   60
1408.346   12694557.337          0.003   60
1652.536   16028446.344          0.003 1010
1430.639   15912853.174          0.003 1010
1130.334   10560159.694          0.002 1010
1050.336    9975165.702          0.002 1010
1144.931   14195028.552          0.003 1010
 715.105    8972586.024          0.002  793
 527.170    6417489.120          0.001  793
 415.868    4945341.271          0.001  793
 246.365    2836127.744          0.001  793
 116.132    1312660.221          0.000  793
   0.000          0.000          0.000  793
   0.000          0.000          0.000  794
 601.802    6514962.295          0.002  838
 152.190    1766522.566          0.000  838
 221.060    2582656.609          0.001  838
 387.804    4594136.846          0.001  838
 473.459    5624346.559          0.001  838
 822.353    8991561.412          0.002  838
1517.629   15514429.919          0.003  838
1895.629   20199804.995          0.004  838
1151.136   10842141.092          0.002   26
 907.712    9440609.410          0.002   26
1226.061   13382421.954          0.003   26
 871.617    9077890.957          0.002   26
1288.086   13842316.754          0.003   35
 906.497    9327305.431          0.002   35
 615.208    7260461.536          0.001   35
 699.252    7782476.751          0.002   35
1130.963   11541157.407          0.002   35
1593.644   18067072.190          0.004   35
1864.108   17423373.290          0.004   35
1761.385   20140409.271          0.004   41
1391.687   11409588.175          0.002   41
 982.335    9098680.108          0.002   41
1218.462   10196414.545          0.002   41
1726.351   19220552.855          0.004   41
1816.023   19118184.597          0.004   47
1860.786   15396635.292          0.003   52
1203.492   10229761.670          0.002   52
1028.404    9767611.895          0.002   52
1076.804   10026755.601          0.002   52
1591.382   12574478.067          0.003   52
1875.741   15612626.786          0.003   52
2097.458   17350706.174          0.004   60
1752.390   18443985.681          0.004 1010
1445.683   15830147.759          0.003 1010
1210.132   11817408.233          0.002 1010
 991.539   10148352.978          0.002 1010
 751.809    8090771.714          0.002 1010
 949.409    8222574.806          0.002 1010
 802.947    9563135.707          0.002  793
 564.078    6888759.614          0.002  793
 607.458    7367358.488          0.002  793
 211.575    2231039.021          0.001  837
   0.000          0.000          0.000  837
   0.000          0.000          0.000  838
  74.092     854180.712          0.000  838
 578.731    6369489.031          0.001  838
 699.926    8663344.639          0.002  838
 293.392    3449741.344          0.001  838
 789.602   10664831.364          0.002  838
 947.986   10785269.704          0.002  838
 599.576    7056498.967          0.002  838
1096.329   13097798.884          0.003  838
1931.975   22259265.031          0.005  838
1816.754   16014263.114          0.003   26
1416.728   12344671.168          0.003   26
1384.320   14785465.693          0.003   26
1363.503   11925990.247          0.002   26
1325.796   13699106.468          0.003   35
 738.870    8251396.069          0.002   35
1117.346   13726793.002          0.003   35
 961.486    9233316.884          0.002   35
1631.137   13005216.764          0.003   35
1873.338   16664013.413          0.003   41
1270.185   10246409.898          0.002   41
1504.517   11594441.980          0.002   41
1782.841   13912273.623          0.003   41
2126.495   18824973.481          0.004   52
1670.431   13139126.453          0.003   52
1519.017   11434990.103          0.002   52
1419.856   11742098.653          0.002   52
1588.620   12759701.755          0.003   52
1782.141   13591312.398          0.003   52
2161.591   17369494.234          0.004   52
2396.162   20174529.851          0.004   60
2136.129   19961248.881          0.004   60
2021.411   19041513.033          0.004   60
1172.740   12167931.102          0.002 1010
1057.810   10957838.386          0.002 1010
 573.019    6598372.810          0.001 1010
 481.105    5608529.762          0.001 1010
 600.950    8039022.820          0.002 1010
 576.958    5821995.879          0.001 1010
 744.063    8928033.349          0.002 1010
 948.680   12934778.160          0.003 1010
 775.234    9454858.738          0.002  837
 350.624    3629292.400          0.001  881
   0.000          0.000          0.000  881
   0.000          0.000          0.000  882
 674.590    7724524.456          0.002  838
 893.989   10750589.585          0.002  838
 729.080    7909760.495          0.002  838
 482.767    5470187.667          0.001  838
 685.106    7543208.478          0.002  838
1058.110   13825637.707          0.003  838
 743.716    8432124.865          0.002  838
1271.651   12820588.749          0.003  838
1644.916   15603413.634          0.003  838
1695.960   14444432.788          0.003   26
1746.436   14301451.063          0.003   26
1634.115   16729374.437          0.003   26
1264.518   11117058.014          0.002   26
1691.201   18402233.945          0.004   35
 976.151    9559536.355          0.002   35
 916.708    9221951.810          0.002   35
1427.428   14867049.167          0.003   35
1335.790   10913195.647          0.002   35
2063.146   19782933.499          0.004   35
1843.475   14287134.535          0.003   41
1496.463   11031676.404          0.002   41
1913.520   14196361.902          0.003   41
2283.907   16862899.759          0.003   41
2003.676   14059178.192          0.003   52
1880.656   13825364.691          0.003   52
1788.150   13819418.318          0.003   52
2213.054   17072383.119          0.003   52
2548.722   23927700.921          0.005   52
2375.884   20215468.993          0.004 1010
1976.015   17179949.071          0.003 1010
1592.800   12872362.797          0.003 1010
 953.618   10306920.017          0.002 1010
 625.330    7341425.338          0.002 1010
 435.808    5275748.851          0.001 1010
 354.011    4304808.126          0.001 1010
 280.140    3418944.688          0.001 1010
 772.017    8908044.533          0.002 1010
 714.648    8234231.418          0.002  967
 428.314    5162655.417          0.001  922
   0.000          0.000          0.000  922
   0.000          0.000          0.000  923
 359.489    3945505.698          0.001  923
 512.532    5651161.687          0.001  923
 883.655   10033379.742          0.002  923
 974.497   11047367.830          0.002  838
 660.437    7160351.534          0.002  838
1112.036   11450432.470          0.002  838
1026.917   10860358.643          0.002  838
1209.643   14302400.455          0.003  838
1252.177   12435480.428          0.003  838
2030.890   20572241.014          0.004  838
2115.198   18880350.095          0.004   26
1939.311   21489261.586          0.004   26
1457.904   12021440.906          0.002   26
1611.627   16607714.810          0.003   35
1148.232   10343227.877          0.002   35
1276.615   11462403.614          0.002   35
1309.629   11089697.628          0.002   35
1744.864   13347906.973          0.003   35
1710.262   12506351.321          0.002   35
2206.134   22403276.615          0.004   35
2063.468   12809849.160          0.003   41
2120.162   15058870.196          0.003   41
2380.730   20914645.837          0.004   41
2620.394   20057878.467          0.004   41
2514.941   21211617.214          0.004   52
2403.378   17665880.725          0.003   52
2251.058   16473665.805          0.003   52
2537.112   18928818.105          0.004   52
2177.549   16071975.278          0.003   52
2534.716   19371164.711          0.004   52
2736.275   26330152.571          0.005 1010
2195.221   16542333.122          0.003 1010
1688.653   12279871.521          0.002 1010
1172.467    9649681.243          0.002 1010
 651.263    7214814.363          0.001 1010
 563.923    6504084.692          0.001 1010
 648.045    7127741.335          0.001 1010
 820.719    8681204.787          0.002 1010
 669.976    7675552.319          0.002 1010
 197.378    2397275.027          0.000 1010
 505.686    6029818.737          0.001 1010
 514.000    5902202.182          0.001 1010
 205.544    2210905.740          0.001  967
   0.000          0.000          0.000  967
   0.000          0.000          0.000  968
 332.534    3867845.329          0.001  968
 645.939    7947357.797          0.002  968
1079.659   15352503.074          0.003  968
1224.250   16674816.270          0.004  838
1150.386   14017303.297          0.003 1098
1302.937   15991905.448          0.003 1098
1420.037   15545660.640          0.003  838
1078.903   10733944.172          0.002  838
1593.568   14122445.031          0.003  838
2146.770   18590846.118          0.004  838
2416.169   24649999.633          0.005   26
2201.733   22595933.732          0.005   26
1927.483   18068553.257          0.004   26
1991.154   16863453.612          0.003   26
1848.442   13505438.667          0.003   35
1673.138   12975737.459          0.003   35
1582.713   13098084.438          0.003   35
1661.052   12519406.090          0.002   35
2082.160   18148054.467          0.004   35
2271.412   15989817.863          0.003   35
2224.907   16963723.383          0.003   35
2451.735   17510942.613          0.003   41
2592.604   21700256.497          0.004   41
2463.001   19601584.777          0.004 2178
2483.617   22281904.544          0.004 2178
2322.316   17181831.508          0.003 2178
2572.260   24157329.266          0.005   52
2483.960   20419042.645          0.004 2178
2620.908   25308330.504          0.005 1010
2229.615   19439328.486          0.004 1010
1908.455   17330278.731          0.003 1010
1337.334   10887224.628          0.002 1010
 814.453    8189637.753          0.002 1010
1121.115   11576328.403          0.002 1010
1098.849   11697836.054          0.002 1010
 967.198    9694620.355          0.002 1010
 691.087    8772518.966          0.002 1010
 213.547    2578194.884          0.001 1010
 130.330    1574301.560          0.000 1010
  74.245     892899.013          0.000 1010
  31.117     372598.450          0.000 1010
   0.000          0.000          0.000 1010
   0.000          0.000          0.000 1011
 205.617    2406068.317          0.001 1011
 509.384    8103679.290          0.002 1011
 705.141    8036827.212          0.002 1098
 885.590    9156191.807          0.002 1098
 822.646   10031576.677          0.002 1098
1297.831   15745934.376          0.003 1098
1080.661   12699867.693          0.003 1098
1527.477   13656834.927          0.003  838
1957.508   18236975.734          0.004 1362
2123.273   16138043.198          0.003 1362
2156.741   19207879.531          0.004 1362
2184.362   16120170.456          0.003   26
2359.307   18268496.473          0.004   35
2069.416   15638552.322          0.003   35
1941.444   15102193.308          0.003   35
1931.922   16661012.236          0.003   35
2041.276   14259450.414          0.003   35
2308.481   18707666.139          0.004   35
2604.648   21968089.512          0.004   35
2500.437   21093939.859          0.004   41
2506.192   21728354.624          0.004   41
2273.802   18248431.075          0.003 2178
2294.870   21665412.043          0.004 2178
1903.040   13314858.984          0.002 2178
2294.590   15978195.858          0.003 2178
2379.851   18458073.009          0.003 2178
2277.098   16722237.008          0.003 2178
2568.357   24541914.506          0.005 2178
2303.379   20449548.846          0.004 1010
1820.513   14174978.113          0.003 1010
1381.913   11211884.031          0.002 1010
1300.079   11862436.342          0.002 1010
1162.762   12590450.436          0.003 1010
1082.475   11729744.080          0.002 1010
 960.153   10591698.281          0.002 1010
 384.194    4581075.613          0.001 1010
 324.486    3886799.711          0.001 1010
 664.828    6768372.582          0.001 1010
 639.797   10111691.482          0.002 1010
 407.207    4424618.915          0.001 1010
 508.726    6161481.326          0.001 1010
   0.000          0.000          0.000 1053
   0.000          0.000          0.000 1054
 463.246    4762855.931          0.001 1098
 679.326    8040650.890          0.002 1098
 572.117    6474673.145          0.001 1098
 627.110    7607314.672          0.002 1098
 866.894   11290836.310          0.002 1098
 885.249   10888572.727          0.002 1098
1424.593   15940791.538          0.003 1098
1885.198   18616239.966          0.004 1362
1879.149   16584073.220          0.003 1362
1669.052   12788972.426          0.003 1362
2235.541   20206391.557          0.004 1362
2559.644   20501554.410          0.004   26
2650.533   25158188.924          0.005   26
2435.605   19467906.807          0.004   35
2367.637   18548903.201          0.004   35
2325.926   22235045.265          0.004   35
2473.603   17669270.809          0.003   35
2542.872   21375853.491          0.004 2173
2554.620   19171704.006          0.004 2173
2340.160   20006657.273          0.004 2173
2556.579   23778771.743          0.004 2173
2565.196   24518997.799          0.004 2178
2173.440   17064056.730          0.003 2178
2004.774   15007689.344          0.003 2178
1828.858   15450016.295          0.003 2178
1783.319   12324933.642          0.002 2178
2046.086   17773358.457          0.003 2178
1711.029   12102275.320          0.002 2178
2173.564   18105783.909          0.003 2178
2285.224   18394543.907          0.003 2178
2375.709   23019320.101          0.004 2178
2000.783   15680158.344          0.003 1010
1840.717   13708242.391          0.003 1010
1544.956   13847142.730          0.003 1010
 965.508    9621259.209          0.002 1010
 633.553    7073622.387          0.001 1010
 535.799    6137270.365          0.001 1010
 833.197    9932041.039          0.002 1010
 890.308   11739441.909          0.003 1010
 769.537    9791010.305          0.002 1145
 553.151    6646244.201          0.002 1145
 416.128    4726426.361          0.001 1145
   0.000          0.000          0.000 1097
   0.000          0.000          0.000 1098
  95.586    1113340.645          0.000 1098
 177.198    2087886.846          0.000 1098
 349.980    4159455.256          0.001 1098
 441.024    5277166.719          0.001 1098
 619.505    7886155.270          0.002 1098
 688.055    8834977.519          0.002 1098
 977.453   11902298.357          0.002 1098
1504.783   19468305.561          0.004 1098
1499.759   14721403.963          0.003 1362
1486.792   11495258.382          0.002 1362
1378.453   11509207.288          0.002 1362
1873.881   14692583.046          0.003 1362
2238.944   18488300.899          0.004 1362
2472.748   21022174.507          0.004 2156
2465.455   20591262.275          0.004 2156
2543.633   21446836.362          0.004 2156
2578.110   24664484.473          0.005 2156
2455.662   19114614.845          0.004 2156
2612.295   25205997.987          0.005 2173
2315.637   20564214.343          0.004 2173
1833.959   13853519.905          0.003 2173
2158.486   16686325.007          0.003 2173
2314.752   23324539.609          0.004 2178
2283.271   17709653.111          0.003 2178
2047.641   20718573.503          0.004 2178
1738.835   13129321.929          0.002 2178
1540.579   12111552.884          0.002 2178
1250.607   10162394.226          0.002 2178
1626.495   13781831.483          0.003 2178
1924.404   23180980.052          0.004 2178
1365.175   10918594.829          0.002 2178
1847.449   14676891.896          0.003 2178
1976.248   15640174.180          0.003 2178
2245.265   20315941.813          0.004 2178
2450.314   21068134.200          0.004 1010
2229.766   18248267.157          0.004 1010
1884.550   16068857.514          0.003 1010
1228.376   11395412.441          0.002 1010
1080.481   10453989.768          0.002 1010
1047.436   10354857.931          0.002 1010
 799.584    7904123.977          0.002 1010
 829.482   12642894.459          0.003 1145
 624.045    8888712.007          0.002 1145
 425.381    5545390.424          0.001 1145
 276.665    3413962.157          0.001 1145
 129.187    1507570.951          0.000 1145
   0.000          0.000          0.000 1145
   0.000          0.000          0.000 1146
 607.220    8126377.848          0.002 1098
 498.632    5295846.707          0.001 1098
 288.547    3486903.052          0.001 1098
 422.369    5259721.938          0.001 1098
 482.412    6080952.570          0.001 1098
 547.659    6981883.841          0.001 1098
1099.434   14015236.105          0.003 1098
1308.488   16458770.855          0.003 1362
1179.906   10955634.637          0.002 1362
 953.811    9387042.496          0.002 1362
1550.606   15867506.814          0.003 1362
2243.755   21554427.572          0.004 1362
2160.396   17179650.768          0.003 2156
2149.473   17035871.100          0.003 2156
2399.923   22161909.073          0.004 2156
2329.308   20290741.394          0.004 2156
2190.890   15468782.415          0.003 2156
2082.184   15662873.461          0.003 2156
2360.689   21052901.443          0.004 2173
2294.084   20638446.945          0.004 2173
1998.651   16387008.464          0.003 2173
1670.003   12956929.159          0.002 2173
1985.248   17583380.785          0.003 2173
1882.648   14961769.488          0.003 2178
1497.974   13877908.150          0.003 2178
1116.857    9967810.655          0.002 2178
 926.224    9038989.535          0.002 2178
1607.205   19426385.438          0.004 2178
1617.140   18612669.684          0.004 2178
1395.447   11669106.897          0.002 2178
1856.905   15465921.081          0.003 2178
2382.314   22920783.640          0.005 1010
2164.322   19096565.091          0.004 1010
1833.693   15970815.428          0.003 1010
1632.054   14937483.547          0.003 1010
1428.688   13415957.726          0.003 1010
1141.186   10020794.721          0.002 1010
1089.708   15827182.555          0.003 1145
 681.696    9188917.590          0.002 1145
 686.884    8540850.501          0.002 1145
 669.720    8608429.641          0.002 1145
   0.000          0.000          0.000 1188
   0.000          0.000          0.000 1189
 306.176    3608261.377          0.001 1189
 524.531    6598463.060          0.002 1189
 710.358    8227575.166          0.002 1098
 638.171    6888734.257          0.002 1098
 815.854    9762887.543          0.002 1098
1093.636   13068652.972          0.003 1098
1119.042   12570087.047          0.003 1362
 679.798    7716838.951          0.002 1362
 990.619   10049955.275          0.002 1362
1482.601   14123073.338          0.003 1362
2101.481   21662070.516          0.004 2156
1667.686   12839530.405          0.003 2156
2009.376   16979988.964          0.003 2156
1866.445   15984474.882          0.003 2156
1719.344   12841063.400          0.002 2156
2019.705   15123614.385          0.003 2156
1809.882   14419377.896          0.003 2173
1358.779   11686231.581          0.002 2173
1297.852   11416697.167          0.002 2173
1647.854   16179963.767          0.003 2173
2018.096   18975714.747          0.004 2178
1340.380   10784842.042          0.002 2178
 787.116    8384301.628          0.002 2178
1154.315   11419081.254          0.002 2178
1279.066   15647586.023          0.003 2178
 859.837    9024861.529          0.002 2178
1351.532   19701797.310          0.004 2178
1615.411   18211493.811          0.003 2178
1664.792   14333530.115          0.003 2178
2190.009   16726393.617          0.003 2192
2252.644   19740929.402          0.004 2192
1986.403   18219007.340          0.004 1010
1766.056   17824573.793          0.004 1010
1529.522   14827086.182          0.003 1010
1362.775   21746778.131          0.005 1145
1336.350   19243674.892          0.004 1145
1042.341   13462321.093          0.003 1145
 696.950    9481220.254          0.002 1231
 442.959    5536617.198          0.001 1231
 245.820    2870416.835          0.001 1231
  96.209    1078939.081          0.000 1231
   0.000          0.000          0.000 1231
   0.000          0.000          0.000 1232
 575.735    8545171.439          0.002 1232
 702.297    8849608.490          0.002 1189
 786.320    7671498.447          0.002 1362
 707.902    7751306.997          0.002 1362
 712.840    8019463.262          0.002 1362
 752.151    8182896.326          0.002 1362
 569.420    6695912.415          0.001 1362
 662.908    7586029.341          0.002 1362
1360.626   14491581.241          0.003 1362
1889.585   19338293.426          0.004 1362
1720.126   14592832.407          0.003 2156
1783.391   17341717.004          0.003 2156
1716.948   14789767.645          0.003 2156
1600.953   13054526.706          0.003 2156
1314.190   11283030.613          0.002 2156
1569.921   12313105.926          0.002 2156
1832.389   17496758.560          0.003 2156
1832.126   15828389.331          0.003 2173
1395.187   12149799.525          0.002 2173
 926.434    9995612.512          0.002 2173
1461.778   16040149.812          0.003 2173
1907.190   21753407.055          0.004 2173
1738.599   15276629.664          0.003 2178
1459.413   15190974.639          0.003 2178
 705.738    7909030.128          0.002 2178
 661.050    7627484.762          0.001 2178
1001.466   12142813.902          0.002 2178
1028.140   12438375.311          0.002 2178
 744.570    8334698.161          0.002 2178
1128.447   10526064.369          0.002 2178
1903.666   17737694.903          0.003 2178
2126.221   18193275.412          0.004 2192
1980.265   15188066.266          0.003 2192
1989.258   16926161.549          0.003 2192
1837.624   16599633.149          0.003 1405
1705.348   16938248.775          0.003 1405
1578.978   16402304.208          0.003 1405
1212.400   10995591.227          0.002 1405
1056.789   16252929.372          0.004 1231
1064.455   15492632.289          0.003 1231
 749.787   10645816.955          0.002 1231
 524.150    6778322.135          0.002 1231
 532.454    6266162.034          0.001 1231
 320.395    3548909.937          0.001 1231
   0.000          0.000          0.000 1277
   0.000          0.000          0.000 1278
 618.283    6746791.209          0.002 1362
 416.016    4500864.573          0.001 1362
 549.714    5631407.792          0.001 1362
 657.781    7261182.205          0.002 1362
 344.688    4121045.864          0.001 1362
 371.909    4452676.994          0.001 1362
 461.050    5511104.067          0.001 1362
 980.071   11066461.684          0.002 1362
 948.315    9344262.164          0.002 1362
1476.582   13117497.917          0.003 1362
1590.042   16153530.825          0.003 2156
1096.761   10603562.196          0.002 2156
1665.645   18280029.270          0.004 2156
1197.091   10811270.030          0.002 2156
1046.968    9969229.378          0.002 2156
1553.805   14219283.791          0.003 2156
1501.132   14938391.637          0.003 2173
 955.030    9990393.826          0.002 2173
 754.620    8978514.271          0.002 2173
1124.829   12575610.023          0.002 2173
1609.200   16823659.051          0.003 2173
1845.337   17684070.950          0.003 2173
1698.613   16464527.250          0.003 2178
1105.836   11395134.494          0.002 2178
 541.269    6678229.930          0.001 2178
 964.819   11251566.313          0.002 2178
1082.482   15554753.821          0.003 2178
 803.817    8743965.072          0.002 2178
1345.448   12757115.600          0.003 2178
1595.927   15962648.224          0.003 2178
1914.682   18196168.142          0.004 2192
1420.357   11276385.559          0.002 2192
1747.371   15861254.910          0.003 1405
1295.579   11730760.237          0.002 1405
1181.905   11054410.110          0.002 1405
 722.124    7760792.133          0.002 1405
 827.834    8462932.769          0.002 1405
 978.440   13631114.120          0.003 1405
 928.202   11827435.535          0.003 1405
 601.550    8206236.612          0.002 1319
   0.000          0.000          0.000 1319
   0.000          0.000          0.000 1320
 212.370    2253285.650          0.001 1320
 150.265    1777559.906          0.000 1362
 215.545    2557046.657          0.001 1362
 282.149    3358887.409          0.001 1362
 625.253    6989916.541          0.001 1362
1058.327   11623884.635          0.002 1362
 696.275    7596023.405          0.002 1362
1184.988   11866767.474          0.002 1362
1579.857   13440602.814          0.003 1362
1383.135   14346728.693          0.003 2156
1155.117   11247403.739          0.002 2156
 867.608    9347001.184          0.002 2156
1274.812   14182097.854          0.003 2156
 942.704    9535612.430          0.002 2156
1093.986   10528007.359          0.002 2156
 959.110   11451060.183          0.002 2173
 894.459    9844128.929          0.002 2173
1230.261   11873315.666          0.002 2173
1643.699   18357391.637          0.004 2173
1539.449   16250046.436          0.003 2178
 999.015   10455254.886          0.002 2178
 508.140    6330315.791          0.001 2178
 870.682    9159140.507          0.002 2178
 707.402    8728036.218          0.002 2178
 583.806    7137887.654          0.001 2178
1050.709   10361261.418          0.002 2178
1767.390   19486567.599          0.004 2178
1921.363   17645856.139          0.004 2192
1392.728   11715817.324          0.002 2192
1086.069   10114845.288          0.002 2192
1558.021   14678137.734          0.003 2192
1927.185   20246361.814          0.004 1405
1249.050   11555442.347          0.002 1405
 765.983    8163874.417          0.002 1405
 571.673    6542615.365          0.001 1405
 434.372    5098604.810          0.001 1405
 625.478    6475634.068          0.001 1405
 472.875    5344399.454          0.001 1405
 500.919    5086293.967          0.001 1405
 566.530    7641915.194          0.002 1405
   0.000          0.000          0.000 1361
   0.000          0.000          0.000 1362
  63.696     750314.053          0.000 1362
  84.519     996721.096          0.000 1362
 434.059    4678027.008          0.001 1362
 347.630    3978356.701          0.001 1362
 598.591    6430643.606          0.001 1362
 375.385    4427581.680          0.001 1362
 657.286    7479940.359          0.002 1362
1164.052   10794066.885          0.002 1362
1088.719   10155238.478          0.002 1362
1569.033   15144574.515          0.003 2156
 924.938    9785044.748          0.002 2156
1034.153   11931944.001          0.002 2156
1327.505   14410079.876          0.003 2156
 745.520    8272901.769          0.002 2156
 688.214    7870845.877          0.002 2156
1226.527   11947148.630          0.002 2156
1656.844   15981923.994          0.003 2156
1412.879   12850859.766          0.003 2173
1055.803   10440235.357          0.002 2173
 646.312    7991499.204          0.002 2173
1096.363   11123002.531          0.002 2173
1580.282   18251306.487          0.004 2173
1433.180   15149958.237          0.003 2178
1008.166   10805548.060          0.002 2178
 454.171    5736908.561          0.001 2178
 618.410    7373488.502          0.001 2178
1397.283   15548692.076          0.003 2178
1570.289   16365405.357          0.003 2178
1898.269   20367287.668          0.004 2192
1557.835   16229137.355          0.003 2192
 889.947    9191103.478          0.002 2192
1161.036   11408526.663          0.002 2192
1613.589   16392333.932          0.003 2192
1487.555   14128035.882          0.003 1405
 947.267    9338158.410          0.002 1405
1126.595   13519700.893          0.003 1405
 728.543    8799650.450          0.002 1405
 351.085    4120455.116          0.001 1405
 283.746    3323099.086          0.001 1405
 203.396    2373210.015          0.001 1405
 124.575    1443567.240          0.000 1405
  48.420     558553.630          0.000 1405
   0.000          0.000          0.000 1405
   0.000          0.000          0.000 1406
 394.628    4005177.367          0.001 1362
 736.590   11032899.663          0.003 1362
 868.482   11032744.616          0.003 1362
 939.440    9154023.092          0.002 1362
 713.283    7505530.746          0.002 1362
 549.197    6173097.626          0.001 1362
 960.539   10348912.960          0.002 1362
1419.583   12802003.205          0.003 1362
1620.913   15480001.600          0.003 1362
1836.578   23391960.129          0.005 2156
1249.347   12544761.159          0.003 2156
 631.274    7628067.362          0.002 2156
1142.268   13999990.782          0.003 2156
1010.112   11015744.559          0.002 2156
1005.139   11718303.313          0.002 2156
1398.956   14100876.028          0.003 2156
1747.408   20678766.677          0.004 2173
1416.758   14199774.101          0.003 2173
 955.130   10599317.081          0.002 2173
 553.282    7035827.402          0.001 2173
 770.139    8734293.256          0.002 2173
1142.200   11357324.599          0.002 2173
1789.491   23009276.793          0.005 2173
1463.536   16241771.797          0.003 2178
 877.970   11290083.836          0.002 2178
 903.596    9676584.128          0.002 2178
 842.785    9405283.830          0.002 2178
1039.566   10593544.038          0.002 2178
1382.686   13122414.516          0.003 2178
1732.255   21665838.256          0.005 2192
1305.706   12423134.015          0.003 2192
 732.597    8176041.073          0.002 2192
1105.950   10798934.677          0.002 2192
1730.471   18988710.698          0.004 2192
1545.957   13382801.918          0.003 1405
1247.302   12428501.154          0.003 1405
 629.344    7134023.473          0.002 1405
 620.992    6636637.686          0.001 1405
 521.405    6349009.201          0.001 1405
 600.703    7761877.908          0.002 1405
   0.000          0.000          0.000 1447
   0.000          0.000          0.000 1448
 625.628    7634197.136          0.002 1492
 697.107    8044030.280          0.002 1492
 770.402    9464645.748          0.002 1492
1232.653   18517121.045          0.004 1362
1028.666   10435744.997          0.002 1362
 832.007    8388421.316          0.002 1362
1504.446   14159695.745          0.003 1362
1757.826   16185419.026          0.003 2148
1780.757   17795770.076          0.004 2148
1339.246   12835538.945          0.003 2156
 908.031    9549052.639          0.002 2156
 531.778    6557603.928          0.001 2156
 945.263   12240981.428          0.003 2156
 680.064    7898285.926          0.002 2156
 526.170    6456445.724          0.001 2156
1073.631   10647967.922          0.002 2156
1516.721   18299706.763          0.004 2173
1637.686   21653691.316          0.005 2173
1367.485   17233506.810          0.004 2173
1021.000   13275995.705          0.003 2173
 492.466    6289398.942          0.001 2173
 891.833    9271706.972          0.002 2173
1312.892   12817029.588          0.003 2173
1530.963   14347766.967          0.003 2178
1414.971   12789246.789          0.003 2178
 712.192    7603945.793          0.002 2178
 387.999    4959226.774          0.001 2178
 940.339   11210815.088          0.002 2178
 416.873    5290386.012          0.001 2178
 627.868    6983859.735          0.001 2178
1247.318   11388497.040          0.002 2178
1497.221   19013492.658          0.004 2192
1282.315   13811712.447          0.003 2192
 632.220    7299662.547          0.002 2192
1265.087   13415034.996          0.003 2192
1710.867   19933070.394          0.004 2192
1657.819   16659750.623          0.004 1405
1208.783   12281485.799          0.003 1405
 927.887   10507269.159          0.002 1405
 917.355   10917617.549          0.002 1615
 750.799    8378232.597          0.002 1405
 675.820   10879424.885          0.003 1491
   0.000          0.000          0.000 1491
   0.000          0.000          0.000 1492
 183.954    2115811.742          0.000 1492
 367.550    4368002.925          0.001 1492
 549.183    6778423.033          0.002 1492
 836.593   11096569.761          0.003 1492
1349.035   16358762.641          0.004 1362
1230.913   10924286.085          0.002 1362
1404.247   13291025.332          0.003 1362
1663.722   17033639.129          0.004 2148
1263.630   12235025.844          0.003 2148
1599.890   17668611.057          0.004 2148
1308.673   13010668.849          0.003 2156
 903.215    9867088.647          0.002 2156
 448.355    5568508.867          0.001 2156
 430.741    5364610.125          0.001 2156
 822.756    8659729.143          0.002 2156
1067.387   12172458.286          0.003 2173
1233.737   14102504.149          0.003 2173
 954.369   12646741.393          0.003 2173
 712.498    8053879.709          0.002 2173
1358.813   14586427.867          0.003 2173
1000.430    9281945.126          0.002 2178
 476.042    5561356.795          0.001 2178
 548.798    6380578.280          0.001 2178
 338.357    4319677.111          0.001 2178
 880.441   10490039.492          0.002 2178
1304.904   11105884.983          0.002 2178
1434.698   16662745.136          0.004 2192
1157.617   13860068.238          0.003 2192
1006.915   11364471.678          0.002 2192
 591.257    6883243.644          0.001 2192
1049.352   12956427.920          0.003 2192
1296.408   13633851.390          0.003 2192
1550.285   15462147.537          0.003 2192
1494.315   17099636.133          0.004 1615
1056.798   13698521.559          0.003 1615
1124.913   14581932.943          0.003 1615
 760.735    8452573.061          0.002 1615
 863.522   12450628.403          0.003 1615
 646.030    9746911.005          0.002 1533
 167.610    1982685.256          0.000 1533
   0.000          0.000          0.000 1533
   0.000          0.000          0.000 1534
 519.299    5794859.609          0.001 1575
 717.292   10318936.304          0.002 1575
 884.450   11092982.835          0.003 1492
 975.909   11327836.416          0.003 1575
1016.397   11489744.951          0.003 1575
1566.893   19401331.502          0.004 1575
1448.203   14069770.600          0.003 2148
1312.431   13996990.840          0.003 2148
 871.714    9802466.893          0.002 2148
1314.704   12834927.546          0.003 2148
1376.657   14415553.583          0.003 2156
 827.903    9097802.842          0.002 2156
 372.606    4642696.350          0.001 2156
 619.598    6958397.262          0.001 2156
1137.754   12890290.358          0.003 2156
1423.213   15591171.760          0.003 2156
1304.438   14330183.074          0.003 2173
 814.029    9564429.170          0.002 2173
 714.269    8170326.254          0.002 2173
 427.264    5461127.562          0.001 2173
 838.890    9424627.634          0.002 2173
1275.893   15875962.508          0.003 2173
1235.766   12944483.523          0.003 2178
1084.328   11690159.092          0.002 2178
 321.384    4120407.630          0.001 2178
 687.560    8353066.406          0.002 2178
1162.213   12693345.683          0.003 2178
 979.716   11078389.119          0.002 2192
 735.173    8116666.036          0.002 2192
 718.468    8542493.419          0.002 2192
1141.136   12074694.618          0.003 2192
1333.889   12794875.624          0.003 2192
1490.873   15936048.937          0.003 1615
1062.634   11960022.778          0.003 1615
 908.878   10353627.404          0.002 1615
 613.380    7068158.106          0.002 1615
 407.205    4601379.540          0.001 1615
 569.769    6280715.955          0.001 1615
 374.013    3514831.826          0.001 1574
   0.000          0.000          0.000 1574
   0.000          0.000          0.000 1575
 111.259    1218728.932          0.000 1575
 477.753    5201382.699          0.001 1575
 837.232   10594024.444          0.002 1575
 577.871    6540422.334          0.001 1575
 749.978    8552828.213          0.002 1575
1036.047   11821631.560          0.003 1575
1448.697   16769102.692          0.004 1575
1107.117   11090483.568          0.002 2148
1038.437   11524331.788          0.003 2148
 739.145    8459347.744          0.002 2148
 954.789    9921575.045          0.002 2148
1459.079   19457261.904          0.004 2148
1226.151   13770076.368          0.003 2156
 375.358    4666869.409          0.001 2156
 622.283    7050528.925          0.001 2156
1054.230   11204181.458          0.002 2156
1264.310   11904867.967          0.003 2156
1528.511   17498343.069          0.004 2156
1067.107   11443663.011          0.002 2173
 661.138    7852001.869          0.002 2173
 395.310    5043774.245          0.001 2173
 847.448   10418522.605          0.002 2173
1235.731   15457426.851          0.003 2178
 719.146    8624747.977          0.002 2178
 810.905    9326168.166          0.002 2178
 268.410    3427233.746          0.001 2178
 847.114   11862559.025          0.003 2178
1234.360   14221307.626          0.003 2178
1298.488   15456215.352          0.003 2184
1207.035   13515989.610          0.003 2192
 768.339    9288862.989          0.002 2192
 475.468    5652288.945          0.001 2192
 849.428    9287401.711          0.002 2192
1345.948   14986964.474          0.003 1615
1034.010   11838232.884          0.003 1615
 531.332    6119994.360          0.001 1615
 299.877    3354062.748          0.001 1615
 160.660    1774494.602          0.000 1615
  46.638     512583.811          0.000 1615
   0.000          0.000          0.000 1615
   0.000          0.000          0.000 1616
 276.416    2963084.754          0.001 1575
 235.785    2599807.049          0.001 1575
 364.939    4051554.931          0.001 1575
 639.128    7245139.922          0.002 1575
1031.274   11603893.757          0.003 1575
1378.239   16873226.126          0.004 2148
 736.268    8166429.180          0.002 2148
 713.707    8259432.407          0.002 2148
 622.914    7145662.487          0.002 2148
1056.831   12591838.199          0.003 2148
1386.988   17732192.699          0.004 2156
 704.389    7835672.971          0.002 2156
 309.347    3839187.363          0.001 2156
 768.689    8517983.632          0.002 2156
 833.788    8704719.895          0.002 2156
1468.469   15393814.777          0.003 2156
1098.148   11384391.509          0.002 2173
 677.141    7853022.354          0.002 2173
 843.383   12688550.220          0.003 2173
 577.864    7002597.171          0.001 2173
 834.821    9550869.005          0.002 2173
1182.464   15482821.185          0.003 2178
 611.709    7278500.363          0.002 2178
1027.923   11702195.749          0.003 2178
 690.766    7690840.472          0.002 2178
 968.949   10122576.212          0.002 2178
1112.268   13259794.243          0.003 2184
1245.302   15168245.847          0.003 2192
 619.411    7377539.879          0.002 2192
 999.472   12365909.724          0.003 2192
 913.503   12524244.908          0.003 2192
 395.642    4707493.716          0.001 2192
 688.235    6797248.113          0.001 2192
 596.161    6889252.916          0.001 2192
1160.886   12280263.224          0.003 2192
1273.433   13591827.313          0.003 2201
1120.978   11913899.184          0.003 1615
 731.883    8337308.217          0.002 1615
 666.961    7521024.776          0.002 1615
 635.058    6599620.711          0.002 1615
 552.663    6523593.776          0.002 1615
   0.000          0.000          0.000 1658
   0.000          0.000          0.000 1659
 434.298    5142911.590          0.001 1659
 707.998   10881477.409          0.003 1575
 748.394    8094680.122          0.002 1575
 508.610    5659526.756          0.001 1575
 913.854    9930023.861          0.002 1575
1416.206   18440411.959          0.004 1575
1245.279   13000280.812          0.003 2148
 646.526    7217361.404          0.002 2148
 590.166    6790924.185          0.001 2148
 519.728    5940018.158          0.001 2148
 610.011    7022460.207          0.002 2148
1199.457   15639882.745          0.003 2148
 679.697    7458350.515          0.002 2156
 442.688    5215225.341          0.001 2156
 394.997    4706747.804          0.001 2156
 482.625    5641296.078          0.001 2156
1053.934   11154785.561          0.002 2156
1186.552   12081713.685          0.003 2173
 494.788    5949397.999          0.001 2173
 336.216    4268468.778          0.001 2173
 707.239    7477540.803          0.002 2173
1216.205   14331335.706          0.003 2173
 741.156    8315373.984          0.002 2178
 478.785    5647521.010          0.001 2178
 784.432    9734952.346          0.002 2178
 226.477    2876940.085          0.001 2178
 628.875    6941475.935          0.001 2178
1109.183   11344597.486          0.002 2178
 851.828   10036808.370          0.002 2184
1076.609   14374654.792          0.003 2192
 516.566    6097290.330          0.001 2192
 806.265    8650048.744          0.002 2192
 341.323    4050842.612          0.001 2192
 471.326    5455626.577          0.001 2192
 885.382    9695818.556          0.002 2192
1363.135   15257825.385          0.003 2201
1182.382   16282787.912          0.004 2201
 834.685    9271338.548          0.002 2201
1139.392   12995645.679          0.003 2201
1209.054   12632731.228          0.003 1615
 934.349   11281307.060          0.003 1749
 775.867    9169757.793          0.002 1749
 685.399    9975335.237          0.002 1615
 384.433    4095253.029          0.001 1704
   0.000          0.000          0.000 1704
   0.000          0.000          0.000 1705
 126.645    1414527.518          0.000 1705
 378.034    4448553.494          0.001 1705
 911.233   14746839.060          0.003 1575
 868.781    9256625.801          0.002 1575
1104.422   13591791.716          0.003 1575
1541.210   19057488.830          0.004 2140
1243.235   13019582.422          0.003 2148
 512.027    5750615.417          0.001 2148
 426.809    4839806.566          0.001 2148
 952.412   13738475.220          0.003 2148
1198.132   13243947.592          0.003 2148
1013.453   10965637.100          0.002 2156
 595.990    6427551.998          0.001 2156
 258.986    3195898.154          0.001 2156
 826.640   11567279.648          0.003 2156
1053.483   10867307.317          0.002 2156
1414.579   18672645.687          0.004 2160
1348.945   13723854.982          0.003 2166
 961.971   10400038.244          0.002 2173
 808.207    9090226.349          0.002 2173
 389.381    4754589.585          0.001 2173
 287.149    3615904.028          0.001 2173
 970.052   11208291.618          0.002 2173
 862.005   12032717.619          0.003 2178
 362.618    4277200.477          0.001 2178
 402.312    4785979.454          0.001 2178
 521.734    5683380.960          0.001 2178
1219.225   13124633.354          0.003 2178
 968.718   11086400.169          0.002 2184
1038.745   11440524.407          0.003 2184
 765.241    8558976.507          0.002 2192
 437.595    5133786.563          0.001 2192
 743.800   10106517.606          0.002 2192
 400.048    4636453.147          0.001 2192
 704.925    7928826.418          0.002 2192
1135.175   13062267.831          0.003 2192
 997.183   10914184.619          0.002 2201
 648.828    7231290.759          0.002 2201
1221.256   14085465.894          0.003 2201
1443.921   19114417.600          0.004 2201
1087.023   11459446.263          0.003 1830
 488.976    5538045.041          0.001 1749
 245.288    2703756.210          0.001 1749
   0.000          0.000          0.000 1749
   0.000          0.000          0.000 1750
 674.724    7819469.682          0.002 1705
 725.194    9000518.937          0.002 1705
1231.631   15876312.882          0.004 1705
1069.594   11247196.145          0.003 2140
1198.161   13747650.813          0.003 2140
1324.027   17237759.573          0.004 2148
 992.567   13113406.054          0.003 2148
 373.819    4200399.633          0.001 2148
 379.665    4287003.965          0.001 2148
 810.825    8763474.877          0.002 2148
1101.364   14176450.105          0.003 2156
 518.653    5696378.574          0.001 2156
 609.566    6337987.657          0.001 2156
 898.632   11087524.823          0.003 2160
1102.290   12278874.909          0.003 2160
1311.787   15943571.383          0.004 2166
1267.821   22561713.320          0.005 2173
 703.471    7889554.958          0.002 2173
 262.101    3284713.802          0.001 2173
 624.605    7171918.905          0.002 2173
 850.425    8311345.795          0.002 2178
 279.799    3327693.155          0.001 2178
 189.899    2396681.401          0.000 2178
 759.649    8693166.761          0.002 2178
1116.844   16665150.826          0.004 2184
 610.053    6911605.933          0.002 2184
1147.810   18317894.535          0.004 2184
 349.493    4084807.371          0.001 2192
 268.849    3170074.140          0.001 2192
 327.738    3806725.189          0.001 2192
1091.257   13585144.983          0.003 2192
1335.719   17017564.609          0.004 2201
 698.534    7718887.177          0.002 2201
 964.534   11776275.709          0.003 2201
1241.619   15521518.360          0.004 2201
1203.990   13951410.358          0.003 1830
 651.663    6803234.743          0.002 1830
   0.000          0.000          0.000 1788
   0.000          0.000          0.000 1789
 215.368    2284607.748          0.001 1789
 739.619    8325147.256          0.002 1789
1145.378   14988420.050          0.003 2140
1155.582   14067699.998          0.003 2140
 824.023    8768593.928          0.002 2140
 904.339   10316158.667          0.002 2140
 833.153    8564520.118          0.002 2148
 832.270   11970914.809          0.003 2148
 307.549    3452126.494          0.001 2148
 838.058    9728986.912          0.002 2148
 912.654   10092598.711          0.002 2156
 336.322    3848272.742          0.001 2156
 209.027    2565707.656          0.001 2156
 768.602    9203214.537          0.002 2156
 755.879    9045768.290          0.002 2160
 937.451   10481749.018          0.002 2160
 853.248    9327928.858          0.002 2166
1155.190   12627524.868          0.003 2166
 787.786    8273912.977          0.002 2173
 235.486    2939896.108          0.001 2173
 580.385    6215669.810          0.001 2178
 215.903    2607075.059          0.001 2178
 167.728    2107816.958          0.000 2178
 343.798    3897372.362          0.001 2178
1103.197   10336328.616          0.002 2178
1033.717   11567536.438          0.003 2184
 526.594    5906794.436          0.001 2184
 973.019   11169879.255          0.003 2184
 926.379    9356482.982          0.002 2192
 719.131    7440831.477          0.002 2192
 218.981    2562036.167          0.001 2192
 688.673    7452471.152          0.002 2192
 912.856    9905301.433          0.002 2201
 440.486    4872946.216          0.001 2201
 930.176   10808531.840          0.002 2201
 765.160    8143587.297          0.002 2201
 788.378    8230683.096          0.002 1830
 544.354    5645927.524          0.001 1830
 359.452    3715167.066          0.001 1830
 191.500    1978321.450          0.000 1830
   0.000          0.000          0.000 1830
   0.000          0.000          0.000 1831
 483.424    5163798.783          0.001 1789
1069.400   12829101.854          0.003 1789
 992.095   12856148.984          0.003 2140
 651.286    7217044.058          0.002 2140
1081.946   12239315.738          0.003 2148
 550.968    5929501.868          0.001 2148
 268.042    3002233.690          0.001 2148
 985.656   10885306.770          0.002 2148
1201.321   16227104.235          0.004 2154
 699.421    7519806.071          0.002 2156
 165.271    2016127.730          0.000 2156
 515.639    5591587.811          0.001 2156
 945.132   11407105.951          0.003 2160
 626.993    7018015.526          0.002 2160
1140.275   16721282.740          0.004 2160
 631.470    6935483.818          0.002 2166
 964.895   11454056.836          0.003 2166
 650.021    8176377.332          0.002 2173
 714.522    7765647.163          0.002 2173
 945.973   11171112.338          0.003 2178
 340.438    3819175.167          0.001 2178
 140.677    1758007.334          0.000 2178
 656.185    8205103.472          0.002 2178
 951.727    9901572.825          0.002 2178
 675.890    7767326.796          0.002 2184
 460.318    5130439.323          0.001 2184
 763.066   10277282.027          0.002 2192
 189.911    2218480.234          0.000 2192
 758.137   10154909.067          0.002 2192
1026.284   11053511.137          0.003 2192
1206.408   13003028.458          0.003 2201
 551.086    6044711.842          0.001 2201
 645.775    7121972.405          0.002 2201
 577.449    6226714.957          0.001 2201
1170.900   14095671.790          0.003 2201
 699.230    7191028.679          0.002 1830
 524.570    4732144.164          0.001 1830
 211.498    2648688.875          0.001 1870
   0.000          0.000          0.000 1870
   0.000          0.000          0.000 1871
 616.584    8113239.590          0.002 1871
 920.016   10530250.214          0.002 1789
1059.139   13349174.228          0.003 1789
 573.709    5937821.509          0.001 2140
 548.930    5858779.912          0.001 2140
 770.686    8243085.578          0.002 2140
 795.329    8753439.271          0.002 2148
 220.259    2461098.492          0.001 2148
 613.369    6320419.346          0.001 2148
1149.412   14099619.720          0.003 2154
 657.807    6876488.857          0.002 2156
 142.910    1738748.684          0.000 2156
 756.915    8742786.639          0.002 2156
 514.899    5828353.074          0.001 2160
 866.539    9471263.783          0.002 2160
 877.028    9528333.598          0.002 2166
 450.234    4915065.935          0.001 2166
 184.172    2281431.529          0.000 2173
 409.190    4562461.655          0.001 2173
 914.330   11727764.165          0.003 2178
 413.515    4457403.118          0.001 2178
 113.092    1407761.451          0.000 2178
 721.218    7732423.060          0.002 2178
1101.335   12907888.544          0.003 2182
 583.809    6446320.448          0.001 2184
 364.498    4025928.840          0.001 2184
 852.400    9200100.234          0.002 2184
1027.238   11916983.679          0.003 2192
 352.428    3996012.184          0.001 2192
 165.956    1936187.778          0.000 2192
 563.370    6065722.694          0.001 2192
 707.095    7629603.577          0.002 2192
1134.145   13330288.208          0.003 2198
1062.621   12464647.977          0.003 2201
 818.318    9175746.996          0.002 2201
 325.263    3557952.799          0.001 2201
 756.034    7896284.042          0.002 2201
1293.384   14774643.974          0.003 1830
1087.492   12340482.468          0.003 1830
 847.799   10887310.447          0.003 1957
 298.929    3074785.468          0.001 1913
   0.000          0.000          0.000 1913
   0.000          0.000          0.000 1914
 163.855    1695460.606          0.000 1914
 586.713    5973904.860          0.001 1914
 846.187    8549555.438          0.002 1914
 820.168    8559435.322          0.002 2140
 349.541    3717435.805          0.001 2140
 400.106    4305690.327          0.001 2140
1026.148   12118534.022          0.003 2140
 744.917    8903223.605          0.002 2148
 629.245    8249114.267          0.002 2148
1106.435   14633332.546          0.003 2148
 700.014    8008237.100          0.002 2154
 597.363    6754556.842          0.002 2156
 128.802    1564895.283          0.000 2156
 621.177    6750061.127          0.002 2156
 860.296   11131910.316          0.003 2160
 336.087    3685273.853          0.001 2160
 521.560    5745037.816          0.001 2160
 487.575    5265988.855          0.001 2166
 608.330    6415388.321          0.001 2166
 519.688    5824631.315          0.001 2173
 154.591    1905090.646          0.000 2173
 295.983    3355983.124          0.001 2173
 952.684   12651617.842          0.003 2173
 492.189    6723605.748          0.002 2178
 556.101    5801917.901          0.001 2178
1024.179   11310018.156          0.003 2182
 826.817   10885776.711          0.003 2184
 304.008    3344194.434          0.001 2184
 740.497    8017762.053          0.002 2184
 973.142   12727690.970          0.003 2192
 523.020    5526732.299          0.001 2192
 138.981    1618659.438          0.000 2192
 468.433    5025460.392          0.001 2192
 906.287    9783355.476          0.002 2198
 809.270    8994142.536          0.002 2198
1025.801   15690914.057          0.004 2198
 252.056    2762696.238          0.001 2201
 813.240   10191207.714          0.002 2201
1116.168   12091862.313          0.003 2207
1143.364   11940320.523          0.003 2207
 756.660    8114731.494          0.002 1957
 166.708    1761554.872          0.000 1957
   0.000          0.000          0.000 1957
   0.000          0.000          0.000 1958
 567.348    6342214.492          0.002 2001
1025.547   12864199.053          0.003 2136
 800.359   11210087.672          0.003 2140
 237.904    2539025.245          0.001 2140
 618.525    6190767.180          0.001 2140
 725.736    9131211.245          0.002 2145
 698.051    7342074.070          0.002 2148
 149.930    1671981.393          0.000 2148
 697.854    7380786.960          0.002 2148
 823.712    8923226.761          0.002 2151
 475.964    5254805.535          0.001 2154
 467.064    4834118.593          0.001 2156
  92.227    1115801.064          0.000 2156
 799.555    9263523.481          0.002 2156
 284.619    3108007.627          0.001 2160
 948.816   11235869.784          0.003 2166
 300.233    3249580.535          0.001 2166
 696.457    8369503.328          0.002 2166
 487.786    4828023.392          0.001 2173
 114.929    1405419.526          0.000 2173
 673.415    8186291.517          0.002 2173
 796.520    9605436.701          0.002 2174
 612.948    6142525.037          0.001 2178
  79.569     985737.526          0.000 2178
 490.655    5178724.219          0.001 2178
 968.929   10275439.129          0.002 2178
 554.452    5900971.663          0.001 2182
 730.102    8263691.523          0.002 2184
 260.014    2853313.360          0.001 2184
 850.257   11658689.260          0.003 2184
 906.358    9272380.897          0.002 2188
 417.037    4416720.635          0.001 2192
 272.842    2970506.449          0.001 2192
1011.834   11358256.666          0.003 2192
 541.470    5851819.569          0.001 2198
 732.938    8267423.579          0.002 2201
 196.186    2145427.767          0.000 2201
 875.599    9600489.981          0.002 2201
 662.730    6792664.290          0.002 2207
 832.154   11651250.722          0.003 1957
 343.366    3517610.947          0.001 2000
   0.000          0.000          0.000 2000
   0.000          0.000          0.000 2001
 205.106    2100249.848          0.001 2001
 713.134    7351342.309          0.002 2001
 735.184    7537650.204          0.002 2136
 610.172    6175325.039          0.001 2140
 203.247    2167855.679          0.001 2140
 792.339   11008570.872          0.003 2140
 494.823    5750703.415          0.001 2145
 708.570   10143210.811          0.002 2145
 109.393    1218702.002          0.000 2148
 673.305    8848152.319          0.002 2148
 540.215    5740065.110          0.001 2151
 314.099    3399986.892          0.001 2154
 680.087    8382820.400          0.002 2154
  67.674     817028.547          0.000 2156
 569.749    6562234.467          0.002 2156
 557.978    5904775.074          0.001 2160
 217.602    2364287.392          0.001 2160
 396.868    4256816.942          0.001 2160
 896.556    9325870.635          0.002 2160
 426.472    4529793.855          0.001 2166
 466.857    4812221.225          0.001 2166
  93.715    1142279.416          0.000 2173
 585.448    7523402.751          0.002 2173
 821.059    9645788.751          0.002 2178
  59.347     733491.128          0.000 2178
 610.440    7529514.503          0.002 2178
 330.235    3472456.014          0.001 2182
 193.337    2114252.838          0.000 2184
 411.622    4368696.601          0.001 2184
 652.897    6727982.949          0.002 2188
 632.514    6510192.446          0.002 2188
 768.752    8827426.262          0.002 2192
  86.369    1002430.648          0.000 2192
 677.621    7109567.698          0.002 2192
 958.850   11839421.764          0.003 2196
 438.995    4699721.958          0.001 2198
 714.339   13579884.744          0.003 2201
 146.326    1596436.268          0.000 2201
 439.914    4657791.133          0.001 2201
 677.864    6824126.759          0.002 2203
 742.289    8677775.432          0.002 2207
 426.536    4375034.686          0.001 2207
 704.570    8064271.119          0.002 2045
   0.000          0.000          0.000 2045
   0.000          0.000          0.000 2046
 572.518    9319281.443          0.002 2046
 305.729    3167107.973          0.001 2136
 603.536    6529194.781          0.002 2136
 120.475    1285159.264          0.000 2140
 650.819    8631360.286          0.002 2143
 268.559    2923299.234          0.001 2145
  63.484     706650.782          0.000 2148
 629.743    8544200.448          0.002 2148
 224.630    2412048.234          0.001 2154
 504.322    5998329.099          0.001 2156
 644.544    7533078.743          0.002 2156
 352.562    3620566.050          0.001 2160
 144.717    1565767.167          0.000 2160
 693.407   10050419.219          0.002 2162
 634.641    7249691.954          0.002 2164
 140.029    1503928.603          0.000 2166
 735.568    8883402.059          0.002 2168
 716.432    8253167.717          0.002 2169
  62.901     762939.356          0.000 2173
 349.152    3659991.958          0.001 2174
 644.332    9422124.493          0.002 2178
  42.134     519862.678          0.000 2178
 668.962   10852145.081          0.003 2178
 232.803    2437971.402          0.001 2182
 384.829    3986591.368          0.001 2184
 118.111    1285412.004          0.000 2184
 455.849    4703337.439          0.001 2184
 310.968    3205861.591          0.001 2188
 651.075    9055780.365          0.002 2191
  56.004     647836.412          0.000 2192
 586.274    6209179.083          0.002 2195
 536.490    5491859.998          0.001 2196
 235.774    2492105.609          0.001 2198
 507.712    5262095.004          0.001 2201
 101.552    1105419.512          0.000 2201
 309.958    3173455.324          0.001 2203
 618.835    8545869.235          0.002 2204
 645.429    6833422.025          0.002 2207
 224.908    2307014.231          0.001 2207
 600.785    8711725.440          0.002 2087
   0.000          0.000          0.000 2087
   0.000          0.000          0.000 2088
 306.692    3026474.249          0.001 2134
 167.993    1729317.212          0.000 2136
 367.599    3832313.049          0.001 2138
  60.429     644126.738          0.000 2140
 436.162    4641428.821          0.001 2142
 328.718    3273849.225          0.001 2144
 157.526    1688420.709          0.000 2145
 284.490    2817199.681          0.001 2147
 421.101    5723966.765          0.001 2149
 449.465    5221588.655          0.001 2150
 173.215    1790452.056          0.000 2151
 361.888    3578683.287          0.001 2153
 124.114    1320746.231          0.000 2154
  19.208     230798.166          0.000 2156
 299.671    3027552.512          0.001 2158
  55.874     600533.419          0.000 2160
 211.809    2128060.817          0.001 2162
 200.877    1961017.635          0.000 2164
  49.422     529082.351          0.000 2166
 443.428    4468378.996          0.001 2167
 238.429    2439668.221          0.001 2169
 338.138    3270854.102          0.001 2171
  25.669     308997.890          0.000 2173
 184.867    1909996.843          0.000 2174
 310.023    3339939.941          0.001 2176
  18.133     223133.814          0.000 2178
 276.522    2851591.161          0.001 2180
 124.590    1297574.298          0.000 2182
  55.144     597850.581          0.000 2184
 334.141    3409612.031          0.001 2186
 122.735    1258861.421          0.000 2188
 336.653    3335727.196          0.001 2190
  23.250     268378.309          0.000 2192
 350.827    3481043.266          0.001 2194
 160.293    1617994.939          0.000 2196
 110.416    1157644.048          0.000 2198
 403.511    4987739.491          0.001 2201
  38.918     422204.710          0.000 2201
 150.314    1536067.833          0.000 2203
 339.315    3357659.753          0.001 2205
 103.685    1063081.465          0.000 2207
 493.264    5392484.424          0.001 2209
   0.000          0.000          0.000 2131
   0.000          0.000          0.000 2132
   0.000          0.000          0.000 2133
   0.000          0.000          0.000 2134
   0.000          0.000          0.000 2135
   0.000          0.000          0.000 2136
   0.000          0.000          0.000 2137
   0.000          0.000          0.000 2138
   0.000          0.000          0.000 2139
   0.000          0.000          0.000 2140
   0.000          0.000          0.000 2141
   0.000          0.000          0.000 2142
   0.000          0.000          0.000 2143
   0.000          0.000          0.000 2144
   0.000          0.000          0.000 2145
   0.000          0.000          0.000 2146
   0.000          0.000          0.000 2147
   0.000          0.000          0.000 2148
   0.000          0.000          0.000 2149
   0.000          0.000          0.000 2150
   0.000          0.000          0.000 2151
   0.000          0.000          0.000 2152
   0.000          0.000          0.000 2153
   0.000          0.000          0.000 2154
   0.000          0.000          0.000 2155
   0.000          0.000          0.000 2156
   0.000          0.000          0.000 2157
   0.000          0.000          0.000 2158
   0.000          0.000          0.000 2159
   0.000          0.000          0.000 2160
   0.000          0.000          0.000 2161
   0.000          0.000          0.000 2162
   0.000          0.000          0.000 2163
   0.000          0.000          0.000 2164
   0.000          0.000          0.000 2165
   0.000          0.000          0.000 2166
   0.000          0.000          0.000 2167
   0.000          0.000          0.000 2168
   0.000          0.000          0.000 2169
   0.000          0.000          0.000 2170
   0.000          0.000          0.000 2171
   0.000          0.000          0.000 2172
   0.000          0.000          0.000 2173
   0.000          0.000          0.000 2174
   0.000          0.000          0.000 2175
   0.000          0.000          0.000 2176
   0.000          0.000          0.000 2177
   0.000          0.000          0.000 2178
   0.000          0.000          0.000 2179
   0.000          0.000          0.000 2180
   0.000          0.000          0.000 2181
   0.000          0.000          0.000 2182
   0.000          0.000          0.000 2183
   0.000          0.000          0.000 2184
   0.000          0.000          0.000 2185
   0.000          0.000          0.000 2186
   0.000          0.000          0.000 2187
   0.000          0.000          0.000 2188
   0.000          0.000          0.000 2189
   0.000          0.000          0.000 2190
   0.000          0.000          0.000 2191
   0.000          0.000          0.000 2192
   0.000          0.000          0.000 2193
   0.000          0.000          0.000 2194
   0.000          0.000          0.000 2195
   0.000          0.000          0.000 2196
   0.000          0.000          0.000 2197
   0.000          0.000          0.000 2198
   0.000          0.000          0.000 2199
   0.000          0.000          0.000 2200
   0.000          0.000          0.000 2201
   0.000          0.000          0.000 2202
   0.000          0.000          0.000 2203
   0.000          0.000          0.000 2204
   0.000          0.000          0.000 2205
   0.000          0.000          0.000 2206
   0.000          0.000          0.000 2207
   0.000          0.000          0.000 2208
   0.000          0.000          0.000 2209
   0.000          0.000          0.000 2210
   0.000          0.000          0.000 2211
 497.381    5140859.146          0.001   72
 693.262    9118160.958          0.002    7
 337.778    3698193.738          0.001  493
 188.968    2094183.497          0.000  493
 461.622    4819150.822          0.001   26
 431.323    4669705.608          0.001 2192
 360.210    3907408.289          0.001 1010
 102.206    1231898.435          0.000 1010
 246.447    2766337.799          0.001 1010
 448.153    4706603.859          0.001   15
 448.133    4975328.564          0.001 2173
 348.317    3835822.572          0.001 2201
 383.102    4199481.324          0.001 2148
 662.312    7001078.781          0.002 2182
 895.122   10724079.233          0.002   26
 705.816    7750992.709          0.002   26
 232.647    2832591.665          0.001 1010
 477.222    5431446.994          0.001 1010
 454.022    5291449.960          0.001 1405
 725.668    8039108.358          0.002 1405
 422.474    4933192.129          0.001 1405
 823.968    9458469.241          0.002 1405
 604.611    6587928.646          0.001   35
 294.543    3587728.593          0.001   35
 679.455    8347974.193          0.002   35
 839.876    9526278.866          0.002 2192
 814.750    9171637.562          0.002 2192
1031.168   12515301.733          0.003 1362
 864.181    8659128.316          0.002   52
1518.771   15037107.948          0.003 1010
 446.325    5049412.485          0.001 2173
 472.594    5968133.627          0.001 2178
 794.050    8412418.583          0.002   65
1448.174   13728687.969          0.003 2156
1011.366   10538013.964          0.002 2178
1109.843   12863023.513          0.003 2178
 620.325    7798366.269          0.002 2173
 647.476    8095916.440          0.002 2173
 843.267    9574186.553          0.002   60
 488.515    5659827.264          0.001   60
1724.396   14277857.452          0.003   60
1831.589   18456716.636          0.004   60
1876.732   17984016.545          0.004 1362
 971.622    9283990.900          0.002 2178
1249.698   11847028.660          0.002 2178
 587.911    6714920.507          0.002   15
 787.511    8268939.611          0.002   35
2108.356   20073278.214          0.004 2178
2047.268   18040031.462          0.003 2178
2210.006   19051765.217          0.004   41
2030.439   22692288.411          0.005   41
1894.223   18804161.011          0.004 1010
2106.086   16858549.942          0.003 2156
1634.467   12439352.362          0.003 2192
