   0.000          0.000          0.000    1
   0.000          0.000          0.000    2
   0.000          0.000          0.000    3
   0.000          0.000          0.000    4
   0.000          0.000          0.000    5
   0.000          0.000          0.000    6
   0.000          0.000          0.000    7
   0.000          0.000          0.000    8
   0.000          0.000          0.000    9
   0.000          0.000          0.000   10
   0.000          0.000          0.000   11
   0.000          0.000          0.000   12
   0.000          0.000          0.000   13
   0.000          0.000          0.000   14
   0.000          0.000          0.000   15
   0.000          0.000          0.000   16
   0.000          0.000          0.000   17
   0.000          0.000          0.000   18
   0.000          0.000          0.000   19
   0.000          0.000          0.000   20
   0.000          0.000          0.000   21
   0.000          0.000          0.000   22
   0.000          0.000          0.000   23
   0.000          0.000          0.000   24
   0.000          0.000          0.000   25
   0.000          0.000          0.000   26
   0.000          0.000          0.000   27
   0.000          0.000          0.000   28
   0.000          0.000          0.000   29
   0.000          0.000          0.000   30
   0.000          0.000          0.000   31
   0.000          0.000          0.000   32
   0.000          0.000          0.000   33
   0.000          0.000          0.000   34
   0.000          0.000          0.000   35
   0.000          0.000          0.000   36
   0.000          0.000          0.000   37
   0.000          0.000          0.000   38
   0.000          0.000          0.000   39
   0.000          0.000          0.000   40
   0.000          0.000          0.000   41
   0.000          0.000          0.000   42
   0.000          0.000          0.000   43
   0.000          0.000          0.000   44
   0.000          0.000          0.000   45
   0.000          0.000          0.000   46
   0.000          0.000          0.000   47
   0.000          0.000          0.000   48
   0.000          0.000          0.000   49
   0.000          0.000          0.000   50
   0.000          0.000          0.000   51
   0.000          0.000          0.000   52
   0.000          0.000          0.000   53
   0.000          0.000          0.000   54
   0.000          0.000          0.000   55
   0.000          0.000          0.000   56
   0.000          0.000          0.000   57
   0.000          0.000          0.000   58
   0.000          0.000          0.000   59
   0.000          0.000          0.000   60
   0.000          0.000          0.000   61
   0.000          0.000          0.000   62
   0.000          0.000          0.000   63
   0.000          0.000          0.000   64
   0.000          0.000          0.000   65
   0.000          0.000          0.000   66
   0.000          0.000          0.000   67
   0.000          0.000          0.000   68
   0.000          0.000          0.000   69
   0.000          0.000          0.000   70
   0.000          0.000          0.000   71
   0.000          0.000          0.000   72
   0.000          0.000          0.000   73
   0.000          0.000          0.000   74
   0.000          0.000          0.000   75
   0.000          0.000          0.000   76
   0.000          0.000          0.000   77
   0.000          0.000          0.000   78
   0.000          0.000          0.000   79
   0.000          0.000          0.000   80
   0.000          0.000          0.000   81
 788.067   12464098.918          0.003    5
 182.393    1759720.324          0.000    5
 104.784    1087208.841          0.000    7
 364.313    3338059.333          0.001    8
 130.890    1356650.156          0.000   10
 240.282    2234495.687          0.001   12
 289.387    2911346.102          0.001   13
  41.981     461005.280          0.000   15
 264.646    2657576.097          0.001   17
 520.586    5193041.340          0.001   19
  65.675     687951.137          0.000   20
 696.305    8267648.755          0.002   20
 221.043    2284983.022          0.001   24
  32.125     366781.553          0.000   26
 666.171    7569384.054          0.002   26
 147.922    1529110.448          0.000   30
 307.509    3038044.654          0.001   32
 467.439    4770147.918          0.001   35
  21.361     250257.105          0.000   35
 188.740    1839433.983          0.000   37
 661.633    7852804.792          0.002   41
  26.566     306179.656          0.000   41
 218.616    2240175.730          0.001   43
 243.111    2316425.229          0.001   45
  39.835     439947.254          0.000   47
 203.027    2049550.670          0.001   49
 334.485    3046656.249          0.001   51
  32.571     380333.940          0.000   52
 211.025    1832334.764          0.001   54
 118.974    1223944.976          0.000   56
 185.127    1764712.485          0.000   58
  29.591     335204.505          0.000   60
  51.811     587621.265          0.000   60
 227.156    2263211.432          0.001   63
  50.484     549803.358          0.000   65
 689.444    9484464.139          0.002   65
 121.803    1236360.475          0.000   69
 428.112    4250648.011          0.001   72
  78.711     838236.959          0.000   72
 248.369    2442994.300          0.001   74
 147.554    1457581.570          0.000   76
 305.768    2801136.451          0.001   78
   0.000          0.000          0.000  124
   0.000          0.000          0.000  125
 476.717    4701536.472          0.001  125
 504.417    4973009.751          0.001    5
 233.916    2452362.734          0.001    7
 285.165    2993903.149          0.001   10
 670.652    6698049.264          0.002   10
 674.894    6475941.746          0.002   12
 414.160    4178835.066          0.001   15
 728.762    7838654.193          0.002   17
 155.252    1642374.737          0.000   20
 700.004    9534761.482          0.002   20
 712.369    8508478.039          0.002   24
 462.189    4647361.918          0.001   26
  57.898     662689.966          0.000   26
 388.632    4028970.589          0.001   30
 521.823    5286153.909          0.001   35
  52.332     615784.198          0.000   35
 348.735    3615063.520          0.001   35
 702.434    7264754.884          0.002   37
 629.128    8180030.699          0.002   41
  53.943     622565.492          0.000   41
 412.109    4302045.545          0.001   43
 517.458    4791187.975          0.001   45
  94.885    1057850.140          0.000   47
 391.165    3981043.467          0.001   49
 591.225    6044795.766          0.002   49
  59.131     691916.740          0.000   52
 188.711    1945090.684          0.000   56
 491.796    4995217.229          0.001   56
 623.605    6252770.079          0.002   58
  71.917     816263.019          0.000   60
 666.508    8267783.955          0.002   63
  96.973    1060095.517          0.000   65
 654.548    8637727.273          0.002   65
 244.852    2502695.714          0.001   69
 652.986   10055506.517          0.002   69
 149.575    1599948.548          0.000   72
 739.121    7985132.151          0.002   74
 312.810    3142752.016          0.001   76
 564.260    5697823.475          0.001   76
 229.987    2248838.401          0.001  166
   0.000          0.000          0.000  166
   0.000          0.000          0.000  167
 549.079    5529839.827          0.001  167
 841.964    9350480.528          0.002    7
 374.623    3964704.454          0.001    7
 516.052    5476620.440          0.001   10
 958.545   12514549.501          0.003   10
 704.097    7940514.881          0.002   15
 112.957    1245787.178          0.000   15
 759.757   11758391.930          0.003   20
 436.692    4713668.599          0.001   20
 554.581    5805535.437          0.001   20
 888.297   11591309.929          0.003   26
 334.143    4257990.663          0.001   26
  84.807     973099.160          0.000   26
 464.105    4763244.118          0.001   26
 481.943    5195379.674          0.001   30
 511.051    5168827.030          0.001   35
  78.684     928121.597          0.000   35
 214.004    2338030.933          0.001   35
 623.709    8746538.337          0.002   35
 924.753   10304163.237          0.002   35
 675.432    7112296.235          0.002   41
  95.793    1108568.533          0.000   41
 422.742    5011430.219          0.001   41
 575.542    7110458.112          0.002   47
 869.453   11296691.553          0.003   49
  89.014    1046061.788          0.000   52
 504.995    6301908.460          0.002   52
 794.791   11777223.120          0.003   52
 329.192    3423955.956          0.001   56
 582.966    7149219.897          0.002   60
 361.837    3775869.552          0.001   65
 138.123    1514473.312          0.000   65
 695.974    9532085.443          0.002   65
 454.220    4698215.762          0.001   69
 736.927    8145535.861          0.002   72
 215.255    2313198.684          0.001   72
 935.790   12392152.922          0.003   72
 944.100   10200581.334          0.002   76
 813.811    9744835.118          0.002  166
 439.962    4508082.406          0.001  208
   0.000          0.000          0.000  208
   0.000          0.000          0.000  209
 602.233   10440169.572          0.003  209
 844.216   10331374.495          0.002  251
 615.935    6596702.001          0.002    7
 898.057   11273023.460          0.003    7
 909.495   10517725.820          0.002   15
 301.553    3272570.040          0.001   15
 166.003    1842262.208          0.000   15
 879.393   12941317.663          0.003   20
 338.563    3643641.364          0.001   20
 719.829    8307183.872          0.002   20
 824.166    9275981.293          0.002   20
 108.712    1250327.574          0.000   26
 368.943    3906690.397          0.001   26
 729.576    8122471.816          0.002   30
 606.144    6138357.477          0.001   35
 105.235    1245265.494          0.000   35
 651.216    6751890.327          0.002   35
1052.507   11528233.250          0.003   41
 684.509    7119834.666          0.002   41
 127.563    1478746.634          0.000   41
 672.667    6345771.788          0.001   41
 676.775    6737933.398          0.002   47
 164.338    1853228.813          0.000   47
 619.743    6716033.011          0.002   47
 495.263    5081343.652          0.001   52
 125.740    1482861.618          0.000   52
 248.068    2766548.995          0.001   52
 705.229    7332184.622          0.002   56
 496.677    5229998.353          0.001   56
 822.386    8462465.536          0.002   60
 308.172    3350711.060          0.001   60
 140.744    1603548.781          0.000   60
 196.966    2166130.876          0.000   65
 834.630    9403055.107          0.002   65
 769.327    8126461.894          0.002   69
 546.320    5824041.329          0.001   72
 514.438    5549363.336          0.001   72
 982.021   12794664.395          0.003  294
 625.111    6156878.066          0.001  294
 764.876    9970812.070          0.002  294
   0.000          0.000          0.000  250
   0.000          0.000          0.000  251
 256.823    2672810.293          0.001  251
 873.077   11149921.341          0.003  251
 896.354    9611469.502          0.002    7
 787.005    8954426.626          0.002    7
1151.681   12658671.602          0.003   10
 732.797    7847984.081          0.002   15
 623.754    9271551.187          0.002   15
 225.141    2510537.455          0.001   15
 852.690    8874182.809          0.002   20
 890.136   11712379.806          0.003   20
 652.224    6598901.438          0.002   26
 296.191    3286206.296          0.001   26
 162.187    1878055.069          0.000   26
 239.519    2683499.801          0.001   26
 614.346    6562013.118          0.002   26
 949.870   13018405.647          0.003   26
1052.291   12349652.550          0.003   35
 593.313    6258736.655          0.001   35
 123.585    1465815.274          0.000   35
 703.384    7865781.439          0.002   35
1077.652   13162773.793          0.003   35
 781.679    8453407.946          0.002   41
 164.305    1910185.387          0.000   41
 595.858    6660743.312          0.002   47
 227.344    2590058.656          0.001   47
 837.217   11619468.295          0.003   47
 617.847    6660327.766          0.002   52
 375.583    4206533.637          0.001   52
1014.134   11007522.902          0.003   56
 836.144    9276642.908          0.002   56
 546.798    5733513.874          0.001   60
 380.719    4271019.389          0.001   60
 205.071    2348928.759          0.001   60
 668.955    8637112.367          0.002   65
 284.003    3135972.663          0.001   65
 390.620    4377822.757          0.001   65
 987.316   11158318.374          0.003   72
 402.961    4365582.040          0.001   72
 698.771    7431480.133          0.002   72
 937.848   10525839.972          0.002  294
 412.379    4124072.978          0.001  294
 131.396    1359947.386          0.000  294
   0.000          0.000          0.000  294
   0.000          0.000          0.000  295
 564.273    6041480.070          0.001  251
 888.004    9538706.034          0.002  251
1025.224   10893439.711          0.003  452
 970.726   10326667.345          0.002  452
 977.799   10287817.648          0.002   15
 543.342    5903551.901          0.001   15
 272.793    3052590.766          0.001   15
 768.418    8387767.614          0.002   15
 581.854    6385458.317          0.001   20
 709.395    7041641.144          0.002   26
 350.586    3828033.505          0.001   26
 630.353   10319803.638          0.002   26
 393.501    4374018.199          0.001   26
 982.980   11251531.356          0.003   26
 451.296    4833774.368          0.001   35
 161.358    1926135.116          0.000   35
 301.088    3414506.175          0.001   35
 859.307    8950392.231          0.002   35
 774.966    8736829.647          0.002   41
 185.796    2163691.757          0.000   41
 670.583    6769281.513          0.002   41
 737.959    8092338.911          0.002   47
 273.704    3140670.886          0.001   47
 182.442    2160804.091          0.000   52
 790.512   10272232.159          0.002   52
 711.397    7990796.576          0.002   52
1222.189   13593167.150          0.003   60
 945.065   12382725.704          0.003   60
 724.174   10051065.682          0.002   60
 688.397    7071388.880          0.002   60
 854.099   10706878.220          0.002   65
 493.784    5659623.905          0.001   65
 889.806    9681615.987          0.002   65
1082.824   11900758.086          0.003   72
 476.473    5170811.759          0.001   72
 867.277   10830474.827          0.003   72
1146.320   12927127.896          0.003   72
 795.592    7563530.762          0.002  294
 585.837    7956904.052          0.002  335
   0.000          0.000          0.000  335
   0.000          0.000          0.000  336
 529.301    5883181.191          0.001  336
 747.158    7917444.166          0.002  452
 533.738    5800812.791          0.001  452
1053.453   10981289.371          0.003  452
 957.687   10195935.319          0.002   15
 731.270    7971234.529          0.002   15
 337.305    3790353.420          0.001   15
 673.292    7695323.478          0.002   15
1127.801   13800141.210          0.003   15
 771.624    8494701.715          0.002   20
1071.519   12614778.086          0.003   26
 630.325    6430539.397          0.001   26
 217.332    2534363.500          0.001   26
 487.154    5168292.960          0.001   26
 533.858    5923100.053          0.001   26
1083.135   12620927.577          0.003   35
 410.171    4655950.601          0.001   35
1182.800   13817483.440          0.003   41
 828.823    9469571.842          0.002   41
 218.950    2555260.191          0.001   41
 475.664    4975813.296          0.001   41
 336.333    3899923.079          0.001   47
 545.906    6108561.959          0.001   47
 518.881    5554182.281          0.001   52
 554.308    5983424.256          0.001   52
1053.249   11921013.371          0.003   52
1077.544   12461829.739          0.003   60
 541.711    5995391.794          0.001   60
 276.729    3185628.101          0.001   60
 412.433    4532809.462          0.001   65
 999.733   11561591.479          0.003   65
 695.164    7543057.189          0.002   72
 937.469   10322222.951          0.002   72
 604.305    7551983.334          0.002  372
 109.095    1158373.351          0.000  372
   0.000          0.000          0.000  372
   0.000          0.000          0.000  373
 744.849    9347832.866          0.002  452
 350.533    3816025.677          0.001  452
1009.012   11621030.024          0.003  452
1012.589   11015691.238          0.002  452
1342.824   15272410.615          0.003   15
 661.418    7408461.238          0.002   15
 385.249    4340539.173          0.001   15
 857.341   10485279.082          0.002   15
 949.839   10406418.573          0.002   20
1170.219   11569815.436          0.003   26
 719.499    9684831.126          0.002   26
 667.905    7918502.201          0.002   26
 851.077    9468692.765          0.002   26
 804.586    8955072.577          0.002   35
 207.541    2496331.082          0.001   35
 606.583    7163907.947          0.002   35
 942.202    9955849.010          0.002   35
 811.003    8232365.010          0.002   41
 253.182    2959999.544          0.001   41
 933.282   12506619.818          0.003   47
 380.008    4440698.925          0.001   47
 891.428   11426833.625          0.003   47
 751.198   13769369.619          0.003   52
 243.001    2887686.980          0.001   52
 564.903    6069804.975          0.001   52
1171.189   13519727.757          0.003   52
1122.640   11585784.974          0.003   60
 682.107    7351277.503          0.002   60
 352.391    4072840.741          0.001   60
 461.851    5296031.940          0.001   60
 838.843   10752032.813          0.002   60
 779.225    7602797.086          0.002   65
1080.096   10473016.431          0.002   65
1223.269   13436211.343          0.003   72
1063.794   11419184.867          0.003   72
1045.921   12629594.010          0.003  492
 812.146    8959095.204          0.002  492
 848.026    8446911.781          0.002  372
 320.127    3414381.696          0.001  372
   0.000          0.000          0.000  413
   0.000          0.000          0.000  414
 323.519    3430483.768          0.001  452
 223.246    2433762.269          0.001  452
 798.268    8962821.003          0.002  452
 712.018    7830539.171          0.002  452
 959.023   10421396.130          0.002   15
 476.570    5392638.992          0.001   15
 781.848    8500518.333          0.002   15
1422.029   17820660.615          0.004   20
 848.706    9792133.823          0.002   26
 272.427    3193985.069          0.001   26
 924.001   10236612.542          0.002   26
 910.820    9858803.116          0.002   26
 575.019    6196727.181          0.001   35
 335.519    3938384.375          0.001   35
 860.530   10760101.250          0.002   35
1333.552   15842727.726          0.004   41
 982.190   10260637.697          0.002   41
 284.808    3332937.366          0.001   41
 848.469   10946732.373          0.002   41
 478.642    5710344.366          0.001   47
 867.261    9426610.953          0.002   47
 971.141   10384917.017          0.002   52
 305.216    3650153.844          0.001   52
 305.280    3612527.018          0.001   52
 775.093    8433828.759          0.002   52
1179.181   12099765.077          0.003   52
1343.600   15011570.313          0.003   60
 671.012    7222907.987          0.002   60
 900.058   10318559.317          0.002   60
 553.166    6037666.686          0.001   65
1144.207   11633067.478          0.003   65
1412.268   16195094.909          0.004  492
 873.860   10028186.485          0.002  492
1016.918   15909283.797          0.004  492
 563.982    6181030.010          0.001  492
 701.560    7903640.191          0.002  492
   0.000          0.000          0.000  451
   0.000          0.000          0.000  452
  44.558     484391.502          0.000  452
 109.496    1190855.263          0.000  452
 582.090    6164969.384          0.001  452
 380.440    4171127.611          0.001  452
 995.088   11163056.203          0.003  452
1358.631   18283289.855          0.004  452
1053.318   12624190.611          0.003   15
 544.880    6184912.950          0.001   15
 720.064    8254872.032          0.002   15
1185.543   12135829.453          0.003   15
1089.762   11120070.682          0.002   26
 715.019    7669959.335          0.002   26
 303.476    3567065.072          0.001   26
 862.641   10569780.365          0.002   26
 681.346    6642200.530          0.001   35
 266.305    3232272.896          0.001   35
 491.128    5654131.751          0.001   35
 866.557    9224901.056          0.002   35
 567.509    6241896.709          0.001   41
 331.744    3882659.042          0.001   41
 880.626   11643146.368          0.003   41
 523.428    6296243.279          0.001   47
 651.999    8024127.260          0.002   47
 880.061    9625595.366          0.002   52
 776.816    8274651.674          0.002   52
1252.188   15375994.778          0.003   52
1552.194   16159114.202          0.004   52
1123.285   15696564.175          0.003   60
 436.692    5062384.425          0.001   60
 933.495   13288356.281          0.003   60
1205.727   20289933.066          0.005   65
 637.665    6934915.324          0.002   65
1241.898   14565001.205          0.003   65
1132.082   12310482.232          0.003  492
 596.502    6822913.142          0.002  492
 427.219    4814342.427          0.001  492
 260.595    2882365.868          0.001  492
 122.176    1338571.694          0.000  492
  51.432     560733.509          0.000  492
   0.000          0.000          0.000  492
   0.000          0.000          0.000  493
 317.429    3442907.109          0.001  452
 959.787   14321957.166          0.003  452
 951.710   12371674.438          0.003  452
 681.419    7533689.296          0.002  452
 503.989    5548944.842          0.001  452
 809.131    9036834.496          0.002  452
1339.851   17444193.559          0.004  452
 909.751   10101692.107          0.002   15
 772.937    8755224.690          0.002   15
1273.011   15879815.846          0.004   15
1056.006   10347497.390          0.002   26
 746.272    7854478.924          0.002   26
 354.793    4184794.430          0.001   26
 557.066    6236070.722          0.001   26
1087.912   12709558.759          0.003   26
1054.288   10597484.437          0.002   35
 589.147    6505700.045          0.001   35
 680.414    8360190.685          0.002   35
 673.248    7802298.067          0.002   35
 650.396    7385166.661          0.002   35
1024.634   10773618.745          0.002   35
1116.689   12214760.417          0.003   41
 713.292    7287831.530          0.002   41
 363.726    4252281.990          0.001   41
 739.735    7673144.614          0.002   41
1101.268   16655098.427          0.004   47
 785.442    9825038.111          0.002   47
 380.709    4567184.450          0.001   52
 409.729    4812465.265          0.001   52
1002.970   11143706.354          0.002   52
1347.491   14614694.214          0.003   52
1177.086   11576454.080          0.003   60
 904.031    9361082.819          0.002   60
 597.403    6819772.767          0.001   60
 988.918   10666580.256          0.002   60
 968.092   10021440.486          0.002   65
 863.215    9102934.186          0.002   65
1591.222   21319270.018          0.005  492
 889.834   10520582.738          0.002  492
 734.596    8466113.429          0.002  492
 848.386   12300438.521          0.003  492
 638.243    7968599.703          0.002  492
 522.640    6007647.126          0.001  492
 362.073    4554808.415          0.001  492
   0.000          0.000          0.000  538
   0.000          0.000          0.000  539
 564.034    5915396.888          0.001  539
 919.103    9763549.666          0.002  624
1012.884   13753272.960          0.003  624
1087.294   12329980.008          0.003  452
1483.827   20408086.204          0.005  624
1236.037   13398738.211          0.003   15
 775.887    8682366.311          0.002   15
1266.065   14215075.947          0.003   15
1306.981   16408062.005          0.004   26
 865.291    9925681.041          0.002   26
 380.912    4499614.917          0.001   26
 860.429   10517617.076          0.002   26
1170.778   12908447.260          0.003   26
 965.835   10390246.457          0.002   35
 341.457    4176382.553          0.001   35
 879.051   11774786.786          0.003   35
 992.510   11741886.241          0.003   35
1091.489   11146024.724          0.002   35
 947.955   10443954.219          0.002   41
 417.026    4852627.574          0.001   41
1084.202   13056307.170          0.003   41
 648.920    7954631.854          0.002   47
 806.329    7969846.079          0.002   52
 481.370    5628709.796          0.001   52
1044.955   12774731.617          0.003   52
1512.069   17034461.559          0.004   52
1347.844   14516151.410          0.003   60
 799.098    8796925.258          0.002   60
 539.444    6264252.185          0.001   60
1074.897   13042083.569          0.003   60
1379.606   15991376.886          0.004   65
1120.097   11324403.710          0.002   65
1273.005   12535732.267          0.003   65
1414.368   17854329.019          0.004  492
 925.122   10096445.428          0.002  623
 710.834    7882690.057          0.002  623
 745.947    8257712.306          0.002  623
 548.331    7381065.849          0.002  623
   0.000          0.000          0.000  578
   0.000          0.000          0.000  579
 543.159    6454425.080          0.002  624
 573.960    5841533.253          0.001  624
 620.832    6769904.865          0.002  624
 760.195    8585272.837          0.002  624
 987.984   11905572.505          0.003  624
 864.578    9970818.563          0.002  624
1317.802   16023868.957          0.004  624
1159.123   12332174.715          0.003   15
1042.932   11084614.918          0.002   15
1486.058   16851815.969          0.004   15
1256.480   13593067.392          0.003   26
 722.578    7568460.097          0.002   26
 496.420    5760212.717          0.001   26
 582.651    6557373.236          0.001   26
1095.902   10882549.042          0.002   26
1302.096   14922429.546          0.003   35
 754.105    8335882.480          0.002   35
 461.301    5559843.143          0.001   35
 738.629    7896438.684          0.002   35
1013.785   11337049.021          0.002   35
1236.427   12542322.140          0.003   41
 466.678    5398673.628          0.001   41
 710.574    7409112.590          0.002   41
1210.535   19095266.620          0.004   47
1000.553   11387183.253          0.003   47
1278.016   19859898.598          0.004   47
 455.954    5460332.696          0.001   52
 544.416    6352873.456          0.001   52
 759.302    8286312.093          0.002   52
1000.790   10036673.839          0.002   52
1419.397   13852739.198          0.003   52
1386.428   13618022.126          0.003   60
1329.888   14878172.046          0.003   60
1081.020   14148430.186          0.003   60
 922.723    9976020.922          0.002   60
1322.111   14176226.270          0.003   60
1526.937   14489206.811          0.003   65
1169.045   13087719.034          0.003  623
 647.703    7401039.965          0.002  623
 455.496    5169580.733          0.001  623
 322.746    3635368.413          0.001  623
 187.529    2093356.039          0.000  623
  70.756     785151.837          0.000  623
   0.000          0.000          0.000  623
   0.000          0.000          0.000  624
 114.398    1279155.550          0.000  624
 238.663    2689590.898          0.001  624
 307.448    3483556.013          0.001  624
 435.597    4998725.374          0.001  624
 597.777    6989837.622          0.002  624
1114.274   12915630.499          0.003  624
1429.736   15677669.455          0.003   15
1457.141   14040057.224          0.003   15
1556.732   16025670.463          0.003   26
1228.421   12805799.651          0.003   26
 675.633    7425740.976          0.002   26
 460.387    5463903.511          0.001   26
1513.986   16670503.680          0.004   26
 888.569    9576356.511          0.002   35
 409.057    5025282.931          0.001   35
 580.027    6890448.840          0.001   35
1105.147   12544189.735          0.003   35
1514.834   18643031.526          0.004   35
 785.195    8394288.675          0.002   41
 543.858    6207151.541          0.001   41
1072.982   11429832.481          0.002   41
 811.482    9989027.106          0.002   47
1213.443   14248203.217          0.003   47
 885.583    9793961.750          0.002   52
 529.256    6296872.780          0.001   52
 667.601    7692160.123          0.002   52
1131.367   11400572.209          0.002   52
1452.634   16342492.488          0.003   60
1229.653   15625943.810          0.003   60
 651.115    7492111.956          0.002   60
1207.196   12192868.827          0.003   60
1443.310   13851516.992          0.003   60
1612.277   18128912.367          0.004  623
1235.599   14008022.219          0.003  623
 827.919    9478399.228          0.002  623
 916.687    9425368.044          0.002  623
 789.691    8197453.152          0.002  623
 560.640    6086743.994          0.001  623
 487.426    5168415.260          0.001  623
 292.716    3332145.172          0.001  665
   0.000          0.000          0.000  665
   0.000          0.000          0.000  666
 565.676    6436329.155          0.001  624
 511.947    5649071.748          0.001  624
 635.490    7250245.880          0.002  624
 631.150    7245627.702          0.002  624
 951.760   10442903.123          0.002  624
 837.426   10015254.164          0.002  624
1225.286   14452937.461          0.003  624
1811.589   26892935.257          0.006  624
1464.469   15622324.265          0.003   26
 916.542    9192026.512          0.002   26
1045.875   17589297.700          0.004   26
 513.572    6103293.248          0.001   26
 914.970   10776992.774          0.002   26
1005.125    9984950.299          0.002   26
1573.546   19147033.740          0.004   26
1100.471   10777022.296          0.002   35
 873.486   10850032.108          0.002   35
 748.166    8628062.874          0.002   35
1428.099   14279471.853          0.003   35
1484.620   13593205.328          0.003   41
 959.996    9617995.904          0.002   41
1391.827   19480734.322          0.004   47
 925.323   11329350.848          0.002   47
1008.169   11457329.603          0.002   52
1043.671   11305033.582          0.002   52
1438.439   16165751.477          0.003   60
 870.328    9340196.205          0.002   60
 810.411    9016926.658          0.002   60
1490.709   15279021.033          0.003   60
1749.013   17398386.505          0.004 1007
1343.457   16550813.849          0.004  623
1056.355   14092826.324          0.003  792
 969.320   12434461.286          0.003  792
1010.077   15384341.392          0.003  792
 288.459    3066955.482          0.001  702
   0.000          0.000          0.000  702
   0.000          0.000          0.000  703
 237.595    2553548.539          0.001  703
 791.725   11317824.050          0.003  703
 851.537   11561077.572          0.003  837
 787.240    8895990.449          0.002  837
1204.362   15400920.596          0.003  837
 912.058    9582680.450          0.002  837
1317.418   12668596.983          0.003  837
1540.232   16689921.500          0.004  837
1588.509   13991512.980          0.003   26
1412.198   13063577.493          0.003   26
1222.059   14237368.025          0.003   26
 630.180    7384814.093          0.002   26
 975.050   12213450.500          0.003   26
1108.137   11391449.042          0.002   26
1582.259   19201059.214          0.004   26
1533.417   15018555.874          0.003   35
1192.733   12067354.779          0.003   35
 474.607    5827592.292          0.001   35
 894.906   11076003.086          0.002   35
1190.578   15704553.867          0.003   35
 888.747    9942668.721          0.002   35
1577.020   16980333.684          0.004   35
1251.240   15545540.533          0.003   41
 648.166    7185875.012          0.001   41
1280.022   15308611.825          0.003   41
1567.524   16386906.449          0.003   41
1163.236   13703319.081          0.003   47
1433.811   15559969.343          0.003   47
1231.469   14037313.439          0.003   52
 646.640    7465773.107          0.002   52
 990.807   10158626.499          0.002   52
1494.946   17253584.078          0.004   52
1684.566   22039851.238          0.005   52
1224.446   11577013.558          0.002   60
1313.954   14270559.337          0.003   60
1313.555   11945904.997          0.003   60
1563.289   14029666.657          0.003 1007
1398.333   14531877.714          0.003 1007
1359.059   18879762.869          0.004  792
1021.880   13867655.636          0.003  792
 698.975    8825194.662          0.002  792
 621.725    6961227.077          0.002  792
 343.704    3811452.194          0.001  792
   0.000          0.000          0.000  747
   0.000          0.000          0.000  748
 207.049    2200408.287          0.001  748
 750.466    8218658.251          0.002  837
 448.427    4879715.116          0.001  837
 471.156    5418237.440          0.001  837
 736.924    8682234.123          0.002  837
 869.696   10023101.748          0.002  837
 539.149    6370203.866          0.001  837
 936.427    9851104.255          0.002  837
1326.778   13159144.828          0.003  837
1576.344   15011886.348          0.003   26
1096.140   11123905.021          0.002   26
 711.287    8205652.683          0.002   26
 652.296    7588013.271          0.002   26
1374.580   14177670.870          0.003   26
1541.882   17672712.656          0.004   35
 543.905    6633662.752          0.001   35
 567.310    6840880.511          0.001   35
 932.091   10239906.683          0.002   35
1269.397   14141670.156          0.003   35
1369.451   13714517.344          0.003   35
1251.706   11878795.450          0.002   41
 733.330    7894235.123          0.002   41
 985.887    9616131.779          0.002   41
1583.788   15811445.236          0.003   41
1403.244   15809035.751          0.003   47
1532.468   13181538.983          0.003   52
 929.366    9313876.431          0.002   52
 746.579    8357468.924          0.002   52
 930.174    9388255.534          0.002   52
1196.032   11481115.837          0.002   52
1786.923   20350124.109          0.004   52
1797.990   15692968.193          0.003   60
1365.285   12697459.473          0.003   60
1638.148   16113371.923          0.003 1007
1391.321   15840528.674          0.003 1007
1091.046   10565807.026          0.002 1007
1024.315    9928818.513          0.002 1007
1144.609   14357424.672          0.003 1007
 723.754    9064757.572          0.002  792
 533.721    6463596.097          0.001  792
 420.347    4977636.818          0.001  792
 248.547    2850600.539          0.001  792
 117.014    1318778.849          0.000  792
   0.000          0.000          0.000  792
   0.000          0.000          0.000  793
 602.464    6519620.427          0.002  837
 153.048    1766205.639          0.000  837
 222.284    2582218.545          0.001  837
 389.370    4591365.849          0.001  837
 474.576    5619535.240          0.001  837
 812.700    8957682.436          0.002  837
1506.448   16131214.173          0.003  837
1767.045   19007803.515          0.004  837
1108.543   10943813.091          0.002   26
 875.830    9494506.180          0.002   26
1220.140   13824081.487          0.003   26
 841.415    9134552.719          0.002   26
1279.055   13938926.002          0.003   35
 875.904    9362746.286          0.002   35
 604.441    7296799.174          0.001   35
 674.959    7824684.535          0.002   35
1111.443   11562155.992          0.002   35
1599.502   18725083.847          0.004   35
1837.390   17438973.702          0.004   35
1738.354   20082394.294          0.004   41
1333.471   11436723.166          0.002   41
 916.567    8987532.853          0.002   41
1147.320   10195592.376          0.002   41
1559.068   15655974.330          0.003   41
1797.765   19400174.814          0.004   47
1828.886   15530664.696          0.003   52
1123.835   10347284.534          0.002   52
 976.863    9899674.549          0.002   52
1025.799   10244695.167          0.002   52
1525.755   12854808.003          0.003   52
1829.750   15568732.636          0.003   52
2069.103   17574884.277          0.004   60
1745.595   18819617.127          0.004 1007
1440.990   16007424.476          0.003 1007
1182.533   11845110.833          0.002 1007
 971.519   10167161.266          0.002 1007
 733.248    8102561.233          0.002 1007
 911.212    8034790.718          0.002 1007
 806.526    9638850.536          0.002  792
 570.777    6907010.626          0.002  792
 614.366    7403067.116          0.002  792
 211.189    2234578.446          0.001  836
   0.000          0.000          0.000  836
   0.000          0.000          0.000  837
  74.505     854035.661          0.000  837
 579.161    6386578.432          0.001  837
 701.746    8663231.155          0.002  837
 294.893    3448912.594          0.001  837
 793.177   10711143.881          0.002  837
 947.387   10819782.877          0.002  837
 597.611    7050089.963          0.002  837
1098.570   13213365.786          0.003  837
1707.163   18870581.837          0.004  837
1790.107   16677375.073          0.003   26
1361.853   12411941.598          0.003   26
1323.518   14610668.119          0.003   26
1309.785   11877189.185          0.002   26
1311.180   13805353.409          0.003   35
 713.323    8275594.243          0.002   35
1101.556   12835131.096          0.003   35
 904.776    9328583.453          0.002   35
1573.076   13904441.120          0.003   35
1865.533   17333370.945          0.004   41
1164.006   10075051.703          0.002   41
1426.414   11633532.364          0.002   41
1735.620   14074729.841          0.003   41
2087.795   19194816.467          0.004   52
1617.140   13323534.281          0.003   52
1407.206   11570423.195          0.002   52
1346.002   11903230.598          0.002   52
1524.192   13198119.761          0.003   52
1713.589   13929705.754          0.003   52
2110.398   17294283.895          0.004   52
2379.080   20559992.573          0.004   60
2137.388   20180170.997          0.004   60
2008.561   19002434.737          0.004   60
1151.434   12283077.883          0.003 1007
1037.866   10976078.667          0.002 1007
 567.254    6610396.789          0.001 1007
 474.655    5619781.685          0.001 1007
 610.865    8123063.676          0.002 1007
 558.520    5761530.975          0.001 1007
 747.614    8975641.993          0.002 1007
 959.492   13150223.091          0.003 1007
 782.993    9502209.431          0.002  836
 349.368    3614556.059          0.001  880
   0.000          0.000          0.000  880
   0.000          0.000          0.000  881
 677.654    7722929.620          0.002  837
 904.844   10831670.057          0.002  837
 725.752    7887076.836          0.002  837
 481.296    5494198.632          0.001  837
 681.005    7546199.854          0.002  837
1045.854   13858327.202          0.003  837
 732.836    8427173.243          0.002  837
1248.652   12410220.706          0.003  837
1621.343   15887077.635          0.003  837
1653.204   14584285.147          0.003   26
1692.706   14394531.999          0.003   26
1623.563   17180673.636          0.004   26
1199.468   11213540.708          0.002   26
1694.787   20132188.777          0.004   35
 915.472    9527659.228          0.002   35
 872.094    9297389.783          0.002   35
1425.092   15478968.422          0.003   35
1247.338   11027785.745          0.002   35
1997.817   18640830.911          0.004   35
1606.465   13141571.741          0.003   41
1363.857   10843674.469          0.002   41
1782.708   14345385.884          0.003   41
2070.101   16920267.343          0.003   41
1926.048   14207464.708          0.003   52
1789.738   14031924.009          0.003   52
1722.514   14357888.238          0.003   52
2180.587   17741555.899          0.004   52
2478.422   23643099.126          0.005   52
2369.796   20746547.341          0.004 1007
1968.466   17359777.824          0.003 1007
1555.159   12921870.381          0.003 1007
 937.504   10392843.656          0.002 1007
 620.473    7380732.106          0.002 1007
 433.877    5293037.540          0.001 1007
 353.498    4318435.165          0.001 1007
 280.992    3430673.502          0.001 1007
 773.569    8871067.289          0.002 1007
 719.160    8245701.015          0.002  966
 434.231    5197826.822          0.001  921
   0.000          0.000          0.000  921
   0.000          0.000          0.000  922
 360.227    3939912.806          0.001  922
 513.733    5642408.324          0.001  922
 887.247   10018097.373          0.002  922
 971.993    9486878.117          0.002  837
 654.654    7557585.233          0.002  837
1099.707   11448336.108          0.002  837
1018.396   10882244.406          0.002  837
1157.696   13860381.157          0.003  837
1227.583   12561615.576          0.003  837
1989.958   20500510.391          0.004  837
2104.296   19148764.625          0.004   26
1954.763   22047165.972          0.004   26
1378.711   12141847.422          0.002   26
1503.127   16399832.677          0.003   35
1060.184   10256363.504          0.002   35
1219.390   11605821.558          0.002   35
1227.005   11214776.233          0.002   35
1703.205   14427443.349          0.003   35
1605.356   12579560.707          0.003   35
2022.897   19249287.654          0.004   41
1899.031   12550901.549          0.003   41
2059.296   14835463.417          0.003   41
2383.432   22889097.948          0.004   41
2595.438   20846186.654          0.004   41
2392.644   20573780.521          0.004   52
2381.760   18722469.530          0.004   52
2202.811   17028127.708          0.003   52
2504.538   20049047.183          0.004   52
2123.468   16980610.532          0.003   52
2498.274   20407705.802          0.004   52
2570.200   22845167.068          0.004 1007
2158.818   16267056.493          0.003 1007
1605.801   12214211.435          0.002 1007
1074.819    9648876.347          0.002 1007
 628.061    7236691.235          0.001 1007
 550.964    6524159.765          0.001 1007
 634.030    7142948.863          0.001 1007
 811.021    8690846.246          0.002 1007
 669.848    7699549.417          0.002 1007
 198.330    2407497.171          0.001 1007
 510.014    6052248.489          0.001 1007
 517.270    5924311.863          0.001 1007
 206.036    2211371.123          0.001  966
   0.000          0.000          0.000  966
   0.000          0.000          0.000  967
 335.709    3920539.036          0.001  967
 653.682    8115598.424          0.002  967
1097.387   16257213.651          0.004  967
1105.465   14012273.555          0.003 1095
1306.384   16180296.370          0.003 1095
1414.316   15824951.903          0.003  837
1043.603   10757442.872          0.002  837
1552.780   14275193.045          0.003  837
2130.679   19818462.500          0.004  837
2216.274   23625996.828          0.005   26
1923.316   18256104.277          0.004   26
1863.677   16846802.100          0.003   26
1737.756   12944970.478          0.003   35
1591.620   12991415.612          0.003   35
1510.127   13318263.359          0.003   35
1553.206   12746984.094          0.003   35
2008.166   18562254.155          0.004   35
2208.607   16200491.810          0.003   35
2193.752   17272822.387          0.003   35
2369.576   17139081.470          0.003   41
2446.055   20235096.508          0.004   41
2352.341   19749676.688          0.004 2174
2304.136   20492037.012          0.004 2174
2297.328   17688546.181          0.003 2174
2497.729   23949655.134          0.004 2174
2123.588   16906761.689          0.003 2174
2605.383   26411155.591          0.005 1007
2226.078   19625593.301          0.004 1007
1899.209   17711675.152          0.004 1007
1264.932   10951812.913          0.002 1007
 766.123    8213425.524          0.002 1007
1105.835   11582898.550          0.002 1007
1091.649   11718722.640          0.002 1007
 952.733    9684868.341          0.002 1007
 699.337    8924147.655          0.002 1007
 214.858    2605692.119          0.001 1007
 131.309    1583374.725          0.000 1007
  74.895     897952.691          0.000 1007
  31.425     374689.416          0.000 1007
   0.000          0.000          0.000 1007
   0.000          0.000          0.000 1008
 209.866    2434250.648          0.001 1008
 530.522    8361025.581          0.002 1008
 706.150    8027639.572          0.002 1095
 869.616    8844469.203          0.002 1095
 825.936   10073782.984          0.002 1095
1296.450   15742559.933          0.003 1095
1066.792   12714721.279          0.003 1095
1482.112   13608478.521          0.003  837
1962.262   19130364.601          0.004 1359
1953.886   14828011.015          0.003 1359
2162.411   20867196.389          0.004 1359
2124.480   16642990.531          0.003   26
2161.776   16407165.591          0.003   35
2017.416   15866389.565          0.003   35
1869.093   15420903.427          0.003   35
1728.229   16477810.576          0.003   35
1941.841   14679402.482          0.003   35
2284.629   19700473.725          0.004   35
2571.814   23608935.699          0.005   35
2408.860   19776855.621          0.004   41
2486.063   22237215.668          0.004   41
2248.262   18974797.208          0.004 2174
2075.241   20018439.180          0.004 2174
1804.568   13178293.663          0.002 2174
2103.337   15105505.019          0.003 2174
2364.494   20357944.804          0.004 2174
2242.182   17146594.458          0.003 2174
2433.089   21946122.235          0.004 2174
2300.050   20774193.507          0.004 1007
1771.514   14283517.104          0.003 1007
1313.280   11286195.077          0.002 1007
1266.999   11940160.446          0.002 1007
1154.581   12754943.481          0.003 1007
1075.373   11908304.579          0.002 1007
 955.037   10720496.750          0.002 1007
 383.525    4650182.337          0.001 1007
 324.743    3940621.026          0.001 1007
 656.452    6744306.883          0.001 1007
 630.535    9971530.981          0.002 1007
 405.454    4427614.433          0.001 1007
 506.570    6125324.161          0.001 1007
   0.000          0.000          0.000 1050
   0.000          0.000          0.000 1051
 458.878    4724557.330          0.001 1095
 682.986    8092932.640          0.002 1095
 568.181    6347559.820          0.001 1095
 630.807    7614208.835          0.002 1095
 874.282   11320121.060          0.002 1095
 879.020   10897088.548          0.002 1095
1407.117   16000928.564          0.003 1095
1855.621   18236532.555          0.004 1359
1734.926   15901805.495          0.003 1359
1567.835   12431920.333          0.002 1359
2125.075   19199716.958          0.004 1359
2469.840   20752750.062          0.004   26
2512.259   22640654.811          0.004   35
2171.316   17646793.341          0.003   35
2328.747   19157808.036          0.004   35
2284.017   22190282.779          0.004   35
2433.435   19006207.642          0.004   35
2206.723   19177386.812          0.004 2169
2506.411   19704158.791          0.004 2169
2328.635   20307036.458          0.004 2169
2568.191   25539244.125          0.005 2169
2489.649   21756171.037          0.004 2174
2153.329   18418016.167          0.003 2174
1940.712   15172369.251          0.003 2174
1691.998   14846794.648          0.003 2174
1649.788   11952679.239          0.002 2174
2025.954   18690155.750          0.003 2174
1560.009   11829127.961          0.002 2174
2036.940   16964284.539          0.003 2174
2246.245   18423708.112          0.003 2174
2338.543   22590277.312          0.004 2174
1959.116   15928973.741          0.003 1007
1772.971   13822996.080          0.003 1007
1517.785   13954317.383          0.003 1007
 940.434   10005112.347          0.002 1007
 622.301    7218023.842          0.002 1007
 528.813    6247272.304          0.001 1007
 835.212    9945843.586          0.002 1007
 900.125   11876920.035          0.003 1007
 775.796    9861818.011          0.002 1142
 557.535    6678221.473          0.002 1142
 418.952    4744845.206          0.001 1142
   0.000          0.000          0.000 1094
   0.000          0.000          0.000 1095
  96.390    1110655.588          0.000 1095
 178.930    2084736.502          0.000 1095
 352.237    4140915.000          0.001 1095
 444.027    5265812.262          0.001 1095
 625.844    7897483.047          0.002 1095
 692.516    8842046.555          0.002 1095
 970.700   11918557.998          0.003 1095
1485.823   19513910.494          0.004 1095
1483.968   14756353.360          0.003 1359
1385.924   11364037.400          0.002 1359
1296.358   11224908.464          0.002 1359
1818.385   14467392.108          0.003 1359
2222.274   18353550.566          0.004 1359
2449.253   21242951.683          0.004 2152
2455.773   21161252.891          0.004 2152
2423.123   21207172.646          0.004 2152
2597.771   27578824.051          0.005 2152
2410.426   19578448.758          0.004 2152
2396.767   21650472.706          0.004 2169
2195.118   24082887.257          0.004 2169
1727.984   13739089.854          0.003 2169
2111.484   16868864.178          0.003 2169
2272.782   23051073.575          0.004 2174
2103.941   16312694.282          0.003 2174
1889.044   19840341.875          0.004 2174
1660.418   13528625.605          0.003 2174
1455.551   12235955.876          0.002 2174
1112.648   10010716.403          0.002 2174
1578.951   14196549.419          0.003 2174
1799.561   21003603.729          0.004 2174
1240.254   10723290.049          0.002 2174
1736.420   14642830.437          0.003 2174
1924.971   15512109.959          0.003 2174
2242.000   20837120.558          0.004 2174
2448.716   22562260.089          0.004 1007
2222.292   18743158.359          0.004 1007
1857.954   18065238.196          0.004 1007
1193.492   12004340.343          0.002 1007
1049.909   10606081.168          0.002 1007
1022.087   10482231.562          0.002 1007
 765.001    7993416.901          0.002 1007
 848.152   12859420.655          0.003 1142
 639.993    8987925.744          0.002 1142
 435.628    5581130.942          0.001 1142
 283.019    3433479.813          0.001 1142
 131.556    1515041.155          0.000 1142
   0.000          0.000          0.000 1142
   0.000          0.000          0.000 1143
 555.631    7120632.753          0.002 1095
 495.571    5304309.244          0.001 1095
 291.972    3485552.291          0.001 1095
 427.591    5261593.255          0.001 1095
 488.433    6083916.432          0.001 1095
 554.147    6986039.870          0.001 1095
1103.124   14044907.190          0.003 1095
1314.903   16678283.743          0.003 1359
1135.069   10798788.906          0.002 1359
 897.166    9181905.217          0.002 1359
1539.357   15925446.584          0.003 1359
2255.897   21918834.999          0.004 1359
2127.125   17244313.747          0.003 2152
2115.537   17252764.844          0.003 2152
2341.700   22479787.753          0.004 2152
2303.402   20546344.219          0.004 2152
2111.498   15568507.948          0.003 2152
1937.554   15819429.571          0.003 2152
2126.135   19359052.612          0.004 2169
2060.107   17223896.795          0.003 2169
1951.835   16957223.190          0.003 2169
1552.215   12928330.834          0.002 2169
1953.479   17601314.961          0.003 2169
1828.197   14432744.144          0.003 2174
1464.564   13795632.913          0.003 2174
1040.641   10057162.908          0.002 2174
 843.249    8941976.842          0.002 2174
1471.108   17559957.882          0.003 2174
1619.328   20468965.966          0.004 2174
1312.403   11604733.219          0.002 2174
1822.618   15547013.490          0.003 2174
2224.776   20381441.908          0.004 2188
2153.503   21089585.050          0.004 1007
1804.722   17176767.058          0.003 1007
1603.565   15090114.647          0.003 1007
1402.184   13507296.327          0.003 1007
1095.430   10091830.620          0.002 1007
1103.809   15984973.848          0.003 1142
 691.366    9237294.719          0.002 1142
 689.217    8539995.917          0.002 1142
 678.870    8669205.794          0.002 1142
   0.000          0.000          0.000 1185
   0.000          0.000          0.000 1186
 310.954    3649778.497          0.001 1186
 535.509    6689593.772          0.002 1186
 712.026    8238636.430          0.002 1095
 631.836    6875471.106          0.002 1095
 816.638    9776095.458          0.002 1095
1091.869   13050525.760          0.003 1095
1118.281   12565550.107          0.003 1359
 660.461    7633886.565          0.002 1359
 990.124   11812217.152          0.002 1359
1457.521   13890927.796          0.003 1359
2048.389   21088612.760          0.004 2152
1553.140   12857868.197          0.003 2152
1969.835   17106208.913          0.003 2152
1832.148   16099471.344          0.003 2152
1599.512   12830620.199          0.002 2152
1957.576   15403636.164          0.003 2152
1689.363   13639798.538          0.003 2169
1243.758   11596675.226          0.002 2169
1182.909   11346739.048          0.002 2169
1619.307   16338319.225          0.003 2169
2012.219   20457143.011          0.004 2174
1226.445   10685387.097          0.002 2174
 732.551    8306790.821          0.002 2174
1122.230   11447951.444          0.002 2174
1280.269   16008114.579          0.003 2174
 806.058    8942138.287          0.002 2174
1310.279   19804940.854          0.004 2174
1622.635   19058368.496          0.004 2174
1622.301   14474847.487          0.003 2174
2025.229   15907912.592          0.003 2188
1859.533   16597000.549          0.003 2188
1966.608   18384836.576          0.004 1007
1756.921   18080282.964          0.004 1007
1528.256   15048183.018          0.003 1007
1378.968   22534191.861          0.005 1142
1345.068   19548377.327          0.004 1142
1043.910   13495050.587          0.003 1142
 714.669   11212355.705          0.003 1228
 454.394    6160614.134          0.001 1228
 251.051    3056704.786          0.001 1228
  98.461    1138956.684          0.000 1228
   0.000          0.000          0.000 1228
   0.000          0.000          0.000 1229
 589.762    8732670.593          0.002 1229
 711.554    8934634.256          0.002 1186
 772.888    7589323.293          0.002 1359
 701.158    7723516.411          0.002 1359
 708.237    7999603.145          0.002 1359
 738.927    8164834.239          0.002 1359
 562.606    6674261.805          0.001 1359
 655.169    7665510.780          0.002 1359
1358.825   14705808.673          0.003 1359
1873.192   19679698.184          0.004 1359
1667.231   14622131.902          0.003 2152
1766.334   17816978.219          0.003 2152
1676.519   14862758.710          0.003 2152
1527.240   13021798.409          0.003 2152
1231.008   11239512.398          0.002 2152
1469.498   12332690.486          0.002 2152
1791.095   17930855.650          0.003 2152
1799.188   15551555.058          0.003 2169
1304.477   11740257.580          0.002 2169
 871.225    9904615.724          0.002 2169
1413.326   17499691.506          0.003 2169
1730.102   19688445.744          0.004 2169
1724.310   15462508.108          0.003 2174
1452.915   15449962.212          0.003 2174
 672.261    7902214.119          0.002 2174
 630.308    7571045.658          0.001 2174
 987.380   11208947.491          0.002 2174
1024.367   12599265.120          0.002 2174
 710.554    8268381.273          0.002 2174
1066.576   10532689.586          0.002 2174
1881.582   17648444.590          0.003 2174
2119.050   18424037.713          0.004 2188
1745.453   13719584.099          0.003 2188
1972.647   17114680.425          0.003 2188
1816.655   16556652.633          0.003 1402
1704.223   16953009.774          0.003 1402
1581.221   16443087.631          0.003 1402
1171.655   10791339.797          0.002 1402
1044.012    8966229.300          0.002 1402
1080.147   17446528.626          0.004 1228
 766.676   10901165.636          0.002 1228
 534.300    6992531.759          0.002 1228
 536.866    6454050.091          0.001 1228
 322.308    3603822.279          0.001 1228
   0.000          0.000          0.000 1274
   0.000          0.000          0.000 1275
 618.696    6733549.630          0.002 1359
 413.092    4483759.232          0.001 1359
 541.061    5614035.554          0.001 1359
 655.919    7265056.433          0.002 1359
 344.217    4112192.494          0.001 1359
 371.260    4442612.429          0.001 1359
 459.048    5497032.671          0.001 1359
 975.130   11137315.365          0.002 1359
 905.105    9415005.102          0.002 1359
1438.471   13196070.822          0.003 1359
1548.293   16121067.467          0.003 2152
1033.821   10619109.594          0.002 2152
1630.885   18042317.788          0.004 2152
1121.679   10816478.583          0.002 2152
 983.059    9899225.738          0.002 2152
1521.948   14576172.505          0.003 2152
1476.875   14824897.997          0.003 2169
 885.859    9819352.121          0.002 2169
 728.915    8879385.026          0.002 2169
1109.296   12571884.451          0.002 2169
1348.574   14304004.884          0.003 2169
1657.444   16486403.230          0.003 2169
1686.686   16873011.163          0.003 2174
1082.214   11370251.981          0.002 2174
 529.569    6658985.785          0.001 2174
 957.332   11255182.604          0.002 2174
1038.609   14892015.048          0.003 2174
 770.842    8723050.912          0.002 2174
1311.200   12761627.926          0.003 2174
1583.071   16060327.712          0.003 2174
1910.681   18272168.043          0.004 2188
1284.858   10834337.037          0.002 2188
1684.458   15602998.094          0.003 1402
1255.428   11656636.396          0.002 1402
1145.684   10969424.233          0.002 1402
 701.701    7653335.788          0.002 1402
 791.955    7206330.547          0.002 1402
 973.808   13531978.285          0.003 1402
 939.166   11975226.122          0.003 1402
 612.062    8314597.537          0.002 1316
   0.000          0.000          0.000 1316
   0.000          0.000          0.000 1317
 212.984    2249388.445          0.001 1317
 150.228    1774086.402          0.000 1359
 215.463    2552051.107          0.001 1359
 282.029    3352755.752          0.001 1359
 619.851    6972068.647          0.001 1359
1052.919   11687729.094          0.002 1359
 682.129    7590662.035          0.002 1359
1167.878   11904265.122          0.003 1359
1536.125   13427463.698          0.003 1359
1370.773   14476878.504          0.003 2152
1110.293   11260807.848          0.002 2152
 833.071    9358043.393          0.002 2152
1269.010   14434341.203          0.003 2152
 895.609    9547514.225          0.002 2152
1070.281   12494299.501          0.002 2152
 951.706   11461138.900          0.002 2169
 861.615    9646665.011          0.002 2169
1175.987   11535219.352          0.002 2169
1647.276   19227029.898          0.004 2169
1532.555   16637054.944          0.003 2174
 979.771   10549293.266          0.002 2174
 499.173    6312575.662          0.001 2174
 843.721    9078819.619          0.002 2174
 705.008    8763337.227          0.002 2174
 572.949    7096088.434          0.001 2174
1014.725   10412209.704          0.002 2174
1767.178   19622538.824          0.004 2174
1911.390   17358149.554          0.004 2188
1321.136   11505520.206          0.002 2188
1005.423    9810135.876          0.002 2188
1532.537   14586869.858          0.003 2188
1929.947   20947371.667          0.004 1402
1211.835   11446389.644          0.002 1402
 745.927    8073800.397          0.002 1402
 565.387    6450239.080          0.001 1402
 432.880    5005648.708          0.001 1402
 615.400    6385753.922          0.001 1402
 473.355    5333181.050          0.001 1402
 495.074    5024088.139          0.001 1402
 577.547    7772868.727          0.002 1402
   0.000          0.000          0.000 1358
   0.000          0.000          0.000 1359
  63.694     748899.630          0.000 1359
  84.521     994855.718          0.000 1359
 432.270    4653410.749          0.001 1359
 346.945    3949349.271          0.001 1359
 592.823    6419451.801          0.001 1359
 375.929    4427334.817          0.001 1359
 654.634    7487088.353          0.002 1359
1130.208   10723010.553          0.002 1359
1051.813   10171091.913          0.002 1359
1547.545   15280634.670          0.003 2152
 895.376    9807238.899          0.002 2152
1027.498   11988008.750          0.002 2152
1319.192   14481121.435          0.003 2152
 721.168    8291736.912          0.002 2152
 667.090    7911299.620          0.002 2152
1195.895   11994995.108          0.002 2152
1640.023   16058371.366          0.003 2152
1369.911   12669644.117          0.003 2169
1009.401   10325696.454          0.002 2169
 636.472    7884875.818          0.002 2169
1066.273   11128488.916          0.002 2169
1559.612   18626108.515          0.004 2169
1376.511   15174248.489          0.003 2174
 993.435   10819857.810          0.002 2174
 449.064    5721829.585          0.001 2174
 606.721    7346979.356          0.001 2174
1125.998   13319992.977          0.003 2174
1566.916   16719929.580          0.003 2174
1900.999   20240842.482          0.004 2188
1548.382   16169489.821          0.003 2188
 845.362    8958709.542          0.002 2188
1130.581   11266013.982          0.002 2188
1608.377   16448550.244          0.003 2188
1469.469   14183142.596          0.003 1402
 910.262    9255760.352          0.002 1402
1130.774   13720183.054          0.003 1402
 733.361    8766536.370          0.002 1402
 350.700    4053743.087          0.001 1402
 283.599    3271369.583          0.001 1402
 203.325    2338003.167          0.001 1402
 124.440    1423429.810          0.000 1402
  48.226     550611.750          0.000 1402
   0.000          0.000          0.000 1402
   0.000          0.000          0.000 1403
 391.400    3980988.150          0.001 1359
 752.037   11287617.488          0.003 1359
 878.594   11108605.471          0.003 1359
 923.851    8705418.257          0.002 1359
 702.420    7413531.566          0.002 1359
 544.220    6206704.976          0.001 1359
 950.152   10360372.390          0.002 1359
1394.858   12815815.263          0.003 1359
1611.079   15639646.160          0.003 1359
1776.966   22155375.782          0.005 2152
1222.649   12398634.745          0.003 2152
 624.059    7636040.915          0.002 2152
1143.315   14072505.559          0.003 2152
 997.464   11003965.439          0.002 2152
1001.102   11844728.234          0.002 2152
1379.503   14103328.896          0.003 2152
1751.516   21467493.263          0.004 2169
1406.732   14177466.749          0.003 2169
 939.354   10584869.907          0.002 2169
 550.500    6964615.988          0.001 2169
 752.214    8634133.969          0.002 2169
1101.496   10991181.008          0.002 2169
1649.931   18998242.174          0.004 2169
1404.356   16053930.036          0.003 2174
 852.849   11116481.601          0.002 2174
 889.119    9637195.681          0.002 2174
 831.599    9382847.581          0.002 2174
1014.616   10737822.762          0.002 2174
1353.384   13365991.763          0.003 2174
1738.139   22096605.181          0.005 2188
1273.708   12211706.883          0.003 2188
 712.165    8000212.878          0.002 2188
1074.325   10545617.368          0.002 2188
1597.837   17181209.215          0.004 2188
1507.811   13297402.869          0.003 1402
1230.078   12375613.526          0.003 1402
 624.774    7065861.077          0.002 1402
 614.974    6559647.746          0.001 1402
 527.661    6356996.524          0.001 1402
 542.021    6804269.624          0.002 1402
   0.000          0.000          0.000 1444
   0.000          0.000          0.000 1445
 633.178    7682844.344          0.002 1488
 698.917    7996780.863          0.002 1488
 780.682    9845482.888          0.002 1488
1024.457   11303298.385          0.002 1359
 810.042    8398641.644          0.002 1359
1472.215   14140751.378          0.003 1359
1731.349   16101867.938          0.003 2144
1774.752   17976566.486          0.004 2144
1311.991   12826866.837          0.003 2152
 885.683    9545565.717          0.002 2152
 529.838    6564791.914          0.001 2152
 951.567   12355068.893          0.003 2152
 672.597    7901578.916          0.002 2152
 521.443    6477690.634          0.001 2152
1047.289   10630103.873          0.002 2152
1508.999   18280980.804          0.004 2169
1539.884   19960396.957          0.004 2169
1380.879   17675093.143          0.004 2169
1025.932   13262421.493          0.003 2169
 491.935    6229707.760          0.001 2169
 865.886    9331974.375          0.002 2169
1293.216   13079616.169          0.003 2169
1520.318   14913876.872          0.003 2174
1396.900   13065442.614          0.003 2174
 693.001    7652349.290          0.002 2174
 386.384    4946228.977          0.001 2174
 939.402   11307335.579          0.002 2174
 415.585    5267908.942          0.001 2174
 607.487    6937771.099          0.001 2174
1213.644   11281443.763          0.002 2174
1507.981   19245589.632          0.004 2188
1274.750   13749093.189          0.003 2188
 621.401    7157519.008          0.001 2188
1253.869   13438817.792          0.003 2188
1673.472   20209254.453          0.004 2188
1647.473   16681362.271          0.004 1402
1193.231   12208134.583          0.003 1402
 925.788   10435867.527          0.002 1402
 922.625   10947937.956          0.002 1611
 752.059    8358555.024          0.002 1402
 693.985   11615258.938          0.003 1487
   0.000          0.000          0.000 1487
   0.000          0.000          0.000 1488
 186.144    2107234.503          0.000 1488
 372.203    4346510.591          0.001 1488
 556.666    6738593.864          0.002 1488
 846.269   10747491.895          0.002 1488
1335.046   16169591.206          0.004 1359
1190.557   10879708.413          0.002 1359
1385.826   13327899.611          0.003 1359
1645.892   17124712.873          0.004 2144
1222.199   12233911.192          0.003 2144
1595.715   17926161.880          0.004 2144
1289.823   12985134.543          0.003 2152
 892.192    9870631.324          0.002 2152
 448.578    5575283.779          0.001 2152
 430.113    5379065.972          0.001 2152
 797.223    8684798.651          0.002 2152
1059.709   12114992.513          0.003 2169
1232.928   14224292.422          0.003 2169
 961.453   12690431.674          0.003 2169
 699.701    7905589.201          0.002 2169
1226.517   13539073.995          0.003 2169
 970.383    9381397.778          0.002 2174
 465.900    5563568.725          0.001 2174
 541.107    6356234.293          0.001 2174
 338.701    4303798.154          0.001 2174
 878.774   10492012.676          0.002 2174
1257.958   10866810.303          0.002 2174
1436.896   16862786.326          0.004 2188
1157.377   13962088.133          0.003 2188
1002.008   11281920.920          0.002 2188
 582.952    6754827.338          0.001 2188
1055.133   13021997.963          0.003 2188
1284.125   13669385.344          0.003 2188
1528.873   15486683.510          0.003 2188
1495.531   17266563.162          0.004 1611
1068.344   13838755.836          0.003 1611
1136.393   14835951.910          0.003 1611
 759.525    8442547.239          0.002 1611
 877.835   12657258.271          0.003 1611
 662.732    9878817.581          0.002 1529
 172.251    1994094.899          0.000 1529
   0.000          0.000          0.000 1529
   0.000          0.000          0.000 1530
 521.784    5787030.602          0.001 1571
 731.282   10533204.375          0.002 1571
 892.344   11092649.386          0.003 1488
 979.301   11308771.506          0.003 1571
1015.189   11580761.139          0.003 1571
1577.616   20085417.248          0.004 1571
1430.425   14019379.249          0.003 2144
1298.164   14053878.213          0.003 2144
 864.688    9811706.084          0.002 2144
1292.013   12766077.552          0.003 2144
1365.791   14414807.085          0.003 2152
 819.367    9083931.998          0.002 2152
 373.094    4652926.620          0.001 2152
 609.569    6960988.216          0.001 2152
1133.890   13031372.765          0.003 2152
1421.983   15740084.154          0.003 2152
1294.655   14278792.609          0.003 2169
 811.482    9523356.191          0.002 2169
 706.220    8137944.462          0.002 2169
 428.307    5411839.149          0.001 2169
 829.230    9325613.563          0.002 2169
1284.202   16433607.494          0.003 2169
1218.023   13037443.182          0.003 2174
1077.035   11651943.609          0.002 2174
 321.937    4109410.477          0.001 2174
 688.667    8335013.181          0.002 2174
1157.392   12705290.865          0.003 2174
 973.595   11118485.299          0.002 2188
 724.346    8035821.032          0.002 2188
 719.312    8522799.989          0.002 2188
1125.639   12079579.710          0.003 2188
1304.005   12697807.335          0.003 2188
1478.701   15946118.189          0.003 1611
1057.906   11991325.226          0.003 1611
 907.431   10376589.642          0.002 1611
 615.737    7084836.785          0.002 1611
 408.584    4606530.148          0.001 1611
 569.670    6264157.788          0.001 1611
 368.155    3468320.593          0.001 1570
   0.000          0.000          0.000 1570
   0.000          0.000          0.000 1571
 111.313    1220808.728          0.000 1571
 477.907    5193354.599          0.001 1571
 838.713   10566519.751          0.002 1571
 579.620    6562185.130          0.001 1571
 751.603    8595806.235          0.002 1571
1036.797   11868484.280          0.003 1571
1452.074   16797254.429          0.004 1571
1084.915   11051835.312          0.002 2144
1031.088   11558708.469          0.003 2144
 737.509    8465208.067          0.002 2144
 936.820    9901637.515          0.002 2144
1461.276   19561020.879          0.004 2144
1225.206   13794825.089          0.003 2152
 376.341    4673080.229          0.001 2152
 617.063    7059323.790          0.001 2152
1044.914   11225216.350          0.002 2152
1236.721   11818795.919          0.003 2152
1532.634   17714532.781          0.004 2152
1055.076   11395168.250          0.002 2169
 659.753    7816207.365          0.002 2169
 396.821    5000003.112          0.001 2169
 852.305   10414366.757          0.002 2169
1242.637   15573503.236          0.003 2174
 723.325    8647559.794          0.002 2174
 807.684    9316899.740          0.002 2174
 269.622    3417057.225          0.001 2174
 857.946   11990932.816          0.003 2174
1230.843   14183237.595          0.003 2174
1300.469   15593555.864          0.003 2180
1202.184   13558803.451          0.003 2188
 772.676    9321740.508          0.002 2188
 472.893    5562190.263          0.001 2188
 838.905    9247022.199          0.002 2188
1342.114   15005704.416          0.003 1611
1034.790   11874564.454          0.003 1611
 534.684    6108248.117          0.001 1611
 300.670    3355554.047          0.001 1611
 160.877    1775575.215          0.000 1611
  46.691     512881.964          0.000 1611
   0.000          0.000          0.000 1611
   0.000          0.000          0.000 1612
 276.774    2963737.663          0.001 1571
 236.073    2603980.375          0.001 1571
 365.589    4059002.142          0.001 1571
 640.841    7255187.793          0.002 1571
1030.449   11616629.843          0.003 1571
1386.407   17115616.223          0.004 2144
 732.417    8153196.592          0.002 2144
 715.053    8275008.948          0.002 2144
 623.077    7148109.522          0.002 2144
1060.913   12614858.999          0.003 2144
1397.488   17862323.816          0.004 2152
 698.108    7841133.575          0.002 2152
 310.546    3844948.483          0.001 2152
 762.809    8520147.547          0.002 2152
 819.007    8692290.448          0.002 2152
1463.485   15359287.498          0.003 2152
1080.947   11335165.336          0.002 2169
 672.924    7817429.676          0.002 2169
 859.754   13138987.861          0.003 2169
 579.322    6981515.210          0.001 2169
 828.614    9520204.869          0.002 2169
1173.479   15300801.198          0.003 2174
 615.003    7286636.294          0.002 2174
1030.215   11714669.683          0.003 2174
 686.753    7680678.008          0.002 2174
 959.787   10064282.014          0.002 2174
1116.287   13345227.352          0.003 2180
1249.288   15184329.819          0.003 2188
 622.692    7379043.634          0.002 2188
 920.175   11254083.509          0.002 2188
 928.036   12980011.054          0.003 2188
 394.455    4640992.630          0.001 2188
 661.344    6670930.028          0.001 2188
 595.553    6872387.510          0.001 2188
1151.315   12343031.229          0.003 2188
1266.279   13664447.679          0.003 2197
1110.811   11859466.759          0.003 1611
 731.895    8308601.068          0.002 1611
 669.091    7518595.898          0.002 1611
 632.449    6556610.893          0.002 1611
 559.037    6540161.432          0.002 1611
   0.000          0.000          0.000 1654
   0.000          0.000          0.000 1655
 439.960    5182440.002          0.001 1655
 707.841   10792640.945          0.003 1571
 748.408    8078305.236          0.002 1571
 509.570    5670897.342          0.001 1571
 911.609    9932223.615          0.002 1571
1416.531   18420173.544          0.004 1571
1236.892   12922050.487          0.003 2144
 644.423    7205701.241          0.002 2144
 591.931    6799830.780          0.001 2144
 520.844    5942601.826          0.001 2144
 612.642    7026410.491          0.002 2144
1211.047   15841133.115          0.004 2144
 671.301    7450289.734          0.002 2152
 441.573    5217757.898          0.001 2152
 394.154    4705461.466          0.001 2152
 479.782    5636739.393          0.001 2152
1045.419   11132898.693          0.002 2152
1169.051   12024802.888          0.003 2169
 494.019    5919157.126          0.001 2169
 338.358    4234189.631          0.001 2169
 697.702    7468141.101          0.002 2169
1224.863   14574516.613          0.003 2169
 736.988    8305106.800          0.002 2174
 480.605    5648283.314          0.001 2174
 789.223    9780567.689          0.002 2174
 227.769    2868665.677          0.001 2174
 623.897    6937789.320          0.001 2174
1100.716   11274739.849          0.002 2174
 857.582   10079290.889          0.002 2180
1088.422   14529795.683          0.003 2188
 518.959    6086066.877          0.001 2188
 799.901    8579804.566          0.002 2188
 340.560    3998737.650          0.001 2188
 471.416    5439868.890          0.001 2188
 880.721    9722262.638          0.002 2188
1313.779   14690238.869          0.003 2197
1199.419   16749507.121          0.004 2197
 833.462    9296455.384          0.002 2197
1141.708   13047713.147          0.003 2197
1197.408   12512333.558          0.003 1611
 943.246   11337607.022          0.003 1745
 782.725    9212276.855          0.002 1745
 701.311   10216141.966          0.002 1611
 385.278    4088916.689          0.001 1700
   0.000          0.000          0.000 1700
   0.000          0.000          0.000 1701
 129.732    1468388.016          0.000 1701
 384.987    4677188.570          0.001 1701
 913.412   14731984.870          0.003 1571
 864.433    9271801.519          0.002 1571
1113.092   13840732.320          0.003 1571
1555.159   19653475.126          0.004 2136
1235.409   12968360.718          0.003 2144
 511.329    5744123.295          0.001 2144
 427.545    4841254.541          0.001 2144
 971.663   14147883.766          0.003 2144
1195.091   13127405.860          0.003 2144
1010.789   10945831.687          0.002 2152
 588.664    6418583.061          0.001 2152
 260.252    3199497.283          0.001 2152
 838.820   11798695.713          0.003 2152
1041.955   10772073.931          0.002 2152
1426.802   19121363.147          0.004 2156
1335.390   13643598.214          0.003 2162
 953.443   10359555.299          0.002 2169
 804.497    9057134.751          0.002 2169
 389.861    4727633.235          0.001 2169
 289.419    3589197.093          0.001 2169
 972.719   11207933.244          0.002 2169
 875.341   12272523.427          0.003 2174
 363.412    4275000.707          0.001 2174
 403.732    4777704.705          0.001 2174
 516.001    5661393.916          0.001 2174
1216.920   13092652.093          0.003 2174
 970.691   11098135.079          0.002 2180
1035.998   11423558.878          0.003 2180
 762.312    8531644.118          0.002 2188
 439.204    5119825.164          0.001 2188
 704.067    9497799.300          0.002 2188
 400.203    4618919.229          0.001 2188
 703.755    7901391.087          0.002 2188
1136.693   13123034.165          0.003 2188
 993.856   10786786.676          0.002 2197
 649.327    7246370.850          0.002 2197
1224.634   14107296.580          0.003 2197
1459.949   19666209.061          0.004 2197
1085.638   11360828.557          0.003 1826
 492.406    5556052.377          0.001 1745
 246.644    2709629.332          0.001 1745
   0.000          0.000          0.000 1745
   0.000          0.000          0.000 1746
 681.819    8186212.764          0.002 1785
 733.379    9160424.084          0.002 1701
1203.700   15631641.937          0.004 1701
1064.540   11225808.712          0.003 2136
1200.868   13953304.593          0.003 2136
1302.384   16803077.145          0.004 2144
1004.060   13372496.520          0.003 2144
 373.681    4199284.722          0.001 2144
 380.029    4287646.963          0.001 2144
 807.720    8738957.915          0.002 2144
1113.255   14381737.844          0.003 2152
 514.550    5702368.378          0.001 2152
 601.130    6288317.200          0.001 2152
 909.457   11211966.127          0.003 2156
1100.913   12262057.188          0.003 2156
1322.955   16150832.544          0.004 2162
1268.761   22682672.334          0.005 2169
 701.660    7878666.905          0.002 2169
 264.321    3261424.435          0.001 2169
 624.513    7160518.690          0.002 2169
 838.464    8228027.512          0.002 2174
 280.397    3324000.738          0.001 2174
 191.053    2389986.363          0.000 2174
 760.308    8739898.587          0.002 2174
1136.473   17035441.998          0.004 2180
 613.107    6924562.634          0.002 2180
1145.264   18241175.134          0.004 2180
 350.413    4068078.401          0.001 2188
 268.457    3136216.578          0.001 2188
 327.911    3787392.658          0.001 2188
1099.026   13654869.727          0.003 2188
1347.965   17299521.529          0.004 2197
 697.989    7696070.081          0.002 2197
 972.325   11810051.605          0.003 2197
1255.432   15576759.057          0.004 2197
1213.883   14097241.265          0.003 1826
 650.259    6760158.210          0.002 1826
   0.000          0.000          0.000 1784
   0.000          0.000          0.000 1785
 214.275    2211398.823          0.001 1785
 742.890    8227170.799          0.002 1785
1160.739   15224579.099          0.004 2136
1166.125   14259361.174          0.003 2136
 821.564    8755917.942          0.002 2136
 908.983   10409544.544          0.002 2136
 824.303    8512121.136          0.002 2144
 830.094   11913120.090          0.003 2144
 307.472    3452068.539          0.001 2144
 841.634    9755537.588          0.002 2144
 911.850   10070042.988          0.002 2152
 335.247    3849949.354          0.001 2152
 210.171    2567702.293          0.001 2152
 772.053    9206184.697          0.002 2152
 764.042    9127079.021          0.002 2156
 937.359   10470533.575          0.002 2156
 851.389    9316818.865          0.002 2162
1154.012   12586572.821          0.003 2162
 781.269    8222492.896          0.002 2169
 237.630    2919548.680          0.001 2169
 576.395    6204962.541          0.001 2174
 216.662    2602896.156          0.001 2174
 168.734    2102040.496          0.000 2174
 340.968    3879276.414          0.001 2174
1088.869   10197650.154          0.002 2174
1034.673   11575653.474          0.003 2180
 528.763    5917311.157          0.001 2180
 976.482   11221216.692          0.003 2180
 917.283    9248564.581          0.002 2188
 713.091    7357676.472          0.002 2188
 218.907    2540725.353          0.001 2188
 684.639    7408070.176          0.002 2188
 909.257    9872860.431          0.002 2197
 440.928    4875433.231          0.001 2197
 937.768   10801988.541          0.002 2197
 762.330    8149652.599          0.002 2197
 787.868    8330635.008          0.002 1826
 543.164    5669435.049          0.001 1826
 357.609    3692436.942          0.001 1826
 190.111    1966258.226          0.000 1826
   0.000          0.000          0.000 1826
   0.000          0.000          0.000 1827
 483.877    5109105.933          0.001 1785
1077.963   12785065.149          0.003 1785
 992.114   12839114.810          0.003 2136
 653.565    7263664.550          0.002 2136
1085.674   12249236.552          0.003 2144
 547.765    5910066.127          0.001 2144
 267.881    3002167.131          0.001 2144
 986.185   10920176.911          0.002 2144
1206.831   15718835.371          0.004 2152
 696.830    7515078.837          0.002 2152
 166.148    2016818.263          0.000 2152
 512.634    5572988.583          0.001 2152
 953.216   11517210.651          0.003 2156
 628.528    7017739.964          0.002 2156
1139.763   16689043.628          0.004 2156
 631.475    6931391.142          0.002 2162
 971.889   11572479.612          0.003 2162
 657.376    8234831.863          0.002 2169
 713.143    7752561.987          0.002 2169
 951.612   11258409.641          0.003 2174
 339.051    3826967.609          0.001 2174
 141.484    1753370.892          0.000 2174
 663.322    8300427.062          0.002 2174
 946.688    9848729.087          0.002 2174
 680.362    7778544.741          0.002 2180
 461.924    5138821.009          0.001 2180
 774.446   10414975.313          0.002 2188
 189.840    2200429.757          0.000 2188
 769.224   10292872.448          0.002 2188
1025.298   11009388.752          0.003 2188
1204.781   12937333.410          0.003 2197
 551.147    6045882.301          0.001 2197
 647.044    7119036.522          0.002 2197
 576.127    6202098.198          0.001 2197
1045.681   12683078.476          0.003 2197
 696.326    6994191.965          0.002 1826
 511.962    4688628.281          0.001 1826
 219.627    2677489.747          0.001 1866
   0.000          0.000          0.000 1866
   0.000          0.000          0.000 1867
 599.406    7831560.349          0.002 1867
 926.773   10552200.233          0.002 1785
1071.490   13449679.525          0.003 1785
 569.610    5953586.571          0.001 2136
 547.556    5856921.239          0.001 2136
 769.675    8241756.914          0.002 2136
 795.680    8739474.910          0.002 2144
 220.058    2460926.297          0.001 2144
 608.836    6347698.261          0.001 2144
1135.074   14434459.088          0.003 2150
 649.421    6035881.515          0.001 2152
 143.607    1738838.785          0.000 2152
 759.664    8770065.638          0.002 2152
 518.775    5860926.816          0.001 2156
 866.453    9477114.424          0.002 2156
 877.567    9517315.238          0.002 2162
 450.441    4916019.599          0.001 2162
 186.062    2266235.303          0.000 2169
 409.066    4553365.487          0.001 2169
 925.453   11835058.408          0.003 2174
 411.328    4439015.504          0.001 2174
 113.696    1404083.266          0.000 2174
 719.804    7718260.352          0.002 2174
1109.068   12991964.177          0.003 2178
 584.853    6440729.148          0.001 2180
 365.418    4031200.342          0.001 2180
 851.515    9205017.022          0.002 2180
1031.225   11925332.169          0.003 2188
 354.085    3991995.810          0.001 2188
 165.889    1920652.223          0.000 2188
 561.561    6029167.537          0.001 2188
 706.466    7605215.004          0.002 2188
1143.397   13446304.808          0.003 2194
1069.365   12552052.589          0.003 2197
 821.004    9283415.665          0.002 2197
 325.550    3561495.544          0.001 2197
 753.544    8084656.706          0.002 2197
1157.948   12890034.217          0.003 1826
1084.440   12331795.751          0.003 1826
 858.635   11165356.404          0.003 1953
 298.480    3070572.451          0.001 1909
   0.000          0.000          0.000 1909
   0.000          0.000          0.000 1910
 163.446    1692104.203          0.000 1910
 584.755    5949899.162          0.001 1910
 843.033    8502053.328          0.002 1910
 818.509    8545182.414          0.002 2136
 348.303    3721654.305          0.001 2136
 400.097    4319774.972          0.001 2136
1032.844   12181495.253          0.003 2136
 750.507    8946397.148          0.002 2144
 631.356    8284364.223          0.002 2144
1124.727   15103011.233          0.003 2144
 707.523    8535823.349          0.002 2150
 599.163    6766264.665          0.002 2152
 129.407    1564987.762          0.000 2152
 621.070    6749342.890          0.002 2152
 852.082   10969095.953          0.003 2156
 337.255    3692708.854          0.001 2156
 523.184    5752099.002          0.001 2156
 487.736    5263786.112          0.001 2162
 606.782    6408973.402          0.001 2162
 520.671    5831030.059          0.001 2169
 156.220    1892690.559          0.000 2169
 296.662    3349812.001          0.001 2169
 965.320   12888660.430          0.003 2169
 504.271    6837817.343          0.002 2174
 553.470    5788513.652          0.001 2174
1027.592   11351448.104          0.003 2178
 838.915   11008333.778          0.003 2180
 304.653    3348120.427          0.001 2180
 740.452    8039671.444          0.002 2180
 985.087   12901117.619          0.003 2188
 520.671    5498862.484          0.001 2188
 138.918    1605924.838          0.000 2188
 466.835    5009576.602          0.001 2188
 906.454    9780435.453          0.002 2194
 813.154    9040735.399          0.002 2194
 998.775   14963397.486          0.004 2194
 252.371    2764385.709          0.001 2197
 787.413    9903710.818          0.002 2197
1121.041   12498523.713          0.003 2203
1144.037   12260739.516          0.003 2203
 757.624    8101091.797          0.002 1953
 167.341    1773660.725          0.000 1953
   0.000          0.000          0.000 1953
   0.000          0.000          0.000 1954
 572.955    6372027.200          0.002 1997
1036.954   13250033.788          0.003 2132
 800.257   11231789.897          0.003 2136
 237.355    2543122.972          0.001 2136
 613.928    6151456.136          0.001 2136
 739.223    9176407.440          0.002 2141
 696.704    7313612.336          0.002 2144
 149.788    1671882.929          0.000 2144
 697.149    7353508.931          0.002 2144
 826.250    8890587.788          0.002 2147
 480.144    5498574.447          0.001 2150
 464.024    4817788.117          0.001 2152
  92.612    1115891.456          0.000 2152
 803.958    9342733.049          0.002 2152
 285.476    3113217.552          0.001 2156
 957.613   11365611.525          0.003 2162
 300.269    3251326.898          0.001 2162
 705.712    8488683.584          0.002 2162
 478.828    4830860.366          0.001 2169
 116.157    1396524.498          0.000 2169
 669.852    8082765.438          0.002 2169
 806.754    9652736.753          0.002 2170
 608.472    6088848.935          0.001 2174
  79.944     983158.007          0.000 2174
 489.072    5160577.137          0.001 2174
 969.102   10229197.829          0.002 2174
 555.153    5915066.955          0.001 2178
 733.893    8277774.279          0.002 2180
 260.519    2856218.399          0.001 2180
 820.626   11160125.489          0.003 2180
 903.473    9254435.553          0.002 2184
 415.882    4407217.324          0.001 2188
 272.649    2961233.336          0.001 2188
1015.557   11349205.140          0.003 2188
 542.687    5864250.063          0.001 2194
 709.169    8073000.235          0.002 2197
 196.446    2146256.486          0.000 2197
 877.524    9692786.872          0.002 2197
 661.198    6876090.704          0.002 2203
 847.138   11975715.353          0.003 1953
 342.914    3501376.736          0.001 1996
   0.000          0.000          0.000 1996
   0.000          0.000          0.000 1997
 204.788    2094111.059          0.001 1997
 712.928    7306887.195          0.002 1997
 733.810    7530108.829          0.002 2132
 608.392    6160568.384          0.001 2136
 202.730    2171183.738          0.001 2136
 807.463   11215572.750          0.003 2136
 502.282    5766230.985          0.001 2141
 695.821    9837933.296          0.002 2141
 109.313    1218631.920          0.000 2144
 672.341    8794713.189          0.002 2144
 541.246    5723870.864          0.001 2147
 316.558    3525073.067          0.001 2150
 674.393    8403341.490          0.002 2150
  67.948     817117.738          0.000 2152
 573.969    6572125.153          0.002 2152
 557.719    5895864.006          0.001 2156
 218.153    2367665.799          0.001 2156
 397.340    4252054.800          0.001 2156
 894.839    9259177.521          0.002 2156
 426.988    4545237.894          0.001 2162
 465.661    4897323.936          0.001 2162
  94.694    1135113.925          0.000 2169
 595.240    7620584.239          0.002 2169
 826.594    9736780.997          0.002 2174
  59.612     731580.237          0.000 2174
 618.426    7642809.704          0.002 2174
 330.458    3479839.121          0.001 2178
 193.663    2116413.249          0.000 2180
 411.970    4388315.088          0.001 2180
 651.944    6756822.571          0.002 2184
 630.864    6498563.898          0.002 2184
 772.943    8844073.894          0.002 2188
  86.287     994765.878          0.000 2188
 676.920    7074682.036          0.002 2188
 973.766   12095881.906          0.003 2192
 440.104    4666691.514          0.001 2194
 715.878   13799723.951          0.003 2197
 146.507    1596794.956          0.000 2197
 440.085    4659754.218          0.001 2197
 675.207    6794477.965          0.002 2199
 750.045    8790902.871          0.002 2203
 425.316    4413656.691          0.001 2203
 709.797    8139224.005          0.002 2041
   0.000          0.000          0.000 2041
   0.000          0.000          0.000 2042
 591.817    9889690.635          0.002 2042
 306.231    3176463.401          0.001 2132
 607.068    6563687.667          0.002 2132
 120.187    1286946.978          0.000 2136
 662.157    8777734.938          0.002 2139
 271.384    2922054.602          0.001 2141
  63.456     706621.481          0.000 2144
 642.305    8680619.315          0.002 2144
 226.412    2493802.635          0.001 2150
 510.978    6073315.946          0.001 2152
 650.275    7608206.428          0.002 2152
 352.243    3616430.534          0.001 2156
 145.031    1567901.614          0.000 2156
 695.969   10085208.830          0.002 2158
 642.183    7326894.975          0.002 2160
 140.049    1506294.604          0.000 2162
 630.172    7391775.268          0.002 2164
 724.343    8756024.147          0.002 2165
  63.504     758205.061          0.000 2169
 350.614    3666482.122          0.001 2170
 638.727    9244093.323          0.002 2174
  42.320     518501.556          0.000 2174
 649.981   10204801.291          0.002 2174
 232.946    2443333.394          0.001 2178
 384.964    3984549.012          0.001 2180
 118.279    1286751.242          0.000 2180
 455.465    4703525.533          0.001 2180
 310.282    3205429.253          0.001 2184
 664.390    9397490.320          0.002 2187
  55.906     643007.782          0.000 2188
 587.775    6199641.291          0.002 2191
 536.365    5530039.151          0.001 2192
 236.001    2490693.148          0.001 2194
 507.533    5245734.917          0.001 2197
 101.664    1105660.395          0.000 2197
 309.329    3161556.510          0.001 2199
 631.788    8751743.242          0.002 2200
 647.189    6822773.224          0.002 2203
 224.302    2322972.408          0.001 2203
 588.828    8439956.759          0.002 2083
   0.000          0.000          0.000 2083
   0.000          0.000          0.000 2084
 306.408    3015573.323          0.001 2130
 168.206    1734298.159          0.000 2132
 369.373    3838623.318          0.001 2134
  60.292     644937.926          0.000 2136
 439.141    4640786.952          0.001 2138
 328.262    3253154.238          0.001 2140
 158.939    1687899.682          0.000 2141
 283.923    2821913.914          0.001 2143
 433.862    5815644.227          0.001 2145
 456.052    5221648.160          0.001 2146
 173.241    1785898.944          0.000 2147
 361.170    3572762.844          0.001 2149
 125.213    1361505.007          0.000 2150
  19.291     230818.739          0.000 2152
 300.162    3024310.084          0.001 2154
  55.969     601277.137          0.000 2156
 211.979    2130336.941          0.001 2158
 199.637    1967159.682          0.000 2160
  49.457     529848.040          0.000 2162
 443.849    4658189.190          0.001 2163
 239.406    2525061.564          0.001 2165
 336.462    3257550.562          0.001 2167
  25.835     307092.339          0.000 2169
 185.359    1913020.427          0.000 2170
 313.880    3363026.960          0.001 2172
  18.213     222549.709          0.000 2174
 278.638    2878372.298          0.001 2176
 124.669    1300371.935          0.000 2178
  55.217     598439.233          0.000 2180
 335.585    3418163.979          0.001 2182
 122.475    1258289.157          0.000 2184
 336.688    3316677.084          0.001 2186
  23.164     266391.996          0.000 2188
 350.367    3479475.506          0.001 2190
 160.231    1624488.143          0.000 2192
 110.495    1156960.074          0.000 2194
 413.275    5082736.144          0.001 2197
  38.941     422347.698          0.000 2197
 150.065    1530711.603          0.000 2199
 338.997    3344489.483          0.001 2201
 103.480    1069093.642          0.000 2203
 498.155    5488978.399          0.001 2205
   0.000          0.000          0.000 2127
   0.000          0.000          0.000 2128
   0.000          0.000          0.000 2129
   0.000          0.000          0.000 2130
   0.000          0.000          0.000 2131
   0.000          0.000          0.000 2132
   0.000          0.000          0.000 2133
   0.000          0.000          0.000 2134
   0.000          0.000          0.000 2135
   0.000          0.000          0.000 2136
   0.000          0.000          0.000 2137
   0.000          0.000          0.000 2138
   0.000          0.000          0.000 2139
   0.000          0.000          0.000 2140
   0.000          0.000          0.000 2141
   0.000          0.000          0.000 2142
   0.000          0.000          0.000 2143
   0.000          0.000          0.000 2144
   0.000          0.000          0.000 2145
   0.000          0.000          0.000 2146
   0.000          0.000          0.000 2147
   0.000          0.000          0.000 2148
   0.000          0.000          0.000 2149
   0.000          0.000          0.000 2150
   0.000          0.000          0.000 2151
   0.000          0.000          0.000 2152
   0.000          0.000          0.000 2153
   0.000          0.000          0.000 2154
   0.000          0.000          0.000 2155
   0.000          0.000          0.000 2156
   0.000          0.000          0.000 2157
   0.000          0.000          0.000 2158
   0.000          0.000          0.000 2159
   0.000          0.000          0.000 2160
   0.000          0.000          0.000 2161
   0.000          0.000          0.000 2162
   0.000          0.000          0.000 2163
   0.000          0.000          0.000 2164
   0.000          0.000          0.000 2165
   0.000          0.000          0.000 2166
   0.000          0.000          0.000 2167
   0.000          0.000          0.000 2168
   0.000          0.000          0.000 2169
   0.000          0.000          0.000 2170
   0.000          0.000          0.000 2171
   0.000          0.000          0.000 2172
   0.000          0.000          0.000 2173
   0.000          0.000          0.000 2174
   0.000          0.000          0.000 2175
   0.000          0.000          0.000 2176
   0.000          0.000          0.000 2177
   0.000          0.000          0.000 2178
   0.000          0.000          0.000 2179
   0.000          0.000          0.000 2180
   0.000          0.000          0.000 2181
   0.000          0.000          0.000 2182
   0.000          0.000          0.000 2183
   0.000          0.000          0.000 2184
   0.000          0.000          0.000 2185
   0.000          0.000          0.000 2186
   0.000          0.000          0.000 2187
   0.000          0.000          0.000 2188
   0.000          0.000          0.000 2189
   0.000          0.000          0.000 2190
   0.000          0.000          0.000 2191
   0.000          0.000          0.000 2192
   0.000          0.000          0.000 2193
   0.000          0.000          0.000 2194
   0.000          0.000          0.000 2195
   0.000          0.000          0.000 2196
   0.000          0.000          0.000 2197
   0.000          0.000          0.000 2198
   0.000          0.000          0.000 2199
   0.000          0.000          0.000 2200
   0.000          0.000          0.000 2201
   0.000          0.000          0.000 2202
   0.000          0.000          0.000 2203
   0.000          0.000          0.000 2204
   0.000          0.000          0.000 2205
   0.000          0.000          0.000 2206
   0.000          0.000          0.000 2207
 497.088    5132259.175          0.001   72
 685.278    9083356.958          0.002    7
 338.565    3694877.407          0.001  492
 189.740    2088151.514          0.000  492
 459.756    4807338.917          0.001   26
 430.990    4656377.037          0.001 2188
 358.863    3903232.692          0.001 1007
 103.040    1238926.319          0.000 1007
 246.579    2772951.129          0.001 1007
 447.807    4697203.269          0.001   15
 445.732    4955710.558          0.001 2169
 348.646    3838171.550          0.001 2197
 381.749    4190711.252          0.001 2144
 663.011    7017347.553          0.002 2178
 903.651   10775308.380          0.002   26
 704.229    7761283.721          0.002   26
 233.599    2843449.656          0.001 1007
 475.520    5447426.946          0.001 1007
 453.425    5224181.189          0.001 1402
 720.147    7950890.475          0.002 1402
 422.069    4866366.878          0.001 1402
 824.451    9394781.148          0.002 1402
 602.786    6570890.197          0.001   35
 295.594    3599887.790          0.001   35
 684.646    8445715.019          0.002   35
 840.187    9526137.928          0.002 2188
 809.294    9164804.813          0.002 2188
1033.422   12554778.863          0.003 1359
 844.515    8676168.415          0.002   52
1512.580   14968095.251          0.003 1007
 449.452    5053364.296          0.001 2169
 469.875    5941264.390          0.001 2174
 787.552    8386109.510          0.002   65
1414.427   13690545.748          0.003 2152
 996.758   10493399.830          0.002 2174
1115.267   13216806.588          0.003 2174
 613.399    7717547.552          0.002 2169
 638.310    8010607.530          0.002 2169
 841.978    9558113.809          0.002   60
 487.457    5659641.564          0.001   60
1672.724   14391136.162          0.003   60
1833.655   18631972.233          0.004   60
1860.090   17812193.754          0.004 1359
 898.069    9242863.110          0.002 2174
1212.442   11942868.658          0.002 2174
 592.052    6726319.871          0.002   15
 771.699    8263530.206          0.002   35
2108.443   20866313.982          0.004 2174
2029.063   18376791.911          0.004 2174
2208.069   20214660.475          0.004   41
1920.610   20166763.157          0.004   41
1876.059   18921626.425          0.004 1007
2061.959   16760630.996          0.003 2152
1529.719   12043479.351          0.002 2188
