   0.000          0.000          0.000    1
   0.000          0.000          0.000    2
   0.000          0.000          0.000    3
   0.000          0.000          0.000    4
   0.000          0.000          0.000    5
   0.000          0.000          0.000    6
   0.000          0.000          0.000    7
   0.000          0.000          0.000    8
   0.000          0.000          0.000    9
   0.000          0.000          0.000   10
   0.000          0.000          0.000   11
   0.000          0.000          0.000   12
   0.000          0.000          0.000   13
   0.000          0.000          0.000   14
   0.000          0.000          0.000   15
   0.000          0.000          0.000   16
   0.000          0.000          0.000   17
   0.000          0.000          0.000   18
   0.000          0.000          0.000   19
   0.000          0.000          0.000   20
   0.000          0.000          0.000   21
   0.000          0.000          0.000   22
   0.000          0.000          0.000   23
   0.000          0.000          0.000   24
   0.000          0.000          0.000   25
   0.000          0.000          0.000   26
   0.000          0.000          0.000   27
   0.000          0.000          0.000   28
   0.000          0.000          0.000   29
   0.000          0.000          0.000   30
   0.000          0.000          0.000   31
   0.000          0.000          0.000   32
   0.000          0.000          0.000   33
   0.000          0.000          0.000   34
   0.000          0.000          0.000   35
   0.000          0.000          0.000   36
   0.000          0.000          0.000   37
   0.000          0.000          0.000   38
   0.000          0.000          0.000   39
   0.000          0.000          0.000   40
   0.000          0.000          0.000   41
   0.000          0.000          0.000   42
   0.000          0.000          0.000   43
   0.000          0.000          0.000   44
   0.000          0.000          0.000   45
   0.000          0.000          0.000   46
   0.000          0.000          0.000   47
   0.000          0.000          0.000   48
   0.000          0.000          0.000   49
   0.000          0.000          0.000   50
   0.000          0.000          0.000   51
   0.000          0.000          0.000   52
   0.000          0.000          0.000   53
   0.000          0.000          0.000   54
   0.000          0.000          0.000   55
   0.000          0.000          0.000   56
   0.000          0.000          0.000   57
   0.000          0.000          0.000   58
   0.000          0.000          0.000   59
   0.000          0.000          0.000   60
   0.000          0.000          0.000   61
   0.000          0.000          0.000   62
   0.000          0.000          0.000   63
   0.000          0.000          0.000   64
   0.000          0.000          0.000   65
   0.000          0.000          0.000   66
   0.000          0.000          0.000   67
   0.000          0.000          0.000   68
   0.000          0.000          0.000   69
   0.000          0.000          0.000   70
   0.000          0.000          0.000   71
   0.000          0.000          0.000   72
   0.000          0.000          0.000   73
   0.000          0.000          0.000   74
   0.000          0.000          0.000   75
   0.000          0.000          0.000   76
   0.000          0.000          0.000   77
   0.000          0.000          0.000   78
   0.000          0.000          0.000   79
   0.000          0.000          0.000   80
   0.000          0.000          0.000   81
 796.147   12583592.096          0.003    5
 182.159    1758541.566          0.000    5
 105.311    1090930.173          0.000    7
 364.025    3321595.601          0.001    8
 131.919    1358376.987          0.000   10
 238.570    2216280.547          0.001   12
 292.201    2920351.764          0.001   13
  41.953     459303.086          0.000   15
 265.807    2671522.563          0.001   17
 520.529    5164974.251          0.001   19
  66.022     694181.535          0.000   20
 719.325    8298431.528          0.002   20
 224.606    2302479.111          0.001   24
  32.116     364884.417          0.000   26
 668.240    7569951.304          0.002   26
 148.962    1532861.733          0.000   30
 308.140    3041424.011          0.001   32
 469.180    4785217.567          0.001   35
  21.606     250094.187          0.000   35
 189.705    1833556.558          0.000   37
 684.876    8013244.559          0.002   41
  26.702     306587.408          0.000   41
 221.464    2258598.139          0.001   43
 236.450    2297095.386          0.001   45
  40.429     444857.275          0.000   47
 203.024    2032519.705          0.001   49
 334.493    3043801.539          0.001   51
  32.645     377931.172          0.000   52
 211.336    1829595.665          0.001   54
 119.122    1225296.111          0.000   56
 185.453    1768137.577          0.000   58
  29.636     334706.986          0.000   60
  51.873     586744.548          0.000   60
 229.959    2279915.591          0.001   63
  50.289     547002.928          0.000   65
 695.200    9554852.923          0.002   65
 121.860    1238959.091          0.000   69
 427.943    4239490.217          0.001   72
  79.045     836494.361          0.000   72
 249.056    2455761.140          0.001   74
 147.898    1450129.365          0.000   76
 305.886    2801275.864          0.001   78
   0.000          0.000          0.000  124
   0.000          0.000          0.000  125
 476.103    4690852.225          0.001  125
 503.796    4955461.781          0.001    5
 235.375    2460292.416          0.001    7
 287.870    3001613.879          0.001   10
 667.205    6613110.478          0.002   10
 669.746    6381714.661          0.002   12
 412.838    4164796.360          0.001   15
 741.741    7931159.272          0.002   17
 156.097    1657021.095          0.000   20
 739.680   10003198.512          0.002   20
 739.938    8704635.828          0.002   24
 458.092    4589190.301          0.001   26
  57.935     659244.011          0.000   26
 391.494    4045422.613          0.001   30
 516.738    5262190.326          0.001   35
  53.009     615294.088          0.000   35
 349.675    3676893.349          0.001   35
 707.219    7234601.890          0.002   37
 626.493    8065456.661          0.002   41
  54.095     623355.138          0.000   41
 419.243    4342599.325          0.001   43
 500.890    4742240.831          0.001   45
  96.598    1069889.117          0.000   47
 391.768    3939415.010          0.001   49
 594.945    6021877.439          0.001   49
  59.328     687522.308          0.000   52
 188.985    1947313.284          0.000   56
 491.525    4993039.222          0.001   56
 625.873    6274399.915          0.002   58
  71.979     815040.446          0.000   60
 674.575    8466345.919          0.002   63
  96.676    1054481.674          0.000   65
 651.564    8581027.519          0.002   65
 245.025    2507265.312          0.001   69
 660.811   10279803.196          0.003   69
 150.217    1596507.260          0.000   72
 754.675    8104661.388          0.002   74
 314.056    3123345.552          0.001   76
 565.771    5653426.980          0.001   76
 228.227    2272786.629          0.001  166
   0.000          0.000          0.000  166
   0.000          0.000          0.000  167
 545.919    5418924.225          0.001  167
 854.811    9406814.811          0.002    7
 376.964    3978270.340          0.001    7
 518.360    5468476.933          0.001   10
1000.932   13618886.918          0.003   10
 705.045    7870809.689          0.002   15
 113.096    1241099.288          0.000   15
 777.300   12148556.370          0.003   20
 441.349    4763651.190          0.001   20
 554.273    5778306.229          0.001   20
 881.036   11307821.612          0.003   26
 343.841    4309372.497          0.001   26
  84.934     968033.986          0.000   26
 460.289    4718136.661          0.001   26
 488.461    5209387.550          0.001   30
 504.268    5151076.545          0.001   35
  79.767     927439.287          0.000   35
 214.379    2343044.075          0.001   35
 561.769    7940846.933          0.002   35
 940.439   10606686.819          0.003   35
 676.853    7095781.926          0.002   41
  95.870    1110064.751          0.000   41
 440.711    5122232.528          0.001   41
 602.237    7376680.603          0.002   47
 853.479   10725216.054          0.003   49
  89.389    1039153.884          0.000   52
 532.651    6499329.034          0.002   52
 790.751   11423093.739          0.003   52
 330.176    3428729.769          0.001   56
 582.444    7156662.844          0.002   60
 359.733    3757429.160          0.001   65
 137.776    1506305.038          0.000   65
 689.787    9392540.301          0.002   65
 455.073    4706999.527          0.001   69
 725.288    7979133.835          0.002   72
 216.200    2309270.541          0.001   72
 946.746   12265705.494          0.003   72
 953.538   10094310.428          0.002   76
 843.397   10098685.098          0.002  166
 439.630    4437501.705          0.001  208
   0.000          0.000          0.000  208
   0.000          0.000          0.000  209
 662.485   11562588.865          0.003  209
 871.327   10343725.782          0.002  251
 619.268    6591439.141          0.002    7
 932.992   11612968.636          0.003    7
 925.105   10552961.050          0.002   15
 301.203    3265114.607          0.001   15
 166.355    1834744.296          0.000   15
 848.518   12297890.344          0.003   20
 341.009    3682936.694          0.001   20
 676.774    8185170.762          0.002   20
 838.791    9532876.010          0.002   20
 108.961    1243659.999          0.000   26
 367.005    3934265.025          0.001   26
 743.756    8127922.312          0.002   30
 595.385    6066064.463          0.001   35
 106.770    1244376.828          0.000   35
 645.968    6759893.947          0.002   35
1068.477   11710926.891          0.003   41
 680.016    7179161.289          0.002   41
 127.568    1480706.225          0.000   41
 648.009    6230429.073          0.001   41
 664.877    6750760.825          0.002   47
 167.879    1874529.219          0.000   47
 622.053    6652548.906          0.002   47
 486.675    5030415.554          0.001   52
 126.340    1472783.716          0.000   52
 250.976    2761207.601          0.001   52
 705.159    7322169.527          0.002   56
 499.721    5241614.391          0.001   56
 814.447    8349997.038          0.002   60
 306.852    3342085.820          0.001   60
 140.893    1601123.599          0.000   60
 196.488    2154144.421          0.000   65
 845.944    9520125.997          0.002   65
 773.116    8140826.154          0.002   69
 547.826    5869587.143          0.001   72
 517.638    5570853.380          0.001   72
1027.939   13523621.414          0.003  294
 610.696    6069401.274          0.001  294
 801.769   10750293.403          0.003  294
   0.000          0.000          0.000  250
   0.000          0.000          0.000  251
 255.277    2674136.941          0.001  251
 905.515   11390363.138          0.003  251
 897.651    9590459.421          0.002    7
 802.318    9008351.021          0.002    7
1157.604   12672339.369          0.003   10
 730.745    7826618.194          0.002   15
 628.114    9335547.329          0.002   15
 225.779    2499651.094          0.001   15
 845.272    8852852.643          0.002   20
 857.677   11379191.270          0.003   20
 633.850    6560344.652          0.002   26
 295.385    3263832.900          0.001   26
 162.874    1867341.330          0.000   26
 240.541    2677652.917          0.001   26
 615.395    6560331.429          0.002   26
 997.432   13736058.804          0.003   26
1073.574   12616373.458          0.003   35
 585.812    6218200.359          0.001   35
 125.459    1464818.757          0.000   35
 705.633    7853492.028          0.002   35
1074.718   13087519.109          0.003   35
 782.396    8482405.402          0.002   41
 164.261    1912931.058          0.000   41
 602.765    6735505.880          0.002   47
 232.850    2621168.134          0.001   47
 883.064   12716681.837          0.003   47
 616.410    6588233.900          0.002   52
 381.239    4204050.678          0.001   52
1020.046   11012154.279          0.003   56
 851.004    9334492.913          0.002   56
 539.356    5721438.015          0.001   60
 385.547    4278070.710          0.001   60
 205.439    2345304.519          0.001   60
 674.284    8668835.477          0.002   65
 282.485    3113594.765          0.001   65
 396.555    4377867.735          0.001   65
1004.798   11384721.062          0.003   72
 403.087    4350679.792          0.001   72
 694.963    7410059.840          0.002   72
 954.657   10543212.327          0.002  294
 403.102    4090800.996          0.001  294
 129.848    1352692.390          0.000  294
   0.000          0.000          0.000  294
   0.000          0.000          0.000  295
 568.316    6053005.234          0.001  251
 889.356    9510177.569          0.002  251
1017.457   10777351.343          0.002  452
 963.361   10275576.534          0.002  452
 967.201   10253899.247          0.002   15
 542.566    5889215.794          0.001   15
 273.610    3037891.307          0.001   15
 771.176    8511168.164          0.002   15
 587.532    6507459.556          0.002   20
 683.051    6971472.751          0.002   26
 345.057    3794282.511          0.001   26
 630.961   10361327.608          0.002   26
 394.608    4369113.537          0.001   26
 993.305   11180875.557          0.003   26
 445.003    4862010.200          0.001   35
 163.843    1921853.216          0.000   35
 309.204    3627628.508          0.001   35
 848.712    9165641.949          0.002   35
 768.819    8807524.942          0.002   41
 185.729    2166928.006          0.000   41
 656.173    6742189.315          0.002   41
 737.306    8166250.459          0.002   47
 280.713    3178748.003          0.001   47
 183.318    2145765.522          0.000   52
 820.192   10816841.835          0.002   52
 716.972    8005699.612          0.002   52
1231.567   13684291.440          0.003   60
 944.375   12431729.426          0.003   60
 731.613   10176307.454          0.002   60
 672.877    6904434.248          0.002   60
 882.383   11177300.581          0.003   65
 508.300    5687234.657          0.001   65
 887.153    9639491.385          0.002   65
1085.070   11866258.937          0.003   72
 476.222    5152574.459          0.001   72
 838.658   10532132.912          0.002   72
1159.145   13260322.971          0.003   72
 768.445    7424487.364          0.002  294
 619.581    8491178.300          0.002  335
   0.000          0.000          0.000  335
   0.000          0.000          0.000  336
 536.158    5964023.262          0.001  336
 742.612    7918674.757          0.002  452
 532.346    5775351.326          0.001  452
1038.733   10882547.878          0.002  452
 949.740   10162892.372          0.002   15
 730.879    7953620.423          0.002   15
 338.520    3772693.553          0.001   15
 670.922    7231029.084          0.002   15
1033.419   11798107.526          0.003   15
 776.516    8701191.702          0.002   20
1073.374   12666964.058          0.003   26
 607.362    6351411.423          0.001   26
 218.644    2519550.861          0.001   26
 474.461    5123837.371          0.001   26
 534.615    5921305.079          0.001   26
1101.773   13017636.278          0.003   35
 412.581    4669047.482          0.001   35
1136.319   13325965.473          0.003   41
 799.796    9212216.146          0.002   41
 218.796    2559188.116          0.001   41
 460.064    4957816.653          0.001   41
 345.554    3948786.432          0.001   47
 548.854    6132509.710          0.001   47
 510.087    5524682.369          0.001   52
 542.413    5897818.548          0.001   52
1060.516   11982311.298          0.003   52
1059.295   12294760.833          0.003   60
 532.591    5972362.499          0.001   60
 277.376    3180860.203          0.001   60
 407.565    4493002.380          0.001   65
1010.933   11774290.243          0.003   65
 692.275    7508503.638          0.002   72
 939.248   10289245.199          0.002   72
 638.831    7687801.822          0.002  372
 108.346    1152830.812          0.000  372
   0.000          0.000          0.000  372
   0.000          0.000          0.000  373
 701.794    8746366.699          0.002  452
 349.943    3798495.215          0.001  452
1023.813   11766362.182          0.003  452
1006.558   10961206.361          0.002  452
1350.913   15178726.648          0.003   15
 663.062    7410274.801          0.002   15
 386.710    4320349.738          0.001   15
 881.299   10844910.629          0.002   15
 950.878   10721803.937          0.002   20
1142.223   11251920.891          0.003   26
 727.802    9839158.987          0.002   26
 668.398    7933453.389          0.002   26
 854.173    9506161.767          0.002   26
 805.287    8999772.627          0.002   35
 210.833    2487418.710          0.001   35
 645.048    9884699.263          0.002   35
 930.480   10211152.203          0.002   35
 785.190    7943688.561          0.002   41
 252.797    2965011.235          0.001   41
 941.156   12695793.765          0.003   47
 390.868    4498023.707          0.001   47
 899.452   11651575.724          0.003   47
 748.113   13791383.686          0.003   52
 243.923    2866671.764          0.001   52
 551.202    6032401.068          0.001   52
1184.771   13655661.938          0.003   52
1100.202   11421619.325          0.003   60
 668.894    7301107.769          0.002   60
 353.367    4071531.329          0.001   60
 457.241    5108913.419          0.001   60
 866.284   11179477.369          0.003   60
 737.563    7472713.278          0.002   65
1048.350   10276677.191          0.002   65
1222.733   13384797.920          0.003   72
1054.494   11309625.720          0.003   72
1070.954   12897432.409          0.003  491
 814.111    8974482.107          0.002  491
 828.790    8321173.985          0.002  372
 319.306    3399956.061          0.001  372
   0.000          0.000          0.000  413
   0.000          0.000          0.000  414
 323.351    3438523.988          0.001  452
 222.354    2417724.788          0.001  452
 804.575    8948248.206          0.002  452
 711.220    7786478.942          0.002  452
 948.310   10288267.913          0.002   15
 478.262    5367732.607          0.001   15
 771.337    8371698.278          0.002   15
1473.257   20912704.463          0.005   20
 853.956    9945690.667          0.002   26
 274.308    3174826.690          0.001   26
 920.048   10152156.819          0.002   26
 900.185    9852535.497          0.002   26
 557.127    6106834.210          0.001   35
 335.310    3861813.180          0.001   35
 870.608    9181577.011          0.002   35
1268.803   14325283.914          0.003   41
 969.176   10376548.180          0.002   41
 284.038    3339502.629          0.001   41
 849.449   10943646.024          0.002   41
 493.251    5788810.283          0.001   47
 858.355    9400343.587          0.002   47
 957.372   10204777.030          0.002   52
 305.653    3617653.444          0.001   52
 306.157    3593585.848          0.001   52
 766.438    8450433.638          0.002   52
1158.143   11973508.064          0.003   52
1351.120   15673336.941          0.003   60
 658.670    7319715.069          0.002   60
 884.947    9283110.001          0.002   60
 544.645    5981814.505          0.001   65
1116.831   11708861.457          0.003   65
1426.744   17168082.628          0.004  491
 883.766   10204187.040          0.002  491
1030.811   16034747.731          0.004  491
 563.516    6197453.408          0.001  491
 709.250    7979366.980          0.002  491
   0.000          0.000          0.000  451
   0.000          0.000          0.000  452
  44.271     481375.834          0.000  452
 108.880    1183312.560          0.000  452
 579.205    6131005.822          0.001  452
 379.578    4139871.992          0.001  452
 998.791   11082555.483          0.003  452
1408.973   19053477.692          0.004  452
1067.963   12643245.435          0.003   15
 546.542    6153047.374          0.001   15
 725.965    8286125.172          0.002   15
1149.758   11859412.591          0.003   15
1057.550   10918176.136          0.002   26
 698.314    7563850.690          0.002   26
 305.599    3545088.669          0.001   26
 878.448   10720366.261          0.002   26
 632.448    6559625.711          0.001   35
 270.663    3221663.950          0.001   35
 489.518    5573912.183          0.001   35
 845.036    9094612.722          0.002   35
 559.675    6307389.182          0.001   41
 329.664    3891114.349          0.001   41
 879.544   11633506.408          0.003   41
 539.729    6385227.437          0.001   47
 675.177    8203620.074          0.002   47
 871.792    9581232.847          0.002   52
 760.589    8216273.921          0.002   52
1247.248   15495658.882          0.003   52
1544.453   16026038.577          0.004   52
1031.080   14454458.608          0.003   60
 437.270    5065143.981          0.001   60
 960.090   11530449.601          0.003   60
 626.303    6859299.679          0.002   65
1227.363   15095499.323          0.003   65
1124.422   12417766.639          0.003  491
 602.582    6804197.075          0.002  491
 430.852    4806639.621          0.001  491
 261.635    2881246.772          0.001  491
 122.147    1338698.583          0.000  491
  51.298     561055.175          0.000  491
   0.000          0.000          0.000  491
   0.000          0.000          0.000  492
 317.539    3404903.229          0.001  452
 935.907   13615905.037          0.003  452
 992.437   13397072.002          0.003  452
 683.814    7475011.992          0.002  452
 502.926    5494181.463          0.001  452
 807.565    8857481.850          0.002  452
1371.470   16594428.567          0.004  452
 905.477   10165355.469          0.002   15
 773.241    8784896.232          0.002   15
1281.772   16172597.435          0.004   15
1000.787   10112183.024          0.002   26
 719.471    7714316.100          0.002   26
 356.984    4157832.157          0.001   26
 550.520    6226669.228          0.001   26
1099.528   12902079.327          0.003   26
1014.451   10395506.946          0.002   35
 574.025    6444021.666          0.001   35
 683.882    8372085.643          0.002   35
 677.003    7789608.055          0.002   35
 646.331    7302708.751          0.002   35
 995.840   10674875.427          0.002   35
1114.705   12492709.786          0.003   41
 677.467    7215739.659          0.002   41
 360.371    4261992.199          0.001   41
 710.212    7583638.639          0.002   41
1101.981   16684124.813          0.004   47
 812.804   10076485.593          0.002   47
 379.593    4519916.505          0.001   52
 409.080    4797602.220          0.001   52
 993.912   11011495.758          0.002   52
1329.212   14387493.626          0.003   52
1123.863   11497722.970          0.003   60
 874.233    9340213.804          0.002   60
 591.590    6789915.478          0.001   60
 981.472   11266571.804          0.002   60
 937.052    9873887.351          0.002   65
 832.548    8874000.468          0.002   65
1437.737   17717553.291          0.004  491
 895.852   10261475.451          0.002  491
 744.067    8470677.423          0.002  491
 839.123   12053248.793          0.003  491
 664.919    8266921.602          0.002  491
 521.432    5971861.468          0.001  491
 387.864    4792146.430          0.001  491
   0.000          0.000          0.000  537
   0.000          0.000          0.000  538
 562.743    5941294.075          0.001  538
 906.904    9688142.756          0.002  622
1008.897   13675683.352          0.003  622
1079.276   11691663.801          0.003  452
1224.855   13625321.851          0.003   15
 767.894    8581899.377          0.002   15
1263.534   14541758.836          0.003   15
1340.619   17207634.330          0.004   26
 865.752   10014562.271          0.002   26
 383.039    4470117.014          0.001   26
 876.571   10774898.313          0.002   26
1165.118   12931705.724          0.003   26
 948.497   10354238.955          0.002   35
 346.398    4164142.772          0.001   35
 870.670   11650167.278          0.003   35
1005.598   11856030.670          0.003   35
1049.636   11008919.102          0.002   35
 939.304   10537183.581          0.002   41
 410.591    4865083.587          0.001   41
1096.289   13385955.855          0.003   41
 667.386    8078529.059          0.002   47
 755.932    7811217.621          0.002   52
 479.182    5617843.861          0.001   52
1060.598   13025480.426          0.003   52
1531.174   17650994.848          0.004   52
1323.252   14576730.594          0.003   60
 777.574    8718049.635          0.002   60
 538.680    6279367.331          0.001   60
1088.696   13250713.066          0.003   60
1408.243   16556964.370          0.004   65
1060.559   10813073.597          0.002   65
1223.952   12287001.007          0.003   65
1388.574   18084459.596          0.004  491
 908.580   10305646.044          0.002  621
 707.076    7997365.393          0.002  621
 745.808    8296119.055          0.002  621
 533.245    7086742.496          0.002  621
   0.000          0.000          0.000  576
   0.000          0.000          0.000  577
 561.309    6716641.977          0.002  622
 556.489    5836654.079          0.001  622
 617.695    6755143.812          0.002  622
 760.987    8658263.967          0.002  622
1004.854   12162288.373          0.003  622
 872.188   10334625.863          0.002  622
1320.641   15385218.159          0.003  622
1131.359   12189975.319          0.003   15
1009.201   10979610.601          0.002   15
1314.896   15255774.967          0.003   15
1242.645   13700782.159          0.003   26
 680.450    7561557.421          0.002   26
 491.599    5718571.904          0.001   26
 569.737    6511660.004          0.001   26
1047.071   10706903.284          0.002   26
1312.050   15531420.149          0.003   35
 741.822    8467912.665          0.002   35
 463.152    5558301.296          0.001   35
 700.101    7831885.988          0.002   35
1008.505   11283416.737          0.002   35
1203.721   12547552.679          0.003   41
 456.720    5416133.062          0.001   41
 666.071    7051570.457          0.002   41
1206.066   16709538.466          0.004   41
 983.847   11484555.254          0.003   47
1237.055   18481898.264          0.004   47
 451.798    5398551.987          0.001   52
 540.782    6344990.401          0.001   52
 735.783    8283589.875          0.002   52
 935.737   10033075.192          0.002   52
1370.904   13730007.467          0.003   52
1331.577   13474214.990          0.003   60
1152.645   13622490.859          0.003   60
1068.520   14708154.729          0.003   60
 899.255   10026686.406          0.002   60
1306.509   14339800.686          0.003   60
1451.849   13840997.844          0.003   65
1164.497   13360112.018          0.003  621
 655.120    7641982.494          0.002  621
 461.251    5291324.292          0.001  621
 326.895    3707950.547          0.001  621
 190.081    2128984.966          0.000  621
  71.919     797274.805          0.000  621
   0.000          0.000          0.000  621
   0.000          0.000          0.000  622
 115.809    1291752.412          0.000  622
 241.463    2716337.773          0.001  622
 311.310    3521464.295          0.001  622
 441.951    5059901.754          0.001  622
 608.189    7093692.433          0.002  622
1116.505   13059074.834          0.003  622
1401.534   15513286.195          0.003   15
1374.635   13867939.396          0.003   15
1532.799   16388471.193          0.004   26
1201.479   12947857.614          0.003   26
 648.223    7356864.967          0.002   26
 461.699    5425944.970          0.001   26
1462.158   16239053.713          0.004   26
 864.026    9581679.251          0.002   35
 412.894    5009232.469          0.001   35
 577.554    6904138.830          0.001   35
1097.152   12645876.840          0.003   35
1462.399   18579678.392          0.004   35
 755.156    8369207.793          0.002   41
 526.590    6233886.904          0.001   41
1047.916   11429258.562          0.002   41
 824.487   10146141.513          0.002   47
1206.647   14477742.548          0.003   47
 867.593    9733100.645          0.002   52
 519.909    6219660.489          0.001   52
 657.406    7689780.253          0.002   52
1081.345   11442655.220          0.002   52
1453.770   16663555.778          0.004   60
1204.053   13189363.411          0.003   60
 643.665    7515048.210          0.002   60
1156.019   12212752.626          0.003   60
1359.537   13866259.279          0.003   60
1621.520   18063160.236          0.004   65
1257.527   16269199.744          0.004  621
 838.889    9990517.068          0.002  621
 886.518    9317715.645          0.002  621
 773.289    8176010.475          0.002  621
 560.512    6144719.412          0.001  621
 481.795    5172282.683          0.001  621
 302.527    3379611.414          0.001  663
   0.000          0.000          0.000  663
   0.000          0.000          0.000  664
 575.177    6511685.683          0.002  622
 512.878    5667109.779          0.001  622
 645.621    7427582.079          0.002  622
 638.479    7350062.095          0.002  622
 917.365   10026273.732          0.002  622
 852.456   10269560.521          0.002  622
1223.783   14717637.952          0.003  622
1737.186   25548973.255          0.006  622
1460.584   15947022.222          0.003   26
 846.759    9083806.799          0.002   26
1031.391   13726597.776          0.003   26
 513.860    6059215.135          0.001   26
 918.457   10921726.416          0.002   26
 950.495    9956064.118          0.002   26
1525.200   19091640.280          0.004   26
1033.677   10669407.034          0.002   35
 884.955   10862537.278          0.002   35
 734.153    8654289.281          0.002   35
1362.439   14127345.097          0.003   35
1401.393   13286058.823          0.003   41
 903.550    9553664.639          0.002   41
1392.832   20091698.739          0.004   47
 930.545   11506495.242          0.003   47
1001.756   11748987.290          0.002   52
1051.346   12663376.659          0.003   52
1436.884   16369133.839          0.003   60
 823.786    9279825.106          0.002   60
 785.469    9166994.056          0.002   60
1331.304   14960016.649          0.003   60
1721.216   17385074.386          0.004 1002
1364.630   17105544.233          0.004  621
1091.538   14768648.763          0.003  789
 982.696   12755101.028          0.003  789
1000.148   15156964.524          0.003  789
 288.354    3061950.785          0.001  700
   0.000          0.000          0.000  700
   0.000          0.000          0.000  701
 238.770    2554299.206          0.001  701
 795.666   11345116.468          0.003  701
 806.870   10520359.081          0.002  834
 790.711    9383025.250          0.002  834
 858.416    9212673.824          0.002  834
1239.808   12650068.575          0.003  834
1539.308   17591992.820          0.004  834
1487.160   13580107.944          0.003   26
1335.185   12909712.831          0.003   26
1227.341   15122875.793          0.003   26
 624.374    7362651.411          0.002   26
 975.009   12290492.258          0.003   26
1055.768   11241145.711          0.002   26
1548.823   19800378.792          0.004   26
1484.809   15361411.896          0.003   35
1144.028   12281606.169          0.003   35
 475.676    5808013.764          0.001   35
 904.097   11101145.929          0.002   35
1221.933   16717910.447          0.004   35
 859.974    9969507.637          0.002   35
1561.083   17632659.165          0.004   35
1200.747   15545639.131          0.003   41
 615.770    7226695.802          0.002   41
1293.533   16199478.364          0.003   41
1551.249   16192424.256          0.003   41
1143.873   13928751.963          0.003   47
1383.862   15784533.801          0.003   47
1225.789   14318061.720          0.003   52
 620.503    7363653.264          0.002   52
 918.630   10049271.278          0.002   52
1485.767   17530727.493          0.004   52
1741.393   24241469.505          0.005   52
1110.863   11501895.801          0.002   60
1290.653   14183076.141          0.003   60
1183.790   12040629.852          0.003   60
1465.005   13686058.370          0.003 1002
1365.730   14648279.469          0.003 1002
1397.047   16486817.088          0.004 1002
1066.359   15252790.249          0.003  789
 728.543    9214600.646          0.002  789
 624.331    7033397.155          0.002  789
 347.310    3844508.243          0.001  789
   0.000          0.000          0.000  744
   0.000          0.000          0.000  745
 207.436    2200032.942          0.001  745
 750.615    8197400.798          0.002  834
 445.370    4892144.805          0.001  834
 482.704    5731658.470          0.001  834
 778.687   10628772.078          0.002  834
 807.921    7787090.114          0.002  834
 543.493    6399371.127          0.001  834
 900.198    9945332.604          0.002  834
1271.143   13322787.960          0.003  834
1507.990   14958791.356          0.003   26
1037.547   11082473.561          0.002   26
 696.977    8200372.224          0.002   26
 636.779    7478264.909          0.002   26
1338.173   14266576.021          0.003   26
1351.760   15630924.784          0.003   35
 539.117    6604500.286          0.001   35
 559.335    6832540.337          0.001   35
 897.255   10151066.988          0.002   35
1257.118   14552471.122          0.003   35
1298.370   13707763.666          0.003   35
1191.681   12692048.215          0.003   41
 683.290    7943846.350          0.002   41
 905.842    9722290.486          0.002   41
1550.695   15820031.910          0.003   41
1359.131   16103808.035          0.003   47
1394.457   12690154.688          0.003   52
 831.006    9190823.459          0.002   52
 699.558    8212482.159          0.002   52
 837.629    9258255.493          0.002   52
1087.680   11375809.911          0.002   52
1727.057   20302156.664          0.004   52
1685.423   15375136.115          0.003   60
1263.979   12756307.746          0.003   60
1598.015   17122436.878          0.004 1002
1317.967   14042354.482          0.003 1002
 994.097   10299248.706          0.002 1002
 952.498    9478575.797          0.002 1002
1152.712   14850864.869          0.003 1002
 750.959    9428888.016          0.002  789
 552.917    6683295.580          0.001  789
 433.114    5112487.910          0.001  789
 254.604    2911879.002          0.001  789
 119.521    1344525.064          0.000  789
   0.000          0.000          0.000  789
   0.000          0.000          0.000  790
 604.598    6538849.362          0.002  834
 154.716    1768768.753          0.000  834
 225.003    2586285.783          0.001  834
 393.709    4592145.659          0.001  834
 479.484    5633224.563          0.001  834
 793.214    9008383.334          0.002  834
1485.918   16146761.431          0.003  834
1780.554   19920222.793          0.004  834
1020.636   10898300.849          0.002   26
 828.753    9561263.855          0.002   26
1034.337   12121353.926          0.003   26
 785.784    8952551.118          0.002   26
1255.297   14368155.310          0.003   35
 810.497    9152481.820          0.002   35
 592.400    7257959.740          0.002   35
 646.357    7829677.015          0.002   35
1058.973   11603924.097          0.002   35
1411.370   17050171.219          0.004   35
1662.500   17362837.771          0.004   35
1671.226   18165048.469          0.004   41
1168.167   11177103.002          0.002   41
 808.025    9060221.060          0.002   41
 989.699   10163574.458          0.002   41
1533.110   16434373.569          0.003   41
1746.539   19834816.778          0.004   47
1710.915   15239723.680          0.003   52
 970.995   10220480.421          0.002   52
 852.022    9507900.511          0.002   52
 933.984   10243001.489          0.002   52
1363.936   12677117.241          0.003   52
1698.639   15480007.828          0.003   52
2041.807   20185154.753          0.004   60
1593.713   17680614.391          0.004 1002
1429.060   16326286.752          0.003 1002
1121.894   12333281.908          0.003 1002
 934.596   10565498.657          0.002 1002
 696.790    8009291.977          0.002 1002
 805.207    7556721.048          0.002 1002
 820.232    9911315.666          0.002  789
 587.852    6971125.978          0.002  789
 633.149    7522570.387          0.002  789
 210.938    2246348.341          0.001  833
   0.000          0.000          0.000  833
   0.000          0.000          0.000  834
  75.160     855389.526          0.000  834
 580.065    6039799.709          0.001  834
 706.055    9083194.249          0.002  834
 298.409    3449992.167          0.001  834
 795.812   10761698.817          0.002  834
 947.303   10830332.505          0.002  834
 598.340    7078744.857          0.002  834
1109.226   13585328.828          0.003  834
1723.892   19501152.126          0.004  834
1716.793   16301155.817          0.003   26
1237.315   12795192.943          0.003   26
1323.140   16222514.080          0.003   26
1179.558   11611370.231          0.002   26
1284.002   14435046.304          0.003   35
 679.800    8249179.350          0.002   35
1086.084   13273387.504          0.003   35
 813.419    9352113.043          0.002   35
1469.969   14400328.585          0.003   35
1642.994   16491400.017          0.003   41
 968.203   10201583.337          0.002   41
1226.566   11599399.596          0.002   41
1568.320   13814777.477          0.003   41
1945.169   18704508.502          0.004   52
1461.239   13143916.255          0.003   52
1174.638   11444639.630          0.002   52
1118.932   11131430.170          0.002   52
1387.592   13473366.788          0.003   52
1538.118   13747738.706          0.003   52
1971.593   17255165.274          0.004   52
2158.231   20195560.912          0.004   60
1970.494   17924444.889          0.004   60
1806.751   19261437.567          0.004   60
1095.787   11975851.287          0.002 1002
 990.821   10835303.373          0.002 1002
 555.253    6575378.896          0.001 1002
 466.920    5573423.877          0.001 1002
 638.641    8317979.682          0.002 1002
 517.384    5564772.858          0.001 1002
 758.498    9033991.236          0.002 1002
 994.163   13953266.033          0.003 1002
 804.567    9649265.397          0.002  833
 345.771    3615971.094          0.001  877
   0.000          0.000          0.000  877
   0.000          0.000          0.000  878
 686.436    8000811.795          0.002  834
 718.753    7892845.089          0.002  834
 480.165    5459748.561          0.001  834
 671.079    7446041.883          0.002  834
1059.867   14105444.656          0.003  834
 718.617    8469056.253          0.002  834
1182.013   12493214.424          0.003  834
1560.614   16009043.102          0.003  834
1534.873   14496637.558          0.003   26
1552.204   15102387.360          0.003   26
1377.969   16061769.203          0.003   26
1053.866   10883355.563          0.002   26
1484.110   17646572.683          0.004   35
 816.511    9504126.522          0.002   35
 790.537    9147365.020          0.002   35
1343.050   15799832.925          0.003   35
1068.522   11086092.929          0.002   35
1812.654   18079504.401          0.004   35
1490.561   14198532.344          0.003   41
1098.973   10983424.167          0.002   41
1615.695   14332784.790          0.003   41
1933.020   16267649.582          0.003   41
1724.913   14508924.621          0.003   52
1456.649   12716086.860          0.003   52
1576.890   14755029.698          0.003   52
2043.319   17561298.120          0.004   52
2368.866   24388776.662          0.005   52
2036.540   18671459.355          0.004 1002
1773.860   16688790.957          0.003 1002
1468.447   14692974.966          0.003 1002
 902.037   10230235.361          0.002 1002
 611.623    7297474.658          0.002 1002
 433.624    5251192.610          0.001 1002
 355.755    4285868.899          0.001 1002
 284.377    3406401.419          0.001 1002
 776.184    8713857.376          0.002 1002
 731.380    8365362.486          0.002  961
 380.030    4840270.085          0.001  917
   0.000          0.000          0.000  917
   0.000          0.000          0.000  918
 362.044    3952950.808          0.001  918
 516.739    5665654.069          0.001  918
 896.984   10108977.185          0.002  918
 920.508    9191893.499          0.002  834
 661.652    7555301.787          0.002  834
1064.858   11108926.869          0.002  834
 995.589   10704735.031          0.002  834
1163.818   13973360.185          0.003  834
1172.946   12655958.699          0.003  834
1930.441   20979277.897          0.004  834
1978.437   19060260.028          0.004   26
1736.536   17384289.749          0.004   26
1189.180   11733513.974          0.002   26
1395.616   16966341.809          0.003   35
 909.631   10244984.813          0.002   35
1101.380   11599448.342          0.002   35
1048.983   10937635.513          0.002   35
1601.151   15061522.440          0.003   35
1357.968   12665368.059          0.003   35
1906.293   23379337.578          0.005   35
1497.838   12592260.296          0.003   41
1861.873   15894205.922          0.003   41
2179.338   22516531.969          0.005   41
2232.317   18744538.744          0.004   41
2243.427   21731339.399          0.004   52
2027.268   17995537.975          0.004   52
1732.581   15546149.984          0.003   52
1948.388   17788117.797          0.004   52
2353.970   20233524.956          0.004   52
2376.775   22234983.943          0.004 1002
1928.450   15865967.849          0.003 1002
1354.460   11853335.466          0.002 1002
 893.629    9549750.247          0.002 1002
 597.474    7179979.733          0.001 1002
 535.636    6472799.411          0.001 1002
 610.473    7098938.047          0.002 1002
 789.183    8651316.045          0.002 1002
 671.799    7742475.775          0.002 1002
 201.267    2392740.917          0.001 1002
 521.679    6082339.674          0.001 1002
 526.515    5970967.532          0.001 1002
 207.259    2237988.458          0.001  961
   0.000          0.000          0.000  961
   0.000          0.000          0.000  962
 346.116    4024444.148          0.001  962
 679.636    8450043.786          0.002  962
1139.572   18305369.418          0.004  962
1131.736   14777681.224          0.003 1089
1320.561   16566775.163          0.004 1089
1403.023   16236330.171          0.003  834
 974.538   10821494.882          0.002  834
1451.495   14507861.037          0.003  834
2096.783   21329108.958          0.004  834
2030.238   20464557.987          0.004   26
1887.287   18693791.395          0.004   26
1808.255   17211680.533          0.004   26
1457.203   13038604.482          0.003   35
1380.077   12943513.477          0.003   35
1350.611   13316419.676          0.003   35
1296.780   12295528.773          0.002   35
1797.630   18739610.093          0.004   35
2063.436   17678806.596          0.004   35
1937.950   17747399.288          0.004   35
2114.860   17480682.930          0.003   41
2316.697   22699652.892          0.004   41
2132.824   19909164.119          0.004 2162
2078.711   21125131.614          0.004 2162
2028.518   18210873.703          0.004 2162
2162.795   25261845.133          0.005   52
2049.176   18514041.138          0.004 2162
2412.692   25183642.104          0.005 1002
1986.427   18809271.185          0.004 1002
1609.644   15062551.499          0.003 1002
1101.429   10903790.287          0.002 1002
 693.941    8146312.127          0.002 1002
1063.845   11391636.728          0.002 1002
1069.012   11654562.248          0.003 1002
 915.157    9516270.636          0.002 1002
 704.539    9029506.630          0.002 1002
 219.172    2600944.777          0.001 1002
 133.466    1575554.559          0.000 1002
  75.928     893567.605          0.000 1002
  31.747     372870.762          0.000 1002
   0.000          0.000          0.000 1002
   0.000          0.000          0.000 1003
 220.088    2347151.045          0.001 1003
 709.485    8047952.744          0.002 1089
 822.987    8687362.430          0.002 1089
 838.398   10222656.206          0.002 1089
1291.051   15934851.366          0.003 1089
1042.953   13014019.451          0.003 1089
1361.420   13551022.319          0.003  834
1855.656   19267345.418          0.004 1349
1755.979   14413561.274          0.003 1349
2173.259   25390915.642          0.005 1349
1895.655   15360548.379          0.003   26
2071.882   17538775.663          0.003   35
1855.415   15812392.491          0.003   35
1688.684   15431966.520          0.003   35
1659.616   16412893.013          0.003   35
1662.457   14066128.676          0.003   35
1903.040   17527790.682          0.003   35
2265.403   25001357.179          0.005   35
2009.202   18610411.763          0.004   41
2268.018   22238951.947          0.004 2162
1958.918   18181375.403          0.003 2162
1859.538   20468934.060          0.004 2162
1523.754   13404515.550          0.003 2162
1812.508   15839829.304          0.003 2162
1904.390   17456277.946          0.003 2162
2091.936   17155210.123          0.003 2162
2278.539   22296756.258          0.004 2162
2138.867   21699108.713          0.004 1002
1632.069   14920062.029          0.003 1002
1142.570   11162016.862          0.002 1002
1174.744   11941293.209          0.002 1002
1134.492   13015870.419          0.003 1002
1056.887   11997870.061          0.003 1002
 942.464   10770221.906          0.002 1002
 387.203    4653630.660          0.001 1002
 329.255    3941573.658          0.001 1002
 634.213    6580674.772          0.001 1002
 627.967    9910381.516          0.002 1002
 401.781    4389166.847          0.001 1002
 509.239    6090996.490          0.001 1002
   0.000          0.000          0.000 1044
   0.000          0.000          0.000 1045
 447.151    4582846.906          0.001 1089
 695.779    8305195.460          0.002 1089
 557.141    6303519.136          0.001 1089
 643.409    7726256.451          0.002 1089
 897.018   11483396.804          0.002 1089
 877.910   11176852.467          0.002 1089
1377.261   17022866.778          0.004 1089
1666.504   16388095.487          0.003 1349
1582.822   15897168.414          0.003 1349
1318.155   12153233.915          0.002 1349
1915.393   17428271.278          0.003 1349
2294.556   19079038.559          0.004   26
2403.727   22730777.861          0.005   26
2087.863   17791634.623          0.004   35
2212.212   19217430.888          0.004   35
2056.382   21753728.151          0.004   35
2173.601   17640337.503          0.003   35
2165.906   21045764.191          0.004 2157
1922.992   16901771.312          0.003 2157
2044.692   21098003.289          0.004 2157
2232.918   24335983.557          0.005 2157
2284.456   23853652.524          0.005 2157
1900.568   17029129.474          0.003 2162
1690.663   15204283.595          0.003 2162
1451.847   15125485.086          0.003 2162
1355.723   12272227.382          0.002 2162
1740.358   18936649.071          0.004 2162
1223.149   11886164.928          0.002 2162
1863.659   17143373.439          0.003 2162
1994.858   18013357.026          0.004 2162
2202.234   22944086.704          0.004 2162
1809.587   15612683.552          0.003 1002
1583.174   13728833.073          0.003 1002
1434.625   13987894.059          0.003 1002
 893.216   10121466.043          0.002 1002
 607.075    7246746.194          0.002 1002
 522.052    6260812.841          0.001 1002
 837.872    9736915.951          0.002 1002
 929.025   12141554.410          0.003 1002
 798.503   10143776.490          0.002 1135
 572.651    6803238.302          0.002 1135
 427.401    4796445.849          0.001 1135
   0.000          0.000          0.000 1088
   0.000          0.000          0.000 1089
  98.615    1125510.026          0.000 1089
 183.584    2112333.393          0.000 1089
 358.330    4174486.874          0.001 1089
 452.893    5321390.861          0.001 1089
 645.076    8021309.081          0.002 1089
 715.528    9120387.529          0.002 1089
 980.040   12671720.937          0.003 1089
1441.711   13784373.977          0.003 1349
1243.535   14045537.029          0.003 1349
1168.254   11099436.638          0.002 1349
1105.207   11008070.250          0.002 1349
1640.031   14269647.033          0.003 1349
2152.250   18716224.115          0.004 1349
2305.758   22742577.909          0.004 1349
2419.099   20908667.675          0.004 2140
2413.898   24175249.814          0.005 2140
2206.664   19756019.276          0.004 2140
2290.627   23631317.419          0.005 2157
1976.596   19565415.475          0.004 2157
1434.175   13435075.233          0.003 2157
1788.199   16484093.004          0.003 2157
1911.259   17918388.547          0.003 2157
1998.886   19412135.669          0.004 2162
1733.218   20312840.453          0.004 2162
1455.651   13151750.854          0.003 2162
1254.371   12234233.676          0.002 2162
 893.638   10172929.235          0.002 2162
1303.614   14208294.640          0.003 2162
1619.333   22501373.200          0.004 2162
1002.755   10761387.462          0.002 2162
1553.789   14534857.008          0.003 2162
1764.739   15605386.488          0.003 2162
2134.296   21288547.420          0.004 2162
2287.685   21093250.747          0.004 1002
2182.023   19503728.619          0.004 1002
1799.969   18494497.514          0.004 1002
1122.626   12210612.470          0.003 1002
 984.058   10693333.133          0.002 1002
 962.354   10463112.154          0.002 1002
 702.726    7944606.064          0.002 1002
 907.599   13640989.621          0.003 1135
 686.390    9358305.529          0.002 1135
 462.989    5748340.636          0.001 1135
 298.364    3522261.043          0.001 1135
 136.724    1548425.233          0.000 1135
   0.000          0.000          0.000 1135
   0.000          0.000          0.000 1136
 584.352    7486020.052          0.002 1089
 488.641    5264291.270          0.001 1089
 301.738    3541754.922          0.001 1089
 443.784    5365104.292          0.001 1089
 507.837    6215399.054          0.001 1089
 576.399    7149631.384          0.002 1089
1118.827   14443362.649          0.003 1089
1336.378   17562237.195          0.004 1349
 979.384    9881606.594          0.002 1349
 798.333    9019535.935          0.002 1349
1325.941   13648074.171          0.003 1349
2086.477   21016684.571          0.004 1349
2006.416   17904169.209          0.004 2140
1958.590   16158306.555          0.003 2140
2273.878   18964275.456          0.004 2140
2152.782   19258205.320          0.004 2140
1838.471   15015438.356          0.003 2140
1716.351   15684667.981          0.003 2140
2098.665   21005917.013          0.004 2157
2001.992   20150879.867          0.004 2157
1823.828   17573688.186          0.003 2157
1255.797   12574370.747          0.002 2157
1531.780   14913983.608          0.003 2157
1693.310   16500276.052          0.003 2162
1311.550   14069518.172          0.003 2162
 897.582   10029515.755          0.002 2162
 735.498    9064928.948          0.002 2162
1489.550   21005362.446          0.004 2162
1344.305   17429616.882          0.003 2162
1123.816   11615056.995          0.002 2162
1704.293   15717479.727          0.003 2162
2080.728   19205548.763          0.004 2176
2144.961   23695978.961          0.005 1002
1742.370   18172607.374          0.004 1002
1528.344   15287564.393          0.003 1002
1325.028   13405112.818          0.003 1002
 980.922    9966432.956          0.002 1002
1149.549   16901201.882          0.004 1135
 722.894    9625042.482          0.002 1135
 700.081    8605754.594          0.002 1135
 705.984    8877964.872          0.002 1135
   0.000          0.000          0.000 1178
   0.000          0.000          0.000 1179
 323.046    3701696.020          0.001 1179
 563.801    6780609.940          0.002 1179
 719.029    8333331.316          0.002 1089
 620.518    6910107.770          0.002 1089
 824.508   10018258.507          0.002 1089
 979.519   12097438.936          0.003 1089
1109.402   12377132.470          0.003 1349
 632.188    7509414.380          0.002 1349
 991.507   11967850.308          0.002 1349
1394.458   15434767.679          0.003 1349
1871.544   19786868.584          0.004 2140
1280.462   12442062.164          0.002 2140
1912.883   20232785.666          0.004 2140
1611.924   15583118.077          0.003 2140
1319.505   12570042.864          0.002 2140
1758.180   14968525.448          0.003 2140
1462.584   14127458.597          0.003 2157
1027.340   11393209.290          0.002 2157
 962.237   10986380.536          0.002 2157
1355.391   16147522.035          0.003 2157
1632.765   17599193.526          0.003 2162
1020.102   11030189.513          0.002 2162
 668.093    8407332.252          0.002 2162
1035.033   11265453.194          0.002 2162
1284.359   16534454.732          0.003 2162
 726.931    8949031.714          0.002 2162
1271.841   22982319.824          0.005 2162
1426.266   17863685.216          0.004 2162
1507.559   14819942.696          0.003 2162
1893.103   15898263.357          0.003 2176
1791.027   16838154.576          0.003 2176
1914.071   18802450.421          0.004 1002
1728.335   18495141.894          0.004 1002
1505.518   15121741.932          0.003 1002
1423.515   26036170.008          0.006 1135
1059.852   14788001.969          0.003 1135
 775.791   11647266.077          0.003 1220
 491.098    6323486.998          0.001 1220
 267.099    3124814.448          0.001 1220
 104.089    1160768.149          0.000 1220
   0.000          0.000          0.000 1220
   0.000          0.000          0.000 1221
 588.727    8579573.629          0.002 1221
 739.239    9172817.862          0.002 1179
 736.430    7362413.961          0.002 1349
 686.880    7715284.583          0.002 1349
 699.329    8010754.180          0.002 1349
 711.506    8059060.139          0.002 1349
 551.774    6582323.885          0.001 1349
 639.131    7567730.851          0.002 1349
1343.281   14864253.994          0.003 1349
1818.592   20393389.857          0.004 1349
1519.286   14397099.766          0.003 2140
1725.336   18824165.860          0.004 2140
1623.123   18134526.357          0.004 2140
1346.680   13711554.209          0.003 2140
1043.323   11101089.920          0.002 2140
1241.569   12119011.134          0.002 2140
1592.097   16358793.290          0.003 2140
1671.006   15928429.722          0.003 2157
1097.491   11918314.036          0.002 2157
 787.453    9744958.253          0.002 2157
1362.802   18267266.361          0.004 2157
1700.140   22473859.403          0.005 2157
1495.024   15665370.121          0.003 2162
1257.745   15614476.894          0.003 2162
 631.354    7966836.880          0.002 2162
 599.430    7646571.876          0.002 2162
 951.899   11221959.314          0.002 2162
1052.332   14469012.276          0.003 2162
 662.250    8274688.269          0.002 2162
 946.567   10445635.004          0.002 2162
1478.114   15721381.629          0.003 2162
1858.264   16997426.734          0.003 2176
1551.338   13259597.543          0.003 2176
1711.681   15510526.128          0.003 2176
1742.332   16264127.222          0.003 1392
1685.225   17027662.917          0.004 1392
1575.354   16749692.663          0.004 1392
1069.478   10816336.571          0.002 1392
 929.616    8358475.954          0.002 1392
 818.362   11557707.945          0.003 1220
 564.594    7234708.888          0.002 1220
 552.008    6550420.713          0.002 1220
 328.997    3639699.815          0.001 1220
   0.000          0.000          0.000 1265
   0.000          0.000          0.000 1266
 620.156    6741667.054          0.002 1349
 406.067    4425586.895          0.001 1349
 522.008    5559963.295          0.001 1349
 652.218    7251925.348          0.002 1349
 343.484    4068901.443          0.001 1349
 370.273    4394580.561          0.001 1349
 455.928    5432768.071          0.001 1349
 966.070   11233721.412          0.002 1349
 828.511    9284995.664          0.002 1349
1332.274   13078477.211          0.003 1349
1467.917   17239807.739          0.003 2140
 908.321   10369999.194          0.002 2140
1571.356   18516418.307          0.004 2140
 997.811   11348096.353          0.002 2140
 862.341    9842519.130          0.002 2140
1463.587   15336014.631          0.003 2140
1397.140   14854514.157          0.003 2157
 793.792    9799661.271          0.002 2157
 696.525    8798990.535          0.002 2157
1067.898   12485889.119          0.003 2157
1308.305   15154903.329          0.003 2157
1625.635   17919062.159          0.004 2157
1490.693   16224387.490          0.003 2162
1016.426   11441058.412          0.002 2162
 523.161    6712577.058          0.001 2162
 939.130   11244070.884          0.002 2162
1079.192   15805870.162          0.003 2162
 718.368    8698566.194          0.002 2162
1225.183   12812291.478          0.003 2162
1487.731   17008143.565          0.003 2162
1669.062   18172657.874          0.004 2176
1025.425   10559343.253          0.002 2176
1630.387   15880106.942          0.003 1392
1157.660   11534147.637          0.002 1392
1061.534   10913916.362          0.002 1392
 669.562    7611601.068          0.002 1392
 691.283    6894241.867          0.001 1392
 952.530    9841345.023          0.002 1392
 610.312    8338480.413          0.002 1306
   0.000          0.000          0.000 1306
   0.000          0.000          0.000 1307
 214.468    2252868.559          0.001 1307
 150.113    1757140.738          0.000 1349
 215.244    2527075.521          0.001 1349
 281.716    3319741.041          0.001 1349
 608.692    6906623.467          0.001 1349
1042.872   11820517.957          0.003 1349
 657.361    7545461.441          0.002 1349
1125.680   11965984.266          0.003 1349
1403.381   12991244.952          0.003 1349
1336.618   14936194.822          0.003 2140
1057.048   12134935.264          0.003 2140
 770.331    9207605.373          0.002 2140
1201.711   14607238.033          0.003 2140
 827.882    9889683.963          0.002 2140
1057.719   12777731.559          0.003 2140
 940.673   11656306.200          0.002 2157
 813.617    9964646.790          0.002 2157
1062.316   12009135.731          0.002 2157
1563.747   19259551.946          0.004 2157
1441.500   16407364.357          0.003 2162
 940.665   10503602.936          0.002 2162
 496.458    6360767.102          0.001 2162
 783.000    8990228.666          0.002 2162
 716.698    9239945.333          0.002 2162
 560.785    7115341.359          0.001 2162
 943.448   10722904.761          0.002 2162
1779.119   23737131.380          0.005 2162
1587.804   15757656.845          0.003 2176
1148.567   11231039.409          0.002 2176
 865.948    9598675.570          0.002 2176
1494.322   16145029.972          0.003 2176
1708.250   18393606.676          0.004 1392
1119.556   11324877.699          0.002 1392
 710.400    7994646.093          0.002 1392
 555.541    6383366.983          0.001 1392
 430.808    4947764.789          0.001 1392
 576.571    5868909.878          0.001 1392
 455.915    4763579.222          0.001 1392
 488.733    5238790.437          0.001 1392
 545.224    7317221.784          0.002 1392
   0.000          0.000          0.000 1348
   0.000          0.000          0.000 1349
  63.682     742105.124          0.000 1349
  84.504     985829.314          0.000 1349
 427.370    4615051.245          0.001 1349
 344.555    3882914.082          0.001 1349
 580.619    6378667.116          0.001 1349
 376.650    4394852.986          0.001 1349
 650.815    7484166.158          0.002 1349
1044.588   10534449.196          0.002 1349
 973.181   10171709.182          0.002 1349
1487.783   15581258.964          0.003 2140
 851.576   10032715.641          0.002 2140
1013.535   12083530.952          0.003 2140
1296.699   14851596.392          0.003 2140
 691.075    8475699.348          0.002 2140
 639.684    7915759.640          0.002 2140
1122.373   12069678.423          0.002 2140
1592.560   16411886.186          0.003 2140
1245.212   12462835.062          0.003 2157
 915.419   10217174.418          0.002 2157
 631.281    7963713.830          0.002 2157
 998.268   11130397.884          0.002 2157
1502.250   18556968.963          0.004 2157
1361.764   15262205.679          0.003 2162
 956.768   10846980.788          0.002 2162
 451.355    5762245.422          0.001 2162
 592.915    7436774.402          0.002 2162
1120.649   13708106.172          0.003 2162
1556.906   17512373.702          0.004 2162
1658.464   18153946.031          0.004 2176
1305.058   15745476.154          0.003 2176
 770.510    8807713.572          0.002 2176
1113.343   12844542.619          0.003 2176
1551.916   16468869.785          0.003 2176
1420.443   14310505.407          0.003 1392
 841.383    9162284.422          0.002 1392
1033.912   12650686.331          0.003 1392
 748.240    8931908.480          0.002 1392
 350.021    4002889.853          0.001 1392
 282.731    3221671.797          0.001 1392
 202.383    2296283.230          0.001 1392
 123.886    1409428.708          0.000 1392
  48.042     545454.320          0.000 1392
   0.000          0.000          0.000 1392
   0.000          0.000          0.000 1393
 382.824    3912552.909          0.001 1349
 800.145   12564320.595          0.003 1349
 837.689   10482468.795          0.002 1349
 876.641    8317450.157          0.002 1349
 678.767    7344439.916          0.002 1349
 536.604    6169466.784          0.001 1349
 928.885   10386569.790          0.002 1349
1315.176   12779440.350          0.003 1349
1579.409   16038509.515          0.003 1349
1758.363   24111554.815          0.005 2140
1163.317   12579319.482          0.003 2140
 615.174    7605109.262          0.002 2140
1149.718   14325795.799          0.003 2140
 965.456   10918827.219          0.002 2140
 996.734   12161769.671          0.003 2140
1330.008   14259539.535          0.003 2140
1562.898   18999849.454          0.004 2157
1362.328   14142362.103          0.003 2157
 904.588   10538046.438          0.002 2157
 550.382    6945747.824          0.001 2157
 721.295    8642997.668          0.002 2157
1012.897   11081154.149          0.002 2157
1671.370   20377383.042          0.004 2157
1420.522   16810939.262          0.004 2162
 871.178   11617182.047          0.002 2162
 855.091    9573108.372          0.002 2162
 807.321    9387467.469          0.002 2162
 959.101   10767096.416          0.002 2162
1278.127   13342995.802          0.003 2162
1664.464   21981380.723          0.005 2176
1181.178   11875579.332          0.002 2176
 678.602    7908214.508          0.002 2176
1001.599   10513196.351          0.002 2176
1602.715   17733468.905          0.004 2176
1393.914   12911656.526          0.003 1392
1190.554   12537975.366          0.003 1392
 618.028    7045708.245          0.002 1392
 600.291    6445876.349          0.001 1392
 542.970    4694612.242          0.001 1392
 570.803    7326775.345          0.002 1392
   0.000          0.000          0.000 1434
   0.000          0.000          0.000 1435
 655.511    7896258.888          0.002 1478
 705.028    8033349.771          0.002 1478
 812.190   10110615.124          0.002 1478
1015.179   11228854.760          0.002 1349
 765.588    8353907.486          0.002 1349
1393.536   14134011.651          0.003 1349
1645.336   15733163.388          0.003 2132
1602.764   16861037.672          0.004 2132
1242.167   12982126.413          0.003 2140
 840.965    9588336.399          0.002 2140
 529.592    6548553.611          0.001 2140
 943.297   12291746.540          0.003 2140
 659.102    7879729.672          0.002 2140
 521.072    6502682.549          0.001 2140
 966.304   10175829.095          0.002 2140
1499.351   17150265.802          0.004 2140
1590.400   22486106.525          0.005 2157
1366.811   17442472.887          0.004 2157
1042.368   13476053.724          0.003 2157
 495.381    6215904.711          0.001 2157
 817.201    9275019.045          0.002 2157
1239.279   12954567.782          0.003 2157
1486.279   14692144.905          0.003 2162
1332.181   12709679.263          0.003 2162
 654.584    7557886.747          0.002 2162
 392.557    4977930.556          0.001 2162
 942.876   11670091.307          0.002 2162
 418.771    5294644.588          0.001 2162
 574.093    6912226.417          0.001 2162
1124.347   11172229.221          0.002 2162
1481.038   19439992.112          0.004 2176
1256.932   13892786.958          0.003 2176
 603.523    7083506.486          0.001 2176
1224.726   13324561.996          0.003 2176
1664.910   20775723.234          0.004 2176
1621.362   16931402.840          0.004 1392
1154.506   12166060.285          0.003 1392
 922.149   10461880.558          0.002 1392
 937.694   11021465.647          0.002 1601
 753.920    8193548.619          0.002 1392
 651.357   10125112.668          0.002 1477
   0.000          0.000          0.000 1477
   0.000          0.000          0.000 1478
 191.084    2138557.544          0.000 1478
 384.015    4416050.782          0.001 1478
 577.255    6868768.263          0.002 1478
 875.435   11016948.957          0.002 1478
1334.811   16619241.954          0.004 1349
1090.169   10766187.001          0.002 1349
1333.155   13309663.704          0.003 1349
1603.600   17410550.940          0.004 2132
1134.089   11958204.058          0.003 2132
1394.533   16127971.088          0.003 2132
1236.122   13137589.705          0.003 2140
 870.124    9991620.744          0.002 2140
 451.726    5566610.125          0.001 2140
 435.206    5392686.039          0.001 2140
 750.601    8730759.281          0.002 2140
1051.470   12362318.131          0.003 2157
1227.358   14182811.690          0.003 2157
 983.800   12949786.568          0.003 2157
 672.064    7857957.146          0.002 2157
1213.712   13718953.109          0.003 2157
 899.165    9267514.699          0.002 2162
 455.221    5574056.927          0.001 2162
 529.056    6360351.336          0.001 2162
 344.453    4325776.339          0.001 2162
 876.605   10570792.784          0.002 2162
1123.492   10417752.454          0.002 2162
1448.635   17748625.457          0.004 2176
1156.110   13998276.435          0.003 2176
 989.209   11276136.150          0.002 2176
 569.069    6687213.941          0.001 2176
1074.055   13342386.667          0.003 2176
1254.495   13726672.194          0.003 2176
1473.445   15473015.571          0.003 2176
1503.903   17768717.709          0.004 1601
1104.367   14415583.838          0.003 1601
1071.303   13555446.438          0.003 1601
 758.599    8487768.045          0.002 1601
 921.109   13399853.817          0.003 1601
 713.233   10603906.891          0.002 1519
 183.824    2075628.989          0.000 1519
   0.000          0.000          0.000 1519
   0.000          0.000          0.000 1520
 527.485    5864953.694          0.001 1561
 712.993   10036876.990          0.002 1561
 915.576   11395631.100          0.003 1478
 986.368   11131590.462          0.003 1561
1014.298   11392711.374          0.003 1561
1503.203   18962736.996          0.004 1561
1377.741   13998861.405          0.003 2132
1268.705   14196849.494          0.003 2132
 851.888    9623197.135          0.002 2132
1231.925   12774058.753          0.003 2132
1339.176   14809430.678          0.003 2140
 801.723    9119547.775          0.002 2140
 378.802    4659330.270          0.001 2140
 592.449    6954177.682          0.001 2140
1129.283   13389444.759          0.003 2140
1415.517   16113828.210          0.003 2140
1271.275   14344317.871          0.003 2157
 810.568    9612199.508          0.002 2157
 694.697    8260205.050          0.002 2157
 433.907    5401976.904          0.001 2157
 807.805    9300732.916          0.002 2157
1213.390   15173947.037          0.003 2157
1182.608   13098040.596          0.003 2162
1053.731   11486856.149          0.002 2162
 329.238    4132690.903          0.001 2162
 692.430    8327671.269          0.002 2162
1141.102   12826163.998          0.003 2162
 967.248   11230567.768          0.002 2176
 703.082    7993345.974          0.002 2176
 723.600    8602993.905          0.002 2176
1091.620   12072305.943          0.003 2176
1227.598   12477147.254          0.003 2176
1447.722   15934909.979          0.004 1601
1051.292   12044544.165          0.003 1601
 907.034   10404923.781          0.002 1601
 622.116    7097386.868          0.002 1601
 411.940    4613244.960          0.001 1601
 568.654    6212710.981          0.001 1601
 351.612    3344046.636          0.001 1560
   0.000          0.000          0.000 1560
   0.000          0.000          0.000 1561
 111.417    1217397.482          0.000 1561
 477.625    5200347.248          0.001 1561
 839.648   10510492.597          0.002 1561
 583.345    6511028.193          0.001 1561
 756.185    8499598.693          0.002 1561
1040.361   11782117.261          0.003 1561
1463.819   17196124.555          0.004 1561
1036.015   10993965.049          0.002 2132
1019.209   11627120.124          0.003 2132
 734.573    8334766.724          0.002 2132
 901.185    9850712.542          0.002 2132
1476.687   20369367.070          0.004 2132
1161.863   13288120.993          0.003 2140
 380.815    4668559.825          0.001 2140
 607.810    7059979.763          0.002 2140
1021.816   11242401.878          0.002 2140
1160.763   11518665.166          0.002 2140
1546.584   18407676.801          0.004 2140
1025.756   11356448.206          0.002 2157
 660.487    7854770.313          0.002 2157
 402.848    4992137.585          0.001 2157
 866.225   10530087.916          0.002 2157
1266.890   16165968.012          0.004 2162
 735.632    8717484.373          0.002 2162
 801.350    9342995.892          0.002 2162
 276.162    3434791.172          0.001 2162
 891.003   12453320.810          0.003 2162
1222.223   14120615.147          0.003 2162
1315.334   16125383.893          0.004 2168
1193.796   13680470.776          0.003 2176
 783.284    9342537.861          0.002 2176
 468.153    5512615.266          0.001 2176
 816.820    9162519.538          0.002 2176
1332.480   15004216.481          0.003 1601
1039.192   11943408.688          0.003 1601
 542.291    6105720.217          0.001 1601
 302.458    3358124.424          0.001 1601
 161.486    1777509.281          0.000 1601
  46.836     513475.909          0.000 1601
   0.000          0.000          0.000 1601
   0.000          0.000          0.000 1602
 277.255    2950993.427          0.001 1561
 236.578    2597834.678          0.001 1561
 366.961    4049563.799          0.001 1561
 645.603    7269096.494          0.002 1561
1030.471   11674970.981          0.003 1561
1414.236   17961867.698          0.004 2132
 725.694    8117139.353          0.002 2132
 720.777    8280125.988          0.002 2132
 623.707    7064516.638          0.002 2132
1073.886   12634453.027          0.003 2132
1433.453   19113162.834          0.004 2140
 684.856    7799530.301          0.002 2140
 315.600    3843708.269          0.001 2140
 749.942    8438647.421          0.002 2140
 786.186    8569060.905          0.002 2140
1443.455   15075295.901          0.003 2140
1040.602   11310282.002          0.002 2157
 666.172    7811381.300          0.002 2157
 585.061    7008304.436          0.002 2157
 817.386    9512672.355          0.002 2157
1180.242   15282364.943          0.003 2162
 623.620    7330235.243          0.002 2162
1034.263   11748765.305          0.003 2162
 678.134    7676882.207          0.002 2162
 935.440    9951592.727          0.002 2162
1133.093   13703819.020          0.003 2168
1262.705   15302862.350          0.003 2176
 631.223    7388872.400          0.002 2176
 937.625   11455161.793          0.003 2176
 919.728   12790651.021          0.003 2176
 391.990    4603409.147          0.001 2176
 606.414    6526499.902          0.001 2176
 594.912    6845998.568          0.001 2176
1130.353   12369059.430          0.003 2176
1250.938   13766039.508          0.003 2185
1087.256   11786681.202          0.003 1601
 735.223    8297954.676          0.002 1601
 674.191    7501247.541          0.002 1601
 623.760    6428428.086          0.001 1601
 555.897    6410331.693          0.002 1601
   0.000          0.000          0.000 1643
   0.000          0.000          0.000 1644
 455.600    5278333.009          0.001 1644
 720.394   10893473.537          0.003 1561
 747.147    7974550.005          0.002 1561
 511.989    5664651.149          0.001 1561
 906.743    9946336.479          0.002 1561
1430.603   18752795.075          0.004 1561
1212.308   12708698.182          0.003 2132
 640.426    7165578.161          0.002 2132
 596.526    6783121.113          0.001 2132
 522.156    5885173.091          0.001 2132
 616.919    6965016.601          0.002 2132
1200.547   15577271.032          0.003 2132
 655.158    7430154.021          0.002 2140
 441.134    5202089.901          0.001 2140
 394.374    4647359.480          0.001 2140
 476.030    5540539.441          0.001 2140
1020.221   10080852.994          0.002 2140
1125.697   11978626.483          0.003 2157
 496.493    5923806.745          0.001 2157
 344.590    4228714.168          0.001 2157
 678.498    7493715.203          0.002 2157
1250.289   15172198.711          0.003 2157
 729.149    8302295.195          0.002 2162
 485.215    5671737.258          0.001 2162
 804.383    9978693.109          0.002 2162
 233.545    2883016.060          0.001 2162
 614.215    6974462.643          0.002 2162
1074.629   11092435.855          0.002 2162
 874.763   10296792.260          0.002 2168
1083.381   14438953.035          0.003 2176
 524.126    6079777.065          0.001 2176
 780.643    8366051.324          0.002 2176
 338.900    3968445.404          0.001 2176
 471.939    5421010.167          0.001 2176
 870.911    9716442.094          0.002 2176
1322.382   14757272.865          0.003 2185
1252.145   17893462.685          0.004 2185
 832.757    9347863.673          0.002 2185
1149.321   13183301.592          0.003 2185
1175.516   12594103.783          0.003 1601
 972.061   11718289.698          0.003 1734
 804.323    9472802.152          0.002 1734
 750.277   11269381.614          0.003 1601
 387.303    4101177.087          0.001 1689
   0.000          0.000          0.000 1689
   0.000          0.000          0.000 1690
 135.465    1484056.275          0.000 1690
 403.817    4744523.108          0.001 1690
 923.461   14784416.312          0.003 1561
 853.682    9169589.979          0.002 1561
1140.572   14205156.122          0.003 1561
1564.172   19851251.480          0.004 2124
1213.662   12790501.536          0.003 2132
 509.958    5708957.393          0.001 2132
 427.841    4801030.057          0.001 2132
 973.266   14194867.432          0.003 2132
1186.535   12936651.806          0.003 2132
1002.421   10936165.517          0.002 2140
 573.374    6388068.205          0.001 2140
 264.487    3195902.716          0.001 2140
 824.337   11647300.742          0.003 2140
1008.832   10485426.155          0.002 2140
1462.349   15816140.629          0.003 2140
1299.083   13302980.350          0.003 2150
 931.510   10165735.004          0.002 2157
 791.874    8605230.366          0.002 2157
 394.364    4725218.631          0.001 2157
 295.141    3586476.698          0.001 2157
 979.867   11308151.666          0.003 2157
 869.803   12303014.505          0.003 2162
 366.325    4289212.928          0.001 2162
 407.858    4781981.505          0.001 2162
 503.791    5632137.163          0.001 2162
1209.601   13117107.519          0.003 2162
 978.035   11260739.986          0.003 2168
1031.052   11511297.574          0.003 2168
 744.028    8093385.289          0.002 2176
 441.831    5102233.160          0.001 2176
 741.134   10088485.432          0.002 2176
 400.566    4601278.362          0.001 2176
 700.661    7855451.967          0.002 2176
1140.742   13050568.690          0.003 2176
 984.407   10780991.886          0.002 2185
 652.074    7291383.289          0.002 2185
1239.118   14555395.465          0.003 2185
1315.941   15752772.376          0.004 2185
1085.272   11524967.549          0.003 1814
 502.928    5663075.621          0.001 1734
 250.699    2747698.248          0.001 1734
   0.000          0.000          0.000 1734
   0.000          0.000          0.000 1735
 682.719    8055611.049          0.002 1773
 756.803    9328450.604          0.002 1690
1228.339   16021281.636          0.004 1690
1050.603   11070381.158          0.003 2124
1213.043   14036445.356          0.003 2124
1352.848   17633095.889          0.004 2132
 974.751   12970765.204          0.003 2132
 373.013    4167706.985          0.001 2132
 379.736    4252167.563          0.001 2132
 799.778    8671067.976          0.002 2132
1148.952   15095936.728          0.003 2140
 507.858    5727453.884          0.001 2140
 580.766    6206564.860          0.001 2140
 944.609   12743066.723          0.003 2144
1097.828   12480159.996          0.003 2144
1273.124   15995065.199          0.004 2150
 701.055    8188075.451          0.002 2157
 269.543    3259786.835          0.001 2157
 626.078    7195180.905          0.002 2157
 805.526    8064123.760          0.002 2162
 283.207    3332771.533          0.001 2162
 195.958    2401415.826          0.000 2162
 764.976    8922910.731          0.002 2162
1132.453   16946376.930          0.004 2168
 622.542    7049214.466          0.002 2168
1148.648   14181952.389          0.003 2176
 351.474    4052219.043          0.001 2176
 267.611    3115799.598          0.001 2176
 327.889    3770648.088          0.001 2176
1121.920   13888380.641          0.003 2176
1388.468   18578679.286          0.004 2185
 697.336    7723176.320          0.002 2185
 994.272   12040468.996          0.003 2185
1217.007   15326827.258          0.003 2185
1205.027   14644274.812          0.003 1814
 647.037    6799941.517          0.002 1814
   0.000          0.000          0.000 1772
   0.000          0.000          0.000 1773
 211.200    2214850.133          0.001 1773
 749.905    8231413.872          0.002 1773
1144.014   14582143.992          0.003 2124
1196.388   14648655.372          0.003 2124
 813.775    8650316.619          0.002 2124
 922.198   10470598.019          0.002 2124
 803.416    8524864.262          0.002 2132
 835.426   12204405.490          0.003 2132
 306.667    3423475.656          0.001 2132
 857.148   10223851.088          0.002 2132
 909.200   10044670.964          0.002 2140
 334.877    3856290.891          0.001 2140
 213.504    2564797.326          0.001 2140
 781.199    9183687.036          0.002 2140
 789.483   10051642.513          0.002 2144
 937.503   10707641.401          0.002 2144
 846.794    9088043.418          0.002 2150
1143.432   11590701.580          0.003 2150
 771.976    9129091.979          0.002 2157
 242.244    2918820.979          0.001 2157
 567.675    6196939.629          0.001 2162
 219.886    2611247.762          0.001 2162
 173.087    2111849.135          0.000 2162
 336.447    3858379.345          0.001 2162
1045.361    9852822.418          0.002 2162
1038.843   11725569.813          0.003 2168
 535.365    6008569.148          0.001 2168
 987.564   11409137.627          0.003 2168
 890.982    9031627.305          0.002 2176
 695.294    7200888.378          0.002 2176
 218.359    2526458.053          0.001 2176
 673.892    7324022.787          0.002 2176
 901.160    9875602.563          0.002 2185
 442.576    4888033.963          0.001 2185
 955.993   10846219.697          0.002 2185
 747.322    7905228.697          0.002 2185
 790.614    8405190.810          0.002 1814
 542.361    5710064.491          0.001 1814
 353.825    3711412.591          0.001 1814
 187.887    1973134.380          0.000 1814
   0.000          0.000          0.000 1814
   0.000          0.000          0.000 1815
 484.183    5138307.881          0.001 1773
1101.333   13020937.710          0.003 1773
 988.760   12688052.173          0.003 2124
 659.539    7297097.649          0.002 2124
1094.749   12300682.994          0.003 2132
 540.932    5902870.537          0.001 2132
 266.990    2976369.825          0.001 2132
 837.639    9650883.977          0.002 2132
1195.925   15362022.875          0.003 2140
 691.634    7559920.698          0.002 2140
 168.630    2014559.609          0.000 2140
 505.217    5520586.702          0.001 2140
 977.555   12050263.613          0.003 2144
 634.335    7293351.946          0.002 2144
1146.044   16411214.104          0.004 2150
 629.090    6724894.378          0.002 2150
 994.065   11860837.310          0.003 2150
 679.381    8469151.608          0.002 2157
 709.743    7694373.464          0.002 2157
 968.621   11556705.815          0.003 2162
 340.055    3897961.200          0.001 2162
 145.181    1761456.185          0.000 2162
 662.256    8335816.198          0.002 2162
 931.351    9743460.097          0.002 2162
 691.391    7838733.903          0.002 2168
 466.939    5212085.397          0.001 2168
 780.918   10529078.649          0.002 2176
 189.342    2188387.036          0.000 2176
 802.741   10819369.289          0.002 2176
1020.894   10889437.167          0.003 2176
1197.714   12721138.515          0.003 2185
 551.120    6032854.722          0.001 2185
 649.273    7078367.932          0.002 2185
 567.973    6093131.403          0.001 2185
1076.739   12918886.137          0.003 2185
 685.080    7031811.336          0.002 1814
 484.754    4684292.056          0.001 1814
 238.297    2744315.759          0.001 1854
   0.000          0.000          0.000 1854
   0.000          0.000          0.000 1855
 603.450    7984191.713          0.002 1855
 883.433   10155873.763          0.002 1773
1110.107   14189121.690          0.003 1773
 560.788    5910411.683          0.001 2124
 542.738    5799999.889          0.001 2124
 766.355    8208988.826          0.002 2124
 795.796    8671343.595          0.002 2132
 219.166    2439097.736          0.001 2132
 592.813    5991176.127          0.001 2132
1165.605   15994286.637          0.004 2132
 613.237    5910473.399          0.001 2140
 145.709    1736818.613          0.000 2140
 767.232    8772131.950          0.002 2140
 530.577    6225120.926          0.001 2144
 867.020    9608936.344          0.002 2144
 878.989    9496466.844          0.002 2150
 449.222    4806820.478          0.001 2150
 189.295    2265307.680          0.000 2157
 409.096    4509426.672          0.001 2157
 961.416   12664481.126          0.003 2162
 407.665    4465706.234          0.001 2162
 116.759    1410487.402          0.000 2162
 716.236    7733803.550          0.002 2162
1132.555   13368754.823          0.003 2166
 587.450    6481666.289          0.001 2168
 368.540    4081806.409          0.001 2168
 849.794    9254946.801          0.002 2168
1044.421   12331081.610          0.003 2176
 357.388    3966036.109          0.001 2176
 165.430    1910238.530          0.000 2176
 555.791    5955646.605          0.001 2176
 703.741    7546527.398          0.002 2176
1171.211   13773615.190          0.003 2182
1087.897   12627016.984          0.003 2185
 828.679    9278942.338          0.002 2185
 324.615    3539892.985          0.001 2185
 750.121    7996852.258          0.002 2185
1178.523   13029550.141          0.003 1814
1073.665   12413495.986          0.003 1814
 780.274   10069546.252          0.002 1941
 299.537    3129688.415          0.001 1897
   0.000          0.000          0.000 1897
   0.000          0.000          0.000 1898
 163.647    1714972.014          0.000 1898
 581.863    6081340.480          0.001 1898
 837.043    8707305.937          0.002 1898
 814.902    8605085.308          0.002 2124
 344.732    3692874.206          0.001 2124
 400.142    4329202.882          0.001 2124
1051.928   12351114.659          0.003 2124
 766.364    9067215.831          0.002 2132
 628.611    8300295.232          0.002 2132
1095.346   13769367.019          0.003 2132
 743.066    9460163.862          0.002 2138
 604.366    6786027.159          0.002 2140
 131.299    1563182.583          0.000 2140
 620.192    6691282.702          0.002 2140
 865.164   11105376.958          0.003 2144
 341.306    3830476.409          0.001 2144
 527.624    5897138.033          0.001 2144
 488.058    5219049.977          0.001 2150
 602.536    6325136.328          0.001 2150
 524.702    5880458.279          0.001 2157
 158.603    1891614.148          0.000 2157
 296.871    3309650.080          0.001 2157
 908.913   11485272.782          0.003 2157
 480.352    6685607.370          0.002 2162
 546.843    5766601.927          0.001 2162
1037.598   11484692.581          0.003 2166
 836.731   10891897.396          0.003 2168
 307.059    3388545.723          0.001 2168
 741.038    8090522.696          0.002 2168
 920.625   11975435.142          0.003 2176
 514.981    5538716.682          0.001 2176
 138.515    1597351.828          0.000 2176
 462.942    4996549.835          0.001 2176
 906.566    9755824.883          0.002 2182
 824.154    9128818.241          0.002 2182
1013.064   15069485.681          0.004 2182
 252.544    2760168.623          0.001 2185
 814.210   10153530.452          0.002 2185
1137.912   12644928.079          0.003 2191
1149.285   12313421.564          0.003 2191
 762.639    8306385.981          0.002 1941
 167.370    1728374.828          0.000 1941
   0.000          0.000          0.000 1941
   0.000          0.000          0.000 1942
 587.969    6500168.137          0.002 1985
 873.123   10113297.951          0.002 2120
 798.526    9682433.945          0.002 2124
 236.387    2543728.652          0.001 2124
 600.167    6037104.744          0.001 2124
 775.822    9304920.132          0.002 2129
 691.115    7175911.889          0.002 2132
 149.141    1657740.548          0.000 2132
 694.860    7390626.527          0.002 2132
 831.483    8898893.426          0.002 2135
 500.930    5892489.460          0.001 2138
 455.665    4761144.964          0.001 2140
  93.968    1114616.225          0.000 2140
 818.496    9575097.222          0.002 2140
 288.634    3222012.746          0.001 2144
 938.146   11015435.179          0.003 2150
 299.405    3195957.318          0.001 2150
 733.343    8800834.987          0.002 2150
 460.086    4766516.353          0.001 2157
 117.508    1395416.649          0.000 2157
 671.880    8182079.968          0.002 2157
 837.352   10030113.578          0.002 2158
 597.012    6074161.684          0.001 2162
  82.188     987583.599          0.000 2162
 484.888    5157704.859          0.001 2162
 967.189   10193821.158          0.002 2162
 557.798    5968562.877          0.001 2166
 745.374    8445259.616          0.002 2168
 262.529    2890248.644          0.001 2168
 863.788   11995971.692          0.003 2168
 894.863    9209074.514          0.002 2172
 413.011    4396722.580          0.001 2176
 271.765    2947297.562          0.001 2176
1027.733   11527871.698          0.003 2176
 546.011    5886012.940          0.001 2182
 719.873    8128680.247          0.002 2185
 196.475    2143475.190          0.000 2185
 882.698    9650291.282          0.002 2185
 659.104    6936176.368          0.002 2191
 782.495   10608267.890          0.003 1941
 341.319    3529352.737          0.001 1984
   0.000          0.000          0.000 1984
   0.000          0.000          0.000 1985
 205.363    2132923.060          0.001 1985
 715.038    7573903.112          0.002 1985
 732.945    7598658.319          0.002 2120
 603.121    6126579.017          0.001 2124
 201.986    2172332.314          0.001 2124
 853.593   12517514.916          0.003 2124
 520.800    5814991.286          0.001 2129
 702.174    9949921.720          0.002 2129
 108.823    1208633.455          0.000 2132
 669.761    8791678.927          0.002 2132
 543.115    5733107.437          0.001 2135
 329.889    3722939.587          0.001 2138
 681.034    8629639.665          0.002 2138
  68.950     816197.129          0.000 2140
 556.853    6388623.728          0.002 2140
 557.153    5952946.022          0.001 2144
 220.424    2444642.190          0.001 2144
 398.400    4322519.678          0.001 2144
 889.169    9280883.717          0.002 2144
 427.393    4482888.092          0.001 2150
 465.305    4858211.271          0.001 2150
  95.639    1134216.201          0.000 2157
 588.639    7454836.729          0.002 2157
 843.227    9937560.995          0.002 2162
  61.310     734868.574          0.000 2162
 608.495    7526756.427          0.002 2162
 331.439    3498753.601          0.001 2166
 195.190    2140843.930          0.000 2168
 413.133    4383886.761          0.001 2168
 649.421    6698254.376          0.002 2172
 625.847    6471331.332          0.002 2172
 785.881    9105720.530          0.002 2176
  86.027     989625.539          0.000 2176
 674.826    7044970.306          0.002 2176
 968.031   11844570.216          0.003 2180
 442.070    4676791.795          0.001 2182
 717.292   13737662.704          0.003 2185
 146.431    1594876.410          0.000 2185
 440.490    4663408.782          0.001 2185
 668.040    6780412.079          0.002 2187
 700.112    8292993.364          0.002 2191
 423.809    4445621.576          0.001 2191
 725.390    8630264.362          0.002 2029
   0.000          0.000          0.000 2029
   0.000          0.000          0.000 2030
 602.692   10246505.066          0.003 2030
 304.246    3065333.014          0.001 2120
 604.020    6491167.238          0.002 2120
 119.905    1287783.131          0.000 2124
 596.493    7544629.272          0.002 2127
 277.240    2936887.010          0.001 2129
  63.152     700940.486          0.000 2132
 629.152    8637395.329          0.002 2132
 236.382    2622053.465          0.001 2138
 508.756    6038604.310          0.001 2140
 669.521    7983111.618          0.002 2140
 351.147    3617593.210          0.001 2144
 146.640    1616889.653          0.000 2144
 693.979    9970786.064          0.002 2146
 663.735    7595308.712          0.002 2148
 139.411    1483360.467          0.000 2150
 647.989    7560777.652          0.002 2152
 754.593    9198739.724          0.002 2153
  63.993     757584.120          0.000 2157
 355.208    3723424.840          0.001 2158
 638.800    9099083.706          0.002 2162
  43.526     520821.991          0.000 2162
 667.700   10735848.556          0.003 2162
 233.607    2454654.086          0.001 2166
 385.011    3980359.524          0.001 2168
 119.258    1300631.135          0.000 2168
 454.594    4714586.630          0.001 2168
 308.417    3192971.078          0.001 2172
 653.656    9089688.159          0.002 2175
  55.756     639736.914          0.000 2176
 592.495    6254469.937          0.002 2179
 534.185    5477097.353          0.001 2180
 236.573    2497082.581          0.001 2182
 506.012    5196698.887          0.001 2185
 101.560    1104368.722          0.000 2185
 307.583    3157031.236          0.001 2187
 625.687    8661840.467          0.002 2188
 652.944    6997611.888          0.002 2191
 223.782    2327322.475          0.001 2191
 578.995    8141046.294          0.002 2071
   0.000          0.000          0.000 2071
   0.000          0.000          0.000 2072
 305.674    3009246.232          0.001 2118
 166.769    1683432.967          0.000 2120
 373.886    3867830.506          0.001 2122
  60.202     645242.243          0.000 2124
 447.417    4911019.429          0.001 2126
 326.024    3253653.361          0.001 2128
 161.602    1696147.687          0.000 2129
 282.399    2812747.103          0.001 2131
 422.112    5888756.627          0.001 2133
 392.820    4779902.514          0.001 2134
 173.237    1792533.753          0.000 2135
 358.964    3551240.185          0.001 2137
 131.083    1425039.727          0.000 2138
  19.574     230555.906          0.000 2140
 300.792    3009733.236          0.001 2142
  56.769     618776.576          0.000 2144
 212.181    2123977.723          0.001 2146
 198.184    1991463.286          0.000 2148
  49.022     522128.152          0.000 2150
 438.011    4589592.379          0.001 2151
 245.450    2568342.815          0.001 2153
 331.557    3216261.868          0.001 2155
  25.988     306843.516          0.000 2157
 187.208    1937569.182          0.000 2158
 323.445    3403157.620          0.001 2160
  18.722     223526.562          0.000 2162
 283.539    2875806.030          0.001 2164
 125.014    1305415.495          0.000 2166
  55.708     604597.815          0.000 2168
 339.294    3439139.808          0.001 2170
 121.854    1254759.451          0.000 2172
 336.391    3333088.744          0.001 2174
  23.132     265053.207          0.000 2176
 349.088    3474650.689          0.001 2178
 159.317    1614402.795          0.000 2180
 110.663    1159252.379          0.000 2182
 441.542    5400024.255          0.001 2185
  38.887     422021.060          0.000 2185
 149.393    1529039.113          0.000 2187
 338.236    3343598.999          0.001 2189
 103.524    1072021.611          0.000 2191
 512.911    5722261.853          0.001 2193
   0.000          0.000          0.000 2115
   0.000          0.000          0.000 2116
   0.000          0.000          0.000 2117
   0.000          0.000          0.000 2118
   0.000          0.000          0.000 2119
   0.000          0.000          0.000 2120
   0.000          0.000          0.000 2121
   0.000          0.000          0.000 2122
   0.000          0.000          0.000 2123
   0.000          0.000          0.000 2124
   0.000          0.000          0.000 2125
   0.000          0.000          0.000 2126
   0.000          0.000          0.000 2127
   0.000          0.000          0.000 2128
   0.000          0.000          0.000 2129
   0.000          0.000          0.000 2130
   0.000          0.000          0.000 2131
   0.000          0.000          0.000 2132
   0.000          0.000          0.000 2133
   0.000          0.000          0.000 2134
   0.000          0.000          0.000 2135
   0.000          0.000          0.000 2136
   0.000          0.000          0.000 2137
   0.000          0.000          0.000 2138
   0.000          0.000          0.000 2139
   0.000          0.000          0.000 2140
   0.000          0.000          0.000 2141
   0.000          0.000          0.000 2142
   0.000          0.000          0.000 2143
   0.000          0.000          0.000 2144
   0.000          0.000          0.000 2145
   0.000          0.000          0.000 2146
   0.000          0.000          0.000 2147
   0.000          0.000          0.000 2148
   0.000          0.000          0.000 2149
   0.000          0.000          0.000 2150
   0.000          0.000          0.000 2151
   0.000          0.000          0.000 2152
   0.000          0.000          0.000 2153
   0.000          0.000          0.000 2154
   0.000          0.000          0.000 2155
   0.000          0.000          0.000 2156
   0.000          0.000          0.000 2157
   0.000          0.000          0.000 2158
   0.000          0.000          0.000 2159
   0.000          0.000          0.000 2160
   0.000          0.000          0.000 2161
   0.000          0.000          0.000 2162
   0.000          0.000          0.000 2163
   0.000          0.000          0.000 2164
   0.000          0.000          0.000 2165
   0.000          0.000          0.000 2166
   0.000          0.000          0.000 2167
   0.000          0.000          0.000 2168
   0.000          0.000          0.000 2169
   0.000          0.000          0.000 2170
   0.000          0.000          0.000 2171
   0.000          0.000          0.000 2172
   0.000          0.000          0.000 2173
   0.000          0.000          0.000 2174
   0.000          0.000          0.000 2175
   0.000          0.000          0.000 2176
   0.000          0.000          0.000 2177
   0.000          0.000          0.000 2178
   0.000          0.000          0.000 2179
   0.000          0.000          0.000 2180
   0.000          0.000          0.000 2181
   0.000          0.000          0.000 2182
   0.000          0.000          0.000 2183
   0.000          0.000          0.000 2184
   0.000          0.000          0.000 2185
   0.000          0.000          0.000 2186
   0.000          0.000          0.000 2187
   0.000          0.000          0.000 2188
   0.000          0.000          0.000 2189
   0.000          0.000          0.000 2190
   0.000          0.000          0.000 2191
   0.000          0.000          0.000 2192
   0.000          0.000          0.000 2193
   0.000          0.000          0.000 2194
   0.000          0.000          0.000 2195
 495.669    5103118.498          0.001   72
 701.232    9226449.585          0.002    7
 340.597    3703197.093          0.001  491
 190.142    2088274.749          0.000  491
 454.806    4774122.473          0.001   26
 429.636    4632777.785          0.001 2176
 356.033    3869860.641          0.001 1002
 104.615    1232833.670          0.000 1002
 247.789    2762268.340          0.001 1002
 446.787    4688642.333          0.001   15
 441.712    4942951.461          0.001 2157
 349.594    3840648.318          0.001 2185
 379.087    4174954.104          0.001 2132
 664.566    7030423.987          0.002 2166
 925.841   10866575.047          0.002   26
 701.652    7756328.940          0.002   26
 236.825    2824783.365          0.001 1002
 473.930    5442257.078          0.001 1002
 453.409    5186367.416          0.001 1392
 709.946    7944403.439          0.002 1392
 421.999    4825342.421          0.001 1392
 828.728    9539915.250          0.002 1392
 599.632    6793297.250          0.002   35
 300.348    3588471.635          0.001   35
 702.059    8675458.670          0.002   35
 842.023    9559736.845          0.002 2176
 799.777    9150950.625          0.002 2176
1043.225   12887891.712          0.003 1349
 800.161    8589339.373          0.002   52
1480.045   14323181.172          0.003 1002
 457.389    5068297.019          0.001 2157
 470.727    5974743.518          0.001 2162
 774.717    8393870.704          0.002   65
1315.723   13285714.542          0.003 2140
 964.063   10757792.636          0.002 2162
1057.121   12686800.540          0.003 2162
 606.206    7677390.526          0.002 2157
 627.827    7960579.915          0.002 2157
 837.923    9515460.057          0.002   60
 487.648    5668426.049          0.001   60
1533.326   14379298.708          0.003   60
1727.682   19295247.445          0.004   60
1750.147   18459476.735          0.004 1349
 787.636    9414890.600          0.002 2162
1070.119   11777873.527          0.002 2162
 603.022    6798264.401          0.002   15
 737.322    8198770.945          0.002   35
1873.839   18131046.889          0.004 2162
2194.624   21306960.680          0.004   41
1922.804   21546526.147          0.004   41
1588.816   17387587.375          0.004 1002
1928.714   17940856.489          0.004 2140
1268.805   11819869.578          0.002 2176
