   0.000          0.000          0.000    1
   0.000          0.000          0.000    2
   0.000          0.000          0.000    3
   0.000          0.000          0.000    4
   0.000          0.000          0.000    5
   0.000          0.000          0.000    6
   0.000          0.000          0.000    7
   0.000          0.000          0.000    8
   0.000          0.000          0.000    9
   0.000          0.000          0.000   10
   0.000          0.000          0.000   11
   0.000          0.000          0.000   12
   0.000          0.000          0.000   13
   0.000          0.000          0.000   14
   0.000          0.000          0.000   15
   0.000          0.000          0.000   16
   0.000          0.000          0.000   17
   0.000          0.000          0.000   18
   0.000          0.000          0.000   19
   0.000          0.000          0.000   20
   0.000          0.000          0.000   21
   0.000          0.000          0.000   22
   0.000          0.000          0.000   23
   0.000          0.000          0.000   24
   0.000          0.000          0.000   25
   0.000          0.000          0.000   26
   0.000          0.000          0.000   27
   0.000          0.000          0.000   28
   0.000          0.000          0.000   29
   0.000          0.000          0.000   30
   0.000          0.000          0.000   31
   0.000          0.000          0.000   32
   0.000          0.000          0.000   33
   0.000          0.000          0.000   34
   0.000          0.000          0.000   35
   0.000          0.000          0.000   36
   0.000          0.000          0.000   37
   0.000          0.000          0.000   38
   0.000          0.000          0.000   39
   0.000          0.000          0.000   40
   0.000          0.000          0.000   41
   0.000          0.000          0.000   42
   0.000          0.000          0.000   43
   0.000          0.000          0.000   44
   0.000          0.000          0.000   45
   0.000          0.000          0.000   46
   0.000          0.000          0.000   47
   0.000          0.000          0.000   48
   0.000          0.000          0.000   49
   0.000          0.000          0.000   50
   0.000          0.000          0.000   51
   0.000          0.000          0.000   52
   0.000          0.000          0.000   53
   0.000          0.000          0.000   54
   0.000          0.000          0.000   55
   0.000          0.000          0.000   56
   0.000          0.000          0.000   57
   0.000          0.000          0.000   58
   0.000          0.000          0.000   59
   0.000          0.000          0.000   60
   0.000          0.000          0.000   61
   0.000          0.000          0.000   62
   0.000          0.000          0.000   63
   0.000          0.000          0.000   64
   0.000          0.000          0.000   65
   0.000          0.000          0.000   66
   0.000          0.000          0.000   67
   0.000          0.000          0.000   68
   0.000          0.000          0.000   69
   0.000          0.000          0.000   70
   0.000          0.000          0.000   71
   0.000          0.000          0.000   72
   0.000          0.000          0.000   73
   0.000          0.000          0.000   74
   0.000          0.000          0.000   75
   0.000          0.000          0.000   76
   0.000          0.000          0.000   77
   0.000          0.000          0.000   78
   0.000          0.000          0.000   79
   0.000          0.000          0.000   80
   0.000          0.000          0.000   81
 795.155   12546324.622          0.003    5
 181.620    1753372.145          0.000    5
 105.639    1091795.916          0.000    7
 363.487    3336117.048          0.001    8
 131.358    1346162.697          0.000   10
 238.614    2239355.348          0.001   12
 295.614    2929036.314          0.001   13
  41.583     455731.176          0.000   15
 264.904    2624885.512          0.001   17
 521.195    5215650.913          0.001   19
  66.140     695149.659          0.000   20
 757.182    8463013.452          0.002   20
 229.752    2344315.379          0.001   24
  32.153     363584.556          0.000   26
 670.753    7560876.893          0.002   26
 150.919    1555924.038          0.000   30
 308.971    3045786.929          0.001   32
 472.393    4812176.867          0.001   35
  22.076     252875.932          0.000   35
 189.149    1818056.239          0.000   37
 726.364    8341678.340          0.002   41
  26.333     299356.934          0.000   41
 225.495    2286022.733          0.001   43
 229.410    2273597.036          0.001   45
  41.582     455119.179          0.000   47
 203.212    2046325.835          0.001   49
 334.260    3040288.906          0.001   51
  32.826     376845.671          0.000   52
 210.919    1823528.737          0.001   54
 119.263    1227740.992          0.000   56
 226.349    2452605.024          0.001   58
  29.648     332981.667          0.000   60
  52.040     585710.308          0.000   60
 232.607    2279978.881          0.001   63
  49.977     543824.881          0.000   65
 703.943    9630161.207          0.002   65
 122.008    1238980.617          0.000   69
 427.450    4243639.099          0.001   72
  78.517     829692.996          0.000   72
 248.742    2407364.133          0.001   74
 148.666    1473286.781          0.000   76
 305.861    2798300.491          0.001   78
   0.000          0.000          0.000  124
   0.000          0.000          0.000  125
 475.091    4687239.796          0.001  125
 501.762    4929095.005          0.001    5
 236.627    2467416.763          0.001    7
 287.579    2962830.224          0.001   10
 667.839    6782022.375          0.002   10
 666.509    6506269.568          0.002   12
 411.645    4181500.518          0.001   15
 715.052    7600362.010          0.002   17
 156.621    1659116.467          0.000   20
 746.509    9906882.915          0.002   20
 790.534    9213284.329          0.002   24
 449.284    4496740.845          0.001   26
  58.014     656918.999          0.000   26
 395.971    4086008.209          0.001   30
 509.620    5238148.868          0.001   35
  54.086     622223.852          0.000   35
 353.968    3688215.784          0.001   35
 711.145    7145283.656          0.002   37
 618.449    7841126.555          0.002   41
  53.536     608348.905          0.000   41
 429.581    4404338.459          0.001   43
 479.182    4682605.294          0.001   45
  99.491    1095132.350          0.000   47
 392.568    3975015.949          0.001   49
 599.271    6072797.774          0.002   49
  59.657     685536.744          0.000   52
 189.223    1951326.359          0.000   56
 490.612    4977784.176          0.001   56
 615.191    5855926.046          0.001   60
  72.283     814640.460          0.000   60
 674.455    8435137.384          0.002   63
  96.014    1048065.288          0.000   65
 654.592    8567874.557          0.002   65
 245.448    2509752.036          0.001   69
 650.110   10030266.484          0.002   69
 149.322    1582763.183          0.000   72
 711.693    7645048.517          0.002   74
 315.670    3183323.348          0.001   76
 565.375    5725001.441          0.001   76
 233.342    2306976.863          0.001  166
   0.000          0.000          0.000  166
   0.000          0.000          0.000  167
 538.163    5311785.267          0.001  167
 876.086    9498050.913          0.002    7
 379.535    3991126.539          0.001    7
 522.699    5456031.495          0.001   10
 894.177   10974549.777          0.003   10
 709.808    8012370.797          0.002   15
 112.101    1231058.363          0.000   15
 782.653   12272566.683          0.003   20
 449.963    4880610.761          0.001   20
 552.472    5752824.831          0.001   20
 871.823   11007201.527          0.003   26
 343.560    4326487.984          0.001   26
  85.075     964634.067          0.000   26
 453.959    4687795.015          0.001   26
 499.787    5350738.943          0.001   30
 495.885    5141521.201          0.001   35
  81.325     937854.161          0.000   35
 215.025    2329292.578          0.001   35
 642.294    8892459.510          0.002   35
 972.750   10815701.594          0.003   35
 677.399    7041986.658          0.002   41
  95.306    1082761.913          0.000   41
 468.761    5284620.783          0.001   41
 571.360    7108606.651          0.002   47
 853.095   10950043.818          0.003   49
  89.871    1035813.275          0.000   52
 579.963    6895176.191          0.002   52
 785.940   10997322.805          0.003   52
 331.088    3438518.243          0.001   56
 585.932    7269634.724          0.002   60
 356.983    3737612.065          0.001   65
 136.773    1496861.422          0.000   65
 691.487    9314779.961          0.002   65
 456.451    4714779.882          0.001   69
 724.391    7987246.214          0.002   72
 214.970    2286792.210          0.001   72
 939.597   12418744.149          0.003   72
 972.840   10660497.134          0.003   76
 816.690   10478492.852          0.003  166
 414.443    3984064.015          0.001  208
   0.000          0.000          0.000  208
   0.000          0.000          0.000  209
 679.677   11755398.060          0.003  209
 916.129   10562736.543          0.003  250
 622.102    6573104.978          0.002    7
 948.823   11747221.985          0.003    7
 957.674   11003794.075          0.003   15
 299.049    3235766.476          0.001   15
 164.924    1819068.773          0.000   15
 881.296   12841479.672          0.003   20
 343.040    3678308.289          0.001   20
 737.540    8542924.966          0.002   20
 869.215    9880974.979          0.002   20
 109.167    1239230.232          0.000   26
 367.036    3940955.436          0.001   26
 769.965    8512226.443          0.002   30
 581.388    6092853.324          0.001   35
 108.843    1258611.816          0.000   35
 638.287    6643493.082          0.002   35
1091.875   11888107.677          0.003   41
 676.927    7212084.175          0.002   41
 127.073    1443670.015          0.000   41
 609.483    6013564.128          0.001   41
 651.775    6790221.292          0.002   47
 173.257    1920676.058          0.000   47
 627.198    6817227.871          0.002   47
 475.874    5012858.809          0.001   52
 127.014    1467730.497          0.000   52
 254.116    2771484.258          0.001   52
 703.941    7303780.406          0.002   56
 503.178    5267036.553          0.001   56
 795.080    8040712.610          0.002   60
 296.437    3188592.405          0.001   60
 141.596    1602978.177          0.000   60
 194.991    2140192.865          0.000   65
 867.801    9756756.224          0.002   65
 778.985    8168637.854          0.002   69
 545.028    5779907.814          0.001   72
 510.571    5359067.885          0.001   72
 993.022   12647083.782          0.003  293
 576.350    5884054.729          0.001  293
   0.000          0.000          0.000  249
   0.000          0.000          0.000  250
 255.192    2695450.684          0.001  250
 963.434   11922222.371          0.003  250
 899.705    9550935.729          0.002    7
 826.394    9125822.988          0.002    7
1169.900   12745372.257          0.003   10
 726.482    7764494.171          0.002   15
 627.140    9325552.099          0.002   15
 224.009    2477393.276          0.001   15
 831.109    8665683.017          0.002   20
 865.110   11363463.804          0.003   20
 612.408    6483172.031          0.001   26
 294.656    3237387.871          0.001   26
 163.306    1859935.331          0.000   26
 241.946    2684373.054          0.001   26
 614.744    6559912.552          0.002   26
 994.458   13940338.199          0.003   26
 899.303   10062163.598          0.002   35
 583.204    6468855.847          0.001   35
 127.910    1481792.627          0.000   35
 708.386    7875018.481          0.002   35
1081.076   13123919.735          0.003   35
 783.938    8437116.989          0.002   41
 163.892    1864047.733          0.000   41
 617.440    6872638.598          0.002   47
 240.924    2688424.969          0.001   47
 849.411   11944208.338          0.003   47
 614.075    6616774.969          0.002   52
 388.045    4232207.840          0.001   52
1028.645   11016327.024          0.003   56
 873.006    9458692.481          0.002   56
 513.416    5280018.884          0.001   60
 416.600    4993069.122          0.001   60
 206.539    2349716.205          0.001   60
 692.919    9180171.986          0.002   65
 279.626    3085406.507          0.001   65
 401.133    4383977.611          0.001   65
 984.458   11027417.209          0.003   72
 402.891    4326617.222          0.001   72
 696.955    7479568.164          0.002   72
 994.948   11378865.429          0.003  293
 393.223    4086570.202          0.001  293
 129.705    1360255.462          0.000  293
   0.000          0.000          0.000  293
   0.000          0.000          0.000  294
 572.383    6081078.351          0.001  250
 889.098    9463626.493          0.002  250
1000.314   10594940.196          0.002  450
 951.915   10224987.435          0.002  450
 952.027   10123885.742          0.002   15
 537.380    5794905.866          0.001   15
 271.617    3009556.285          0.001   15
 775.638    8480817.777          0.002   15
 594.721    6497022.986          0.002   20
 653.303    6972379.060          0.002   26
 346.909    3862864.687          0.001   26
 632.413   10405363.743          0.002   26
 397.065    4391042.186          0.001   26
1012.244   11547248.959          0.003   26
 438.596    4780851.113          0.001   35
 167.155    1944682.429          0.000   35
 324.701    3664233.254          0.001   35
 840.836    9113294.410          0.002   35
 773.117    8721612.814          0.002   41
 185.434    2110764.978          0.000   41
 636.299    6641223.590          0.002   41
 745.350    8347912.096          0.002   47
 291.104    3263684.184          0.001   47
 184.345    2137931.333          0.000   52
 810.717   10586803.384          0.002   52
 729.407    8098714.330          0.002   52
1240.670   13199176.207          0.003   60
 948.513   10010571.305          0.002   60
 744.012   10253373.748          0.002   60
 654.835    6916266.195          0.002   60
 791.231    9745753.571          0.002   65
 522.738    5745695.747          0.001   65
 883.825    9574992.556          0.002   65
1091.230   11929393.377          0.003   72
 476.056    5124095.153          0.001   72
 851.450   10815254.133          0.003   72
1073.133   11681496.974          0.003   72
 731.166    7363450.905          0.002  293
 625.499    8586301.760          0.002  334
   0.000          0.000          0.000  334
   0.000          0.000          0.000  335
 546.992    6053106.542          0.001  335
 734.674    7902799.513          0.002  450
 529.290    5757013.463          0.001  450
1014.418   10740381.041          0.002  450
 944.934   10240191.311          0.002   15
 716.607    7682108.449          0.002   15
 336.397    3735208.541          0.001   15
 662.777    7192760.632          0.002   15
1062.275   11865383.741          0.003   15
 785.486    8673100.150          0.002   20
1069.570   12828205.112          0.003   26
 600.813    6654275.975          0.002   26
 219.369    2507542.101          0.001   26
 462.458    5081409.741          0.001   26
 537.167    5949312.131          0.001   26
1142.368   13656249.348          0.003   35
 417.409    4698731.051          0.001   35
1174.754   13984833.348          0.003   41
 820.350    9532408.835          0.002   41
 218.620    2491413.455          0.001   41
 446.843    4874751.558          0.001   41
 359.584    4060333.844          0.001   47
 558.480    6249374.655          0.001   47
 500.907    5497059.169          0.001   52
 531.923    5882583.639          0.001   52
1077.193   12169879.405          0.003   52
1044.936   12211899.275          0.003   60
 528.150    5969450.786          0.001   60
 278.940    3188391.240          0.001   60
 401.934    4447984.198          0.001   65
1043.942   12301849.110          0.003   65
 688.213    7441619.990          0.002   72
 944.451   10303888.474          0.002   72
 688.533    7996694.146          0.002  371
 108.506    1158197.152          0.000  371
   0.000          0.000          0.000  371
   0.000          0.000          0.000  372
 685.266    8560641.459          0.002  450
 348.140    3793627.764          0.001  450
1052.035   12092469.748          0.003  450
1002.987   11063038.595          0.003  450
1227.465   13449468.731          0.003   15
 666.328    7419119.497          0.002   15
 384.554    4275173.666          0.001   15
 924.214   11150234.930          0.003   15
 957.343   10658731.143          0.002   20
1157.984   13293856.094          0.003   26
 715.773    9601039.763          0.002   26
 669.687    7960907.442          0.002   26
 861.078    9593471.174          0.002   26
 808.757    9023096.413          0.002   35
 215.353    2518564.272          0.001   35
 761.648   11223341.291          0.003   35
 916.887   10007062.447          0.002   35
 753.834    8034099.279          0.002   41
 252.735    2884214.168          0.001   41
 952.500   12933622.895          0.003   47
 407.817    4631277.670          0.001   47
 912.671   12041553.384          0.003   47
 764.828   14724249.553          0.003   52
 245.396    2855697.278          0.001   52
 536.705    5967854.017          0.001   52
1206.791   13904597.363          0.003   52
1054.004   11059832.447          0.002   60
 650.847    7188134.421          0.002   60
 355.443    4081728.394          0.001   60
 453.947    5131236.166          0.001   60
 866.282   11555440.235          0.003   60
 686.714    7270072.598          0.002   65
 976.593    9915489.830          0.002   65
1218.344   13217375.055          0.003   72
1036.295   11102460.247          0.003   72
1119.621   13595564.635          0.003  489
 820.716    9142260.468          0.002  489
 803.057    8300118.640          0.002  371
 319.416    3419264.371          0.001  371
   0.000          0.000          0.000  412
   0.000          0.000          0.000  413
 321.971    3439171.025          0.001  450
 221.892    2419168.413          0.001  450
 812.014    8953842.468          0.002  450
 710.633    7824070.310          0.002  450
 937.780   10352445.724          0.002   15
 476.092    5303942.940          0.001   15
 756.080    8270573.824          0.002   15
 873.445   10407953.348          0.002   26
 275.511    3158156.301          0.001   26
 913.018   10047268.370          0.002   26
 892.823    9888662.638          0.002   26
 539.091    6058908.296          0.001   35
 337.157    3892088.155          0.001   35
 842.051    8997940.818          0.002   35
1318.716   15613525.699          0.004   41
 948.981   10074091.661          0.002   41
 284.034    3245721.393          0.001   41
 848.659   10762982.771          0.002   41
 518.116    5983980.118          0.001   47
 849.937    9429252.473          0.002   47
 929.746    9868296.869          0.002   52
 307.572    3600564.201          0.001   52
 308.192    3585493.960          0.001   52
 759.230    8530416.774          0.002   52
1110.723   11492066.282          0.003   52
1380.892   16626787.393          0.004   60
 653.506    7391419.677          0.002   60
 851.001    9181382.298          0.002   60
 534.627    5922917.713          0.001   65
1082.025   11796870.545          0.003   65
1472.829   18333064.205          0.004  489
 907.551   10512350.103          0.002  489
1049.516   16129036.617          0.004  489
 567.792    6307270.366          0.001  489
 724.143    8140858.817          0.002  489
   0.000          0.000          0.000  449
   0.000          0.000          0.000  450
  44.354     481549.928          0.000  450
 108.960    1183754.331          0.000  450
 578.591    6222672.339          0.001  450
 378.521    4147559.186          0.001  450
1009.078   11351463.269          0.003  450
1362.771   18283236.252          0.004  450
1094.265   12843626.357          0.003   15
 543.318    6062146.535          0.001   15
 734.582    8272249.220          0.002   15
1101.434   11730185.945          0.003   15
 921.352    8992268.721          0.002   26
 632.803    6644494.061          0.001   26
 307.101    3525319.785          0.001   26
 883.908   10728374.102          0.002   26
 588.259    6547283.226          0.001   35
 277.139    3266027.090          0.001   35
 489.365    5611413.846          0.001   35
 821.486    9131827.651          0.002   35
 557.236    6275757.558          0.001   41
 329.554    3775341.830          0.001   41
 883.182   11640375.287          0.003   41
 568.426    6611661.640          0.001   47
 715.235    8515060.274          0.002   47
 859.420    9481072.347          0.002   52
 740.156    8158882.234          0.002   52
1232.685   15803408.553          0.004   52
1449.152   15096433.849          0.003   52
1120.798   16245592.680          0.004   60
 439.943    5079774.083          0.001   60
 997.192   12151082.106          0.003   60
 611.082    6770332.390          0.002   65
1196.561   13830251.868          0.003   65
1112.360   12288221.045          0.003  489
 612.897    6913212.472          0.002  489
 436.597    4874804.719          0.001  489
 264.390    2919862.162          0.001  489
 123.482    1354456.825          0.000  489
  51.884     567183.592          0.000  489
   0.000          0.000          0.000  489
   0.000          0.000          0.000  490
 320.729    3393230.939          0.001  450
 909.302   13300032.993          0.003  450
 910.548   11892507.410          0.003  450
 688.164    7544421.971          0.002  450
 501.933    5513723.586          0.001  450
 804.016    8871589.848          0.002  450
1427.564   17601253.296          0.004  450
 899.022    9987784.007          0.002   15
 775.633    8694448.312          0.002   15
1289.517   16300201.188          0.004   15
 967.617   10786062.818          0.002   26
 711.235    8064681.627          0.002   26
 359.435    4137391.900          0.001   26
 548.262    6226389.662          0.001   26
1125.563   13341478.887          0.003   26
 950.965   10140347.480          0.002   35
 560.882    6408634.678          0.001   35
 688.886    8350309.898          0.002   35
 684.957    7889994.530          0.002   35
 643.743    7348110.100          0.002   35
 961.868   10630584.700          0.002   35
1118.134   12663374.595          0.003   41
 638.907    6994131.759          0.002   41
 360.110    4131097.319          0.001   41
 654.824    6793408.967          0.001   41
1088.155   12555973.761          0.003   41
 864.410   10492946.216          0.002   47
 381.635    4495878.410          0.001   52
 411.548    4795198.050          0.001   52
 987.467   11305725.726          0.002   52
1313.935   14945363.001          0.003   52
1059.851   11485292.136          0.003   60
 843.147    9353018.944          0.002   60
 589.503    6792973.730          0.001   60
 979.938   11244353.848          0.002   60
 896.471    9746461.962          0.002   65
 792.006    8687128.717          0.002   65
1496.284   18980024.037          0.004  489
 911.757   10520712.286          0.002  489
 758.356    8588405.424          0.002  489
 871.137   12565505.005          0.003  489
 641.548    7997727.172          0.002  489
 524.015    6004440.461          0.001  489
 371.287    4617602.750          0.001  489
   0.000          0.000          0.000  535
   0.000          0.000          0.000  536
 562.558    6036590.907          0.001  536
 894.079    9740726.628          0.002  620
1026.145   14068456.549          0.003  620
1060.136   11622355.122          0.003  450
1209.157   13328627.903          0.003   15
 751.364    8361617.765          0.002   15
1269.783   14432232.240          0.003   15
1410.455   19298202.986          0.004   26
 870.831   10002431.932          0.002   26
 385.855    4447494.622          0.001   26
 914.225   11350388.506          0.002   26
1155.791   12886421.345          0.003   26
 926.979   10349090.904          0.002   35
 355.705    4228108.467          0.001   35
 896.941   12002173.478          0.003   35
1030.855   12116681.256          0.003   35
 999.593   10961864.632          0.002   35
 931.509   10494056.220          0.002   41
 409.792    4711790.204          0.001   41
1127.769   13820282.666          0.003   41
 704.890    8381668.362          0.002   47
 697.073    7629311.042          0.002   52
 481.306    5617298.954          0.001   52
1005.293   11058894.776          0.002   52
1417.256   16531261.363          0.004   52
1297.701   15006279.043          0.003   60
 760.182    8702023.186          0.002   60
 541.876    6299402.865          0.001   60
1121.022   13786902.037          0.003   60
1370.666   16582464.329          0.004   65
 986.544   10628188.717          0.002   65
1138.414   11880427.755          0.003   65
1402.500   18552711.274          0.004  489
 901.621   10140035.207          0.002  619
 709.241    7841860.815          0.002  619
 747.369    8189839.770          0.002  619
 552.953    7385227.850          0.002  619
   0.000          0.000          0.000  574
   0.000          0.000          0.000  575
 538.075    6519998.688          0.002  620
 540.753    5878086.352          0.001  620
 616.707    6802300.705          0.002  620
 769.418    8796081.211          0.002  620
1008.502   12296482.459          0.003  620
 894.525   10541177.548          0.002  620
1321.327   15502936.622          0.003  620
1125.475   12745105.689          0.003   15
 940.065   10236685.131          0.002   15
1333.157   15586575.789          0.003   15
1218.490   13541351.185          0.003   26
 664.438    7653222.160          0.002   26
 495.926    5723506.646          0.001   26
 562.699    6450777.004          0.001   26
 978.553   10476221.425          0.002   26
1347.531   17027738.086          0.004   35
 743.880    8840912.157          0.002   35
 472.294    5619048.136          0.001   35
 673.580    7831105.312          0.002   35
1006.891   11514219.377          0.003   35
1152.867   12189461.201          0.003   41
 454.719    5239387.329          0.001   41
 616.502    6913664.205          0.001   41
1254.700   17775296.411          0.004   41
 987.453   11782048.026          0.003   47
1254.564   19251003.296          0.004   47
 453.236    5369063.725          0.001   52
 541.376    6336830.104          0.001   52
 711.019    8173019.211          0.002   52
 871.931    9828388.513          0.002   52
1268.668   13309840.503          0.003   52
1242.177   13199243.768          0.003   60
1184.279   14117605.618          0.003   60
1063.891   14761702.764          0.003   60
 881.014   10137319.645          0.002   60
1288.630   14723409.282          0.003   60
1319.621   13461800.186          0.003   65
1163.717   13205890.507          0.003  619
 669.284    7513301.195          0.002  619
 468.564    5154221.570          0.001  619
 330.791    3621515.354          0.001  619
 191.283    2085689.842          0.000  619
  71.729     782395.357          0.000  619
   0.000          0.000          0.000  619
   0.000          0.000          0.000  620
 118.344    1313234.677          0.000  620
 247.321    2765148.182          0.001  620
 319.648    3591772.519          0.001  620
 455.450    5178235.037          0.001  620
 630.520    7304911.542          0.002  620
1127.704   13218549.979          0.003  620
1375.066   15804054.076          0.003   15
1214.225   12463898.716          0.003   15
1498.066   16507651.010          0.004   26
1166.288   13009039.564          0.003   26
 640.905    7393913.221          0.002   26
 464.988    5390082.390          0.001   26
1406.647   15775188.501          0.003   26
 841.395    9665069.027          0.002   35
 424.734    5096468.363          0.001   35
 584.677    6965262.937          0.001   35
1092.740   12806233.538          0.003   35
1464.411   20552298.817          0.005   35
 719.914    8058841.573          0.002   41
 520.945    6020086.471          0.001   41
1011.007   11089229.997          0.002   41
 866.774   10590555.955          0.002   47
1218.924   15054870.067          0.003   47
 846.524    9678996.651          0.002   52
 519.551    6184952.951          0.001   52
 652.808    7665540.864          0.002   52
1038.619   11773314.670          0.003   52
1460.294   17517679.207          0.004   60
1160.716   13082549.223          0.003   60
 644.459    7537920.806          0.002   60
1095.181   12209676.901          0.003   60
1266.408   13883614.601          0.003   60
1648.971   19384474.524          0.004   65
1321.938   16625482.693          0.004  619
 862.963    9898621.792          0.002  619
 840.790    8850630.286          0.002  619
 748.763    7914843.451          0.002  619
 562.229    6108377.425          0.001  619
 475.977    5090902.727          0.001  619
 316.115    3450273.706          0.001  661
   0.000          0.000          0.000  661
   0.000          0.000          0.000  662
 592.613    6650433.087          0.002  620
 517.074    5711566.561          0.001  620
 652.891    7402793.979          0.002  620
 653.321    7459265.139          0.002  620
 891.420   10200252.825          0.002  620
 900.868   11006079.818          0.002  620
1277.851   16687203.805          0.004  620
1638.518   17063343.896          0.004   15
1454.534   16928797.071          0.004   26
 806.434    9206265.206          0.002   26
1041.555   13549228.517          0.003   26
 517.176    6014146.299          0.001   26
 936.869   11284144.166          0.002   26
 892.007    9859090.979          0.002   26
1454.045   18888244.312          0.004   26
 953.866   10651987.688          0.002   35
 911.483   11167502.923          0.002   35
 732.192    8716435.296          0.002   35
1260.720   13851021.789          0.003   35
1254.685   12392900.591          0.003   41
 814.808    8849646.091          0.002   41
1377.838   16110887.130          0.003   41
 969.023   12016248.356          0.003   47
1008.558   12118249.009          0.003   52
1074.336   13007317.693          0.003   52
1415.904   16094760.512          0.003   60
 794.307    9301805.764          0.002   60
 784.216    9210488.116          0.002   60
1319.189   15672293.893          0.003   60
1646.634   17143912.448          0.004  995
1403.226   17079131.140          0.004  619
1173.455   16194378.971          0.004  784
1002.652   12284917.013          0.003  619
1022.657   16019229.946          0.004  784
 287.784    3051452.798          0.001  698
   0.000          0.000          0.000  698
   0.000          0.000          0.000  699
 239.294    2554711.869          0.001  699
 803.675   11400781.980          0.003  699
 863.994   11306351.555          0.003  829
 816.268    9765846.706          0.002  829
 811.419    9138583.684          0.002  829
1139.204   12530020.295          0.003  829
1565.591   19720329.689          0.004  829
1316.408   13287170.975          0.003   26
1145.349   13542798.562          0.003   26
 623.887    7297351.877          0.002   26
 958.848   12276200.114          0.003   26
 995.840   11141890.608          0.002   26
1485.439   19402323.604          0.004   26
1406.795   15203289.604          0.003   35
1089.571   12225839.272          0.003   35
 489.126    5920631.868          0.001   35
 927.582   11404265.119          0.002   35
1199.866   16410965.560          0.004   35
 844.561   10023686.470          0.002   35
1568.184   19444323.212          0.004   35
1190.134   15858112.267          0.003   41
 601.756    6970340.683          0.001   41
1218.020   15852671.696          0.003   41
1501.161   15260703.907          0.003   41
1158.848   14585390.140          0.003   47
1352.243   16557128.261          0.004   47
1202.471   14443443.495          0.003   52
 611.883    7319619.495          0.002   52
 861.847    9972053.957          0.002   52
1445.977   15054244.940          0.003   52
1003.894   11417705.559          0.002   60
1255.715   14381729.066          0.003   60
1063.917   11960354.803          0.003   60
1277.168   13090805.781          0.003  995
1326.221   15130987.903          0.003  995
1442.438   16591300.621          0.004  995
1164.410   16194872.617          0.004  784
 782.316    9784166.251          0.002  784
 631.045    7155309.829          0.002  784
 353.434    3913969.555          0.001  784
   0.000          0.000          0.000  740
   0.000          0.000          0.000  741
 207.784    2198712.570          0.001  741
 750.216    8123038.608          0.002  829
 442.207    4841397.924          0.001  829
 513.602    6002918.289          0.001  829
 853.265   11253920.945          0.003  829
 711.948    7469134.633          0.002  829
 552.280    6374878.860          0.001  829
 874.591   10009915.977          0.002  829
1215.527   13679629.979          0.003  829
1408.806   15046983.971          0.003   26
 986.827   11140021.903          0.002   26
 693.324    8141147.320          0.002   26
 634.387    7409433.582          0.002   26
1282.370   14141093.338          0.003   26
1353.950   16243385.417          0.003   35
 552.074    6729565.753          0.001   35
 572.347    7020867.704          0.001   35
 865.920   10299783.223          0.002   35
1253.453   14836393.706          0.003   35
1212.261   13650740.501          0.003   35
1130.382   12413186.048          0.003   41
 659.250    7641089.259          0.002   41
 843.181    9648706.338          0.002   41
1473.779   15578219.008          0.003   41
1344.274   16945561.594          0.004   47
1166.026   12164275.250          0.003   52
 769.541    9133785.261          0.002   52
 680.900    8171327.602          0.002   52
 773.137    9140679.536          0.002   52
 992.455   11354645.318          0.002   52
1467.439   14916350.548          0.003   60
1151.764   13068197.719          0.003   60
1539.830   17003131.219          0.004  995
1282.021   14128580.121          0.003  995
 892.907   10093917.276          0.002  995
 853.259    9168092.302          0.002  995
1175.029   12869236.033          0.003  995
 806.297   10106056.214          0.002  784
 586.458    7110119.236          0.002  784
 456.795    5463557.466          0.001  784
 265.027    3057285.705          0.001  784
 123.827    1404845.529          0.000  784
   0.000          0.000          0.000  784
   0.000          0.000          0.000  785
 609.264    6589242.741          0.002  829
 154.703    1751114.176          0.000  829
 225.592    2560172.226          0.001  829
 397.553    4551005.764          0.001  829
 486.285    5600429.232          0.001  829
 784.012    9057519.543          0.002  829
1446.273   15860198.791          0.003  829
1823.561   23056006.502          0.005  829
 947.613   10859420.837          0.002   26
 805.959    9512449.303          0.002   26
1039.541   12309779.570          0.003   26
 759.028    8851315.091          0.002   26
1236.787   14774174.863          0.003   35
 769.686    9315231.871          0.002   35
 603.632    7394255.606          0.002   35
 652.150    8102055.764          0.002   35
 998.447   11732218.390          0.002   35
1436.078   18648552.058          0.004   35
1593.508   17302036.676          0.004   35
1589.782   17101386.771          0.004   41
 978.984   10735287.431          0.002   41
 751.534    8671212.249          0.002   41
 865.544    9721817.140          0.002   41
1443.247   19122617.823          0.004   41
1698.949   20979230.416          0.005   47
1471.595   14379003.348          0.003   52
 864.499   10170029.214          0.002   52
 772.995    9241366.299          0.002   52
 919.277   11621657.812          0.002   52
1156.673   12396242.008          0.003   52
1487.376   15318769.925          0.003   52
1843.870   19653365.069          0.004   60
1569.966   18117964.382          0.004  995
1419.228   16766888.973          0.004  995
1069.473   12236701.660          0.003  995
 906.654   10483439.248          0.002  995
 673.961    7902198.186          0.002  995
 659.920    6656566.354          0.001  995
 876.535   11631900.991          0.003  784
 608.150    7009749.290          0.002  784
 663.845    7768844.541          0.002  784
 212.597    2277159.671          0.001  828
   0.000          0.000          0.000  828
   0.000          0.000          0.000  829
  74.988     847149.051          0.000  829
 562.663    5873959.064          0.001  829
 706.735    8988471.816          0.002  829
 299.556    3408326.544          0.001  829
 803.395   10905288.686          0.002  829
 954.227   11043561.343          0.002  829
 606.080    7049449.393          0.002  829
1142.913   14181974.132          0.003  829
1747.660   20736745.525          0.004  829
1553.838   15594894.141          0.003   26
1109.414   12640383.579          0.003   26
1254.754   15721989.308          0.003   26
1030.514   11358706.563          0.002   26
1254.762   14904737.729          0.003   35
 681.288    8395447.734          0.002   35
1077.868   13813380.032          0.003   35
 778.796    9792925.665          0.002   35
1326.736   14584036.408          0.003   35
1571.709   16205306.810          0.003   41
 851.219    9701422.633          0.002   41
1020.652   11113581.888          0.002   41
1315.920   13008972.502          0.003   41
1900.874   20757726.212          0.004   52
1248.545   13548487.107          0.003   52
 987.243   11373545.617          0.002   52
 908.983   10548780.597          0.002   52
1363.257   21548826.277          0.004   52
1288.578   13431785.171          0.003   52
1724.476   17069221.845          0.004   52
2089.715   20677662.090          0.004   60
1806.617   18006126.563          0.004   60
1788.924   20545171.123          0.004   60
1033.713   12073509.966          0.003  995
 937.829   10722643.759          0.002  995
 551.649    6493051.733          0.001  995
 467.420    5500519.660          0.001  995
 695.657    9736831.945          0.002  995
 471.610    5173109.967          0.001  995
 740.164    7614672.375          0.002  995
 842.988   10008912.037          0.002  828
 340.744    3538754.096          0.001  871
   0.000          0.000          0.000  871
   0.000          0.000          0.000  872
 708.128    8011160.266          0.002  829
 713.083    7861936.441          0.002  829
 473.982    5297333.766          0.001  829
 637.781    6820541.447          0.001  829
1064.985   14272913.633          0.003  829
 719.705    8433633.032          0.002  829
1115.230   12569446.186          0.003  829
1470.691   16158714.803          0.003  829
1377.008   14659268.606          0.003   26
1352.855   14867608.663          0.003   26
1386.906   17408021.961          0.004   26
 943.576   10735443.247          0.002   26
1393.631   18172128.250          0.004   35
 783.679    9677980.765          0.002   35
 760.062    9348154.922          0.002   35
1263.753   16318380.640          0.003   35
 944.847   11852519.958          0.002   35
1755.191   20032778.429          0.004   35
1334.626   13860317.758          0.003   41
 922.620   10386793.404          0.002   41
1361.706   13777089.040          0.003   41
1675.699   15509872.093          0.003   41
1374.108   13803348.566          0.003   52
1080.700   11871027.378          0.002   52
1481.325   16633158.247          0.003   52
1804.321   17099742.993          0.003   52
2215.220   24481139.082          0.005   52
1901.624   18626918.368          0.004  995
1653.669   16214960.134          0.003  995
1358.051   14631075.810          0.003  995
 870.714   10281388.371          0.002  995
 610.826    7273481.274          0.002  995
 438.733    5198071.910          0.001  995
 360.053    4239151.402          0.001  995
 287.390    3368502.798          0.001  995
 766.340    8195545.904          0.002  995
 753.077    8440268.744          0.002  955
 422.638    5070340.967          0.001  911
   0.000          0.000          0.000  911
   0.000          0.000          0.000  912
 380.246    4348391.985          0.001  912
 545.412    6325157.155          0.001  912
 958.683   12166473.202          0.003  912
 827.550    8439230.522          0.002  829
 667.102    7452523.336          0.002  829
 998.920   10197671.034          0.002  829
 909.678    9175837.938          0.002  829
1182.065   14297190.563          0.003  829
1117.689   12724012.456          0.003  829
1778.777   20797603.188          0.004  829
1843.269   20020783.503          0.004   26
1570.581   17140888.114          0.004   26
1030.857   11563433.425          0.002   26
1359.500   18802645.975          0.004   35
 844.563   10424538.726          0.002   35
 990.456   11656333.483          0.002   35
 928.916   11208350.587          0.002   35
1429.465   15726791.981          0.003   35
1127.272   13830048.183          0.003   35
1647.696   20242170.213          0.004   41
1118.270   11769412.040          0.002   41
1536.214   14432050.152          0.003   41
1851.427   21037419.263          0.004   41
2021.241   17979213.086          0.004   41
2013.932   20110954.079          0.004   52
1805.162   17316368.528          0.004   52
1551.980   17411271.346          0.004   52
1778.870   18250346.366          0.004   52
2151.310   19748967.630          0.004   52
2151.994   20902276.953          0.004  995
1636.492   15294327.496          0.003  995
1061.028   11593755.095          0.002  995
 790.653    9402147.372          0.002  995
 592.531    7100918.587          0.001  995
 536.186    6402776.739          0.001  995
 601.814    7048743.188          0.002  995
 767.631    8608474.323          0.002  995
 680.837    7842103.055          0.002  995
 202.676    2365140.923          0.001  995
 539.124    6144294.062          0.001  995
 541.511    6042250.598          0.001  995
 210.070    2240907.046          0.001  955
   0.000          0.000          0.000  955
   0.000          0.000          0.000  956
 367.786    4231782.448          0.001  956
 736.453    9119132.253          0.002  956
1167.369   16558634.062          0.004 1081
1280.989   12427972.518          0.003  829
1403.099   16846683.033          0.004  829
 920.471   10708627.167          0.002  829
1309.224   14280734.567          0.003  829
1796.259   19641662.853          0.004  829
1870.318   20451917.821          0.004   26
1840.224   21399222.072          0.004   26
1529.854   16669514.033          0.003   26
1177.170   13276086.828          0.003   35
1145.567   13084406.181          0.003   35
1169.587   13321184.556          0.003   35
1069.458   12539806.146          0.003   35
1595.017   19758164.797          0.004   35
1793.235   18259163.435          0.004   35
1677.483   16894901.781          0.003   41
1823.647   16217732.296          0.003   41
2047.258   20216474.037          0.004   41
2009.091   20177675.724          0.004 2143
2049.607   23399940.526          0.005 2143
1828.790   18027932.880          0.004 2143
1916.901   22522420.897          0.005   52
1850.988   18776179.437          0.004 2143
2238.169   24269379.701          0.005  995
1844.751   19367821.796          0.004  995
1463.182   15413892.586          0.003  995
 955.900   10939582.114          0.002  995
 669.882    8050312.191          0.002  995
 999.803   10979364.741          0.002  995
1032.787   11509858.550          0.002  995
 863.620    9226342.765          0.002  995
 706.345    9050053.445          0.002  995
 221.164    2563811.666          0.001  995
 133.892    1556678.800          0.000  995
  76.027     882980.393          0.000  995
  31.747     368481.786          0.000  995
   0.000          0.000          0.000  995
   0.000          0.000          0.000  996
 221.671    2349326.513          0.001  996
 688.819    7357408.498          0.002 1081
 785.705    8908520.299          0.002 1081
 896.133   11605148.656          0.003 1081
1292.689   16216624.699          0.003 1081
1053.566   13344829.475          0.003 1081
1201.613   13267800.545          0.003  829
1627.658   19299925.132          0.004 1336
1394.581   14084453.202          0.003 1336
1823.348   21384495.044          0.004 1336
1537.702   14912781.561          0.003   26
1824.569   18013898.954          0.004   35
1551.310   15931516.395          0.003   35
1427.427   15351629.976          0.003   35
1484.778   20293119.372          0.004   35
1275.031   14023430.905          0.003   35
1771.246   19134032.677          0.004   35
1911.186   19442812.647          0.004   41
2047.853   21371341.599          0.004   41
1806.043   18606882.382          0.004 2143
1745.293   22979524.318          0.005 2143
1202.798   13489453.889          0.003 2143
1547.661   15969498.866          0.003 2143
1720.793   17745268.856          0.004 2143
1723.087   16412650.410          0.003 2143
2094.435   23172430.644          0.005 2143
2033.179   22660635.626          0.005  995
1449.451   15144009.428          0.003  995
 970.445   10901477.684          0.002  995
1061.204   11908962.206          0.002  995
1122.382   13419115.971          0.003  995
1037.655   11963898.869          0.003  995
 932.118   10727415.754          0.002  995
 393.360    4578186.514          0.001  995
 334.153    3881248.360          0.001  995
 599.832    6288742.280          0.001  995
 645.954   10108312.256          0.002  995
 396.361    4298232.440          0.001  995
 512.452    6012948.419          0.001  995
   0.000          0.000          0.000 1036
   0.000          0.000          0.000 1037
 427.940    4502840.731          0.001 1081
 725.857    8708311.213          0.002 1081
 559.712    6494611.789          0.001 1081
 683.232    8393323.615          0.002 1081
 941.559   11707854.840          0.003 1081
 911.320   11455718.961          0.002 1081
1385.548   18536377.479          0.004 1081
1418.159   15176428.557          0.003 1336
1343.113   14753618.038          0.003 1336
1067.938   11956726.946          0.002 1336
1663.770   17843641.859          0.004 1336
1912.061   18236548.582          0.004   26
2096.132   21572824.949          0.004   26
1854.785   18383529.628          0.004   35
1857.548   18842419.704          0.004   35
1754.210   19877311.634          0.004   35
1865.209   17563962.496          0.004   35
1818.630   20753242.155          0.004 2138
1577.172   16106819.581          0.003 2138
1717.106   19842070.352          0.004 2138
2005.603   22997362.030          0.005 2138
2141.530   24485580.196          0.005 2138
1737.787   17997125.466          0.004 2143
1425.479   15030119.159          0.003 2143
1338.550   14981080.222          0.003 2143
1038.496   12477098.005          0.002 2143
1477.572   17405933.574          0.003 2143
 979.291   11792523.257          0.002 2143
1673.823   17534562.871          0.003 2143
1779.123   17784227.956          0.004 2143
2014.049   22547709.432          0.005 2143
1553.763   15237289.337          0.003  995
1279.413   13113726.169          0.003  995
1293.391   14008468.020          0.003  995
 857.823    9993513.075          0.002  995
 607.222    7139863.510          0.002  995
 525.408    6153695.423          0.001  995
 827.736    9133278.098          0.002  995
 984.523   12621613.404          0.003  995
 854.997   10728771.412          0.002 1126
 604.063    7009348.989          0.002 1126
 442.098    4875785.864          0.001 1126
   0.000          0.000          0.000 1080
   0.000          0.000          0.000 1081
 101.543    1146993.112          0.000 1081
 189.529    2156246.271          0.000 1081
 375.199    4360260.482          0.001 1081
 478.318    5637880.141          0.001 1081
 678.017    8164898.335          0.002 1081
 759.356    9370269.301          0.002 1081
1024.172   13279857.386          0.003 1081
1268.957   13070543.694          0.003 1336
1183.242   14916153.276          0.003 1336
 962.067   10885079.000          0.002 1336
 943.549   10875593.709          0.002 1336
1351.736   13909805.571          0.003 1336
1676.324   17229608.370          0.004 1336
2064.680   23971436.335          0.005 1336
2108.454   20258077.375          0.004 2121
2181.799   25384326.668          0.005 2121
1790.486   17962502.040          0.004 2121
2012.049   22425337.710          0.004 2138
1649.395   18069102.372          0.004 2138
1135.820   13250882.987          0.003 2138
1519.822   16071491.014          0.003 2138
1697.943   17832069.974          0.004 2138
1857.067   19243314.436          0.004 2143
1647.349   18080403.422          0.004 2143
1179.864   13237536.702          0.003 2143
1035.641   12022691.810          0.002 2143
 807.780   10443254.058          0.002 2143
1309.612   17580280.675          0.004 2143
 860.925   10634078.372          0.002 2143
1318.461   14335172.407          0.003 2143
1488.426   15344370.594          0.003 2143
1972.878   21528229.634          0.004 2143
2054.464   20127889.079          0.004  995
1760.912   17167612.631          0.004  995
1590.226   17388557.106          0.004  995
1052.504   12058535.455          0.003  995
 922.042   10542819.566          0.002  995
 911.836   10486749.006          0.002  995
 659.137    7645302.515          0.002  995
1069.965   17792764.304          0.004 1126
 787.147   10519568.660          0.002 1126
 505.852    5988762.687          0.001 1126
 319.929    3650026.407          0.001 1126
 143.739    1595511.402          0.000 1126
   0.000          0.000          0.000 1126
   0.000          0.000          0.000 1127
 582.796    7314008.292          0.002 1081
 481.910    5246453.745          0.001 1081
 313.066    3611761.692          0.001 1081
 465.222    5478228.633          0.001 1081
 534.708    6354242.093          0.001 1081
 609.441    7318341.368          0.002 1081
1161.226   15025878.751          0.003 1081
1227.981   16467278.936          0.003 1336
 843.239    9639255.090          0.002 1336
 750.784    8929289.276          0.002 1336
1237.192   14103452.294          0.003 1336
1971.145   22655131.077          0.005 1336
1746.571   17860021.598          0.004 2121
1590.452   15879894.335          0.003 2121
1987.623   18645762.128          0.004 2121
1824.415   19270194.963          0.004 2121
1373.148   14138828.739          0.003 2121
1388.876   14427915.048          0.003 2121
1863.616   23067185.878          0.005 2138
1641.161   18396240.494          0.004 2138
1188.705   13698614.962          0.003 2138
1019.265   12372096.509          0.003 2138
1312.351   14724927.533          0.003 2138
1514.175   16304232.207          0.003 2143
1219.988   14061948.543          0.003 2143
 806.123   10032784.336          0.002 2143
 721.258    9286861.878          0.002 2143
1377.921   20827215.778          0.004 2143
1339.831   16663465.181          0.003 2143
 962.301   11473598.460          0.002 2143
1480.375   15579830.481          0.003 2143
2028.572   22356434.395          0.005 2157
1968.126   22801192.379          0.005  995
1644.856   19648484.546          0.004  995
1418.810   15415876.288          0.003  995
1226.823   13578588.691          0.003  995
 842.291    9382098.521          0.002  995
1197.642   15511518.514          0.003 1126
 774.355    9643420.341          0.002 1126
 730.005    8729575.209          0.002 1126
 758.898    9399385.041          0.002 1126
   0.000          0.000          0.000 1169
   0.000          0.000          0.000 1170
 340.976    3816563.645          0.001 1170
 604.655    6961163.780          0.002 1170
 735.912    8468361.399          0.002 1081
 616.084    6969950.033          0.002 1081
 851.187   10251700.031          0.002 1081
1005.192   12330532.281          0.003 1081
1075.753   12148597.052          0.003 1336
 625.074    7427573.456          0.002 1336
1001.447   12112181.050          0.003 1336
1349.839   15574429.215          0.003 1336
1659.248   19111532.684          0.004 2121
1047.918   12304137.059          0.003 2121
1581.320   19570654.673          0.004 2121
1438.611   15582909.235          0.003 2121
1005.589   11857642.212          0.002 2121
1433.779   15397548.401          0.003 2121
1257.215   14695339.766          0.003 2138
 896.508   11145008.614          0.002 2138
 866.567   10836437.588          0.002 2138
1344.023   17228350.405          0.003 2138
1557.596   17615644.428          0.004 2143
 887.324   10985154.061          0.002 2143
 670.862    8578510.819          0.002 2143
 942.012   11169867.328          0.002 2143
1268.916   16547599.699          0.003 2143
 706.084    8876874.054          0.002 2143
1345.225   19478061.745          0.004 2143
1344.471   14768009.241          0.003 2143
1597.018   15210352.825          0.003 2157
1639.251   17037325.039          0.004 2157
1813.808   19263029.058          0.004  995
1488.121   17146903.205          0.004  995
1284.806   13316984.810          0.003  995
1144.239   15711225.769          0.003 1126
 887.745   12512014.334          0.003 1209
 545.670    6604231.473          0.002 1209
 286.662    3237826.566          0.001 1209
 108.981    1196204.793          0.000 1209
   0.000          0.000          0.000 1209
   0.000          0.000          0.000 1210
 580.263    8235208.514          0.002 1210
 793.200    9707966.047          0.002 1170
 682.577    7053523.355          0.002 1336
 672.641    7585053.929          0.002 1336
 692.197    7901694.640          0.002 1336
 686.439    7946914.802          0.002 1336
 550.786    6511848.568          0.001 1336
 632.067    7473171.543          0.002 1336
1306.730   14843733.873          0.003 1336
1660.359   19247253.793          0.004 1336
1304.473   14173335.574          0.003 2121
1344.596   16191619.773          0.003 2121
1612.709   20984698.976          0.004 2121
1165.601   13821914.604          0.003 2121
 893.805   10829376.373          0.002 2121
1092.109   12861622.032          0.003 2121
1561.368   18643471.594          0.004 2121
1446.725   15653304.033          0.003 2138
 982.470   12056332.144          0.002 2138
 768.686    9618477.013          0.002 2138
1366.785   17380760.386          0.004 2138
1379.644   15370785.994          0.003 2143
1204.196   16130583.674          0.003 2143
 635.874    8025978.496          0.002 2143
 612.842    7761508.476          0.002 2143
 913.552   11204237.358          0.002 2143
1132.390   15974129.455          0.003 2143
 656.161    8225024.610          0.002 2143
 834.455   10208201.808          0.002 2143
1390.978   15690066.050          0.003 2143
1704.526   16882021.203          0.003 2157
1266.364   13602614.462          0.003 2157
1491.010   15020467.546          0.003 2157
1594.455   16285456.799          0.003 1379
1653.166   18637998.021          0.004 1379
1448.539   16622502.036          0.004 1379
 956.626   10409785.108          0.002 1379
 775.115    8249523.170          0.002 1379
 918.903   12642778.868          0.003 1209
 619.659    7657056.464          0.002 1209
 581.768    6726474.983          0.002 1209
 339.514    3696610.504          0.001 1209
   0.000          0.000          0.000 1253
   0.000          0.000          0.000 1254
 623.486    6754024.122          0.002 1336
 397.237    4338512.185          0.001 1336
 503.612    5500337.889          0.001 1336
 649.177    7209188.264          0.002 1336
 345.761    4026226.295          0.001 1336
 372.697    4349053.496          0.001 1336
 457.980    5378022.560          0.001 1336
 964.188   11344201.682          0.002 1336
 780.202    9122069.314          0.002 1336
1188.887   12740730.879          0.003 1336
1391.825   17562970.841          0.004 2121
 838.152   10268258.243          0.002 2121
1432.917   18080224.586          0.004 2121
 931.660   11456700.369          0.002 2121
 798.924    9774134.874          0.002 2121
1362.074   15194772.677          0.003 2121
1291.284   14876345.846          0.003 2138
 781.232    9758322.964          0.002 2138
 700.433    8705228.113          0.002 2138
1014.337   12119514.062          0.002 2138
1267.445   15096810.897          0.003 2138
1585.955   18867905.026          0.004 2138
1430.264   16152395.272          0.003 2143
 946.095   11356274.814          0.002 2143
 541.803    6776411.032          0.001 2143
 922.090   11127882.300          0.002 2143
 688.367    8574109.741          0.002 2143
1098.725   12309452.812          0.003 2143
1459.895   17198500.930          0.004 2143
1482.297   16438436.421          0.003 2157
 895.367   10508387.863          0.002 2157
1525.620   16105772.528          0.003 1379
1053.917   11617620.404          0.002 1379
 975.946   10922841.583          0.002 1379
 654.133    7526834.676          0.002 1379
 614.951    6822450.072          0.001 1379
 916.533    9418998.201          0.002 1379
 605.801    8143837.289          0.002 1293
   0.000          0.000          0.000 1293
   0.000          0.000          0.000 1294
 216.204    2259278.964          0.001 1294
 151.147    1738107.200          0.000 1336
 216.726    2499668.826          0.001 1336
 283.562    3283633.131          0.001 1336
 600.528    6841615.963          0.001 1336
1040.306   12030495.328          0.003 1336
 644.649    7506071.451          0.002 1336
1078.100   12067194.288          0.003 1336
1207.034   12520351.640          0.003 1336
1295.442   15233591.759          0.003 2121
1020.428   12192334.308          0.003 2121
 744.935    9134286.627          0.002 2121
1192.063   15109687.645          0.003 2121
 806.343    9955009.742          0.002 2121
1058.518   13148830.802          0.003 2121
 951.036   11934080.409          0.002 2138
 809.259    9970068.950          0.002 2138
 996.825   12119556.699          0.003 2138
1533.449   19671500.372          0.004 2138
1436.481   17164705.355          0.004 2143
 900.792   10691351.837          0.002 2143
 515.038    6417137.570          0.001 2143
 739.042    8953022.635          0.002 2143
 743.404    9350364.255          0.002 2143
 569.490    7085439.635          0.001 2143
 926.342   11365983.337          0.002 2143
1527.159   19842744.641          0.004 2143
1501.015   16010277.325          0.003 2157
 986.170   11486970.872          0.002 2157
 806.419    9526015.815          0.002 2157
1365.469   15742536.323          0.003 2157
1716.651   20570563.528          0.004 1379
1030.212   11471209.993          0.002 1379
 691.604    7974687.175          0.002 1379
 552.329    6355203.150          0.001 1379
 430.049    4918925.638          0.001 1379
 530.792    5708622.139          0.001 1379
 433.565    4668443.490          0.001 1379
 481.360    5152145.343          0.001 1379
 547.805    7373722.478          0.002 1379
   0.000          0.000          0.000 1335
   0.000          0.000          0.000 1336
  64.045     734174.034          0.000 1336
  85.013     975256.325          0.000 1336
 425.092    4575322.417          0.001 1336
 341.751    3829187.436          0.001 1336
 570.601    6340385.826          0.001 1336
 377.693    4337417.991          0.001 1336
 652.686    7492682.789          0.002 1336
 946.121   10359508.952          0.002 1336
 902.964   10163783.079          0.002 1336
1408.688   15711392.797          0.003 2121
 831.268   10048334.809          0.002 2121
1007.899   12200286.699          0.003 2121
1267.711   15060965.283          0.003 2121
 692.345    8505627.872          0.002 2121
 643.013    7881402.891          0.002 2121
1041.857   11985595.970          0.003 2121
1501.109   16270015.706          0.003 2121
1058.042   11561175.840          0.002 2138
 826.551    9712528.165          0.002 2138
 645.938    7926143.186          0.002 2138
 950.137   11269547.284          0.002 2138
1428.337   17179740.966          0.004 2138
1338.058   15540998.024          0.003 2143
 925.309   10936760.488          0.002 2143
 469.196    5807708.403          0.001 2143
 611.834    7596367.409          0.002 2143
1082.311   12471165.686          0.003 2143
1557.593   19056650.584          0.004 2143
1670.121   18398041.324          0.004 2157
1332.262   16882278.654          0.004 2157
 739.525    8759800.933          0.002 2157
1106.759   13155884.009          0.003 2157
1508.417   16378154.309          0.003 2157
1332.440   14164513.802          0.003 1379
 794.114    9102402.260          0.002 1379
1074.786   13356421.561          0.003 1379
 773.895    9009530.358          0.002 1379
 349.017    3975825.853          0.001 1379
 281.505    3198183.921          0.001 1379
 201.189    2278273.402          0.001 1379
 123.980    1399330.031          0.000 1379
  48.114     541649.676          0.000 1379
   0.000          0.000          0.000 1379
   0.000          0.000          0.000 1380
 372.788    3860194.668          0.001 1336
 775.042   11619095.750          0.003 1336
 899.594   11268653.229          0.003 1336
 793.537    7740437.513          0.002 1336
 656.983    7261948.614          0.002 1336
 530.251    6014814.816          0.001 1336
 915.619   10476639.361          0.002 1336
1190.379   12701578.004          0.003 1336
1525.207   16459999.722          0.004 1336
1695.535   24747532.019          0.005 2121
1098.153   12578287.503          0.003 2121
 621.183    7565482.779          0.002 2121
1173.572   14759875.522          0.003 2121
 925.581   10702129.451          0.002 2121
1013.004   12621510.193          0.003 2121
1261.966   14118682.460          0.003 2121
1571.143   18183230.888          0.004 2138
1205.883   12641330.345          0.003 2138
 870.461   10356867.739          0.002 2138
 563.387    6886544.411          0.001 2138
 705.098    8341206.608          0.002 2138
 911.547   10041124.369          0.002 2138
1517.341   17434084.424          0.004 2138
1396.861   17603862.644          0.004 2143
 873.075   11682716.523          0.002 2143
 821.102    9592670.384          0.002 2143
 789.331    9432050.699          0.002 2143
 974.995   13803666.469          0.003 2143
1678.659   21302941.375          0.004 2157
1056.136   11422706.878          0.002 2157
 664.591    7865630.028          0.002 2157
 929.828   10500549.208          0.002 2157
1603.673   18485630.904          0.004 2157
1218.298   12577258.185          0.003 1379
1150.264   12664986.286          0.003 1379
 614.926    6955802.819          0.002 1379
 585.362    6444324.835          0.001 1379
 446.487    4511475.494          0.001 1379
 558.123    7214627.211          0.002 1379
   0.000          0.000          0.000 1420
   0.000          0.000          0.000 1421
 698.272    8324843.993          0.002 1463
 722.221    8130360.854          0.002 1463
 870.172   10502082.580          0.002 1463
1000.244   11054107.265          0.002 1336
 725.430    8022729.821          0.002 1336
1304.799   14278546.464          0.003 1336
1475.371   15091929.078          0.003 2113
1560.030   16929891.174          0.004 2113
1152.647   12781488.283          0.003 2121
 807.103    9479416.471          0.002 2121
 538.962    6516320.183          0.001 2121
 956.243   12371599.456          0.003 2121
 654.378    7791184.899          0.002 2121
 534.696    6483536.549          0.001 2121
 883.970   10048516.688          0.002 2121
1426.458   16309888.279          0.003 2121
1333.821   16200651.288          0.003 2138
1042.995   13378830.377          0.003 2138
 508.031    6170142.027          0.001 2138
 794.927   10521278.877          0.002 2138
1146.549   11967361.645          0.003 2138
1399.969   14434266.650          0.003 2143
1203.251   12396170.265          0.003 2143
 634.914    7646090.957          0.002 2143
 408.189    5009131.522          0.001 2143
 802.883   10032558.102          0.002 2143
 431.782    5287290.218          0.001 2143
 559.644    6765807.564          0.001 2143
 975.308   10248943.506          0.002 2143
1575.502   22320372.266          0.005 2157
1227.810   13770498.465          0.003 2157
 596.803    7050261.184          0.001 2157
1179.730   13127663.737          0.003 2157
1663.098   22345592.377          0.005 2157
1490.175   15959954.911          0.003 1379
1102.172   11717762.378          0.003 1379
 917.456   10310460.460          0.002 1379
 934.247   11456089.858          0.003 1585
 756.932    8456369.351          0.002 1379
 626.298    9282399.974          0.002 1462
   0.000          0.000          0.000 1462
   0.000          0.000          0.000 1463
 198.408    2191960.177          0.001 1463
 402.349    4538181.343          0.001 1463
 611.665    7103144.379          0.002 1463
 934.424   11566497.321          0.003 1463
1273.306   15410397.056          0.003 1336
 963.271   10009160.679          0.002 1336
1248.222   12876384.211          0.003 1336
1569.994   18287079.315          0.004 2113
1060.275   11844461.031          0.003 2113
1412.189   16943919.478          0.004 2113
1158.381   12852429.811          0.003 2121
 854.523    9929246.701          0.002 2121
 461.447    5541164.465          0.001 2121
 447.210    5375931.642          0.001 2121
 729.180    8640296.162          0.002 2121
1067.803   13273239.065          0.003 2138
1260.920   16169588.047          0.003 2138
1033.378   13465250.300          0.003 2138
 661.531    7885919.067          0.002 2138
1198.705   13916636.748          0.003 2138
 819.311    9138124.529          0.002 2143
 461.122    5569231.117          0.001 2143
 532.462    6409482.951          0.001 2143
 355.888    4325592.373          0.001 2143
 883.262   10668776.391          0.002 2143
 941.827    9925606.825          0.002 2143
1422.591   17834008.422          0.004 2157
1206.328   15672525.057          0.003 2157
 972.859   11262162.126          0.002 2157
 564.184    6657729.458          0.001 2157
1116.497   13996961.953          0.003 2157
1221.842   13934653.352          0.003 2157
1403.028   15707046.291          0.003 2157
1445.592   18035750.423          0.004 1585
1179.092   15536129.538          0.003 1585
1134.603   14398058.608          0.003 1585
 759.522    8457695.369          0.002 1585
 809.886    9941051.360          0.002 1585
 821.020   13565714.603          0.003 1504
 204.286    2290763.186          0.001 1504
   0.000          0.000          0.000 1504
   0.000          0.000          0.000 1505
 537.859    5933231.605          0.001 1546
 723.207    9965686.341          0.002 1546
 965.912   12084301.073          0.003 1463
 985.565   10922214.751          0.002 1546
1025.765   12162725.738          0.003 1546
1493.523   17793933.149          0.004 1336
1295.013   13765517.467          0.003 2113
1253.815   14631724.697          0.003 2113
 843.283    9605111.589          0.002 2113
1155.270   13330342.602          0.003 2113
1307.149   14611230.404          0.003 2121
 785.055    9031092.743          0.002 2121
 388.365    4643381.569          0.001 2121
 587.794    6932234.411          0.001 2121
1144.159   14345271.687          0.003 2121
1290.946   15368734.769          0.003 2121
1256.903   15133564.162          0.003 2138
 826.275   10032856.512          0.002 2138
 705.826    8503811.568          0.002 2138
 445.213    5370814.056          0.001 2138
 787.330    9117804.963          0.002 2138
1253.247   15655042.097          0.003 2138
1154.236   13292869.454          0.003 2143
1010.553   11090579.170          0.002 2143
 341.370    4149264.488          0.001 2143
 700.155    8266506.965          0.002 2143
1116.204   12755100.823          0.003 2143
 974.960   11551271.536          0.003 2157
 684.531    7928069.018          0.002 2157
 736.295    8775291.803          0.002 2157
1061.734   12199585.624          0.003 2157
1132.032   12342683.584          0.003 2157
1413.684   16030133.022          0.004 1585
1053.234   12113209.276          0.003 1585
 912.819   10457616.384          0.002 1585
 632.547    7159033.049          0.002 1585
 416.492    4628775.112          0.001 1585
 572.722    6399343.061          0.001 1585
 323.357    3113141.621          0.001 1545
   0.000          0.000          0.000 1545
   0.000          0.000          0.000 1546
 110.815    1215785.070          0.000 1546
 476.869    5186590.612          0.001 1546
 841.420   10383012.295          0.002 1546
 587.756    6625477.932          0.001 1546
 766.528    8806353.850          0.002 1546
1048.051   12069329.927          0.003 1546
1506.871   18601574.196          0.004 1546
 988.504   10841612.776          0.002 2113
1021.892   11877203.609          0.003 2113
 731.724    8320605.080          0.002 2113
 871.733   10036128.277          0.002 2113
1157.340   12785475.067          0.003 2121
 389.429    4648547.299          0.001 2121
 604.333    7036837.154          0.002 2121
 993.858   11202475.503          0.002 2121
1061.612   11355170.664          0.002 2121
1349.887   15922842.683          0.003 2121
 999.979   11562248.005          0.003 2138
 675.717    8109645.308          0.002 2138
 413.100    4967251.234          0.001 2138
 890.317   10597775.551          0.002 2138
1325.580   17027540.924          0.004 2143
 760.784    8931496.195          0.002 2143
 800.688    9422692.300          0.002 2143
 285.173    3441848.988          0.001 2143
 960.710   13570806.131          0.003 2143
1210.767   13930828.616          0.003 2143
1369.654   17135723.752          0.004 2149
1193.779   14018946.490          0.003 2157
 817.811    9786017.782          0.002 2157
 467.495    5494011.796          0.001 2157
 797.621    9131433.907          0.002 2157
1319.852   14975505.689          0.003 1585
1053.121   12120752.505          0.003 1585
 547.641    6056475.391          0.001 1585
 304.409    3355041.286          0.001 1585
 161.620    1772379.559          0.000 1585
  46.851     512136.363          0.000 1585
   0.000          0.000          0.000 1585
   0.000          0.000          0.000 1586
 276.277    2950097.700          0.001 1546
 235.185    2593854.514          0.001 1546
 365.364    4043691.577          0.001 1546
 653.861    7360284.751          0.002 1546
1041.069   11972691.134          0.003 1546
1292.132   15984413.907          0.004 2113
 717.842    8001068.239          0.002 2113
 731.980    8371164.868          0.002 2113
 621.941    7053402.650          0.002 2113
1101.094   11735897.993          0.003 2113
 689.876    7943177.041          0.002 2121
 322.394    3828632.691          0.001 2121
 737.297    8402350.555          0.002 2121
 748.557    8421527.412          0.002 2121
1405.383   15086627.543          0.003 2121
1000.223   11426748.063          0.002 2138
 670.513    7924629.422          0.002 2138
 598.574    7056274.578          0.002 2138
 822.085    9653217.218          0.002 2138
1191.749   13400065.625          0.003 2143
 645.506    7511570.675          0.002 2143
1032.758   11582597.192          0.003 2143
 668.937    7586928.413          0.002 2143
 898.740    9748155.829          0.002 2143
1178.141   14317595.852          0.003 2149
1287.807   15468304.578          0.003 2157
 647.982    7573294.602          0.002 2157
 974.145   11863958.408          0.003 2157
 954.394   13469565.847          0.003 2157
 392.527    4593020.072          0.001 2157
 565.633    6444370.851          0.001 2157
 595.312    6860620.189          0.001 2157
1109.141   12432612.501          0.003 2157
1240.675   13944436.069          0.003 2166
1062.571   11634115.661          0.003 1585
 739.492    8195709.952          0.002 1585
 679.620    7455576.330          0.002 1585
 608.339    6381607.384          0.001 1585
 560.913    6554124.788          0.002 1585
   0.000          0.000          0.000 1626
   0.000          0.000          0.000 1627
 434.409    5050381.312          0.001 1627
 740.202   11214527.082          0.003 1546
 738.794    7753058.908          0.002 1546
 503.838    5551152.028          0.001 1546
 901.487    9920150.383          0.002 1546
1441.526   19443914.926          0.004 1546
1169.590   12030515.595          0.003 2113
 634.573    7074535.601          0.002 2113
 601.696    6822037.020          0.002 2113
 519.755    5862083.248          0.001 2113
 613.333    6881459.057          0.002 2113
1201.645   14569501.118          0.003 2113
 648.615    7465117.669          0.002 2121
 450.629    5236303.372          0.001 2121
 394.537    4608227.291          0.001 2121
 471.689    5483736.410          0.001 2121
 942.743   10002517.412          0.002 2121
1075.666   12070749.812          0.003 2138
 508.918    6023170.986          0.001 2138
 352.693    4213180.351          0.001 2138
 639.302    7037044.248          0.002 2138
1111.531   12441917.779          0.003 2138
 696.997    7865538.758          0.002 2143
 495.076    5708023.131          0.001 2143
 838.939   10495808.082          0.002 2143
 240.514    2888559.410          0.001 2143
 610.352    7057123.358          0.002 2143
1024.273   10715778.702          0.002 2143
 907.307   10599650.785          0.002 2149
1112.905   14946707.288          0.003 2157
 534.864    6201613.506          0.001 2157
 747.933    8133932.925          0.002 2157
 339.858    3962549.318          0.001 2157
 472.775    5434007.784          0.001 2157
 861.230    9739445.729          0.002 2157
1333.692   14869272.532          0.003 2166
1247.419   17774914.796          0.004 2166
 838.327    9406293.064          0.002 2166
1141.076   13174116.115          0.003 2166
1137.965   12172170.009          0.003 1585
1023.704   12201509.819          0.003 1716
 842.932    9842841.551          0.002 1716
 680.335    9751648.409          0.002 1585
 389.997    4100419.463          0.001 1672
   0.000          0.000          0.000 1672
   0.000          0.000          0.000 1673
 147.826    1605555.687          0.000 1673
 449.554    5298331.511          0.001 1673
 943.615   15017681.626          0.003 1546
 776.039    8063334.037          0.002 1546
1095.789   13819891.946          0.003 1546
1184.287   13583506.353          0.003 2113
 505.955    5651065.780          0.001 2113
 425.660    4786484.971          0.001 2113
 956.136   13930419.964          0.003 2113
1173.717   12883834.126          0.003 2113
 990.267   10928754.105          0.002 2121
 560.796    6348578.282          0.001 2121
 269.427    3182840.038          0.001 2121
 840.257   11834313.246          0.003 2121
 955.868   10210017.911          0.002 2121
1461.983   15880387.672          0.003 2121
1248.510   13124232.418          0.003 2131
 904.240   10264353.022          0.002 2138
 765.891    8622606.107          0.002 2138
 404.610    4774037.670          0.001 2138
 301.482    3578596.065          0.001 2138
1009.261   11914893.825          0.003 2138
 910.889   13268804.900          0.003 2143
 373.892    4307173.816          0.001 2143
 414.298    4765738.181          0.001 2143
 491.415    5543549.606          0.001 2143
1194.511   12951375.074          0.003 2143
 995.264   11408628.399          0.003 2149
1029.211   11567148.232          0.003 2149
 721.337    8081768.733          0.002 2157
 449.018    5183298.570          0.001 2157
 705.395    9615346.761          0.002 2157
 401.465    4612669.875          0.001 2157
 702.885    7955845.386          0.002 2157
1158.782   13532112.466          0.003 2157
 977.650   10778467.431          0.002 2166
 656.771    7312570.928          0.002 2166
1265.556   14719958.540          0.003 2166
1367.256   16353244.665          0.004 2166
1073.415   11227811.432          0.003 1796
 520.906    5848502.970          0.001 1716
 257.319    2823295.165          0.001 1716
   0.000          0.000          0.000 1716
   0.000          0.000          0.000 1717
 713.978    7989863.950          0.002 1755
 838.239   11013850.142          0.003 1673
1211.832   12159625.424          0.003 1546
1027.253   11241558.857          0.003 2105
1245.812   13349247.556          0.003 2105
1371.711   18794429.931          0.004 2113
 985.647   13293254.780          0.003 2113
 370.140    4141467.170          0.001 2113
 377.537    4237700.060          0.001 2113
 789.977    8691278.169          0.002 2113
1097.790   14327322.493          0.003 2121
 504.282    5693804.735          0.001 2121
 553.855    6035027.000          0.001 2121
1044.228   13535794.863          0.003 2125
1098.563   12421285.685          0.003 2125
1301.975   17015439.946          0.004 2131
 715.014    8322382.297          0.002 2138
 275.157    3255965.835          0.001 2138
 637.009    7353481.700          0.002 2138
 755.441    7780384.537          0.002 2143
 289.175    3340895.855          0.001 2143
 201.233    2405553.485          0.001 2143
 783.553    9324103.015          0.002 2143
1185.337   17963558.425          0.004 2149
 636.842    7162969.678          0.002 2149
1134.389   13753331.944          0.003 2157
 356.179    4100912.862          0.001 2157
 268.974    3116148.193          0.001 2157
 328.959    3779580.894          0.001 2157
1068.705   13351481.126          0.003 2157
1297.398   16131207.706          0.004 2166
 694.951    7675519.301          0.002 2166
1032.234   12222130.849          0.003 2166
1292.893   15890750.043          0.004 2166
1208.111   14524880.552          0.003 1796
 637.834    6723991.679          0.002 1796
   0.000          0.000          0.000 1754
   0.000          0.000          0.000 1755
 208.432    2195565.311          0.001 1755
 753.598    7988267.163          0.002 1755
1213.883   15087664.280          0.003 2105
1254.375   15555977.176          0.004 2105
 798.420    8726399.532          0.002 2105
 945.234   10293768.488          0.002 2105
 779.138    8528219.920          0.002 2113
 836.735   12257937.314          0.003 2113
 304.563    3408454.135          0.001 2113
 834.717   10013257.969          0.002 2113
 909.178   10158131.185          0.002 2121
 336.905    3843482.417          0.001 2121
 216.984    2553832.761          0.001 2121
 791.541    8985016.280          0.002 2121
 857.827   10521628.827          0.002 2125
 943.195   10653878.402          0.002 2125
 836.232    9037750.359          0.002 2131
1090.344   11117821.012          0.003 2131
 792.816    9356092.876          0.002 2138
 247.021    2916002.953          0.001 2138
 559.897    6172686.783          0.001 2143
 224.752    2616727.372          0.001 2143
 177.434    2115327.111          0.000 2143
 334.753    3813351.569          0.001 2143
 964.606    9327186.713          0.002 2143
1054.097   11987547.992          0.003 2149
 545.998    6099164.158          0.001 2149
1012.139   11756722.831          0.003 2149
 844.958    8743811.224          0.002 2157
 664.308    7000881.649          0.002 2157
 219.830    2531282.867          0.001 2157
 664.016    7373618.728          0.002 2157
 897.271    9876644.466          0.002 2166
 443.652    4890473.957          0.001 2166
 977.992   10896355.836          0.002 2166
 733.755    7988828.695          0.002 2166
 789.263    8374300.151          0.002 1796
 538.514    5704763.181          0.001 1796
 351.805    3722132.757          0.001 1796
 184.524    1945955.263          0.000 1796
   0.000          0.000          0.000 1796
   0.000          0.000          0.000 1797
 483.494    5111114.647          0.001 1755
1149.252   13727070.105          0.003 1755
 984.106   12535154.666          0.003 2105
 669.452    7228553.946          0.002 2105
1105.288   12294770.335          0.003 2113
 533.696    5896237.781          0.001 2113
 265.182    2963180.050          0.001 2113
 857.084    9808855.984          0.002 2113
1178.602   14142403.690          0.003 2121
 689.284    7647524.035          0.002 2121
 171.017    2005656.451          0.000 2121
 495.221    5437474.134          0.001 2121
1030.412   12666503.861          0.003 2125
 649.685    7291765.759          0.002 2125
1159.086   16572519.513          0.004 2131
 617.956    6677961.016          0.002 2131
 971.815   11585276.663          0.003 2131
 723.098    9009115.587          0.002 2138
 706.228    7658282.864          0.002 2138
1013.032   12539078.848          0.003 2143
 345.289    3952588.047          0.001 2143
 148.498    1764465.408          0.000 2143
 684.718    8679978.669          0.002 2143
 906.672    9605109.641          0.002 2143
 707.873    7927382.876          0.002 2149
 475.407    5285730.570          0.001 2149
 766.352   10380919.857          0.002 2157
 190.702    2192552.927          0.000 2157
 763.798   10322616.637          0.002 2157
1018.972   10974366.930          0.003 2157
1191.442   12813786.393          0.003 2166
 553.162    6058834.973          0.001 2166
 649.327    7047224.996          0.002 2166
 563.371    6152040.787          0.001 2166
1134.763   13842766.687          0.003 2166
 693.760    7480606.357          0.002 1796
 428.198    4234100.072          0.001 1796
 260.355    2847110.390          0.001 1836
   0.000          0.000          0.000 1836
   0.000          0.000          0.000 1837
 610.397    8020797.124          0.002 1837
 928.091   10629014.915          0.003 1755
1053.335   12972485.373          0.003 1755
 552.798    5970892.125          0.001 2105
 534.400    5830751.393          0.001 2105
 759.956    8132653.971          0.002 2105
 794.245    8683802.774          0.002 2113
 217.720    2427878.528          0.001 2113
 564.338    5929709.840          0.001 2113
1234.759   17343702.398          0.004 2113
 559.027    5639232.891          0.001 2121
 147.631    1728894.033          0.000 2121
 778.657    8739053.501          0.002 2121
 562.955    6392956.047          0.001 2125
 871.597    9640654.427          0.002 2125
 879.700    9469140.328          0.002 2131
 441.929    4780181.491          0.001 2131
 192.590    2263286.597          0.000 2138
 410.027    4487159.314          0.001 2138
 960.491   12565177.025          0.003 2143
 405.414    4476915.295          0.001 2143
 119.162    1412879.470          0.000 2143
 712.369    7710161.559          0.002 2143
1122.794   13033296.523          0.003 2147
 593.378    6534391.461          0.001 2149
 374.291    4132031.498          0.001 2149
 849.464    9301324.836          0.002 2149
1077.827   12807813.541          0.003 2157
 361.928    4052773.443          0.001 2157
 166.675    1914014.818          0.000 2157
 548.674    5991172.245          0.001 2157
 701.050    7544797.329          0.002 2157
1227.790   14579375.116          0.003 2163
1120.393   12867116.805          0.003 2166
 809.382    9051187.854          0.002 2166
 324.845    3548881.662          0.001 2166
 742.096    7930332.727          0.002 2166
1210.009   13615957.396          0.003 1796
1061.814   14511197.967          0.003 1796
 852.454   11580334.370          0.003 1923
 300.154    3112040.252          0.001 1879
   0.000          0.000          0.000 1879
   0.000          0.000          0.000 1880
 163.724    1704147.073          0.000 1880
 579.539    6026493.072          0.001 1880
 831.639    8641981.928          0.002 1880
 810.839    8631761.072          0.002 2105
 342.449    3706552.066          0.001 2105
 401.645    4321622.838          0.001 2105
1089.731   12914631.198          0.003 2105
 719.012    8610135.048          0.002 2113
 628.734    8392664.114          0.002 2113
1069.448   12827375.396          0.003 2113
 815.491    9963066.347          0.002 2119
 611.910    6781592.935          0.002 2121
 132.969    1556027.921          0.000 2121
 616.036    6580115.346          0.002 2121
 883.457   11061689.670          0.003 2125
 353.326    3869935.549          0.001 2125
 538.937    5944267.124          0.001 2125
 485.195    5205087.668          0.001 2131
 594.030    6219173.156          0.001 2131
 533.959    5962183.868          0.001 2138
 161.237    1889889.887          0.000 2138
 298.961    3291220.889          0.001 2138
 891.358   11083749.517          0.003 2138
 498.762    6901208.290          0.002 2143
 537.804    5734808.254          0.001 2143
1059.931   11763953.599          0.003 2147
 848.888   11017948.050          0.003 2149
 311.565    3427925.836          0.001 2149
 743.929    8095930.249          0.002 2149
 992.207   12942679.143          0.003 2157
 509.146    5478349.424          0.001 2157
 139.606    1600678.196          0.000 2157
 458.895    4999784.648          0.001 2157
 915.285    9976572.389          0.002 2163
 844.650    9382087.540          0.002 2163
1031.670   15387133.054          0.004 2163
 252.706    2763940.553          0.001 2166
 794.672    9891271.929          0.002 2166
1166.411   12903497.375          0.003 2172
1154.188   12237303.642          0.003 2172
 770.446    8195319.216          0.002 1923
 168.793    1791975.212          0.000 1923
   0.000          0.000          0.000 1923
   0.000          0.000          0.000 1924
 591.069    6517718.616          0.002 1966
 915.874   10619381.340          0.003 2101
 798.939    9728873.268          0.002 2105
 236.243    2545502.555          0.001 2105
 578.330    5922997.193          0.001 2105
 835.064    9761991.032          0.002 2110
 677.205    7041993.872          0.002 2113
 148.239    1649086.287          0.000 2113
 691.904    7426693.592          0.002 2113
 832.972    8750732.451          0.002 2116
 540.477    6165950.195          0.001 2119
 442.372    4665540.645          0.001 2121
  95.028    1109410.378          0.000 2121
 848.383   10004756.643          0.002 2121
 298.297    3252673.922          0.001 2125
 943.666   11069684.699          0.003 2131
 295.167    3185853.261          0.001 2131
 439.744    4770216.959          0.001 2138
 119.368    1393993.614          0.000 2138
 681.582    8214322.926          0.002 2138
 890.249   10549208.613          0.003 2139
 576.243    5927014.545          0.001 2143
  83.639     989145.050          0.000 2143
 478.882    5076055.038          0.001 2143
 956.669    9886184.001          0.002 2143
 559.517    5962943.558          0.001 2147
 769.800    8782381.544          0.002 2149
 266.238    2923051.645          0.001 2149
 861.536   12014798.150          0.003 2149
 877.688    8926468.674          0.002 2153
 409.504    4384685.242          0.001 2157
 269.134    2921755.762          0.001 2157
 892.478    9915038.103          0.002 2157
 554.389    6006281.647          0.001 2163
 713.259    8081237.687          0.002 2166
 196.585    2146012.013          0.000 2166
 891.637    9774637.925          0.002 2166
 658.311    6920448.429          0.002 2172
 865.599   12064416.478          0.003 1923
 338.296    3432180.977          0.001 1965
   0.000          0.000          0.000 1965
   0.000          0.000          0.000 1966
 207.098    2144242.621          0.001 1966
 724.077    7617612.453          0.002 1966
 732.507    7591480.090          0.002 2101
 593.543    6058514.491          0.001 2105
 201.820    2172437.180          0.001 2105
 845.367   11657745.090          0.003 2105
 547.088    6081757.936          0.001 2110
 710.859   14123927.865          0.003 2113
 108.187    1201802.949          0.000 2113
 674.958    8843847.542          0.002 2113
 542.453    5662135.212          0.001 2116
 353.988    3904709.824          0.001 2119
 699.726   11438501.684          0.003 2119
  69.675     812287.067          0.000 2121
 555.001    6437986.343          0.002 2121
 561.973    6022227.027          0.001 2125
 227.404    2466230.313          0.001 2125
 402.146    4323663.624          0.001 2125
 875.539    9144678.475          0.002 2125
 426.045    4492192.231          0.001 2131
 458.386    4486896.857          0.001 2131
  97.142    1133048.242          0.000 2138
 590.676    7326835.250          0.002 2138
 877.633   10432267.668          0.002 2143
  62.318     736051.536          0.000 2143
 622.937    7683921.431          0.002 2143
 331.474    3494453.282          0.001 2147
 197.803    2164707.779          0.000 2149
 415.294    4408262.070          0.001 2149
 644.626    6658356.804          0.002 2153
 616.060    6327360.859          0.002 2153
 816.220    9689400.774          0.002 2157
  86.755     991600.800          0.000 2157
 677.602    7251910.935          0.002 2157
 955.382   12057621.374          0.003 2161
 444.375    4727784.857          0.001 2163
 716.454   13726257.442          0.003 2166
 146.521    1596621.916          0.000 2166
 441.019    4671503.797          0.001 2166
 657.135    6707412.711          0.002 2168
 751.109    8971588.445          0.002 2172
 423.379    4428861.895          0.001 2172
 763.122    9007781.969          0.002 2010
   0.000          0.000          0.000 2010
   0.000          0.000          0.000 2011
 575.371    9348390.862          0.002 2011
 299.735    3089066.486          0.001 2101
 600.162    6477529.384          0.002 2101
 119.855    1287399.976          0.000 2105
 654.648    8360810.092          0.002 2108
 285.839    3101773.300          0.001 2110
  62.813     697060.395          0.000 2113
 634.417    8581517.515          0.002 2113
 251.721    2725040.166          0.001 2119
 504.828    5967046.694          0.001 2121
 602.569    6950501.582          0.002 2121
 354.015    3673622.555          0.001 2125
 151.040    1630790.406          0.000 2125
 699.527   10181824.480          0.002 2127
 637.188    7309136.765          0.002 2129
 137.348    1473797.148          0.000 2131
 680.152    7818113.354          0.002 2133
 823.443   10643506.247          0.003 2134
  64.986     756789.912          0.000 2138
 361.885    3787547.808          0.001 2139
 642.455    8930766.762          0.002 2143
  44.212     521656.640          0.000 2143
 667.628   10590245.176          0.003 2143
 233.481    2451969.006          0.001 2147
 384.173    3964240.824          0.001 2149
 120.672    1314324.694          0.000 2149
 454.183    4728385.936          0.001 2149
 305.264    3155213.534          0.001 2153
 654.670    9045233.103          0.002 2156
  56.220     640880.631          0.000 2157
 600.384    6335248.564          0.002 2160
 535.825    5500648.584          0.001 2161
 238.898    2532248.328          0.001 2163
 502.931    5185219.328          0.001 2166
 101.625    1105538.443          0.000 2166
 304.804    3132609.302          0.001 2168
 615.770    8671648.764          0.002 2169
 611.282    6584498.292          0.002 2172
 224.054    2329376.511          0.001 2172
 584.220    8214630.361          0.002 2052
   0.000          0.000          0.000 2052
   0.000          0.000          0.000 2053
 304.888    3021358.734          0.001 2099
 164.786    1693564.387          0.000 2101
 380.882    3915417.654          0.001 2103
  60.162     644872.459          0.000 2105
 469.746    4985460.051          0.001 2107
 324.050    3214538.657          0.001 2109
 166.208    1784272.241          0.000 2110
 280.151    2799839.452          0.001 2112
 424.015    5781629.106          0.001 2114
 438.959    5118784.896          0.001 2115
 172.014    1775347.535          0.000 2116
 354.638    3521269.319          0.001 2118
 137.183    1456482.436          0.000 2119
  19.748     229483.275          0.000 2121
 305.779    3088282.724          0.001 2123
  58.181     624025.809          0.000 2125
 211.771    2133335.713          0.001 2127
 199.636    1965362.296          0.000 2129
  48.439     519014.162          0.000 2131
 436.500    4538631.495          0.001 2132
 256.117    2676447.447          0.001 2134
 322.435    3139571.485          0.001 2136
  26.378     306521.965          0.000 2138
 189.784    1964764.216          0.000 2139
 336.272    3454714.923          0.001 2141
  19.006     223871.853          0.000 2143
 289.227    2895789.484          0.001 2145
 124.866    1304097.415          0.000 2147
  56.288     610627.331          0.000 2149
 344.587    3468672.408          0.001 2151
 120.825    1243127.606          0.000 2153
 336.004    3332689.674          0.001 2155
  23.325     265523.045          0.000 2157
 346.912    3461166.253          0.001 2159
 159.959    1617875.269          0.000 2161
 111.690    1173572.906          0.000 2163
 435.501    5333206.424          0.001 2166
  38.909     422428.935          0.000 2166
 148.274    1519379.163          0.000 2168
 338.551    3393363.214          0.001 2170
 103.479    1069707.732          0.000 2172
 476.872    5242840.269          0.001 2174
   0.000          0.000          0.000 2096
   0.000          0.000          0.000 2097
   0.000          0.000          0.000 2098
   0.000          0.000          0.000 2099
   0.000          0.000          0.000 2100
   0.000          0.000          0.000 2101
   0.000          0.000          0.000 2102
   0.000          0.000          0.000 2103
   0.000          0.000          0.000 2104
   0.000          0.000          0.000 2105
   0.000          0.000          0.000 2106
   0.000          0.000          0.000 2107
   0.000          0.000          0.000 2108
   0.000          0.000          0.000 2109
   0.000          0.000          0.000 2110
   0.000          0.000          0.000 2111
   0.000          0.000          0.000 2112
   0.000          0.000          0.000 2113
   0.000          0.000          0.000 2114
   0.000          0.000          0.000 2115
   0.000          0.000          0.000 2116
   0.000          0.000          0.000 2117
   0.000          0.000          0.000 2118
   0.000          0.000          0.000 2119
   0.000          0.000          0.000 2120
   0.000          0.000          0.000 2121
   0.000          0.000          0.000 2122
   0.000          0.000          0.000 2123
   0.000          0.000          0.000 2124
   0.000          0.000          0.000 2125
   0.000          0.000          0.000 2126
   0.000          0.000          0.000 2127
   0.000          0.000          0.000 2128
   0.000          0.000          0.000 2129
   0.000          0.000          0.000 2130
   0.000          0.000          0.000 2131
   0.000          0.000          0.000 2132
   0.000          0.000          0.000 2133
   0.000          0.000          0.000 2134
   0.000          0.000          0.000 2135
   0.000          0.000          0.000 2136
   0.000          0.000          0.000 2137
   0.000          0.000          0.000 2138
   0.000          0.000          0.000 2139
   0.000          0.000          0.000 2140
   0.000          0.000          0.000 2141
   0.000          0.000          0.000 2142
   0.000          0.000          0.000 2143
   0.000          0.000          0.000 2144
   0.000          0.000          0.000 2145
   0.000          0.000          0.000 2146
   0.000          0.000          0.000 2147
   0.000          0.000          0.000 2148
   0.000          0.000          0.000 2149
   0.000          0.000          0.000 2150
   0.000          0.000          0.000 2151
   0.000          0.000          0.000 2152
   0.000          0.000          0.000 2153
   0.000          0.000          0.000 2154
   0.000          0.000          0.000 2155
   0.000          0.000          0.000 2156
   0.000          0.000          0.000 2157
   0.000          0.000          0.000 2158
   0.000          0.000          0.000 2159
   0.000          0.000          0.000 2160
   0.000          0.000          0.000 2161
   0.000          0.000          0.000 2162
   0.000          0.000          0.000 2163
   0.000          0.000          0.000 2164
   0.000          0.000          0.000 2165
   0.000          0.000          0.000 2166
   0.000          0.000          0.000 2167
   0.000          0.000          0.000 2168
   0.000          0.000          0.000 2169
   0.000          0.000          0.000 2170
   0.000          0.000          0.000 2171
   0.000          0.000          0.000 2172
   0.000          0.000          0.000 2173
   0.000          0.000          0.000 2174
   0.000          0.000          0.000 2175
   0.000          0.000          0.000 2176
 494.344    5125352.949          0.001   72
 682.816    8842323.206          0.002    7
 343.611    3738723.027          0.001  489
 192.139    2114141.945          0.000  489
 447.528    4731319.484          0.001   26
 424.804    4584369.291          0.001 2157
 351.916    3815516.469          0.001  995
 104.836    1218137.098          0.000  995
 248.622    2736301.384          0.001  995
 445.424    4670622.465          0.001   15
 440.257    4942256.356          0.001 2138
 350.016    3843971.528          0.001 2166
 375.835    4165600.776          0.001 2113
 666.369    7022166.984          0.002 2147
 958.214   10998383.339          0.003   26
 701.926    7786164.523          0.002   26
 238.888    2793019.322          0.001  995
 477.498    5470806.113          0.001  995
 452.435    5139223.734          0.001 1379
 700.143    7823593.077          0.002 1379
 421.006    4785758.892          0.001 1379
 838.212    9510258.052          0.002 1379
 603.748    6727322.728          0.002   35
 307.867    3639802.510          0.001   35
 740.398    9159340.075          0.002   35
 849.039    9727855.014          0.002 2157
 795.544    9205109.426          0.002 2157
1070.471   13152021.256          0.003 1336
 754.323    8495325.474          0.002   52
1371.345   13535552.015          0.003  995
 466.760    5045943.643          0.001 2138
 484.571    5969281.410          0.001 2143
 772.933    8573518.715          0.002   65
1182.405   13175625.945          0.003 2121
 933.561   11005692.874          0.002 2143
1077.232   13105912.054          0.003 2143
 617.664    7599751.497          0.002 2138
 638.659    7879039.346          0.002 2138
 830.645    9429151.633          0.002   60
 490.655    5685614.055          0.001   60
1341.652   14182564.310          0.003   60
1542.389   16785896.011          0.004   60
1724.352   19879979.901          0.004 1336
 752.902    9522008.572          0.002 2143
 988.826   11757302.694          0.002 2143
 618.920    6831152.022          0.002   15
 708.356    8231354.273          0.002   35
1746.230   18380808.980          0.004 2143
1833.573   18376223.735          0.004   41
1811.144   20181777.951          0.004   41
1548.069   17659804.314          0.004  995
1688.561   18196001.989          0.004 2121
1040.110   11495529.986          0.002 2157
1348.023   13945984.216          0.003 2143
 490.017    6628242.333          0.002 1585
 474.058    5100358.545          0.001 1585
 232.429    2554792.000          0.001 1585
