   0.000          0.000          0.000    1
   0.000          0.000          0.000    2
   0.000          0.000          0.000    3
   0.000          0.000          0.000    4
   0.000          0.000          0.000    5
   0.000          0.000          0.000    6
   0.000          0.000          0.000    7
   0.000          0.000          0.000    8
   0.000          0.000          0.000    9
   0.000          0.000          0.000   10
   0.000          0.000          0.000   11
   0.000          0.000          0.000   12
   0.000          0.000          0.000   13
   0.000          0.000          0.000   14
   0.000          0.000          0.000   15
   0.000          0.000          0.000   16
   0.000          0.000          0.000   17
   0.000          0.000          0.000   18
   0.000          0.000          0.000   19
   0.000          0.000          0.000   20
   0.000          0.000          0.000   21
   0.000          0.000          0.000   22
   0.000          0.000          0.000   23
   0.000          0.000          0.000   24
   0.000          0.000          0.000   25
   0.000          0.000          0.000   26
   0.000          0.000          0.000   27
   0.000          0.000          0.000   28
   0.000          0.000          0.000   29
   0.000          0.000          0.000   30
   0.000          0.000          0.000   31
   0.000          0.000          0.000   32
   0.000          0.000          0.000   33
   0.000          0.000          0.000   34
   0.000          0.000          0.000   35
   0.000          0.000          0.000   36
   0.000          0.000          0.000   37
   0.000          0.000          0.000   38
   0.000          0.000          0.000   39
   0.000          0.000          0.000   40
   0.000          0.000          0.000   41
   0.000          0.000          0.000   42
   0.000          0.000          0.000   43
   0.000          0.000          0.000   44
   0.000          0.000          0.000   45
   0.000          0.000          0.000   46
   0.000          0.000          0.000   47
   0.000          0.000          0.000   48
   0.000          0.000          0.000   49
   0.000          0.000          0.000   50
   0.000          0.000          0.000   51
   0.000          0.000          0.000   52
   0.000          0.000          0.000   53
   0.000          0.000          0.000   54
   0.000          0.000          0.000   55
   0.000          0.000          0.000   56
   0.000          0.000          0.000   57
   0.000          0.000          0.000   58
   0.000          0.000          0.000   59
   0.000          0.000          0.000   60
   0.000          0.000          0.000   61
   0.000          0.000          0.000   62
   0.000          0.000          0.000   63
   0.000          0.000          0.000   64
   0.000          0.000          0.000   65
   0.000          0.000          0.000   66
   0.000          0.000          0.000   67
   0.000          0.000          0.000   68
   0.000          0.000          0.000   69
   0.000          0.000          0.000   70
   0.000          0.000          0.000   71
   0.000          0.000          0.000   72
   0.000          0.000          0.000   73
   0.000          0.000          0.000   74
   0.000          0.000          0.000   75
   0.000          0.000          0.000   76
   0.000          0.000          0.000   77
   0.000          0.000          0.000   78
   0.000          0.000          0.000   79
   0.000          0.000          0.000   80
   0.000          0.000          0.000   81
 785.154   12388870.469          0.003    5
 181.711    1752050.217          0.000    5
 105.567    1091805.619          0.000    7
 363.613    3326795.655          0.001    8
 131.472    1345166.004          0.000   10
 238.590    2244428.758          0.001   12
 295.214    2930264.412          0.001   13
  41.605     456071.792          0.000   15
 265.289    2626627.421          0.001   17
 520.916    5221609.371          0.001   19
  66.092     694297.477          0.000   20
 751.571    8463548.210          0.002   20
 229.020    2334999.516          0.001   24
  32.178     363786.202          0.000   26
 680.588    7662284.074          0.002   26
 150.487    1553327.817          0.000   30
 308.865    3045311.148          0.001   32
 471.886    4807123.735          0.001   35
  21.905     251138.200          0.000   35
 189.371    1822001.311          0.000   37
 719.868    8320682.991          0.002   41
  26.605     302954.598          0.000   41
 224.944    2282169.616          0.001   43
 230.213    2276392.489          0.001   45
  41.450     454383.893          0.000   47
 203.175    2039190.355          0.001   49
 334.313    3040803.665          0.001   51
  32.784     376811.822          0.000   52
 211.064    1828850.749          0.001   54
 119.252    1228738.567          0.000   56
 217.474    2438930.916          0.001   58
  29.608     332834.298          0.000   60
  51.963     585417.100          0.000   60
 232.354    2278227.406          0.001   63
  50.010     544142.846          0.000   65
 689.261    9469057.550          0.002   65
 121.987    1237968.787          0.000   69
 427.568    4238559.543          0.001   72
  78.580     830951.975          0.000   72
 249.564    2403545.212          0.001   74
 147.977    1475327.473          0.000   76
 305.899    2798976.002          0.001   78
   0.000          0.000          0.000  124
   0.000          0.000          0.000  125
 475.236    4694975.966          0.001  125
 502.141    4936041.556          0.001    5
 236.461    2464556.918          0.001    7
 287.834    2959691.987          0.001   10
 667.516    6797138.374          0.002   10
 666.743    6533346.120          0.002   12
 411.703    4184419.552          0.001   15
 710.717    7611051.894          0.002   17
 156.504    1657670.920          0.000   20
 734.381    9689466.480          0.002   20
 782.466    9095473.244          0.002   24
 450.754    4518895.364          0.001   26
  58.069     657240.079          0.000   26
 395.273    4081410.005          0.001   30
 510.577    5236482.700          0.001   35
  53.753     617885.686          0.000   35
 353.414    3685136.157          0.001   35
 710.989    7173226.608          0.002   37
 607.939    7769452.389          0.002   41
  53.978     615762.744          0.000   41
 428.150    4395542.976          0.001   43
 481.906    4689684.161          0.001   45
  99.106    1093327.571          0.000   47
 392.436    3957020.154          0.001   49
 598.727    6053510.499          0.002   49
  59.583     685474.946          0.000   52
 189.194    1952983.472          0.000   56
 490.855    4982886.713          0.001   56
 618.643    5890827.023          0.001   60
  72.180     814213.594          0.000   60
 673.469    8413697.832          0.002   63
  96.085    1048817.857          0.000   65
 652.766    8588937.756          0.002   65
 245.411    2506385.702          0.001   69
 656.116   10057600.751          0.002   69
 149.437    1585340.880          0.000   72
 705.970    7606017.179          0.002   74
 314.527    3188821.656          0.001   76
 564.398    5741338.902          0.001   76
 234.008    2293712.227          0.001  166
   0.000          0.000          0.000  166
   0.000          0.000          0.000  167
 539.768    5346104.544          0.001  167
 872.918    9481802.199          0.002    7
 379.193    3984874.432          0.001    7
 522.484    5455981.548          0.001   10
 883.362   10857028.238          0.003   10
 705.278    7995074.829          0.002   15
 112.206    1231996.046          0.000   15
 763.220   11973126.931          0.003   20
 448.539    4801979.913          0.001   20
 552.940    5743480.940          0.001   20
 899.050   11460074.046          0.003   26
 332.983    4273262.015          0.001   26
  85.163     965080.116          0.000   26
 454.724    4694203.745          0.001   26
 497.587    5339319.011          0.001   30
 496.924    5138110.979          0.001   35
  80.902     931281.827          0.000   35
 215.075    2327887.943          0.001   35
 629.143    8704947.144          0.002   35
 967.696   10778697.318          0.003   35
 677.527    7069684.413          0.002   41
  95.873    1096300.678          0.000   41
 464.699    5268183.751          0.001   41
 606.101    7415595.822          0.002   47
 852.064   10861019.820          0.003   49
  89.768    1035792.092          0.000   52
 572.671    6888872.505          0.002   52
 769.329   10610836.953          0.003   52
 330.961    3440688.193          0.001   56
 582.629    7221518.904          0.002   60
 357.373    3744598.064          0.001   65
 136.882    1497967.663          0.000   65
 694.062    9373007.586          0.002   65
 456.293    4706670.222          0.001   69
 743.385    8178231.538          0.002   72
 215.129    2289597.699          0.001   72
 941.756   12554014.548          0.003   72
 968.055   10677302.516          0.003   76
 803.194   10271424.335          0.003  166
 417.396    4004579.470          0.001  208
   0.000          0.000          0.000  208
   0.000          0.000          0.000  209
 659.832   11307685.132          0.003  209
 909.709   10576139.482          0.003  250
 621.897    6571738.937          0.002    7
 938.019   11578835.700          0.003    7
 952.371   10985940.161          0.003   15
 299.415    3238803.921          0.001   15
 165.115    1820382.907          0.000   15
 862.074   12567926.035          0.003   20
 342.709    3683675.682          0.001   20
 729.558    8309283.631          0.002   20
 864.544    9631511.338          0.002   20
 109.284    1239835.408          0.000   26
 367.154    3929675.001          0.001   26
 764.663    8502332.453          0.002   30
 582.847    6098618.060          0.001   35
 108.348    1249648.476          0.000   35
 639.607    6665971.735          0.002   35
1088.429   11913191.475          0.003   41
 677.066    7232971.923          0.002   41
 127.701    1462005.413          0.000   41
 615.072    6057282.706          0.001   41
 653.235    6786916.014          0.002   47
 172.497    1916895.601          0.000   47
 625.906    6792541.328          0.002   47
 477.028    5025365.101          0.001   52
 126.875    1467761.467          0.000   52
 253.783    2765440.651          0.001   52
 704.235    7321972.951          0.002   56
 502.695    5265968.862          0.001   56
 798.594    8067840.200          0.002   60
 298.533    3191709.249          0.001   60
 141.446    1602068.778          0.000   60
 195.171    2141780.073          0.000   65
 864.167    9706705.015          0.002   65
 778.264    8153552.158          0.002   69
 545.057    5754657.810          0.001   72
 511.509    5364478.067          0.001   72
 979.659   12470197.112          0.003  293
 579.544    5903561.050          0.001  293
   0.000          0.000          0.000  249
   0.000          0.000          0.000  250
 255.174    2696140.738          0.001  250
 954.244   11832383.784          0.003  250
 899.507    9552778.153          0.002    7
 823.054    9112436.712          0.002    7
1168.011   12743841.059          0.003   10
 727.286    7773248.384          0.002   15
 622.419    9229238.043          0.002   15
 224.296    2479226.293          0.001   15
 833.403    8712297.492          0.002   20
 928.785   12555065.808          0.003   20
 615.123    6455083.162          0.001   26
 294.812    3247950.710          0.001   26
 163.442    1860935.985          0.000   26
 241.766    2685325.859          0.001   26
 614.725    6559958.508          0.002   26
 977.835   13649293.215          0.003   26
 895.386   10050975.174          0.002   35
 581.995    6448362.656          0.001   35
 127.368    1471114.175          0.000   35
 708.758    7811619.238          0.002   35
1068.802   12924015.896          0.003   35
 783.663    8474377.150          0.002   41
 164.582    1888330.696          0.000   41
 615.040    6857038.802          0.002   47
 239.775    2682803.601          0.001   47
 834.165   11667155.943          0.003   47
 614.055    6638879.938          0.002   52
 387.326    4225044.685          0.001   52
1027.496   11018336.456          0.003   56
 869.801    9437910.579          0.002   56
 519.229    5287669.133          0.001   60
 408.886    4977544.815          0.001   60
 206.322    2348262.307          0.001   60
 680.182    8993222.664          0.002   65
 280.008    3089048.796          0.001   65
 400.723    4382512.105          0.001   65
 979.074   10925392.959          0.003   72
 403.177    4332849.415          0.001   72
 696.413    7494656.969          0.002   72
 988.449   11343786.660          0.003  293
 394.158    4092946.492          0.001  293
 129.625    1362175.335          0.000  293
   0.000          0.000          0.000  293
   0.000          0.000          0.000  294
 571.900    6081023.946          0.001  250
 889.336    9476188.317          0.002  250
1003.246   10620741.601          0.002  450
 953.576   10229768.603          0.002  450
 954.327   10136806.496          0.002   15
 538.355    5801773.909          0.001   15
 271.978    3011813.082          0.001   15
 775.137    8483880.479          0.002   15
 593.613    6487482.506          0.002   20
 656.833    6942510.546          0.002   26
 346.592    3852657.870          0.001   26
 628.266   10299288.546          0.002   26
 396.577    4392301.617          0.001   26
1008.169   11559248.169          0.003   26
 439.929    4762204.689          0.001   35
 166.503    1930205.479          0.000   35
 323.093    3651578.110          0.001   35
 841.560    9123307.783          0.002   35
 770.428    8739540.484          0.002   41
 186.162    2138711.583          0.000   41
 639.038    6667209.128          0.002   41
 743.456    8321395.693          0.002   47
 289.637    3256857.512          0.001   47
 184.150    2137991.553          0.000   52
 800.884   10418067.908          0.002   52
 727.482    8083325.962          0.002   52
1240.545   13199571.320          0.003   60
 948.028   10028028.935          0.002   60
 730.766   10074564.785          0.002   60
 657.496    6964637.316          0.002   60
 782.486    9696448.515          0.002   65
 521.085    5735580.905          0.001   65
 884.364    9584702.883          0.002   65
1090.413   11939541.250          0.003   72
 476.311    5132472.179          0.001   72
 838.645   10710879.643          0.002   72
1070.878   11679193.595          0.003   72
 736.343    7390884.642          0.002  293
 614.027    8396170.473          0.002  334
   0.000          0.000          0.000  334
   0.000          0.000          0.000  335
 545.384    5981072.038          0.001  335
 735.832    7854071.311          0.002  450
 529.773    5757773.695          0.001  450
1018.072   10759407.468          0.002  450
 945.245   10243737.589          0.002   15
 719.110    7694574.904          0.002   15
 336.843    3738050.458          0.001   15
 663.921    7199873.053          0.002   15
1058.806   11867469.626          0.003   15
 783.846    8656504.568          0.002   20
1061.115   12689341.162          0.003   26
 600.738    6624640.263          0.002   26
 219.498    2509064.660          0.001   26
 463.745    5090287.330          0.001   26
 536.665    5950547.251          0.001   26
1135.386   13514725.486          0.003   35
 416.735    4684654.105          0.001   35
1167.773   13896247.408          0.003   41
 816.467    9502831.652          0.002   41
 219.385    2525207.513          0.001   41
 448.197    4907032.531          0.001   41
 357.582    4051668.815          0.001   47
 556.625    6241124.916          0.001   47
 501.947    5497244.274          0.001   52
 533.321    5898564.425          0.001   52
1074.222   12130416.639          0.003   52
1056.393   12308427.307          0.003   60
 528.329    5979084.543          0.001   60
 278.617    3186252.554          0.001   60
 402.687    4454898.313          0.001   65
1037.823   12204708.512          0.003   65
 688.897    7458079.257          0.002   72
 943.808   10335920.400          0.002   72
 681.479    7971925.455          0.002  371
 108.520    1160035.042          0.000  371
   0.000          0.000          0.000  371
   0.000          0.000          0.000  372
 748.752    9359343.199          0.002  450
 348.282    3792437.511          0.001  450
1047.441   12034883.311          0.003  450
1003.108   11064457.541          0.003  450
1226.565   13492159.196          0.003   15
 665.867    7414971.047          0.002   15
 385.059    4278533.140          0.001   15
 917.681   11096869.532          0.002   15
 955.469   10631349.861          0.002   20
1154.584   13208103.889          0.003   26
 731.450    9829382.189          0.002   26
 665.047    7925211.516          0.002   26
 859.895    9592726.045          0.002   26
 808.204    9013829.818          0.002   35
 214.530    2499026.170          0.001   35
 743.025   10949025.486          0.003   35
 918.873   10032923.670          0.002   35
 757.052    8039050.063          0.002   41
 253.529    2924472.028          0.001   41
 957.140   13054718.984          0.003   47
 405.385    4620754.348          0.001   47
 918.720   12129660.775          0.003   47
 758.598   14406564.218          0.003   52
 245.149    2855949.089          0.001   52
 538.467    5977599.471          0.001   52
1203.369   13862907.191          0.003   52
1061.525   11101501.182          0.002   60
 653.335    7198603.899          0.002   60
 355.018    4078979.000          0.001   60
 453.911    5128849.860          0.001   60
 855.044   11363589.027          0.003   60
 693.110    7299866.621          0.002   65
 987.920    9970107.313          0.002   65
1219.420   13255793.217          0.003   72
1039.259   11149145.312          0.003   72
1111.415   13521593.179          0.003  489
 819.685    9134282.544          0.002  489
 806.783    8326897.117          0.002  371
 319.410    3424063.969          0.001  371
   0.000          0.000          0.000  412
   0.000          0.000          0.000  413
 322.125    3415667.185          0.001  450
 221.883    2421218.712          0.001  450
 811.130    8957280.620          0.002  450
 710.613    7825630.969          0.002  450
 938.813   10377876.971          0.002   15
 476.667    5308408.349          0.001   15
 758.322    8285329.391          0.002   15
 869.513   10306194.423          0.002   26
 275.605    3160115.249          0.001   26
 914.285   10085883.239          0.002   26
 893.278    9890636.985          0.002   26
 540.972    6042623.238          0.001   35
 336.600    3874864.836          0.001   35
 846.408    9014906.845          0.002   35
1309.885   15370001.626          0.003   41
 952.408   10161267.063          0.002   41
 284.848    3292307.577          0.001   41
 848.750   10803770.343          0.002   41
 514.458    5969308.701          0.001   47
 850.675    9423402.157          0.002   47
 934.389    9903267.700          0.002   52
 307.228    3601075.926          0.001   52
 307.918    3585732.943          0.001   52
 759.741    8477264.788          0.002   52
1118.867   11557693.857          0.003   52
1374.961   16482903.770          0.004   60
 653.566    7380675.866          0.002   60
 855.636    9205741.157          0.002   60
 535.837    5932083.600          0.001   65
1086.185   11802828.351          0.003   65
1463.761   18090302.193          0.004  489
 903.370   10456370.508          0.002  489
1029.901   15723740.208          0.004  489
 566.908    6298893.682          0.001  489
 721.736    8114313.832          0.002  489
   0.000          0.000          0.000  449
   0.000          0.000          0.000  450
  44.386     482266.705          0.000  450
 108.972    1185545.734          0.000  450
 579.091    6183246.042          0.001  450
 378.512    4147443.986          0.001  450
1007.041   11356790.867          0.003  450
1345.941   18018667.998          0.004  450
1090.105   12840670.881          0.003   15
 544.053    6067676.185          0.001   15
 733.641    8274690.730          0.002   15
1107.860   11754450.237          0.003   15
 940.984    9072129.329          0.002   26
 641.671    6688105.497          0.001   26
 307.177    3527624.065          0.001   26
 878.686   10683969.127          0.002   26
 592.486    6522148.403          0.001   35
 276.001    3238393.222          0.001   35
 489.003    5596670.721          0.001   35
 823.951    9114810.989          0.002   35
 557.127    6312799.127          0.001   41
 330.412    3832538.718          0.001   41
 882.450   11614811.095          0.003   41
 564.151    6594990.706          0.001   47
 709.074    8473679.963          0.002   47
 861.273    9499213.986          0.002   52
 742.756    8181735.989          0.002   52
1219.255   15537543.069          0.003   52
1451.327   15189946.149          0.003   52
1105.242   15884549.755          0.004   60
 439.389    5075830.457          0.001   60
 990.720   12043023.927          0.003   60
 612.731    6781611.256          0.002   65
1223.333   14047920.458          0.003   65
1114.377   12307438.860          0.003  489
 611.264    6890950.337          0.002  489
 435.643    4860111.209          0.001  489
 263.849    2912659.729          0.001  489
 123.254    1351759.948          0.000  489
  51.788     566051.435          0.000  489
   0.000          0.000          0.000  489
   0.000          0.000          0.000  490
 320.287    3462450.258          0.001  450
 959.237   14789469.346          0.003  450
 898.314   11554392.448          0.003  450
 688.013    7547542.983          0.002  450
 501.998    5512852.803          0.001  450
 804.518    8861373.012          0.002  450
1417.761   17468995.080          0.004  450
 900.401   10010019.856          0.002   15
 775.710    8700171.108          0.002   15
1290.378   16319276.166          0.004   15
 971.096   10784399.018          0.002   26
 711.828    8061980.309          0.002   26
 359.444    4139983.546          0.001   26
 548.312    6228730.576          0.001   26
1121.005   13284930.963          0.003   26
 959.833   10150453.336          0.002   35
 562.158    6389082.638          0.001   35
 683.828    8315096.876          0.002   35
 683.581    7869318.317          0.002   35
 643.729    7336672.351          0.002   35
 966.007   10631827.407          0.002   35
1117.077   12670884.242          0.003   41
 643.225    7068708.373          0.002   41
 360.979    4195563.991          0.001   41
 666.864    6916482.653          0.002   41
1105.610   12998330.388          0.003   41
 856.253   10433006.621          0.002   47
 381.180    4496555.824          0.001   52
 411.129    4795172.924          0.001   52
 987.369   11312913.739          0.002   52
1314.590   14960449.468          0.003   52
1067.617   11503365.877          0.003   60
 846.794    9354604.776          0.002   60
 589.412    6794009.099          0.001   60
 980.153   11249197.847          0.002   60
 901.409    9750855.843          0.002   65
 796.494    8707108.211          0.002   65
1485.680   18708118.960          0.004  489
 908.678   10457586.301          0.002  489
 756.358    8569520.168          0.002  489
 855.641   12269685.148          0.003  489
 671.166    8349689.083          0.002  489
 519.885    5943291.623          0.001  489
 362.253    4576339.770          0.001  489
   0.000          0.000          0.000  535
   0.000          0.000          0.000  536
 562.685    5971937.561          0.001  536
 896.289    9709203.700          0.002  620
1012.141   13843027.720          0.003  620
1062.640   11630542.232          0.003  450
1211.964   13373368.008          0.003   15
 753.640    8370236.254          0.002   15
1269.000   14442741.995          0.003   15
1397.502   18816234.592          0.004   26
 870.125   10013108.358          0.002   26
 385.834    4450326.023          0.001   26
 907.590   11245926.169          0.002   26
1157.235   12904986.821          0.003   26
 929.716   10324845.851          0.002   35
 354.120    4188974.093          0.001   35
 886.001   11833759.281          0.003   35
1026.878   12080110.999          0.003   35
1005.544   10945598.113          0.002   35
 932.130   10552618.723          0.002   41
 410.640    4788428.514          0.001   41
1122.149   13755930.412          0.003   41
 699.150    8359334.258          0.002   47
 703.822    7645152.294          0.002   52
 480.806    5617046.439          0.001   52
1013.520   11084291.923          0.002   52
1413.622   16443402.106          0.004   52
1293.601   14899259.585          0.003   60
 761.564    8710431.374          0.002   60
 541.135    6293371.797          0.001   60
1115.354   13725484.992          0.003   60
1360.566   16372667.481          0.004   65
 995.053   10648049.987          0.002   65
1150.952   11929351.524          0.003   65
1387.379   18265526.796          0.004  489
 901.482   10267890.884          0.002  619
 708.654    7966949.953          0.002  619
 747.235    8242776.791          0.002  619
 541.587    7263170.255          0.002  619
   0.000          0.000          0.000  574
   0.000          0.000          0.000  575
 530.949    6440560.009          0.002  620
 542.315    5844575.739          0.001  620
 616.993    6786761.087          0.002  620
 767.586    8787327.465          0.002  620
1001.000   12262407.759          0.003  620
 890.894   10525225.819          0.002  620
1320.600   15499575.256          0.003  620
1124.373   12747604.392          0.003   15
 949.163   10257314.073          0.002   15
1329.701   15499004.121          0.003   15
1222.481   13589817.100          0.003   26
 664.370    7638792.613          0.002   26
 495.632    5727856.239          0.001   26
 563.299    6451577.345          0.001   26
 987.912   10484998.654          0.002   26
1339.682   16748997.527          0.004   35
 741.794    8752029.176          0.002   35
 470.816    5578979.540          0.001   35
 675.356    7799289.531          0.002   35
1006.398   11520439.681          0.003   35
1160.254   12271626.530          0.003   41
 455.603    5328503.663          0.001   41
 620.061    6973635.994          0.002   41
1238.220   17363954.863          0.004   41
 984.876   11767140.658          0.003   47
1258.315   19483848.731          0.004   47
 452.696    5369720.472          0.001   52
 540.920    6335801.981          0.001   52
 712.778    8175895.072          0.002   52
 878.306    9835417.937          0.002   52
1284.466   13365260.753          0.003   52
1254.540   13248102.261          0.003   60
1179.304   14083267.218          0.003   60
1049.585   14509127.369          0.003   60
 882.379   10123798.488          0.002   60
1290.289   14684541.519          0.003   60
1338.471   13512292.327          0.003   65
1163.359   13342289.865          0.003  619
 667.488    7632351.218          0.002  619
 468.454    5272834.010          0.001  619
 331.034    3694320.140          0.001  619
 191.680    2122013.406          0.000  619
  72.085     795057.088          0.000  619
   0.000          0.000          0.000  619
   0.000          0.000          0.000  620
 118.089    1310252.655          0.000  620
 246.643    2758901.112          0.001  620
 318.613    3583753.558          0.001  620
 453.570    5166084.945          0.001  620
 627.207    7286472.568          0.002  620
1125.652   13221977.338          0.003  620
1369.603   15768090.837          0.003   15
1237.084   12509108.112          0.003   15
1503.156   16531697.457          0.004   26
1170.706   13028150.698          0.003   26
 641.262    7404024.475          0.002   26
 464.840    5393842.128          0.001   26
1402.544   15729268.485          0.003   26
 843.585    9618091.757          0.002   35
 422.619    5043498.817          0.001   35
 583.186    6923388.998          0.001   35
1092.679   12752382.368          0.003   35
1489.437   20995881.550          0.005   35
 724.159    8162422.357          0.002   41
 522.018    6130253.059          0.001   41
1016.376   11245044.557          0.002   41
 859.436   10555150.298          0.002   47
1214.487   14985627.316          0.003   47
 848.920    9689459.129          0.002   52
 518.990    6185490.910          0.001   52
 652.922    7662974.536          0.002   52
1041.496   11765105.272          0.003   52
1457.901   17352467.414          0.004   60
1167.378   13106823.283          0.003   60
 643.715    7530096.710          0.002   60
1102.286   12198941.757          0.003   60
1277.166   13866829.073          0.003   60
1643.502   19063604.204          0.004   65
1311.534   16661789.113          0.004  619
 859.580   10011916.943          0.002  619
 847.241    9015462.224          0.002  619
 752.249    8032542.246          0.002  619
 561.939    6157793.165          0.001  619
 476.731    5132254.858          0.001  619
 314.273    3440005.764          0.001  661
   0.000          0.000          0.000  661
   0.000          0.000          0.000  662
 589.848    6628821.241          0.002  620
 516.332    5706794.699          0.001  620
 650.135    7397389.909          0.002  620
 651.106    7450395.637          0.002  620
 892.626   10184212.097          0.002  620
 892.798   10941270.657          0.002  620
1266.520   16511538.548          0.004  620
1641.217   17120366.511          0.004   15
1453.778   16821167.501          0.004   26
 810.121    9230356.004          0.002   26
1029.428   13302494.870          0.003   26
 516.935    6018504.472          0.001   26
 932.932   11160051.474          0.002   26
 898.356    9844634.178          0.002   26
1457.666   18926955.868          0.004   26
 962.828   10617932.051          0.002   35
 907.388   11117947.642          0.002   35
 731.528    8674725.469          0.002   35
1274.418   13828259.339          0.003   35
1276.673   12551705.485          0.003   41
 825.817    8975597.439          0.002   41
1372.439   16150713.773          0.003   41
 961.257   11971125.362          0.003   47
1006.420   12067595.047          0.003   52
1070.292   12931715.393          0.003   52
1420.238   16008400.121          0.003   60
 795.507    9291471.104          0.002   60
 783.728    9197575.616          0.002   60
1318.487   15544350.899          0.003   60
1659.756   17232801.468          0.004  995
1397.059   17171226.608          0.004  619
1158.749   15765940.212          0.003  784
 998.475   13049871.444          0.003  784
1002.674   15274527.844          0.003  784
 287.896    3053190.247          0.001  698
   0.000          0.000          0.000  698
   0.000          0.000          0.000  699
 239.324    2553975.983          0.001  699
 802.110   11383538.902          0.003  699
 854.429   11151973.600          0.003  829
 811.321    9749866.685          0.002  829
 815.542    9142141.431          0.002  829
1150.885   12549386.854          0.003  829
1557.709   19369146.814          0.004  829
1340.602   13378875.414          0.003   26
1144.400   13484476.101          0.003   26
 622.694    7304775.618          0.002   26
 987.460   12521134.566          0.003   26
1002.549   11152043.162          0.002   26
1471.834   19049834.684          0.004   26
1418.999   15254850.086          0.003   35
1096.770   12222763.646          0.003   35
 486.513    5852691.622          0.001   35
 923.867   11343363.501          0.002   35
1188.029   16114393.382          0.003   35
 845.144    9981571.291          0.002   35
1563.792   19038963.010          0.004   35
1188.574   15879249.655          0.003   41
 603.395    7109621.209          0.002   41
1208.966   15719891.977          0.003   41
1513.101   15572410.360          0.003   41
1153.048   14516916.461          0.003   47
1352.451   16471046.364          0.004   47
1201.097   14400664.132          0.003   52
 611.687    7320155.592          0.002   52
 867.005    9968791.623          0.002   52
1464.662   15084378.516          0.003   52
1013.850   11482997.625          0.002   60
1260.149   14359274.914          0.003   60
1075.515   11956092.347          0.003   60
1304.509   13167111.020          0.003  995
1330.029   15027497.536          0.003  995
1438.269   16608044.492          0.004  995
1148.886   15891151.748          0.003  784
 774.186    9546930.474          0.002  784
 629.861    7094107.597          0.002  784
 352.522    3878398.284          0.001  784
   0.000          0.000          0.000  740
   0.000          0.000          0.000  741
 207.753    2199036.705          0.001  741
 750.402    8134554.226          0.002  829
 442.759    4848002.765          0.001  829
 509.845    6001228.357          0.001  829
 841.050   11038067.906          0.002  829
 723.093    7499120.260          0.002  829
 551.140    6371465.195          0.001  829
 876.208    9999789.382          0.002  829
1220.687   13599578.552          0.003  829
1422.660   15084066.019          0.003   26
 992.580   11161530.431          0.002   26
 691.861    8151245.913          0.002   26
 635.284    7414071.945          0.002   26
1290.320   14188348.194          0.003   26
1353.318   16145314.782          0.003   35
 549.620    6662933.638          0.001   35
 567.915    6881093.027          0.001   35
 868.715   10179838.615          0.002   35
1253.511   14793457.050          0.003   35
1222.888   13627808.084          0.003   35
1138.751   12593908.263          0.003   41
 661.878    7806760.782          0.002   41
 846.783    9788699.413          0.002   41
1486.789   15828027.401          0.003   41
1341.843   16848481.654          0.004   47
1195.243   12211190.722          0.003   52
 773.518    9132372.518          0.002   52
 681.034    8167503.894          0.002   52
 777.794    9163197.900          0.002   52
1000.669   11347210.332          0.002   52
1498.211   15031874.200          0.003   60
1162.576   12801816.482          0.003   60
1549.018   17039346.257          0.004  995
1289.329   14126522.409          0.003  995
 903.011   10122572.511          0.002  995
 865.388    9211384.556          0.002  995
1171.325   12942677.633          0.003  995
 797.483    9856053.070          0.002  784
 581.385    6897868.157          0.002  784
 452.501    5263757.243          0.001  784
 263.035    2973729.891          0.001  784
 122.823    1370305.421          0.000  784
   0.000          0.000          0.000  784
   0.000          0.000          0.000  785
 608.448    6577899.338          0.002  829
 154.709    1751574.890          0.000  829
 225.605    2560713.552          0.001  829
 397.195    4549882.938          0.001  829
 485.470    5597432.275          0.001  829
 784.080    9039843.904          0.002  829
1452.895   15920660.737          0.003  829
1812.747   22221524.322          0.005  829
 953.849   10880896.582          0.002   26
 804.531    9527189.092          0.002   26
1038.342   12212199.058          0.003   26
 761.989    8855786.486          0.002   26
1238.116   14677401.820          0.003   35
 770.747    9246822.490          0.002   35
 601.069    7328571.789          0.002   35
 647.257    7882856.620          0.002   35
1005.283   11543831.894          0.002   35
1430.577   18051119.615          0.004   35
1605.685   17286382.520          0.004   35
1596.342   17344272.705          0.004   41
 996.204   10969504.524          0.002   41
 757.162    8902984.965          0.002   41
 877.405    9894156.117          0.002   41
1431.552   18912297.367          0.004   41
1702.538   20850335.880          0.004   47
1509.148   14502603.894          0.003   52
 872.312   10165262.725          0.002   52
 777.622    9235503.427          0.002   52
 910.673   11531016.936          0.002   52
1181.006   12470241.424          0.003   52
1515.805   15301755.901          0.003   52
1850.240   19701308.478          0.004   60
1573.822   18067859.090          0.004  995
1420.092   16697563.979          0.003  995
1075.221   12252308.780          0.003  995
 909.730   10494918.799          0.002  995
 675.352    7914177.298          0.002  995
 684.007    6697597.688          0.001  995
 864.446   11250360.038          0.003  784
 605.599    6923713.884          0.002  784
 659.266    7671150.029          0.002  784
 212.177    2271243.082          0.001  828
   0.000          0.000          0.000  828
   0.000          0.000          0.000  829
  74.976     847365.120          0.000  829
 565.428    5899940.516          0.001  829
 704.794    8987530.383          0.002  829
 299.558    3409174.162          0.001  829
 796.645   10804778.792          0.002  829
 952.169   10977937.490          0.002  829
 604.727    7043614.647          0.002  829
1136.512   14069998.111          0.003  829
1743.352   20515995.727          0.004  829
1579.914   15719199.781          0.003   26
1118.005   12662240.767          0.003   26
1301.229   16339966.176          0.003   26
1045.513   11383200.713          0.002   26
1256.670   14844970.017          0.003   35
 678.810    8326594.999          0.002   35
1084.103   13685213.386          0.003   35
 775.614    9414194.196          0.002   35
1346.064   14257758.856          0.003   35
1586.750   16444144.253          0.003   41
 862.263   10019181.308          0.002   41
1041.130   11271035.976          0.002   41
1352.253   13218269.065          0.003   41
1906.225   20515240.055          0.004   52
1269.559   13486012.582          0.003   52
1003.173   11364215.514          0.002   52
 926.760   10539928.634          0.002   52
1341.302   20788127.839          0.004   52
1319.454   13521432.742          0.003   52
1760.037   17035728.637          0.004   52
2104.071   20966246.954          0.004   60
1831.578   18281736.788          0.004   60
1791.581   20106069.914          0.004   60
1039.295   12053102.148          0.003  995
 943.629   10727844.613          0.002  995
 551.594    6500587.596          0.001  995
 467.233    5506041.558          0.001  995
 681.655    9617476.147          0.002  995
 479.947    5193778.665          0.001  995
 746.714    7666050.997          0.002  995
 836.786    9940435.510          0.002  828
 341.680    3550774.368          0.001  871
   0.000          0.000          0.000  871
   0.000          0.000          0.000  872
 705.164    8019709.951          0.002  829
 713.680    7865656.225          0.002  829
 475.018    5307825.730          0.001  829
 644.284    6861981.879          0.002  829
1069.230   14308473.340          0.003  829
 718.436    8426561.890          0.002  829
1121.840   12543512.930          0.003  829
1481.926   16162040.742          0.003  829
1395.644   14684354.004          0.003   26
1369.040   14896632.368          0.003   26
1381.587   17123116.511          0.004   26
 955.322   10737642.714          0.002   26
1386.794   17867354.764          0.004   35
 783.124    9611496.015          0.002   35
 760.176    9305049.171          0.002   35
1258.913   15768803.068          0.003   35
 947.347   11159693.938          0.002   35
1767.412   18872910.185          0.004   35
1356.069   14170591.568          0.003   41
 939.159   10774051.887          0.002   41
1393.007   13882759.041          0.003   41
1714.976   15791471.622          0.003   41
1429.088   13807110.006          0.003   52
1116.307   11857849.949          0.002   52
1489.837   16543452.717          0.003   52
1843.072   17272924.930          0.004   52
2206.314   23987725.543          0.005   52
1925.737   18614152.780          0.004  995
1681.609   16267708.686          0.003  995
1374.281   14610187.622          0.003  995
 872.933   10266772.028          0.002  995
 610.090    7268098.841          0.002  995
 438.088    5196201.104          0.001  995
 359.724    4239803.296          0.001  995
 287.253    3369817.323          0.001  995
 768.953    8227240.295          0.002  995
 749.877    8427822.199          0.002  955
 416.509    5034438.992          0.001  911
   0.000          0.000          0.000  911
   0.000          0.000          0.000  912
 377.136    4317200.036          0.001  912
 540.439    6273693.286          0.001  912
 947.243   11985771.724          0.003  912
 840.347    8496455.485          0.002  829
 666.698    7452397.835          0.002  829
1009.749   10271158.677          0.002  829
 926.505    9259549.234          0.002  829
1178.153   14194105.014          0.003  829
1122.975   12718505.173          0.003  829
1771.881   20561804.230          0.004  829
1853.527   20008684.049          0.004   26
1579.580   17122594.292          0.004   26
1048.157   11564903.449          0.002   26
1362.632   18668017.017          0.004   35
 845.861   10362798.745          0.002   35
1001.234   11538423.869          0.002   35
 937.074   11192465.337          0.002   35
1456.022   15214323.535          0.003   35
1139.134   12750447.883          0.003   35
1679.722   22275667.849          0.005   35
1159.516   12392597.757          0.003   41
1585.433   14931123.818          0.003   41
1843.664   20696939.476          0.004   41
2057.520   18359615.384          0.004   41
2026.522   20057998.688          0.004   52
1831.237   17338341.764          0.004   52
1562.207   17168217.791          0.003   52
1797.878   18216738.297          0.004   52
2182.952   19990043.972          0.004   52
2157.914   20784845.266          0.004  995
1686.578   15211432.563          0.003  995
1090.831   11568207.351          0.002  995
 796.951    9385780.893          0.002  995
 591.964    7092553.274          0.001  995
 535.487    6397036.424          0.001  995
 601.813    7046246.738          0.002  995
 769.897    8607860.399          0.002  995
 679.081    7837355.590          0.002  995
 202.661    2366936.467          0.001  995
 536.649    6132425.659          0.001  995
 539.314    6030844.254          0.001  995
 209.786    2240356.269          0.001  955
   0.000          0.000          0.000  955
   0.000          0.000          0.000  956
 364.553    4209474.024          0.001  956
 727.418    9046321.796          0.002  956
1165.965   16435276.367          0.004 1081
1296.146   12612965.989          0.003  829
1401.254   16735030.317          0.004  829
 924.275   10701855.321          0.002  829
1326.418   14252163.755          0.003  829
1801.576   19550847.505          0.004  829
1878.772   20389742.239          0.004   26
1841.779   21021232.026          0.004   26
1540.121   16578117.624          0.003   26
1202.911   13244612.271          0.003   35
1168.120   13033326.381          0.003   35
1189.944   13167946.669          0.003   35
1088.694   12554410.301          0.003   35
1594.828   18437561.544          0.004   35
1838.642   17338561.161          0.004   35
1698.492   18239052.904          0.004   35
1875.251   16858207.975          0.003   41
2053.140   20447370.729          0.004   41
2031.952   20560775.165          0.004 2147
2055.000   23279539.182          0.005 2147
1867.769   18275621.248          0.004 2147
1918.353   21902501.388          0.004   52
1882.394   18783305.328          0.004 2147
2230.316   23538525.659          0.005  995
1911.102   19723480.304          0.004  995
1484.590   15527974.949          0.003  995
 968.672   10925439.792          0.002  995
 670.216    8038438.554          0.002  995
1008.785   11025690.216          0.002  995
1037.639   11523515.618          0.002  995
 870.416    9283006.720          0.002  995
 695.833    8959770.365          0.002  995
 221.266    2571385.363          0.001  995
 133.949    1558663.955          0.000  995
  76.060     884104.089          0.000  995
  31.754     368946.687          0.000  995
   0.000          0.000          0.000  995
   0.000          0.000          0.000  996
 221.503    2349429.585          0.001  996
 691.580    7357693.059          0.002 1081
 788.598    8902788.394          0.002 1081
 884.154   11526488.509          0.003 1081
1290.340   16144863.891          0.003 1081
1048.568   13298071.931          0.003 1081
1219.152   13288137.291          0.003  829
1626.514   18986094.150          0.004 1336
1442.692   14136578.543          0.003 1336
1823.756   21053053.385          0.004 1336
1586.378   14931656.784          0.003   26
1861.109   18085437.517          0.004   35
1592.684   15903509.581          0.003   35
1461.507   15145345.396          0.003   35
1538.607   20217598.331          0.004   35
1317.389   14123138.790          0.003   35
1790.349   19024536.611          0.004   35
1928.208   19770761.993          0.004   41
2141.675   23085221.194          0.005   41
1832.476   18632051.484          0.004 2147
1757.830   21531246.988          0.004 2147
1236.325   13628527.332          0.003 2147
1593.306   16003617.584          0.003 2147
1751.929   17848948.649          0.004 2147
1779.250   16483929.386          0.003 2147
2141.612   23447217.741          0.005 2147
2031.899   22327327.170          0.005  995
1474.216   15052450.998          0.003  995
 987.323   10880650.132          0.002  995
1073.019   11798898.056          0.002  995
1122.223   13338209.678          0.003  995
1039.360   11989065.771          0.003  995
 932.694   10745299.240          0.002  995
 392.962    4597762.293          0.001  995
 333.947    3896106.949          0.001  995
 604.880    6342920.593          0.001  995
 628.187    9831714.637          0.002  995
 397.292    4318702.626          0.001  995
 514.660    6050289.616          0.001  995
   0.000          0.000          0.000 1036
   0.000          0.000          0.000 1037
 430.342    4514233.320          0.001 1081
 720.645    8647649.724          0.002 1081
 558.069    6486610.918          0.001 1081
 675.611    8353751.040          0.002 1081
 934.461   11674958.306          0.003 1081
 904.502   11416319.106          0.002 1081
1377.725   18285254.803          0.004 1081
1432.835   15217868.434          0.003 1336
1371.817   14807830.022          0.003 1336
1093.033   11966964.526          0.002 1336
1678.008   17797155.302          0.004 1336
1931.358   18274129.366          0.004   26
2099.059   21379891.893          0.004   26
1890.542   18442499.118          0.004   35
1887.917   18538781.900          0.004   35
1916.931   21410129.729          0.004   35
1923.091   17771002.879          0.004   35
1828.361   20508864.114          0.004 2142
1630.112   16134663.752          0.003 2142
1724.885   19596490.800          0.004 2142
2082.274   23914356.731          0.005 2142
2135.563   23296938.119          0.005 2142
1764.421   18031879.946          0.004 2147
1461.040   15377994.541          0.003 2147
1351.271   15828765.074          0.003 2147
1065.307   12426345.964          0.002 2147
1486.536   17310793.125          0.003 2147
 997.696   11804176.903          0.002 2147
1702.241   17605449.478          0.004 2147
1814.512   17872951.362          0.004 2147
2009.267   22327200.330          0.004 2147
1589.142   15250392.267          0.003  995
1318.761   13053511.352          0.003  995
1310.946   13818687.051          0.003  995
 860.959   10089329.497          0.002  995
 606.581    7177041.267          0.002  995
 524.782    6184096.750          0.001  995
 830.825    9237533.169          0.002  995
 975.484   12534291.890          0.003  995
 845.010   10640739.035          0.002 1126
 599.112    6975736.928          0.002 1126
 439.950    4859916.855          0.001 1126
   0.000          0.000          0.000 1080
   0.000          0.000          0.000 1081
 101.032    1144708.955          0.000 1081
 188.519    2151823.646          0.000 1081
 372.424    4349112.482          0.001 1081
 473.886    5619043.132          0.001 1081
 673.246    8146753.439          0.002 1081
 752.299    9337518.682          0.002 1081
1014.551   13197209.616          0.003 1081
1293.950   13240179.664          0.003 1336
1177.358   14719235.995          0.003 1336
 980.733   10883091.159          0.002 1336
 957.324   10883444.076          0.002 1336
1388.960   13930004.987          0.003 1336
1685.924   17260307.098          0.004 1336
2073.637   23798513.771          0.005 1336
2132.938   20376568.597          0.004 2125
2177.310   24501144.153          0.005 2125
1855.742   18117528.345          0.004 2125
2016.893   22059327.658          0.004 2142
1668.652   17920669.200          0.004 2142
1163.238   13221361.009          0.003 2142
1559.874   16237722.189          0.003 2142
1730.879   17567491.268          0.003 2142
1881.950   19372358.392          0.004 2147
1659.235   18072764.345          0.004 2147
1207.939   13314233.540          0.003 2147
1056.483   12346084.802          0.002 2147
 808.403   10359161.143          0.002 2147
1304.712   17412561.028          0.003 2147
 868.946   10639204.248          0.002 2147
1349.227   14373051.015          0.003 2147
1526.924   15327653.548          0.003 2147
1974.672   21294905.809          0.004 2147
2067.748   20147907.895          0.004  995
1783.942   17036259.880          0.003  995
1738.348   19506797.778          0.004  995
1060.279   12214141.806          0.003  995
 928.477   10573576.957          0.002  995
 915.865   10528656.122          0.002  995
 661.789    7691641.629          0.002  995
1042.017   17289027.490          0.004 1126
 771.546   10397013.502          0.002 1126
 499.945    5952979.678          0.001 1126
 317.122    3630886.118          0.001 1126
 142.857    1588498.884          0.000 1126
   0.000          0.000          0.000 1126
   0.000          0.000          0.000 1127
 573.964    7198638.713          0.002 1081
 482.515    5254946.206          0.001 1081
 311.271    3603832.631          0.001 1081
 462.077    5464517.848          0.001 1081
 530.722    6337093.248          0.001 1081
 604.479    7297179.783          0.002 1081
1152.673   14969742.073          0.003 1081
1217.243   16251709.942          0.003 1336
 853.257    9690934.358          0.002 1336
 753.239    8933129.680          0.002 1336
1246.181   13986101.984          0.003 1336
1965.725   22286124.161          0.004 1336
1777.519   17949434.285          0.004 2125
1642.873   15929617.114          0.003 2125
2030.935   18735660.699          0.004 2125
1842.576   19195658.231          0.004 2125
1431.782   14195642.753          0.003 2125
1438.220   14506635.021          0.003 2125
1861.894   22285015.048          0.004 2142
1652.468   18354273.445          0.004 2142
1215.737   13650840.538          0.003 2142
1036.440   12389974.790          0.003 2142
1338.479   14624594.054          0.003 2142
1540.459   16389786.508          0.003 2147
1238.754   14120577.323          0.003 2147
 810.136   10129093.906          0.002 2147
 718.109    9237567.134          0.002 2147
1363.770   20420143.229          0.004 2147
1340.831   16665344.145          0.003 2147
 976.426   11476542.073          0.002 2147
1511.679   15539114.253          0.003 2147
2033.879   21570950.049          0.004 2161
1991.831   21871384.523          0.005  995
1645.849   17578140.807          0.004  995
1431.742   15455237.651          0.003  995
1237.890   13630296.631          0.003  995
 855.456    9450033.029          0.002  995
1189.363   15372500.339          0.003 1126
 766.076    9582124.102          0.002 1126
 724.916    8709992.384          0.002 1126
 750.104    9295600.396          0.002 1126
   0.000          0.000          0.000 1169
   0.000          0.000          0.000 1170
 338.423    3799829.223          0.001 1170
 599.001    6942123.754          0.002 1170
 733.094    8451564.256          0.002 1081
 615.872    6962272.636          0.002 1081
 846.490   10217249.994          0.002 1081
1000.264   12297962.085          0.003 1081
1079.511   12231224.164          0.003 1336
 625.096    7436531.476          0.002 1336
 999.276   12106764.136          0.003 1336
1355.357   15403917.038          0.003 1336
1665.593   18857202.237          0.004 2125
1065.071   12343884.975          0.003 2125
1726.332   20796964.242          0.004 2125
1464.154   15554586.747          0.003 2125
1029.628   11888544.069          0.002 2125
1471.615   15454492.581          0.003 2125
1275.654   14585815.992          0.003 2142
 902.411   11120619.710          0.002 2142
 869.499   10818017.127          0.002 2142
1341.635   17090993.451          0.003 2142
1570.887   17677346.235          0.004 2147
 896.918   11025141.202          0.002 2147
 667.219    8547313.181          0.002 2147
 951.998   11205306.861          0.002 2147
1264.020   16540447.774          0.003 2147
 704.959    8879163.566          0.002 2147
1367.508   19502049.128          0.004 2147
1365.465   14751605.840          0.003 2147
1642.390   15476949.591          0.003 2161
1660.961   17048044.537          0.004 2161
1827.355   19283259.717          0.004  995
1490.474   17112167.205          0.004  995
1301.260   13461976.757          0.003  995
1129.236   15493783.015          0.003 1126
 870.114   12375437.586          0.003 1209
 538.049    6563511.420          0.001 1209
 284.148    3221569.103          0.001 1209
 108.357    1191344.284          0.000 1209
   0.000          0.000          0.000 1209
   0.000          0.000          0.000 1210
 589.444    8403431.933          0.002 1210
 784.375    9607478.762          0.002 1170
 689.809    7093156.799          0.002 1336
 674.344    7603537.877          0.002 1336
 692.981    7918024.109          0.002 1336
 687.885    7973231.726          0.002 1336
 550.564    6522538.501          0.001 1336
 632.387    7498067.443          0.002 1336
1312.006   14888168.818          0.003 1336
1793.571   21691145.349          0.005 1336
1330.732   14090149.846          0.003 2125
1349.744   15991928.217          0.003 2125
1609.669   20275100.124          0.004 2125
1181.171   13725524.996          0.003 2125
 903.343   10847242.435          0.002 2125
1102.669   12872576.911          0.003 2125
1562.675   18345334.042          0.004 2125
1478.338   15686201.025          0.003 2142
 988.886   12012781.449          0.002 2142
 766.967    9600155.893          0.002 2142
1364.609   17288418.176          0.004 2142
1399.261   15466761.932          0.003 2147
1196.524   15967541.539          0.003 2147
 632.674    8053712.938          0.002 2147
 609.156    7749868.991          0.002 2147
 916.724   11208092.404          0.002 2147
1117.893   15798699.389          0.003 2147
 654.315    8226781.928          0.002 2147
 840.821   10203492.773          0.002 2147
1404.077   15661769.118          0.003 2147
1730.863   17104314.022          0.004 2161
1293.711   13536334.503          0.003 2161
1523.417   15105351.505          0.003 2161
1615.251   16355770.346          0.003 1379
1654.782   18554534.036          0.004 1379
1448.374   16520982.988          0.004 1379
 969.163   10426785.985          0.002 1379
 791.029    8291201.151          0.002 1379
 902.347   12436870.035          0.003 1209
 611.117    7585354.303          0.002 1209
 577.152    6709816.517          0.002 1209
 338.046    3698071.573          0.001 1209
   0.000          0.000          0.000 1253
   0.000          0.000          0.000 1254
 622.976    6742842.756          0.002 1336
 398.377    4350204.857          0.001 1336
 505.476    5507185.825          0.001 1336
 649.462    7216047.430          0.002 1336
 345.554    4031683.440          0.001 1336
 372.428    4355097.931          0.001 1336
 457.601    5385994.790          0.001 1336
 963.534   11331689.801          0.002 1336
 784.087    9180657.096          0.002 1336
1208.246   12966393.046          0.003 1336
1467.978   17953953.886          0.004 2125
 840.033   10285052.267          0.002 2125
1428.956   17949852.845          0.004 2125
 935.205   11399864.171          0.002 2125
 801.775    9785921.778          0.002 2125
1376.384   15230459.255          0.003 2125
1303.165   14836391.481          0.003 2142
 779.182    9736136.537          0.002 2142
 697.991    8689586.985          0.002 2142
1020.536   12140497.231          0.002 2142
1272.287   15083900.740          0.003 2142
1589.333   18801522.953          0.004 2142
1440.995   16254255.428          0.003 2147
 952.912   11399230.927          0.002 2147
 538.507    6782869.582          0.001 2147
 923.658   11163814.310          0.002 2147
 687.723    8573362.519          0.002 2147
1115.550   12368460.524          0.003 2147
1464.230   17143668.329          0.004 2147
1499.226   17212754.719          0.004 2161
 902.185   10530072.505          0.002 2161
1540.878   16086829.105          0.003 1379
1064.462   11632921.725          0.002 1379
 984.016   10912739.313          0.002 1379
 654.879    7533689.220          0.002 1379
 621.291    6844589.382          0.001 1379
 924.481    9522106.085          0.002 1379
 595.675    7852941.429          0.002 1293
   0.000          0.000          0.000 1293
   0.000          0.000          0.000 1294
 216.008    2255447.786          0.001 1294
 151.298    1740314.313          0.000 1336
 216.770    2502844.758          0.001 1336
 283.494    3287750.071          0.001 1336
 601.041    6849506.756          0.001 1336
1039.647   12001144.338          0.003 1336
 645.074    7513981.240          0.002 1336
1083.295   12055720.297          0.003 1336
1231.905   12625988.263          0.003 1336
1299.800   15084519.528          0.003 2125
1023.913   12131654.988          0.003 2125
 743.972    9145968.851          0.002 2125
1187.529   15050348.203          0.003 2125
 805.963    9920463.706          0.002 2125
1056.326   13095186.670          0.003 2125
 947.470   11867249.855          0.002 2142
 807.536    9956053.346          0.002 2142
1000.069   12102289.054          0.003 2142
1525.536   19550419.095          0.004 2142
1436.257   17084882.186          0.004 2147
 903.827   10679226.020          0.002 2147
 511.983    6423054.057          0.001 2147
 741.618    8965929.846          0.002 2147
 738.872    9324456.118          0.002 2147
 567.007    7086288.809          0.001 2147
 926.559   11319332.626          0.002 2147
1519.857   19666777.610          0.004 2147
1519.399   15703753.264          0.003 2161
1000.316   11089966.038          0.002 2161
 809.655    9551557.762          0.002 2161
1369.563   15729967.041          0.003 2161
1712.424   20162565.333          0.004 1379
1038.825   11454273.686          0.002 1379
 692.419    7981024.472          0.002 1379
 552.223    6360771.017          0.001 1379
 430.049    4924356.401          0.001 1379
 536.049    5739088.319          0.001 1379
 436.064    4682252.894          0.001 1379
 482.394    5145129.992          0.001 1379
 602.727    8309999.796          0.002 1379
   0.000          0.000          0.000 1335
   0.000          0.000          0.000 1336
  64.178     735053.476          0.000 1336
  85.187     976413.806          0.000 1336
 425.732    4595066.851          0.001 1336
 342.019    3837523.591          0.001 1336
 571.414    6343750.904          0.001 1336
 377.831    4340851.246          0.001 1336
 651.937    7484750.681          0.002 1336
 956.940   10381929.985          0.002 1336
 909.553   10173155.514          0.002 1336
1418.810   15733250.016          0.003 2125
 831.806   10033401.988          0.002 2125
1007.376   12188458.179          0.003 2125
1269.796   15051222.751          0.003 2125
 690.292    8488798.862          0.002 2125
 641.090    7885868.861          0.002 2125
1050.467   12001446.327          0.002 2125
1515.384   16312322.100          0.003 2125
1084.983   11564809.756          0.002 2142
 836.523    9717652.221          0.002 2142
 643.463    7914218.301          0.002 2142
 950.043   11398929.303          0.002 2142
1455.249   17962308.591          0.004 2142
1340.979   15583182.327          0.003 2147
 928.079   10953342.487          0.002 2147
 466.568    5812664.456          0.001 2147
 608.304    7568783.629          0.002 2147
1089.959   12595707.482          0.003 2147
1556.628   19002685.345          0.004 2147
1671.977   18470166.664          0.004 2161
1326.173   16654029.378          0.003 2161
 741.082    8764836.781          0.002 2161
1106.478   13127449.827          0.003 2161
1516.534   16436030.988          0.003 2161
1345.098   14198939.112          0.003 1379
 797.356    9115603.056          0.002 1379
1067.439   13236979.915          0.003 1379
 770.466    8999252.105          0.002 1379
 349.123    3980252.682          0.001 1379
 281.580    3202031.131          0.001 1379
 201.219    2281027.469          0.001 1379
 123.983    1400728.322          0.000 1379
  48.134     542278.781          0.000 1379
   0.000          0.000          0.000 1379
   0.000          0.000          0.000 1380
 374.272    3875990.526          0.001 1336
 759.373   11347357.599          0.003 1336
 889.590   11170085.354          0.003 1336
 806.096    7817769.584          0.002 1336
 659.133    7266825.425          0.002 1336
 531.999    6019383.180          0.001 1336
 916.054   10454406.087          0.002 1336
1206.315   12719009.746          0.003 1336
1532.816   16457543.123          0.004 1336
1675.035   23493133.367          0.005 2125
1104.897   12465845.754          0.003 2125
 618.767    7569627.056          0.002 2125
1168.747   14648266.075          0.003 2125
 930.207   10722013.612          0.002 2125
1008.820   12547609.957          0.003 2125
1270.843   14158814.211          0.003 2125
1566.308   17980325.349          0.004 2142
1232.969   12736152.447          0.003 2142
 872.873   10323607.946          0.002 2142
 561.382    6875971.522          0.001 2142
 709.124    8515646.177          0.002 2142
 935.275   10507814.433          0.002 2142
1515.347   17742713.615          0.004 2142
1388.278   17340742.448          0.004 2147
 889.384   11879074.422          0.002 2147
 823.852    9618547.231          0.002 2147
 790.012    9441120.274          0.002 2147
 960.813   12408111.612          0.003 2147
1289.665   17762817.491          0.004 2147
1665.749   21031880.504          0.004 2161
1072.800   11430175.380          0.002 2161
 665.215    7869767.587          0.002 2161
 937.242   10510552.746          0.002 2161
1603.185   18430480.985          0.004 2161
1240.377   12633551.484          0.003 1379
1154.158   12648481.909          0.003 1379
 616.244    6958911.877          0.002 1379
 586.666    6452610.139          0.001 1379
 455.871    4532985.004          0.001 1379
 548.081    6758740.355          0.002 1379
   0.000          0.000          0.000 1421
   0.000          0.000          0.000 1422
 691.298    8251299.805          0.002 1464
 719.778    8138653.276          0.002 1464
 861.287   10450036.259          0.002 1464
1002.262   11099165.841          0.002 1336
 731.527    8026535.055          0.002 1336
1314.505   14241759.255          0.003 1336
1500.713   15153576.809          0.003 2117
1567.360   16955908.123          0.004 2117
1164.145   12826907.792          0.003 2125
 810.077    9499467.583          0.002 2125
 536.722    6520547.628          0.001 2125
 965.635   12509827.555          0.003 2125
 654.214    7797781.260          0.002 2125
 532.772    6484078.542          0.001 2125
 891.818   10060613.714          0.002 2125
1426.894   16339441.185          0.003 2125
1330.274   16088819.378          0.003 2142
1036.216   13334597.402          0.003 2142
 506.338    6161101.603          0.001 2142
 783.558    9221313.938          0.002 2142
1166.807   12930393.230          0.003 2142
1413.684   14532612.845          0.003 2147
1222.056   12490839.619          0.003 2147
 635.240    7634456.468          0.002 2147
 406.156    5013134.621          0.001 2147
 798.137    9995786.088          0.002 2147
 429.839    5289562.971          0.001 2147
 560.053    6796374.510          0.001 2147
 996.353   10448427.101          0.002 2147
1558.479   21959242.843          0.005 2161
1232.421   13820439.037          0.003 2161
 597.008    7053980.712          0.001 2161
1186.129   13181964.202          0.003 2161
1644.598   21516014.010          0.005 2161
1493.679   15885541.829          0.003 1379
1112.137   11713872.049          0.003 1379
 918.414   10331466.798          0.002 1379
 925.911   11342196.202          0.003 1587
 755.007    8405281.499          0.002 1379
 730.112   11365498.550          0.003 1463
   0.000          0.000          0.000 1463
   0.000          0.000          0.000 1464
 197.301    2186799.644          0.001 1464
 399.681    4526018.307          0.001 1464
 606.518    7075647.418          0.002 1464
 924.692   11495760.589          0.003 1464
1265.081   15333119.980          0.003 1336
 983.977   10010393.035          0.002 1336
1260.608   12903944.124          0.003 1336
1571.216   18103609.562          0.004 2117
1067.443   11838759.663          0.003 2117
1407.672   16763282.993          0.004 2117
1169.224   12897802.325          0.003 2125
 855.995    9971056.407          0.002 2125
 459.536    5545269.773          0.001 2125
 445.856    5377264.340          0.001 2125
 731.678    8638134.548          0.002 2125
1061.213   13236305.474          0.003 2142
1252.986   16120586.221          0.003 2142
1025.333   13395620.094          0.003 2142
 661.215    7872982.570          0.002 2142
1200.227   13886507.044          0.003 2142
 827.890    9174680.005          0.002 2147
 459.533    5576248.062          0.001 2147
 530.501    6409813.293          0.001 2147
 354.432    4327633.986          0.001 2147
 881.389   10649729.190          0.002 2147
 963.153    9990593.585          0.002 2147
1424.874   17756171.588          0.004 2161
1194.764   15606128.236          0.003 2161
 974.788   11263329.047          0.002 2161
 564.279    6661080.291          0.001 2161
1109.047   13884152.518          0.003 2161
1225.282   13837706.701          0.003 2161
1410.339   15712666.466          0.003 2161
1468.413   18241082.338          0.004 1587
1166.363   15316860.040          0.003 1587
1123.877   14235866.359          0.003 1587
 759.251    8469678.645          0.002 1587
 796.779    9905429.981          0.002 1587
 800.507   12569260.230          0.003 1505
 201.262    2201045.527          0.001 1505
   0.000          0.000          0.000 1505
   0.000          0.000          0.000 1506
 535.718    5935917.480          0.001 1547
 710.981    9805205.649          0.002 1547
 956.711   11981196.906          0.003 1464
 986.826   10978394.135          0.002 1547
1019.371   12167043.123          0.003 1547
1481.885   17646211.421          0.004 1336
1306.150   13817481.592          0.003 2117
1253.280   14539301.350          0.003 2117
 843.909    9580143.481          0.002 2117
1165.079   12524773.167          0.003 2117
1312.229   14756331.906          0.003 2125
 786.819    9042818.013          0.002 2125
 387.315    4645319.424          0.001 2125
 587.433    6935274.263          0.001 2125
1138.953   14206666.491          0.003 2125
1289.114   15330436.183          0.003 2125
1255.943   15113452.641          0.003 2142
 821.533   10015119.727          0.002 2142
 703.289    8495458.565          0.002 2142
 443.864    5363299.833          0.001 2142
 789.707    9130885.034          0.002 2142
1246.911   15576692.653          0.003 2142
1156.265   13278104.122          0.003 2147
1017.174   11157519.121          0.002 2147
 339.957    4152151.125          0.001 2147
 699.073    8282320.394          0.002 2147
1119.534   12789413.009          0.003 2147
 972.660   11518886.825          0.003 2161
 686.441    7941575.917          0.002 2161
 733.944    8748022.762          0.002 2161
1063.845   12190694.244          0.003 2161
1143.176   12357640.480          0.003 2161
1417.527   16014474.565          0.004 1587
1051.624   12121585.106          0.003 1587
 911.262   10458318.938          0.002 1587
 630.764    7151362.213          0.002 1587
 415.727    4626521.455          0.001 1587
 570.100    6408101.551          0.001 1587
 327.915    3149706.475          0.001 1546
   0.000          0.000          0.000 1546
   0.000          0.000          0.000 1547
 110.517    1213143.467          0.000 1547
 476.558    5191329.762          0.001 1547
 840.600   10406612.220          0.002 1547
 585.795    6624070.438          0.001 1547
 762.506    8807711.802          0.002 1547
1046.626   12082582.617          0.003 1547
1496.887   18532273.002          0.004 1547
 993.651   10874979.756          0.002 2117
1019.985   11820269.059          0.003 2117
 732.082    8293335.410          0.002 2117
 874.020    9764582.623          0.002 2117
1489.225   21463353.871          0.005 2117
1158.542   13371897.959          0.003 2125
 387.979    4651845.192          0.001 2125
 604.298    7042990.618          0.002 2125
 997.221   11217608.622          0.002 2125
1073.116   11397742.779          0.002 2125
1345.826   15867566.617          0.003 2125
1001.931   11561158.811          0.003 2142
 671.702    8097235.396          0.002 2142
 411.904    4960467.529          0.001 2142
 886.863   10588358.346          0.002 2142
1315.365   16882754.146          0.004 2147
 756.882    8918787.785          0.002 2147
 799.996    9409136.633          0.002 2147
 284.174    3443750.466          0.001 2147
 948.691   13356627.628          0.003 2147
1212.372   13971720.661          0.003 2147
1358.975   16954664.375          0.004 2153
1192.652   13996268.428          0.003 2161
 811.923    9763073.403          0.002 2161
 467.327    5496274.504          0.001 2161
 799.290    9133621.008          0.002 2161
1321.396   14965663.805          0.003 1587
1050.450   12093965.794          0.003 1587
 547.206    6060669.454          0.001 1587
 304.146    3355242.449          0.001 1587
 161.456    1773424.842          0.000 1587
  46.663     512421.417          0.000 1587
   0.000          0.000          0.000 1587
   0.000          0.000          0.000 1588
 276.174    2937631.143          0.001 1547
 234.741    2588793.933          0.001 1547
 364.959    4036477.722          0.001 1547
 652.365    7352227.824          0.002 1547
1038.307   11964465.117          0.003 1547
1282.883   15881113.806          0.004 2117
 719.169    8018025.287          0.002 2117
 730.281    8344466.697          0.002 2117
 622.217    7024149.580          0.002 2117
1098.132   12891028.283          0.003 2117
 688.417    8079119.119          0.002 2125
 321.523    3831204.800          0.001 2125
 738.559    8406928.207          0.002 2125
 752.581    8433531.385          0.002 2125
1411.328   15143615.938          0.003 2125
1004.041   11417447.670          0.002 2142
 668.719    7918324.132          0.002 2142
 596.669    7048571.775          0.002 2142
 820.551    9642828.181          0.002 2142
1191.794   13459583.144          0.003 2147
 642.697    7504878.084          0.002 2147
1033.819   11625632.752          0.003 2147
 670.204    7608181.575          0.002 2147
 904.002    9781889.827          0.002 2147
1170.011   14212860.713          0.003 2153
1284.053   15490624.593          0.003 2161
 645.322    7560348.788          0.002 2161
 968.176   11827856.578          0.003 2161
 939.175   13136734.343          0.003 2161
 392.263    4594466.739          0.001 2161
 568.873    6451987.196          0.001 2161
 595.002    6857048.212          0.001 2161
1111.449   12425059.952          0.003 2161
1241.167   13930126.770          0.003 2170
1065.210   11631752.984          0.003 1587
 739.153    8204161.789          0.002 1587
 678.962    7462787.051          0.002 1587
 610.654    6347506.374          0.001 1587
 555.839    6390908.974          0.002 1587
   0.000          0.000          0.000 1628
   0.000          0.000          0.000 1629
 478.232    5462913.182          0.001 1629
 721.906   10555045.884          0.002 1547
 740.474    7852707.489          0.002 1547
 504.444    5538860.861          0.001 1547
 902.145    9826634.735          0.002 1547
1423.763   18514112.586          0.004 1547
1179.305   12637705.585          0.003 2117
 635.749    7090333.507          0.002 2117
 600.992    6804990.932          0.002 2117
 520.071    5850029.382          0.001 2117
 614.015    6891194.782          0.002 2117
1199.737   13683128.605          0.003 2117
 648.276    7504225.330          0.002 2125
 449.396    5276365.208          0.001 2125
 394.080    4613451.762          0.001 2125
 471.561    5490564.052          0.001 2125
 952.017   10008972.047          0.002 2125
1081.132   12064092.178          0.003 2142
 506.340    6016288.682          0.001 2142
 351.737    4207682.477          0.001 2142
 643.835    7041667.976          0.002 2142
1109.731   12441711.421          0.003 2142
 699.532    7877621.154          0.002 2147
 493.681    5707987.220          0.001 2147
 832.753   10391456.869          0.002 2147
 239.770    2890045.446          0.001 2147
 610.124    7043835.809          0.002 2147
1032.265   10776533.802          0.002 2147
 902.125   10551995.753          0.002 2153
1100.301   14747039.182          0.003 2161
 533.070    6191409.261          0.001 2161
 752.959    8137164.467          0.002 2161
 339.562    3963589.798          0.001 2161
 472.423    5431466.847          0.001 2161
 862.266    9736375.458          0.002 2161
1332.541   14895619.701          0.003 2170
1229.378   17406970.637          0.004 2170
 837.340    9400690.264          0.002 2170
1163.193   13332239.985          0.003 2170
1143.722   12229139.911          0.003 1587
1015.472   12094534.421          0.003 1719
 836.796    9756067.056          0.002 1719
 749.038   11142369.779          0.003 1587
 389.613    4107736.154          0.001 1674
   0.000          0.000          0.000 1674
   0.000          0.000          0.000 1675
 146.610    1600463.247          0.000 1675
 443.154    5282861.650          0.001 1675
 922.312   14437570.477          0.003 1547
 785.893    8095987.111          0.002 1547
1085.429   13619221.379          0.003 1547
1580.202   25922332.566          0.006 2109
1182.833   12562421.886          0.003 2117
 506.829    5659239.619          0.001 2117
 425.882    4779161.638          0.001 2117
 956.884   13915423.889          0.003 2117
1175.683   12941420.938          0.003 2117
 991.927   10949035.976          0.002 2125
 561.940    6353990.261          0.001 2125
 268.792    3185441.117          0.001 2125
 827.043   11650738.935          0.003 2125
 963.458   10257928.422          0.002 2125
1461.471   15862388.485          0.003 2125
1255.516   13140306.440          0.003 2135
 906.621   10263307.270          0.002 2142
 768.341    8618114.594          0.002 2142
 402.856    4768569.092          0.001 2142
 300.684    3574129.401          0.001 2142
1004.141   11874565.531          0.003 2142
 895.488   12927963.794          0.003 2147
 372.971    4307875.626          0.001 2147
 413.539    4770733.024          0.001 2147
 492.977    5561198.165          0.001 2147
1197.228   13008850.462          0.003 2147
 992.491   11397095.214          0.003 2153
1029.026   11578756.734          0.003 2153
 723.927    8072447.458          0.002 2161
 447.793    5175702.926          0.001 2161
 750.191   10322958.466          0.002 2161
 401.094    4610836.785          0.001 2161
 702.695    7963266.676          0.002 2161
1156.011   13535113.004          0.003 2161
 978.727   10792733.307          0.002 2170
 656.112    7311372.052          0.002 2170
1261.527   14648807.566          0.003 2170
1359.155   16291282.720          0.004 2170
1076.104   11298714.634          0.003 1799
 518.191    5794122.978          0.001 1719
 256.389    2798117.033          0.001 1719
   0.000          0.000          0.000 1719
   0.000          0.000          0.000 1720
 710.156    8016331.237          0.002 1758
 825.027   10952023.040          0.003 1675
1219.659   12296490.177          0.003 1547
1028.699   10752620.801          0.002 2109
1248.103   15548651.537          0.004 2109
1354.791   17465203.914          0.004 2117
 973.067   13082424.994          0.003 2117
 370.578    4141957.101          0.001 2117
 377.755    4232661.454          0.001 2117
 791.293    8684424.138          0.002 2117
1085.795   14145230.404          0.003 2125
 504.424    5690695.539          0.001 2125
 557.440    6068859.244          0.001 2125
1028.544   13411172.225          0.003 2129
1097.954   12446231.783          0.003 2129
1284.844   16599361.085          0.004 2135
 712.623    8297630.465          0.002 2142
 274.448    3251967.970          0.001 2142
 635.025    7336807.445          0.002 2142
 762.580    7827549.997          0.002 2147
 288.536    3341679.035          0.001 2147
 200.679    2406711.199          0.001 2147
 779.812    9253051.281          0.002 2147
1165.371   17519299.795          0.004 2153
 634.786    7148543.713          0.002 2153
1124.548   13653039.747          0.003 2161
 355.380    4096226.912          0.001 2161
 268.680    3116833.010          0.001 2161
 328.595    3778371.875          0.001 2161
1060.282   13274408.017          0.003 2161
1286.943   15972213.890          0.004 2170
 695.127    7674325.388          0.002 2170
1026.623   12193108.701          0.003 2170
1281.818   15809739.640          0.004 2170
1195.179   14409788.388          0.003 1799
 639.406    6745754.585          0.002 1799
   0.000          0.000          0.000 1757
   0.000          0.000          0.000 1758
 208.725    2208901.674          0.001 1758
 753.957    8038881.575          0.002 1758
1203.333   14969389.555          0.003 2109
1244.677   15363440.712          0.004 2109
 799.530    8460977.520          0.002 2109
 944.230   10971908.424          0.002 2109
 781.065    8463461.359          0.002 2117
 835.954   12298325.463          0.003 2117
 304.743    3406665.079          0.001 2117
 857.415   10253073.775          0.002 2117
 908.808   10194624.788          0.002 2125
 336.578    3844634.989          0.001 2125
 216.515    2555928.582          0.001 2125
 790.661    9023996.303          0.002 2125
 847.302   10450216.565          0.002 2129
 941.995   10677929.992          0.002 2129
 838.060    9029056.621          0.002 2135
1099.248   11199141.027          0.003 2135
 789.314    9333861.606          0.002 2142
 246.406    2912458.290          0.001 2142
 560.700    6178552.176          0.001 2147
 224.252    2617471.310          0.001 2147
 176.978    2116270.173          0.000 2147
 334.989    3823079.214          0.001 2147
 977.069    9401889.102          0.002 2147
1051.435   11969895.375          0.003 2153
 544.406    6087063.543          0.001 2153
1007.736   11719315.299          0.003 2153
 851.951    8773868.458          0.002 2161
 668.994    7020680.389          0.002 2161
 219.576    2531290.032          0.001 2161
 665.196    7353485.207          0.002 2161
 897.893    9879661.373          0.002 2170
 443.481    4890471.072          0.001 2170
 975.535   10899280.615          0.002 2170
 734.637    7982581.352          0.002 2170
 790.039    8371838.008          0.002 1799
 539.316    5706497.157          0.001 1799
 352.346    3726200.144          0.001 1799
 185.060    1947751.235          0.000 1799
   0.000          0.000          0.000 1799
   0.000          0.000          0.000 1800
 483.505    5155070.423          0.001 1758
1141.649   13432383.922          0.003 1758
 981.213   12427020.874          0.003 2109
 669.759    7533538.036          0.002 2109
1104.178   12277608.157          0.003 2117
 534.058    5871088.947          0.001 2117
 265.317    2962103.772          0.001 2117
 854.472    9772613.240          0.002 2117
1168.339   13973099.682          0.003 2125
 689.217    7651629.473          0.002 2125
 170.654    2007262.426          0.000 2125
 496.597    5449866.907          0.001 2125
1021.173   12563819.757          0.003 2129
 647.608    7301317.239          0.002 2129
1139.614   16000834.562          0.004 2135
 619.678    6669142.674          0.002 2135
 964.601   11459363.195          0.003 2135
 715.746    8905238.233          0.002 2142
 706.816    7701308.288          0.002 2142
1005.137   12373131.754          0.003 2147
 343.915    3917059.231          0.001 2147
 148.149    1765101.186          0.000 2147
 676.699    8564984.157          0.002 2147
 910.472    9641058.294          0.002 2147
 705.738    7922115.072          0.002 2153
 474.131    5275916.499          0.001 2153
 782.878   10591396.355          0.002 2161
 190.500    2192651.274          0.000 2161
 806.368   10929668.002          0.002 2161
1019.583   10961865.005          0.003 2161
1192.999   12882190.103          0.003 2170
 553.124    6066562.651          0.001 2170
 649.539    7053845.728          0.002 2170
 563.382    6146711.587          0.001 2170
1124.939   13667022.832          0.003 2170
 692.237    7490407.217          0.002 1799
 434.957    4235356.765          0.001 1799
 257.593    2833691.505          0.001 1839
   0.000          0.000          0.000 1839
   0.000          0.000          0.000 1840
 600.417    7874976.462          0.002 1840
 921.177   10500261.942          0.002 1758
1102.874   13800529.538          0.003 1758
 553.317    5936250.214          0.001 2109
 534.548    5725628.567          0.001 2109
 760.927    8207066.284          0.002 2109
 794.215    8701003.010          0.002 2117
 217.825    2427324.560          0.001 2117
 568.333    5920176.299          0.001 2117
1216.529   17067591.034          0.004 2117
 566.619    5634424.192          0.001 2125
 147.308    1730269.353          0.000 2125
 777.207    8762098.220          0.002 2125
 558.433    6369858.471          0.001 2129
 870.450    9666224.865          0.002 2129
 879.665    9498021.073          0.002 2135
 442.946    4771734.216          0.001 2135
 192.138    2260631.811          0.000 2142
 409.919    4522299.638          0.001 2142
 949.725   12088627.444          0.003 2147
 405.562    4448148.704          0.001 2147
 118.911    1413314.207          0.000 2147
 712.918    7722561.173          0.002 2147
1115.930   12973208.713          0.003 2151
 592.585    6536869.130          0.001 2153
 373.465    4125250.353          0.001 2153
 849.331    9295623.842          0.002 2153
1072.398   12680690.193          0.003 2161
 360.978    4032445.763          0.001 2161
 166.509    1914014.618          0.000 2161
 549.395    5934621.947          0.001 2161
 701.801    7536791.082          0.002 2161
1218.106   14448022.045          0.003 2167
1115.499   12889943.511          0.003 2170
 807.057    9073271.956          0.002 2170
 324.683    3549246.021          0.001 2170
 743.398    7951534.984          0.002 2170
1205.088   13632403.016          0.003 1799
1044.565   14267167.381          0.003 1799
 839.451   11346164.722          0.003 1926
 300.254    3117655.832          0.001 1882
   0.000          0.000          0.000 1882
   0.000          0.000          0.000 1883
 163.881    1704495.285          0.000 1883
 580.185    6021077.555          0.001 1883
 832.753    8610948.878          0.002 1883
 811.642    8569673.485          0.002 2109
 342.170    3685284.308          0.001 2109
 402.254    4388515.780          0.001 2109
1082.948   12889783.978          0.003 2109
 713.139    8568837.764          0.002 2117
 629.544    8389312.347          0.002 2117
1058.584   12772491.495          0.003 2117
 804.281    9921937.480          0.002 2123
 610.905    6784544.323          0.002 2125
 132.671    1557266.780          0.000 2125
 616.979    6608143.275          0.002 2125
 873.465   10978183.637          0.003 2129
 351.916    3866023.856          0.001 2129
 536.991    5943491.654          0.001 2129
 485.668    5206692.455          0.001 2135
 595.974    6294384.033          0.001 2135
 532.423    5947521.955          0.001 2142
 160.857    1887733.630          0.000 2142
 298.915    3327623.984          0.001 2142
 964.273   12453698.784          0.003 2142
 485.250    6779096.019          0.002 2147
 539.014    5738802.267          0.001 2147
1056.321   11725122.361          0.003 2151
 837.459   10903389.156          0.003 2153
 310.955    3422323.709          0.001 2153
 743.644    8107775.386          0.002 2153
 980.368   12755511.239          0.003 2161
 510.110    5488444.600          0.001 2161
 139.476    1600598.909          0.000 2161
 459.291    4999145.636          0.001 2161
 914.139    9986667.680          0.002 2167
 841.239    9363989.969          0.002 2167
1011.515   14919775.987          0.003 2167
 252.598    2764274.901          0.001 2170
 786.029    9814039.869          0.002 2170
1161.870   12889719.782          0.003 2176
1153.702   12315895.810          0.003 2176
 769.845    8237821.952          0.002 1926
 168.092    1783894.611          0.000 1926
   0.000          0.000          0.000 1926
   0.000          0.000          0.000 1927
 586.472    6495690.542          0.002 1970
 908.931   10528127.760          0.003 2105
 801.628    9730898.167          0.002 2109
 236.322    2546490.715          0.001 2109
 581.491    5950242.905          0.001 2109
 826.346    9632665.674          0.002 2114
 679.276    7075374.510          0.002 2117
 148.314    1649643.014          0.000 2117
 691.692    7433885.699          0.002 2117
 832.778    8789972.873          0.002 2120
 534.524    6144656.680          0.001 2123
 444.291    4671866.883          0.001 2125
  94.798    1110302.609          0.000 2125
 843.066    9970494.931          0.002 2125
 297.243    3249214.527          0.001 2129
 935.363   10942502.087          0.003 2135
 295.587    3179404.597          0.001 2135
 781.053    9624565.942          0.002 2135
 441.379    4690018.382          0.001 2142
 119.092    1392741.014          0.000 2142
 675.445    8036071.853          0.002 2142
 881.911   10319732.688          0.002 2143
 579.364    5896720.006          0.001 2147
  83.492     989417.291          0.000 2147
 479.849    5099833.420          0.001 2147
 959.073    9964962.367          0.002 2147
 559.012    5957979.514          0.001 2151
 765.516    8750518.476          0.002 2153
 265.733    2917982.218          0.001 2153
 846.638   11708304.782          0.003 2153
 881.206    8986762.852          0.002 2157
 409.950    4386599.146          0.001 2161
 269.397    2920050.285          0.001 2161
 888.964    9916239.458          0.002 2161
 553.092    6004912.196          0.001 2167
 709.555    8081570.576          0.002 2170
 196.506    2146194.351          0.000 2170
 890.063    9788753.560          0.002 2170
 658.434    6933314.459          0.002 2176
 851.333   11762268.437          0.003 1926
 339.207    3449675.647          0.001 1969
   0.000          0.000          0.000 1969
   0.000          0.000          0.000 1970
 206.832    2148571.839          0.001 1970
 722.843    7645632.074          0.002 1970
 732.905    7585727.449          0.002 2105
 595.082    6058629.990          0.001 2109
 201.888    2173234.098          0.001 2109
 830.975   11408506.766          0.003 2109
 543.390    5967913.445          0.001 2114
 709.229   10134423.911          0.002 2114
 108.279    1202929.415          0.000 2117
 676.240    8845660.053          0.002 2117
 542.619    5677687.666          0.001 2120
 349.800    3892590.679          0.001 2123
 696.496   11301612.978          0.003 2123
  69.500     812945.387          0.000 2125
 550.011    6426558.572          0.002 2125
 561.194    6028920.717          0.001 2129
 226.746    2463588.173          0.001 2129
 401.408    4313643.282          0.001 2129
 877.335    9088016.151          0.002 2129
 426.499    4462913.699          0.001 2135
 461.987    4805872.084          0.001 2135
  96.913    1132038.841          0.000 2142
 582.162    7266202.676          0.002 2142
 871.635   10317143.351          0.002 2147
  62.222     736231.460          0.000 2147
 614.807    7645971.511          0.002 2147
 331.299    3495294.031          0.001 2151
 197.453    2161084.767          0.000 2153
 415.035    4413055.746          0.001 2153
 645.515    6681768.159          0.002 2157
 618.034    6355475.956          0.002 2157
 810.665    9510293.859          0.002 2161
  86.688     991506.179          0.000 2161
 677.062    7274620.381          0.002 2161
 939.116   11784599.434          0.003 2165
 444.119    4699540.231          0.001 2167
 719.192   13846815.292          0.003 2170
 146.470    1596777.952          0.000 2170
 440.944    4670778.809          0.001 2170
 658.803    6718189.122          0.002 2172
 742.438    8871784.473          0.002 2176
 423.549    4436571.840          0.001 2176
 756.932    8883584.334          0.002 2014
   0.000          0.000          0.000 2014
   0.000          0.000          0.000 2015
 556.861    8895033.791          0.002 2015
 299.976    3085215.669          0.001 2105
 607.955    6537759.738          0.002 2105
 119.899    1287898.253          0.000 2109
 644.821    8259757.974          0.002 2112
 283.500    2992656.557          0.001 2114
  62.877     697706.196          0.000 2117
 639.418    8639589.929          0.002 2117
 249.215    2716716.229          0.001 2123
 518.970    6097137.261          0.001 2125
 597.411    6908317.851          0.002 2125
 353.776    3676896.111          0.001 2129
 150.697    1629078.103          0.000 2129
 706.893   10111054.128          0.002 2131
 699.736    8104930.185          0.002 2133
 137.585    1475488.310          0.000 2135
 675.078    7783564.162          0.002 2137
 810.622   10311300.392          0.003 2138
  64.830     756109.890          0.000 2142
 360.849    3760369.685          0.001 2143
 645.221    9024559.584          0.002 2147
  44.149     521766.176          0.000 2147
 649.669   10116037.838          0.002 2147
 233.341    2453149.038          0.001 2151
 384.387    3967602.539          0.001 2153
 120.479    1312301.081          0.000 2153
 454.177    4725724.871          0.001 2153
 305.934    3163145.370          0.001 2157
 667.874    9402139.072          0.002 2160
  56.177     640808.833          0.000 2161
 598.983    6349463.670          0.002 2164
 536.354    5461312.384          0.001 2165
 238.582    2527956.071          0.001 2167
 503.450    5196955.831          0.001 2170
 101.587    1105640.490          0.000 2170
 305.281    3135335.635          0.001 2172
 624.614    8817885.687          0.002 2173
 608.469    6563942.276          0.002 2176
 224.051    2330855.866          0.001 2176
 596.590    8476847.409          0.002 2056
   0.000          0.000          0.000 2056
   0.000          0.000          0.000 2057
 304.916    3031421.630          0.001 2103
 164.811    1693254.141          0.000 2105
 379.911    3900749.139          0.001 2107
  60.183     645112.231          0.000 2109
 466.713    4981262.085          0.001 2111
 324.599    3232997.137          0.001 2113
 164.675    1726265.594          0.000 2114
 280.476    2802288.886          0.001 2116
 436.854    5930961.337          0.001 2118
 431.828    5021093.737          0.001 2119
 172.116    1778462.368          0.000 2120
 355.300    3525718.383          0.001 2122
 136.485    1451731.341          0.000 2123
  19.701     229663.810          0.000 2125
 305.296    3091547.527          0.001 2127
  58.091     623434.044          0.000 2129
 211.789    2129669.411          0.001 2131
 199.814    2032059.600          0.001 2133
  48.506     519373.322          0.000 2135
 434.855    4531796.975          0.001 2136
 254.289    2655156.143          0.001 2138
 323.884    3152352.820          0.001 2140
  26.313     306251.719          0.000 2142
 189.343    1952976.782          0.000 2143
 334.562    3443453.595          0.001 2145
  18.982     223925.610          0.000 2147
 288.529    2912679.380          0.001 2149
 124.778    1304923.441          0.000 2151
  56.201     609740.066          0.000 2153
 343.861    3464719.694          0.001 2155
 121.077    1245195.061          0.000 2157
 336.080    3313015.986          0.001 2159
  23.307     265488.953          0.000 2161
 347.251    3463572.612          0.001 2163
 160.313    1611254.002          0.000 2165
 111.568    1171946.247          0.000 2167
 426.128    5225724.221          0.001 2170
  38.889     422415.478          0.000 2170
 148.479    1520171.791          0.000 2172
 338.277    3386666.090          0.001 2174
 103.520    1070135.719          0.000 2176
 472.284    5163182.143          0.001 2178
   0.000          0.000          0.000 2100
   0.000          0.000          0.000 2101
   0.000          0.000          0.000 2102
   0.000          0.000          0.000 2103
   0.000          0.000          0.000 2104
   0.000          0.000          0.000 2105
   0.000          0.000          0.000 2106
   0.000          0.000          0.000 2107
   0.000          0.000          0.000 2108
   0.000          0.000          0.000 2109
   0.000          0.000          0.000 2110
   0.000          0.000          0.000 2111
   0.000          0.000          0.000 2112
   0.000          0.000          0.000 2113
   0.000          0.000          0.000 2114
   0.000          0.000          0.000 2115
   0.000          0.000          0.000 2116
   0.000          0.000          0.000 2117
   0.000          0.000          0.000 2118
   0.000          0.000          0.000 2119
   0.000          0.000          0.000 2120
   0.000          0.000          0.000 2121
   0.000          0.000          0.000 2122
   0.000          0.000          0.000 2123
   0.000          0.000          0.000 2124
   0.000          0.000          0.000 2125
   0.000          0.000          0.000 2126
   0.000          0.000          0.000 2127
   0.000          0.000          0.000 2128
   0.000          0.000          0.000 2129
   0.000          0.000          0.000 2130
   0.000          0.000          0.000 2131
   0.000          0.000          0.000 2132
   0.000          0.000          0.000 2133
   0.000          0.000          0.000 2134
   0.000          0.000          0.000 2135
   0.000          0.000          0.000 2136
   0.000          0.000          0.000 2137
   0.000          0.000          0.000 2138
   0.000          0.000          0.000 2139
   0.000          0.000          0.000 2140
   0.000          0.000          0.000 2141
   0.000          0.000          0.000 2142
   0.000          0.000          0.000 2143
   0.000          0.000          0.000 2144
   0.000          0.000          0.000 2145
   0.000          0.000          0.000 2146
   0.000          0.000          0.000 2147
   0.000          0.000          0.000 2148
   0.000          0.000          0.000 2149
   0.000          0.000          0.000 2150
   0.000          0.000          0.000 2151
   0.000          0.000          0.000 2152
   0.000          0.000          0.000 2153
   0.000          0.000          0.000 2154
   0.000          0.000          0.000 2155
   0.000          0.000          0.000 2156
   0.000          0.000          0.000 2157
   0.000          0.000          0.000 2158
   0.000          0.000          0.000 2159
   0.000          0.000          0.000 2160
   0.000          0.000          0.000 2161
   0.000          0.000          0.000 2162
   0.000          0.000          0.000 2163
   0.000          0.000          0.000 2164
   0.000          0.000          0.000 2165
   0.000          0.000          0.000 2166
   0.000          0.000          0.000 2167
   0.000          0.000          0.000 2168
   0.000          0.000          0.000 2169
   0.000          0.000          0.000 2170
   0.000          0.000          0.000 2171
   0.000          0.000          0.000 2172
   0.000          0.000          0.000 2173
   0.000          0.000          0.000 2174
   0.000          0.000          0.000 2175
   0.000          0.000          0.000 2176
   0.000          0.000          0.000 2177
   0.000          0.000          0.000 2178
   0.000          0.000          0.000 2179
   0.000          0.000          0.000 2180
 494.139    5142797.675          0.001   72
 694.479    9060790.824          0.002    7
 343.116    3733107.950          0.001  489
 191.764    2109936.938          0.000  489
 448.613    4725850.596          0.001   26
 425.409    4581160.505          0.001 2161
 352.546    3822721.832          0.001  995
 104.883    1219688.526          0.000  995
 248.656    2738904.561          0.001  995
 445.635    4690803.999          0.001   15
 440.254    4943251.155          0.001 2142
 349.910    3844539.217          0.001 2170
 375.888    4154176.412          0.001 2117
 666.157    7037413.399          0.002 2151
 953.781   10990722.285          0.002   26
 701.637    7787848.915          0.002   26
 238.827    2794602.594          0.001  995
 476.545    5456781.271          0.001  995
 453.165    5143791.837          0.001 1379
 701.589    7839438.268          0.002 1379
 421.514    4790208.204          0.001 1379
 836.972    9520500.859          0.002 1379
 603.101    6731270.469          0.002   35
 306.568    3607968.746          0.001   35
 733.917    9058541.376          0.002   35
 847.447    9717425.361          0.002 2161
 795.371    9193117.204          0.002 2161
1065.726   13118030.127          0.003 1336
 759.129    8500618.204          0.002   52
1391.099   13653134.844          0.003  995
 465.730    5053894.392          0.001 2142
 482.230    5969740.753          0.001 2147
 773.342    8575088.611          0.002   65
1198.277   13253294.047          0.003 2125
 934.727   10935225.037          0.002 2147
1074.566   13042899.433          0.003 2147
 615.431    7587621.589          0.002 2142
 636.319    7866031.661          0.002 2142
 831.792    9441443.353          0.002   60
 489.999    5680663.532          0.001   60
1365.233   14424809.948          0.003   60
1555.231   18772571.196          0.004   60
1726.818   19494267.823          0.004 1336
 752.279    9553347.539          0.002 2147
 996.945   11814704.758          0.002 2147
 616.792    6839333.706          0.002   15
 710.745    8187532.061          0.002   35
1766.261   18349633.492          0.004 2147
1841.866   18556229.273          0.004   41
1801.648   20225456.078          0.004   41
1554.361   17609847.197          0.004  995
1719.076   17960191.523          0.004 2125
1061.796   11693906.167          0.002 2161
1356.718   14030858.120          0.003 2147
 475.356    6579812.511          0.002 1587
 474.424    5102083.278          0.001 1587
 232.567    2555424.516          0.001 1587
