   0.000          0.000          0.000    1
   0.000          0.000          0.000    2
   0.000          0.000          0.000    3
   0.000          0.000          0.000    4
   0.000          0.000          0.000    5
   0.000          0.000          0.000    6
   0.000          0.000          0.000    7
   0.000          0.000          0.000    8
   0.000          0.000          0.000    9
   0.000          0.000          0.000   10
   0.000          0.000          0.000   11
   0.000          0.000          0.000   12
   0.000          0.000          0.000   13
   0.000          0.000          0.000   14
   0.000          0.000          0.000   15
   0.000          0.000          0.000   16
   0.000          0.000          0.000   17
   0.000          0.000          0.000   18
   0.000          0.000          0.000   19
   0.000          0.000          0.000   20
   0.000          0.000          0.000   21
   0.000          0.000          0.000   22
   0.000          0.000          0.000   23
   0.000          0.000          0.000   24
   0.000          0.000          0.000   25
   0.000          0.000          0.000   26
   0.000          0.000          0.000   27
   0.000          0.000          0.000   28
   0.000          0.000          0.000   29
   0.000          0.000          0.000   30
   0.000          0.000          0.000   31
   0.000          0.000          0.000   32
   0.000          0.000          0.000   33
   0.000          0.000          0.000   34
   0.000          0.000          0.000   35
   0.000          0.000          0.000   36
   0.000          0.000          0.000   37
   0.000          0.000          0.000   38
   0.000          0.000          0.000   39
   0.000          0.000          0.000   40
   0.000          0.000          0.000   41
   0.000          0.000          0.000   42
   0.000          0.000          0.000   43
   0.000          0.000          0.000   44
   0.000          0.000          0.000   45
   0.000          0.000          0.000   46
   0.000          0.000          0.000   47
   0.000          0.000          0.000   48
   0.000          0.000          0.000   49
   0.000          0.000          0.000   50
   0.000          0.000          0.000   51
   0.000          0.000          0.000   52
   0.000          0.000          0.000   53
   0.000          0.000          0.000   54
   0.000          0.000          0.000   55
   0.000          0.000          0.000   56
   0.000          0.000          0.000   57
   0.000          0.000          0.000   58
   0.000          0.000          0.000   59
   0.000          0.000          0.000   60
   0.000          0.000          0.000   61
   0.000          0.000          0.000   62
   0.000          0.000          0.000   63
   0.000          0.000          0.000   64
   0.000          0.000          0.000   65
   0.000          0.000          0.000   66
   0.000          0.000          0.000   67
   0.000          0.000          0.000   68
   0.000          0.000          0.000   69
   0.000          0.000          0.000   70
   0.000          0.000          0.000   71
   0.000          0.000          0.000   72
   0.000          0.000          0.000   73
   0.000          0.000          0.000   74
   0.000          0.000          0.000   75
   0.000          0.000          0.000   76
   0.000          0.000          0.000   77
   0.000          0.000          0.000   78
   0.000          0.000          0.000   79
   0.000          0.000          0.000   80
   0.000          0.000          0.000   81
 795.495   12580641.695          0.003    5
 182.323    1760298.737          0.000    5
 105.011    1088942.216          0.000    7
 364.226    3326413.514          0.001    8
 131.334    1356446.531          0.000   10
 239.736    2227145.883          0.001   12
 290.424    2912196.646          0.001   13
  42.043     460946.321          0.000   15
 264.983    2664815.976          0.001   17
 520.664    5184672.829          0.001   19
  65.669     691175.884          0.000   20
 704.443    8281380.631          0.002   20
 222.370    2288658.207          0.001   24
  32.149     365663.546          0.000   26
 671.893    7616627.759          0.002   26
 148.369    1529790.764          0.000   30
 307.741    3039245.311          0.001   32
 468.026    4775246.725          0.001   35
  21.492     250189.719          0.000   35
 189.250    1840244.590          0.000   37
 669.736    7963322.821          0.002   41
  26.471     305058.563          0.000   41
 219.645    2246787.001          0.001   43
 240.545    2309266.847          0.001   45
  40.076     441331.717          0.000   47
 203.057    2037169.600          0.001   49
 334.502    3045439.754          0.001   51
  32.618     378479.110          0.000   52
 211.253    1840884.960          0.001   54
 119.074    1227840.902          0.000   56
 185.231    1765445.048          0.000   58
  29.639     334146.909          0.000   60
  51.896     585754.135          0.000   60
 228.251    2266896.527          0.001   63
  50.547     547921.861          0.000   65
 665.273    9249198.449          0.002   65
 121.774    1237267.181          0.000   69
 428.007    4256702.199          0.001   72
  78.938     837948.528          0.000   72
 248.549    2448184.410          0.001   74
 147.802    1455502.329          0.000   76
 305.813    2801168.662          0.001   78
   0.000          0.000          0.000  124
   0.000          0.000          0.000  125
 476.504    4694042.345          0.001  125
 504.249    4965662.174          0.001    5
 234.465    2454742.564          0.001    7
 286.174    2994340.404          0.001   10
 669.639    6669998.196          0.002   10
 673.330    6437689.976          0.002   12
 413.722    4174574.910          0.001   15
 733.141    7888519.898          0.002   17
 155.397    1650462.313          0.000   20
 713.342    9643213.267          0.002   20
 721.823    8550424.210          0.002   24
 460.883    4621786.990          0.001   26
  57.983     660637.136          0.000   26
 389.642    4034038.799          0.001   30
 519.987    5277510.301          0.001   35
  52.660     615616.991          0.000   35
 348.927    3612893.402          0.001   35
 704.322    7281006.650          0.002   37
 603.955    7893482.801          0.002   41
  53.735     620201.336          0.000   41
 414.673    4316546.985          0.001   43
 511.476    4773090.334          0.001   45
  95.608    1061238.206          0.000   47
 391.457    3950440.543          0.001   49
 592.636    6025427.650          0.001   49
  59.272     688524.373          0.000   52
 188.861    1951530.952          0.000   56
 491.699    5000047.395          0.001   56
 624.370    6257238.985          0.002   58
  72.016     813655.096          0.000   60
 668.281    8306849.239          0.002   63
  97.071    1056569.648          0.000   65
 646.703    8612428.175          0.002   65
 244.866    2505143.577          0.001   69
 646.845    9904140.289          0.002   69
 149.917    1599311.642          0.000   72
 744.459    8034776.807          0.002   74
 313.441    3137391.819          0.001   76
 564.945    5684366.679          0.001   76
 229.079    2256334.853          0.001  166
   0.000          0.000          0.000  166
   0.000          0.000          0.000  167
 548.284    5493027.152          0.001  167
 846.434    9368313.353          0.002    7
 375.441    3968180.955          0.001    7
 516.891    5470805.354          0.001   10
 972.072   12802692.039          0.003   10
 708.321    7952135.599          0.002   15
 113.130    1245644.614          0.000   15
 759.430   11831275.803          0.003   20
 438.370    4723540.632          0.001   20
 554.586    5785873.788          0.001   20
 901.112   11756965.894          0.003   26
 344.274    4305510.387          0.001   26
  84.964     970063.023          0.000   26
 462.884    4743612.356          0.001   26
 484.361    5198112.040          0.001   30
 508.548    5161898.876          0.001   35
  79.164     927848.215          0.000   35
 214.020    2331529.852          0.001   35
 637.359    8943752.060          0.002   35
 930.026   10320613.606          0.002   35
 676.090    7134268.904          0.002   41
  95.505    1104315.394          0.000   41
 429.124    5045492.616          0.001   41
 584.714    7225222.549          0.002   47
 850.828   10845464.362          0.003   49
  89.261    1040858.623          0.000   52
 514.756    6476469.685          0.002   52
 755.943   10569874.724          0.003   52
 329.615    3435270.795          0.001   56
 584.980    7165109.805          0.002   60
 361.071    3763859.363          0.001   65
 138.233    1509374.785          0.000   65
 693.902    9503856.499          0.002   65
 454.519    4700938.308          0.001   69
 740.419    8176743.012          0.002   72
 215.663    2312223.085          0.001   72
 933.507   12244784.086          0.003   72
 947.642   10176655.494          0.002   76
 823.812    9856885.080          0.002  166
 440.114    4486411.714          0.001  208
   0.000          0.000          0.000  208
   0.000          0.000          0.000  209
 622.285   10770475.542          0.003  209
 853.906   10340556.552          0.002  251
 617.254    6593499.360          0.002    7
 909.870   11362071.461          0.003    7
 915.002   10529076.328          0.002   15
 301.410    3270985.414          0.001   15
 166.286    1842073.963          0.000   15
 852.902   12445120.353          0.003   20
 339.170    3668632.906          0.001   20
 727.940    8325231.358          0.002   20
 829.020    9284933.981          0.002   20
 108.948    1246336.366          0.000   26
 367.988    3914165.344          0.001   26
 734.815    8123744.704          0.002   30
 602.370    6112627.802          0.001   35
 105.876    1244914.714          0.000   35
 649.298    6715772.838          0.002   35
1058.144   11540232.537          0.003   41
 682.651    7116682.975          0.002   41
 127.258    1472984.154          0.000   41
 664.027    6298785.708          0.001   41
 672.283    6740246.680          0.002   47
 165.772    1859144.695          0.000   47
 620.875    6711637.829          0.002   47
 492.265    5070183.557          0.001   52
 126.071    1475375.459          0.000   52
 249.218    2751805.280          0.001   52
 705.318    7365289.396          0.002   56
 497.837    5243848.836          0.001   56
 819.878    8419985.563          0.002   60
 307.664    3346423.523          0.001   60
 140.892    1598302.527          0.000   60
 197.021    2158694.937          0.000   65
 838.449    9437577.849          0.002   65
 770.706    8128025.550          0.002   69
 546.583    5831908.304          0.001   72
 515.524    5553700.438          0.001   72
 997.439   13031703.103          0.003  294
 620.385    6127680.658          0.001  294
 776.851   10198583.766          0.002  294
   0.000          0.000          0.000  250
   0.000          0.000          0.000  251
 256.211    2673728.848          0.001  251
 884.247   11229152.325          0.003  251
 896.768    9602221.629          0.002    7
 792.473    8972637.487          0.002    7
1153.710   12661209.347          0.003   10
 732.109    7841662.332          0.002   15
 627.567    9341090.362          0.002   15
 225.532    2510242.187          0.001   15
 850.223    8898260.458          0.002   20
 903.710   11983750.442          0.003   20
 645.372    6565299.513          0.002   26
 295.994    3280900.999          0.001   26
 162.626    1871662.073          0.000   26
 239.960    2680143.651          0.001   26
 615.098    6560252.373          0.002   26
 965.843   13235841.922          0.003   26
1059.593   12437892.269          0.003   35
 590.545    6245385.209          0.001   35
 124.345    1465400.813          0.000   35
 704.418    7939144.770          0.002   35
1090.041   13397400.078          0.003   35
 781.851    8432670.076          0.002   41
 164.000    1902631.713          0.000   41
 598.049    6684045.622          0.002   47
 229.480    2598612.119          0.001   47
 852.087   11979955.859          0.003   47
 617.506    6634568.392          0.002   52
 377.806    4194169.361          0.001   52
1016.229   11019567.226          0.003   56
 841.458    9307294.182          0.002   56
 543.888    5734988.998          0.001   60
 382.644    4261882.862          0.001   60
 205.326    2340836.086          0.001   60
 680.548    8776315.855          0.002   65
 283.661    3122339.356          0.001   65
 393.063    4374577.700          0.001   65
 993.152   11209535.046          0.003   72
 403.020    4361453.521          0.001   72
 697.415    7409316.357          0.002   72
 944.071   10537981.711          0.002  294
 408.975    4113360.300          0.001  294
 130.789    1357592.322          0.000  294
   0.000          0.000          0.000  294
   0.000          0.000          0.000  295
 565.881    6047257.744          0.001  251
 888.617    9531405.714          0.002  251
1022.733   10844011.884          0.002  452
 968.136   10297981.487          0.002  452
 973.940   10276307.647          0.002   15
 543.095    5899433.769          0.001   15
 273.252    3051548.894          0.001   15
 768.781    8527273.551          0.002   15
 583.455    6452129.763          0.001   20
 699.911    7009110.252          0.002   26
 348.347    3810489.030          0.001   26
 629.479   10305212.311          0.002   26
 393.866    4371412.554          0.001   26
 986.815   11230074.105          0.003   26
 448.445    4844094.939          0.001   35
 162.401    1925573.666          0.000   35
 301.938    3413877.598          0.001   35
 855.349    8910982.029          0.002   35
 777.095    8740504.993          0.002   41
 185.485    2155031.049          0.000   41
 665.390    6756929.116          0.002   41
 737.236    8116420.113          0.002   47
 276.360    3151008.545          0.001   47
 182.828    2149653.363          0.000   52
 800.152   10433836.805          0.002   52
 713.186    7990064.304          0.002   52
1225.505   13729862.129          0.003   60
 940.618   12355747.876          0.003   60
 737.824   10280857.813          0.002   60
 683.320    6997521.092          0.002   60
 863.449   10813763.192          0.002   65
 499.539    5665783.469          0.001   65
 888.783    9663231.928          0.002   65
1083.701   11890907.789          0.003   72
 476.380    5164926.826          0.001   72
 878.214   10925339.554          0.003   72
1150.299   12991315.171          0.003   72
 786.240    7515015.970          0.002  294
 596.991    8121533.843          0.002  335
   0.000          0.000          0.000  335
   0.000          0.000          0.000  336
 531.431    5953864.784          0.001  336
 745.182    7945882.181          0.002  452
 533.259    5781595.542          0.001  452
1048.325   10936519.708          0.002  452
 954.799   10184789.244          0.002   15
 731.195    7966673.572          0.002   15
 337.874    3791039.511          0.001   15
 675.072    7241106.752          0.002   15
1018.695   11736688.355          0.003   15
 772.427    8607167.036          0.002   20
1053.589   12336280.954          0.003   26
 621.637    6386310.556          0.001   26
 218.016    2525363.062          0.001   26
 482.144    5152133.398          0.001   26
 534.030    5921922.149          0.001   26
1089.242   12755679.650          0.003   35
 410.853    4662585.111          0.001   35
1188.985   13933302.749          0.003   41
 831.369    9524096.439          0.002   41
 218.580    2544809.536          0.001   41
 469.498    4959479.760          0.001   41
 339.740    3913086.215          0.001   47
 546.740    6109947.819          0.001   47
 515.537    5531590.006          0.001   52
 549.966    5945950.049          0.001   52
1055.572   11949663.918          0.003   52
1050.434   12196575.478          0.003   60
 537.896    5956160.287          0.001   60
 277.086    3174074.086          0.001   60
 410.770    4509329.399          0.001   65
1002.889   11625871.104          0.003   65
 694.106    7531094.085          0.002   72
 938.261   10294120.640          0.002   72
 616.881    7600592.993          0.002  372
 108.817    1156598.872          0.000  372
   0.000          0.000          0.000  372
   0.000          0.000          0.000  373
 682.300    8539401.157          0.002  452
 350.370    3799530.802          0.001  452
1014.011   11657961.916          0.003  452
1010.318   10966592.418          0.002  452
1345.891   15248027.238          0.003   15
 661.881    7415200.023          0.002   15
 385.877    4342587.754          0.001   15
 864.826   10751548.517          0.002   15
 948.768   10566790.639          0.002   20
1161.696   11475820.721          0.003   26
 704.594    9507655.433          0.002   26
 659.633    7862811.033          0.002   26
 852.031    9494157.896          0.002   26
 804.620    8975789.049          0.002   35
 208.886    2495481.147          0.001   35
 611.975    7198031.958          0.002   35
 937.652    9897563.302          0.002   35
 804.119    8269205.240          0.002   41
 252.648    2947553.756          0.001   41
 931.074   12478080.533          0.003   47
 383.972    4455930.415          0.001   47
 901.653   11611869.619          0.003   47
 756.448   14010480.152          0.003   52
 243.331    2872224.460          0.001   52
 559.538    6054479.349          0.001   52
1176.038   13565689.428          0.003   52
1115.271   11563703.958          0.003   60
 677.163    7343385.055          0.002   60
 352.753    4062558.996          0.001   60
 462.168    5101277.758          0.001   60
 847.857   10863402.713          0.002   60
 763.685    7549041.740          0.002   65
1070.678   10400874.555          0.002   65
1223.211   13423212.888          0.003   72
1060.682   11375283.774          0.003   72
1054.365   12668112.809          0.003  491
 812.979    8944984.738          0.002  491
 841.371    8402775.254          0.002  372
 319.923    3409826.534          0.001  372
   0.000          0.000          0.000  413
   0.000          0.000          0.000  414
 323.216    3445740.291          0.001  452
 223.116    2414516.277          0.001  452
 800.589    8929372.136          0.002  452
 711.819    7785555.592          0.002  452
 955.360   10388655.084          0.002   15
 477.236    5397621.353          0.001   15
 778.227    8463753.567          0.002   15
1436.928   18587756.932          0.004   20
 850.067    9857762.670          0.002   26
 273.283    3182386.338          0.001   26
 922.673   10222397.460          0.002   26
 906.562    9855451.901          0.002   26
 568.134    6165333.127          0.001   35
 336.057    3938300.733          0.001   35
 871.616   10838515.808          0.002   35
1346.107   16264248.205          0.004   41
 976.902   10199234.117          0.002   41
 283.994    3318463.768          0.001   41
 846.757   10921526.846          0.002   41
 483.874    5731241.789          0.001   47
 863.886    9403562.749          0.002   47
 966.652   10277149.130          0.002   52
 305.306    3624639.024          0.001   52
 305.410    3601921.166          0.001   52
 771.888    8358649.649          0.002   52
1172.102   12100215.661          0.003   52
1345.198   15042801.557          0.003   60
 665.300    7209400.752          0.002   60
 899.484    9337113.778          0.002   60
 550.308    6003371.135          0.001   65
1133.770   11774500.489          0.003   65
1415.274   16886719.932          0.004  491
 876.409   10105345.194          0.002  491
1037.443   16312107.804          0.004  491
 563.621    6166541.502          0.001  491
 704.127    7913803.091          0.002  491
   0.000          0.000          0.000  451
   0.000          0.000          0.000  452
  44.481     480533.651          0.000  452
 109.387    1181204.837          0.000  452
 581.028    6191982.275          0.001  452
 380.425    4131021.259          0.001  452
 996.567   11084847.826          0.003  452
1375.364   18326547.510          0.004  452
1058.445   12646117.145          0.003   15
 545.547    6192226.813          0.001   15
 722.089    8289209.290          0.002   15
1173.056   12043834.289          0.003   15
1078.723   11048587.382          0.002   26
 708.943    7629245.200          0.002   26
 304.379    3553774.029          0.001   26
 867.908   10615868.355          0.002   26
 662.161    6612272.870          0.001   35
 267.856    3230924.453          0.001   35
 490.353    5653853.414          0.001   35
 858.618    9197666.512          0.002   35
 563.988    6239940.910          0.001   41
 330.172    3864770.645          0.001   41
 879.417   11563910.970          0.003   41
 529.205    6319867.135          0.001   47
 659.721    8064853.534          0.002   47
 877.062    9600739.924          0.002   52
 770.776    8276835.196          0.002   52
1223.914   15018542.116          0.003   52
1550.109   16197822.924          0.004   52
1137.289   16139488.815          0.004   60
 436.752    5054557.964          0.001   60
 947.996   11333276.131          0.003   60
 634.003    6885182.602          0.002   65
1232.074   15028203.811          0.003   65
1128.635   12447031.909          0.003  491
 598.764    6758605.635          0.002  491
 428.708    4779680.348          0.001  491
 261.095    2866766.969          0.001  491
 122.162    1332306.313          0.000  491
  51.291     558332.126          0.000  491
   0.000          0.000          0.000  491
   0.000          0.000          0.000  492
 317.948    3360364.650          0.001  452
 901.974   12831124.757          0.003  452
 964.545   12858737.517          0.003  452
 682.621    7464297.697          0.002  452
 504.091    5479280.393          0.001  452
 809.642    8808445.274          0.002  452
1353.114   16367423.278          0.004  452
 907.221   10225903.310          0.002   15
 772.460    8755310.943          0.002   15
1281.879   16075547.258          0.004   15
1036.224   10252275.317          0.002   26
 736.384    7795346.618          0.002   26
 355.608    4168439.097          0.001   26
 554.158    6227639.658          0.001   26
1091.818   12770677.585          0.003   26
1040.580   10531370.785          0.002   35
 583.083    6487495.891          0.001   35
 673.041    8268461.307          0.002   35
 674.307    7819378.291          0.002   35
 648.681    7386050.105          0.002   35
1013.466   10733148.239          0.002   35
1115.436   12252903.474          0.003   41
 699.869    7237542.693          0.002   41
 361.490    4232038.271          0.001   41
 728.942    7604525.907          0.002   41
1120.703   17220104.636          0.004   47
 794.242    9879914.281          0.002   47
 380.081    4528651.046          0.001   52
 409.043    4810540.620          0.001   52
 999.925   11140790.453          0.002   52
1341.304   14596400.366          0.003   52
1157.728   11483652.068          0.003   60
 892.772    9296298.540          0.002   60
 594.870    6794077.931          0.001   60
 982.390   11251040.977          0.002   60
 957.257    9881564.027          0.002   65
 853.604    8920021.142          0.002   65
1420.341   17400046.910          0.004  491
 892.686   10152870.781          0.002  491
 737.940    8413451.386          0.002  491
 836.443   12033447.088          0.003  491
 647.267    8060169.958          0.002  491
 520.232    5991153.799          0.001  491
 371.122    4650160.273          0.001  491
   0.000          0.000          0.000  537
   0.000          0.000          0.000  538
 563.396    5996427.038          0.001  538
 914.748    9808131.580          0.002  622
1025.986   13994290.831          0.003  622
1087.995   11670823.469          0.003  452
1230.280   13713542.736          0.003   15
 772.991    8688187.692          0.002   15
1264.203   14189204.253          0.003   15
1318.589   16629679.970          0.004   26
 864.997    9953164.661          0.002   26
 381.635    4481646.539          0.001   26
 865.537   10595806.377          0.002   26
1168.809   12915952.172          0.003   26
 959.413   10381094.875          0.002   35
 342.925    4174711.575          0.001   35
 889.415   11971296.688          0.003   35
 996.739   11794437.560          0.003   35
1075.918   11105736.687          0.002   35
 944.716   10451600.658          0.002   41
 413.370    4828620.718          0.001   41
1087.975   13047528.767          0.003   41
 655.057    7985027.402          0.002   47
 787.106    7867454.657          0.002   52
 480.009    5633543.726          0.001   52
1050.061   12869324.352          0.003   52
1519.360   17292259.525          0.004   52
1320.935   14342534.612          0.003   60
 790.551    8744653.308          0.002   60
 538.734    6262728.103          0.001   60
1079.444   13114448.116          0.003   60
1389.461   16061198.088          0.004   65
1102.650   10868467.132          0.002   65
1255.893   12431497.499          0.003   65
1360.754   17547930.744          0.004  491
 918.218   10362051.514          0.002  621
 708.929    8023024.965          0.002  621
 745.846    8346543.724          0.002  621
 534.776    7168538.655          0.002  621
   0.000          0.000          0.000  576
   0.000          0.000          0.000  577
 549.079    6543263.918          0.002  622
 567.058    5878989.365          0.001  622
 619.637    6797382.264          0.002  622
 759.983    8610123.592          0.002  622
 993.074   11963757.417          0.003  622
 864.915   10292756.441          0.002  622
1323.055   15374434.253          0.003  622
1148.978   12322452.900          0.003   15
1029.753   11079831.932          0.002   15
1486.008   16997156.495          0.004   15
1251.758   13531021.417          0.003   26
 704.048    7546643.027          0.002   26
 493.720    5729059.068          0.001   26
 577.053    6515192.365          0.001   26
1078.633   10778445.689          0.002   26
1304.952   15155155.676          0.003   35
 748.571    8389191.388          0.002   35
 461.231    5559016.052          0.001   35
 722.892    7865717.243          0.002   35
1011.707   11394460.534          0.002   35
1224.979   12466183.828          0.003   41
 461.450    5370910.652          0.001   41
 696.401    7366130.460          0.002   41
1215.387   19404592.239          0.004   47
 993.059   11390342.254          0.003   47
1299.548   21582652.249          0.005   47
 453.946    5408609.721          0.001   52
 542.502    6366703.784          0.001   52
 749.731    8298762.903          0.002   52
 974.349   10054906.881          0.002   52
1404.719   13851365.895          0.003   52
1367.424   13659406.489          0.003   60
1139.309   13524222.251          0.003   60
1041.730   14195749.429          0.003   60
 913.457    9988450.098          0.002   60
1316.739   14231442.266          0.003   60
1502.182   13988545.576          0.003   65
1167.139   13416925.279          0.003  621
 648.840    7660758.816          0.002  621
 456.639    5308873.969          0.001  621
 323.546    3721135.355          0.001  621
 187.963    2136377.881          0.000  621
  70.939     800008.151          0.000  621
   0.000          0.000          0.000  621
   0.000          0.000          0.000  622
 114.754    1286498.111          0.000  622
 239.419    2705611.444          0.001  622
 308.533    3505519.892          0.001  622
 437.547    5033790.080          0.001  622
 600.969    7048746.006          0.002  622
1114.609   12987768.809          0.003  622
1418.923   15662187.808          0.003   15
1427.471   14018597.872          0.003   15
1547.939   16062611.560          0.003   26
1218.861   12796769.364          0.003   26
 663.885    7370031.655          0.002   26
 460.722    5443195.480          0.001   26
1484.239   16389094.912          0.004   26
 879.038    9582463.399          0.002   35
 409.806    5022688.494          0.001   35
 578.286    6892348.577          0.001   35
1101.978   12579257.944          0.003   35
1526.175   19202639.565          0.004   35
 774.199    8349913.003          0.002   41
 535.542    6173418.792          0.001   41
1064.370   11361380.732          0.002   41
 814.953   10025261.268          0.002   47
1209.451   14258100.533          0.003   47
 878.907    9746225.703          0.002   52
 524.931    6231283.633          0.001   52
 662.867    7724192.903          0.002   52
1112.604   11432135.812          0.002   52
1453.411   16476830.340          0.004   60
1218.409   15958470.397          0.003   60
 647.500    7493012.955          0.002   60
1187.966   12151867.878          0.003   60
1411.243   13796875.449          0.003   60
1610.320   17738685.082          0.004   65
1234.937   16150332.741          0.004  621
 828.516    9996913.901          0.002  621
 906.075    9478812.651          0.002  621
 783.611    8304097.127          0.002  621
 560.280    6174449.962          0.001  621
 485.219    5199685.024          0.001  621
 296.281    3349551.862          0.001  663
   0.000          0.000          0.000  663
   0.000          0.000          0.000  664
 568.912    6465322.697          0.002  622
 512.174    5662816.192          0.001  622
 638.212    7264421.868          0.002  622
 633.111    7281759.106          0.002  622
 941.352   10010763.169          0.002  622
 841.391   10148575.393          0.002  622
1223.128   14464103.044          0.003  622
1745.565   24691088.721          0.005  622
1464.245   15768529.495          0.003   26
 889.084    9129478.544          0.002   26
1037.251   13759138.720          0.003   26
 513.423    6080568.711          0.001   26
 915.431   10803044.590          0.002   26
 984.547    9888789.308          0.002   26
1539.628   19007944.877          0.004   26
1076.078   10757257.088          0.002   35
 877.435   10864231.481          0.002   35
 741.959    8629437.237          0.002   35
1405.566   14182858.789          0.003   35
1456.419   13417598.570          0.003   41
 939.383    9542124.724          0.002   41
1406.859   20082624.962          0.004   47
 925.580   11366546.926          0.002   47
1004.843   11533527.627          0.002   52
1043.424   12540065.580          0.003   52
1438.496   16268943.705          0.003   60
 851.475    9344953.464          0.002   60
 799.461    9018917.967          0.002   60
1476.789   15412297.900          0.003   60
1740.941   17508661.053          0.004 1003
1350.657   17116625.051          0.004  621
1067.607   14251448.499          0.003  789
 978.191   12725734.672          0.003  789
 963.869   14187606.922          0.003  789
 288.444    3065358.804          0.001  700
   0.000          0.000          0.000  700
   0.000          0.000          0.000  701
 238.076    2553520.847          0.001  701
 792.807   11323191.157          0.003  701
 862.951   11828565.612          0.003  834
 786.708    9200163.600          0.002  834
 893.750    9240261.096          0.002  834
1289.945   12727352.087          0.003  834
1539.405   17139520.228          0.004  834
1555.361   13845774.968          0.003   26
1386.391   12989765.810          0.003   26
1222.072   14498196.118          0.003   26
 626.738    7367017.213          0.002   26
 983.755   12300672.157          0.003   26
1088.573   11360845.377          0.002   26
1521.274   18418627.721          0.004   26
1515.714   15103364.436          0.003   35
1173.509   12088731.972          0.003   35
 473.933    5824087.220          0.001   35
 898.078   11095154.296          0.002   35
1200.271   16019625.060          0.003   35
 876.924    9943698.900          0.002   35
1570.302   17222626.129          0.004   35
1226.815   15433804.781          0.003   41
 633.288    7144625.147          0.001   41
1284.035   15530986.874          0.003   41
1563.442   16227183.354          0.003   41
1154.276   13743797.606          0.003   47
1414.254   15600216.416          0.003   47
1229.112   14087469.780          0.003   52
 634.984    7378547.995          0.002   52
 961.420   10122294.686          0.002   52
1495.183   17724208.902          0.004   52
1703.491   22828788.072          0.005   52
1181.090   11549714.478          0.002   60
1306.488   14393702.619          0.003   60
1263.168   11877324.056          0.003   60
1530.413   13960617.128          0.003 1003
1386.869   14590206.618          0.003 1003
1370.448   19203859.811          0.004  789
1034.613   13998661.107          0.003  789
 708.523    8882236.205          0.002  789
 622.291    7023504.580          0.002  789
 344.949    3818513.598          0.001  789
   0.000          0.000          0.000  744
   0.000          0.000          0.000  745
 207.189    2200388.119          0.001  745
 750.487    8217165.731          0.002  834
 446.867    4875885.826          0.001  834
 473.406    5643756.579          0.001  834
 745.791   10167394.994          0.002  834
 859.250    7956212.127          0.002  834
 540.130    6399523.265          0.001  834
 921.775    9926096.427          0.002  834
1305.821   13218302.794          0.003  834
1553.025   14983298.049          0.003   26
1073.777   11099407.669          0.002   26
 703.764    8191440.519          0.002   26
 645.590    7538260.896          0.002   26
1361.560   14187803.663          0.003   26
1544.229   18095224.808          0.004   35
 540.677    6629906.250          0.001   35
 561.843    6834026.498          0.001   35
 919.236   10208946.998          0.002   35
1263.486   14160475.689          0.003   35
1343.964   13704416.000          0.003   35
1223.936   11793992.305          0.002   41
 710.346    7844667.241          0.002   41
 954.372    9595874.141          0.002   41
1574.504   15777146.831          0.003   41
1385.521   15857726.345          0.003   47
1487.428   12956988.777          0.003   52
 889.313    9209532.124          0.002   52
 725.426    8229888.112          0.002   52
 891.808    9295258.048          0.002   52
1153.498   11472225.090          0.002   52
1712.136   19625270.535          0.004   52
1762.683   15658697.425          0.003   60
1327.537   12785441.855          0.003   60
1623.018   16166854.942          0.003 1003
1354.202   15767079.144          0.003 1003
1056.541   10553829.835          0.002 1003
1000.128    9869126.039          0.002 1003
1145.894   14524247.545          0.003 1003
 732.649    9143832.251          0.002  789
 539.944    6495460.401          0.001  789
 424.575    4995371.106          0.001  789
 250.539    2860157.495          0.001  789
 117.787    1322822.881          0.000  789
   0.000          0.000          0.000  789
   0.000          0.000          0.000  790
 603.154    6526997.276          0.002  834
 153.778    1771212.797          0.000  834
 223.399    2589964.625          0.001  834
 390.953    4596599.867          0.001  834
 476.114    5634917.853          0.001  834
 804.445    8984047.088          0.002  834
1499.582   16155909.063          0.003  834
1771.914   19287513.859          0.004  834
1073.586   10876127.515          0.002   26
 853.507    9510550.190          0.002   26
1035.181   12090875.159          0.003   26
 818.391    9062269.954          0.002   26
1269.707   13996871.676          0.003   35
 851.118    9372407.437          0.002   35
 598.079    7292585.651          0.001   35
 659.709    7814607.777          0.002   35
1091.727   11519105.746          0.002   35
1604.742   19272982.711          0.004   35
1811.576   17462620.131          0.004   35
1700.047   19691941.427          0.004   41
1280.793   11445141.904          0.002   41
 867.712    8946821.416          0.002   41
1083.895   10012147.049          0.002   41
1550.121   15813517.849          0.003   41
1780.002   19433245.134          0.004   47
1792.598   15324757.149          0.003   52
1062.943   10234769.909          0.002   52
 923.066    9542514.487          0.002   52
 988.939   10243894.167          0.002   52
1467.206   12757506.720          0.003   52
1784.230   15784480.974          0.003   52
2048.401   19485857.200          0.004   60
1739.814   19143732.873          0.004 1003
1436.283   16162556.313          0.003 1003
1158.015   11855575.717          0.002 1003
 954.124   10171188.445          0.002 1003
 718.969    8101218.096          0.002 1003
 873.816    7864191.226          0.002 1003
 810.652    9702661.428          0.002  789
 576.945    6918918.055          0.002  789
 620.936    7432838.902          0.002  789
 210.975    2238347.121          0.001  833
   0.000          0.000          0.000  833
   0.000          0.000          0.000  834
  74.824     856381.055          0.000  834
 579.846    6409823.051          0.001  834
 703.225    8665397.489          0.002  834
 296.272    3455092.852          0.001  834
 796.874   10765952.488          0.002  834
 947.090   10809003.489          0.002  834
 597.051    7078811.211          0.002  834
1101.504   13361289.918          0.003  834
1713.967   19088533.896          0.004  834
1767.574   16516033.170          0.003   26
1312.990   12456613.516          0.003   26
1323.108   15100670.712          0.003   26
1262.970   11857640.324          0.002   26
1301.106   14326183.143          0.003   35
 696.899    8279277.569          0.002   35
1101.695   13150939.046          0.003   35
 863.458    9309434.234          0.002   35
1534.371   13975155.048          0.003   35
1859.096   17734945.066          0.004   41
1078.348   10042044.299          0.002   41
1351.867   11407636.266          0.002   41
1679.640   13519426.777          0.003   41
2085.277   19293588.621          0.004   52
1563.191   13264599.448          0.003   52
1318.918   11437304.379          0.002   52
1258.377   11191493.116          0.002   52
1473.796   13470079.713          0.003   52
1651.704   13835491.327          0.003   52
2061.184   17675582.857          0.004   52
2150.779   19734675.862          0.004   60
2022.393   17646627.617          0.004   60
1997.913   20123704.089          0.004   60
1133.304   12387911.069          0.003 1003
1020.169   10983992.753          0.002 1003
 561.931    6610699.917          0.001 1003
 470.577    5620186.748          0.001 1003
 620.404    8198333.619          0.002 1003
 542.597    5699777.265          0.001 1003
 751.236    9008857.813          0.002 1003
 970.619   13385874.723          0.003 1003
 790.442    9550443.656          0.002  833
 348.107    3600312.485          0.001  877
   0.000          0.000          0.000  877
   0.000          0.000          0.000  878
 680.527    7723506.583          0.002  834
 915.090   10918886.958          0.003  834
 722.923    7892973.637          0.002  834
 480.752    5487156.588          0.001  834
 677.430    7514959.202          0.002  834
1056.303   14033544.717          0.003  834
 725.692    8470612.703          0.002  834
1223.415   12463145.946          0.003  834
1600.112   15925722.991          0.003  834
1611.496   14400643.835          0.003   26
1640.808   14480157.834          0.003   26
1614.693   17461877.642          0.004   26
1143.576   11080846.264          0.002   26
1484.569   16961815.915          0.003   35
 870.313    9533270.455          0.002   35
 838.095    9252753.664          0.002   35
1344.943   15033978.117          0.003   35
1172.922   10993310.049          0.002   35
1927.524   18044435.135          0.004   35
1562.168   13208936.485          0.003   41
1253.893   10813130.115          0.002   41
1739.583   13992385.063          0.003   41
2028.122   15839035.063          0.003   41
1852.389   14641587.676          0.003   52
1666.699   12794535.694          0.003   52
1670.592   14756017.916          0.003   52
2106.821   17674808.894          0.004   52
2492.023   26072650.646          0.005   52
2055.452   17257048.763          0.003 1003
1898.966   17736249.667          0.004 1003
1512.153   13025673.240          0.003 1003
 924.731   10465081.431          0.002 1003
 617.187    7407916.818          0.002 1003
 433.196    5299540.592          0.001 1003
 353.963    4322257.526          0.001 1003
 282.159    3433410.828          0.001 1003
 774.762    8825858.889          0.002 1003
 723.420    8256604.835          0.002  962
 439.869    5232387.045          0.001  918
   0.000          0.000          0.000  918
   0.000          0.000          0.000  919
 360.874    3938776.785          0.001  919
 514.797    5641041.397          0.001  919
 890.607   10023332.562          0.002  919
 953.900    9377480.965          0.002  834
 657.435    7562568.446          0.002  834
1088.053   11334265.209          0.002  834
1010.364   10819253.916          0.002  834
1159.554   13912204.092          0.003  834
1206.771   12609717.319          0.003  834
1995.911   21274595.371          0.004  834
2039.606   18687296.441          0.004   26
1966.488   22320062.552          0.005   26
1307.734   11975976.698          0.002   26
1434.929   16672449.590          0.003   35
 993.913   10284405.240          0.002   35
1174.144   11644734.649          0.002   35
1157.962   11122024.126          0.002   35
1668.782   14666539.501          0.003   35
1508.292   12519575.058          0.003   35
1980.956   19674936.130          0.004   41
1748.104   12463333.465          0.003   41
1992.134   15147128.384          0.003   41
2169.739   20553011.284          0.004   41
2294.971   17981932.580          0.004   41
2395.766   22703746.343          0.004   52
2090.743   17406946.757          0.003   52
1815.090   15178828.721          0.003   52
2085.529   17887788.006          0.004   52
2465.497   20527233.380          0.004   52
2483.827   24623297.169          0.005 1003
2137.544   18186499.792          0.004 1003
1522.200   12243332.649          0.002 1003
 998.282    9665456.512          0.002 1003
 612.993    7245388.942          0.001 1003
 543.022    6531930.437          0.001 1003
 623.536    7148176.452          0.002 1003
 802.587    8691706.880          0.002 1003
 670.049    7712978.385          0.002 1003
 199.500    2409558.459          0.001 1003
 514.120    6066594.393          0.001 1003
 520.453    5942552.069          0.001 1003
 206.450    2211767.768          0.001  962
   0.000          0.000          0.000  962
   0.000          0.000          0.000  963
 339.175    3960542.425          0.001  963
 662.133    8246640.391          0.002  963
1117.678   17031980.094          0.004  963
1113.210   14260485.720          0.003 1091
1310.507   16315245.378          0.004 1091
1409.616   16002654.896          0.003  834
1015.780   10852326.029          0.002  834
1516.540   14537184.151          0.003  834
2117.287   20677707.490          0.004  834
2229.436   24839891.057          0.005   26
1913.057   18154518.174          0.004   26
1847.536   17075708.873          0.003   26
1632.584   13130592.247          0.003   35
1515.924   13011750.129          0.003   35
1451.468   13376739.554          0.003   35
1461.934   12605001.558          0.003   35
1933.447   18208210.435          0.004   35
2140.904   16026922.134          0.003   35
2157.114   17295052.459          0.003   35
2175.482   16480386.194          0.003   41
2450.360   21829877.145          0.004   41
2341.809   20534622.539          0.004 2168
2305.663   22689874.854          0.004 2168
2069.680   17458612.818          0.003 2168
2255.455   24249224.848          0.005   52
2105.327   18078096.894          0.003 2168
2493.271   23660699.480          0.005 2168
2219.331   20048562.988          0.004 1003
1888.053   18142676.189          0.004 1003
1203.064   11050049.172          0.002 1003
 732.537    8222779.587          0.002 1003
1091.088   11553879.928          0.002 1003
1084.070   11722313.073          0.003 1003
 939.106    9622745.909          0.002 1003
 707.666    9029384.100          0.002 1003
 216.527    2609529.003          0.001 1003
 132.334    1584910.837          0.000 1003
  75.479     898823.215          0.000 1003
  31.649     375045.469          0.000 1003
   0.000          0.000          0.000 1003
   0.000          0.000          0.000 1004
 213.794    2462593.532          0.001 1004
 551.343    8646066.072          0.002 1004
 707.223    8041779.841          0.002 1091
 852.280    8795012.138          0.002 1091
 829.767   10135902.930          0.002 1091
1294.689   15985178.327          0.003 1091
1055.942   12984897.763          0.003 1091
1439.821   13705682.096          0.003  834
1856.570   18456841.600          0.004 1353
1894.147   14693675.564          0.003 1353
2164.089   21257798.826          0.004 1353
2051.820   15820942.927          0.003   26
2137.656   17566783.014          0.003   35
1966.684   15893003.339          0.003   35
1806.810   15514580.498          0.003   35
1706.158   16200740.443          0.003   35
1841.273   14311192.100          0.003   35
2266.975   20515006.725          0.004   35
2533.660   23059882.036          0.004   35
2405.439   20983434.115          0.004   41
2443.251   22574402.969          0.004   41
2220.409   19041487.887          0.004 2168
2073.204   20804124.709          0.004 2168
1703.936   13475479.568          0.003 2168
2063.833   17137935.385          0.003 2168
1962.037   16929492.364          0.003 2168
2198.340   17307045.819          0.003 2168
2284.599   21216962.855          0.004 2168
2297.007   21739889.964          0.004 1003
1723.150   14521795.083          0.003 1003
1248.317   11193764.348          0.002 1003
1234.164   11984681.143          0.002 1003
1146.872   12880302.136          0.003 1003
1068.614   11954480.592          0.003 1003
 950.284   10749293.214          0.002 1003
 384.302    4659278.015          0.001 1003
 326.071    3948026.380          0.001 1003
 648.507    6699133.155          0.001 1003
 620.609    9815315.221          0.002 1003
 403.978    4423106.246          0.001 1003
 512.854    6173073.585          0.001 1003
   0.000          0.000          0.000 1046
   0.000          0.000          0.000 1047
 454.804    4702617.322          0.001 1091
 686.980    8179583.044          0.002 1091
 563.596    6342365.468          0.001 1091
 634.870    7664696.910          0.002 1091
 881.802   11438791.008          0.002 1091
 876.066   11161912.457          0.002 1091
1394.117   16834826.081          0.004 1091
1714.663   18036598.438          0.004 1353
1724.291   16321049.058          0.003 1353
1476.690   12334227.662          0.002 1353
2116.699   19286213.396          0.004 1353
2458.599   19985242.645          0.004   26
2459.594   23324806.214          0.005   26
2152.125   17891207.640          0.004   35
2293.424   19308319.058          0.004   35
2102.558   21199555.580          0.004   35
2247.546   17640242.426          0.003   35
2191.257   19415657.495          0.004 2163
2460.002   19461965.834          0.004 2163
2311.001   20569369.222          0.004 2163
2472.475   24402129.726          0.005 2163
2489.881   23108798.071          0.004 2168
2129.766   18513030.797          0.003 2168
1879.406   15466194.775          0.003 2168
1656.298   15342815.097          0.003 2168
1533.711   12684823.646          0.002 2168
1772.861   17901922.643          0.003 2168
1424.345   11771365.132          0.002 2168
1914.438   16620608.992          0.003 2168
2061.274   16726574.341          0.003 2168
2298.221   22946191.919          0.004 2168
1909.001   15462445.317          0.003 1003
1707.821   13752057.429          0.003 1003
1490.157   14016036.646          0.003 1003
 921.479   10048295.629          0.002 1003
 614.995    7239771.523          0.002 1003
 524.956    6262113.379          0.001 1003
 836.632    9889129.896          0.002 1003
 909.825   11969988.780          0.003 1003
 782.743    9944524.590          0.002 1137
 562.360    6707819.211          0.002 1137
 421.841    4751717.805          0.001 1137
   0.000          0.000          0.000 1090
   0.000          0.000          0.000 1091
  97.380    1122566.413          0.000 1091
 180.824    2108407.010          0.000 1091
 354.272    4165778.988          0.001 1091
 447.065    5297884.546          0.001 1091
 632.257    8001599.009          0.002 1091
 699.866    9106933.760          0.002 1091
 972.178   12607599.792          0.003 1091
1476.698   14062410.793          0.003 1353
1271.642   12453095.175          0.003 1353
1306.305   11390258.093          0.002 1353
1223.672   11121680.678          0.002 1353
1758.015   14248031.803          0.003 1353
2200.212   18178892.620          0.004 1353
2442.864   20874686.650          0.004 2146
2443.604   20618637.592          0.004 2146
2420.186   22850654.548          0.004 2146
2267.027   19517250.684          0.004 2146
2404.998   24119446.295          0.005 2163
2210.507   24852433.269          0.005 2163
1623.802   13811399.600          0.003 2163
2052.884   16687546.674          0.003 2163
2222.167   23122955.534          0.004 2168
2051.948   16560049.423          0.003 2168
1890.611   20670375.515          0.004 2168
1587.957   13602203.153          0.003 2168
1380.548   12395931.048          0.002 2168
1012.722   10267438.010          0.002 2168
1359.216   13816397.109          0.003 2168
1694.932   21266898.145          0.004 2168
1138.227   10667442.774          0.002 2168
1674.278   13959158.220          0.003 2168
1872.519   15482873.754          0.003 2168
2240.624   21438380.106          0.004 2168
2303.370   20151627.234          0.004 1003
2212.528   19002370.947          0.004 1003
1837.947   18153492.740          0.004 1003
1166.257   12070100.391          0.002 1003
1024.485   10680531.070          0.002 1003
 999.465   10486650.139          0.002 1003
 738.378    7987054.118          0.002 1003
 867.429   13092912.034          0.003 1137
 655.707    9094634.687          0.002 1137
 445.256    5622016.753          0.001 1137
 288.644    3455247.304          0.001 1137
 133.489    1523156.528          0.000 1137
   0.000          0.000          0.000 1137
   0.000          0.000          0.000 1138
 565.187    7240186.419          0.002 1091
 492.940    5303141.370          0.001 1091
 295.754    3536741.970          0.001 1091
 433.480    5358311.450          0.001 1091
 495.491    6210935.561          0.001 1091
 562.007    7147945.119          0.002 1091
1107.379   14217450.159          0.003 1091
1321.473   16884703.986          0.003 1353
1074.514   10009744.742          0.002 1353
 854.037    9076653.421          0.002 1353
1527.433   16096622.625          0.003 1353
2173.182   20894060.900          0.004 1353
2085.145   16733646.235          0.003 2146
2072.992   16670855.962          0.003 2146
2342.665   23302431.430          0.004 2146
2257.734   19360215.451          0.004 2146
2024.142   15310287.287          0.003 2146
1833.622   15650012.447          0.003 2146
2120.727   20026268.586          0.004 2163
2041.991   18081248.857          0.003 2163
1908.076   17061578.794          0.003 2163
1440.729   12900092.085          0.002 2163
1916.391   17685648.243          0.003 2163
1764.952   14567708.488          0.003 2168
1431.038   14125053.699          0.003 2168
 981.173   10151663.148          0.002 2168
 789.809    9109417.767          0.002 2168
1473.020   18796522.818          0.004 2168
1624.510   22319030.023          0.004 2168
1236.433   11449194.518          0.002 2168
1785.966   15598166.204          0.003 2168
2227.710   20860377.271          0.004 2182
2149.205   21760021.491          0.004 1003
1781.817   17468163.982          0.004 1003
1578.075   15321574.457          0.003 1003
1375.704   13479739.693          0.003 1003
1053.062   10062042.466          0.002 1003
1118.418   16231111.729          0.004 1137
 701.401    9307776.369          0.002 1137
 692.302    8542908.406          0.002 1137
 687.987    8726882.774          0.002 1137
   0.000          0.000          0.000 1180
   0.000          0.000          0.000 1181
 315.337    3671540.601          0.001 1181
 545.694    6726860.109          0.002 1181
 714.071    8302480.232          0.002 1091
 626.921    6917215.390          0.002 1091
 818.198    9884026.709          0.002 1091
1090.907   13196002.307          0.003 1091
1116.315   12500852.289          0.003 1353
 647.012    7546810.639          0.002 1353
 990.156   11842025.701          0.002 1353
1430.775   13860856.442          0.003 1353
1988.869   20246056.046          0.004 2146
1451.357   12286095.139          0.002 2146
1936.774   17650741.355          0.003 2146
1679.295   15565835.592          0.003 2146
1494.197   12699272.252          0.002 2146
1895.922   15195995.065          0.003 2146
1606.392   13890922.095          0.003 2163
1153.818   11650421.481          0.002 2163
1095.230   11365083.855          0.002 2163
1591.739   16422977.027          0.003 2163
2008.228   21499382.667          0.004 2168
1133.122   10792850.188          0.002 2168
 699.038    8443557.037          0.002 2168
1090.994   11473356.726          0.002 2168
1278.960   15614769.202          0.003 2168
 767.853    8893036.335          0.002 2168
1286.471   20864206.259          0.004 2168
1496.228   17975868.117          0.004 2168
1581.696   14677488.504          0.003 2168
1988.372   15819832.266          0.003 2182
1842.531   16737336.180          0.003 2182
1950.395   18861699.603          0.004 1003
1747.347   18253438.110          0.004 1003
1523.526   15124755.578          0.003 1003
1397.519   23494147.498          0.005 1137
1356.920   20055515.351          0.004 1137
1046.782   13590950.399          0.003 1137
 735.374   11384530.427          0.003 1223
 467.429    6227439.442          0.001 1223
 256.976    3085737.192          0.001 1223
 100.875    1148615.521          0.000 1223
   0.000          0.000          0.000 1223
   0.000          0.000          0.000 1224
 582.666    8566178.119          0.002 1224
 720.807    9023888.281          0.002 1181
 760.067    7502364.239          0.002 1353
 695.202    7674080.286          0.002 1353
 704.234    7955205.079          0.002 1353
 728.050    8109221.236          0.002 1353
 557.503    6608971.048          0.001 1353
 648.466    7595657.618          0.002 1353
1354.670   14745813.500          0.003 1353
1836.195   19552717.248          0.004 1353
1615.825   14317388.978          0.003 2146
1751.316   18069793.513          0.004 2146
1640.893   17777375.737          0.003 2146
1458.416   13597238.940          0.003 2146
1156.736   11149482.301          0.002 2146
1382.836   12171851.100          0.002 2146
1740.200   16765621.128          0.003 2146
1760.028   15751022.774          0.003 2163
1218.704   11879129.978          0.002 2163
 834.099    9945489.199          0.002 2163
1389.311   17459842.778          0.003 2163
1733.189   19957806.319          0.004 2163
1700.805   15495990.467          0.003 2168
1445.037   16053665.079          0.003 2168
 650.616    7981861.791          0.002 2168
 612.710    7674634.588          0.002 2168
 975.135   11298657.114          0.002 2168
1031.995   14194305.493          0.003 2168
 686.193    8229008.256          0.002 2168
1018.202   10587041.135          0.002 2168
1864.691   18706233.162          0.004 2168
1898.672   16676826.157          0.003 2182
1687.572   13644874.726          0.003 2182
1775.136   15823929.755          0.003 2182
1793.497   16459030.322          0.003 1396
1700.052   16988541.733          0.004 1396
1580.873   16543930.512          0.003 1396
1133.241   10690856.610          0.002 1396
1007.444    8830000.798          0.002 1396
1098.117   18061450.443          0.004 1223
 783.718   11206680.729          0.003 1223
 544.387    7087931.785          0.002 1223
 541.623    6510689.194          0.001 1223
 324.394    3636054.785          0.001 1223
   0.000          0.000          0.000 1269
   0.000          0.000          0.000 1270
 619.143    6741979.398          0.002 1353
 410.495    4457809.768          0.001 1353
 533.678    5585371.733          0.001 1353
 654.421    7254290.292          0.002 1353
 343.725    4080541.955          0.001 1353
 370.638    4407587.419          0.001 1353
 457.443    5450645.431          0.001 1353
 971.248   11148092.441          0.002 1353
 872.304    9326362.172          0.002 1353
1400.871   13081243.857          0.003 1353
1513.151   17177773.600          0.003 2146
 983.602   10279910.651          0.002 2146
1568.769   18084819.884          0.004 2146
1064.052   11271702.095          0.002 2146
 931.623    9867544.226          0.002 2146
1502.691   15210347.035          0.003 2146
1449.974   14917133.670          0.003 2163
 839.390    9884374.497          0.002 2163
 713.447    8920994.203          0.002 2163
1094.450   12644648.797          0.003 2163
1331.229   14418112.532          0.003 2163
1643.460   16638697.906          0.003 2163
1670.449   16959797.333          0.003 2168
1058.720   11466367.280          0.002 2168
 523.744    6728764.767          0.001 2168
 950.449   11304675.008          0.002 2168
1051.915   15219084.884          0.003 2168
 747.739    8743987.969          0.002 2168
1280.266   12867495.354          0.003 2168
1530.406   16086551.072          0.003 2168
1760.602   17352120.246          0.004 2182
1172.820   10667426.337          0.002 2182
1667.717   15858752.609          0.003 1396
1219.173   11614836.438          0.002 1396
1113.636   10948623.626          0.002 1396
 686.893    7626084.826          0.002 1396
 751.161    7136542.840          0.002 1396
 968.046   10552719.220          0.002 1396
 589.712    7947827.726          0.002 1310
   0.000          0.000          0.000 1310
   0.000          0.000          0.000 1311
 213.529    2253203.025          0.001 1311
 150.057    1762027.059          0.000 1353
 215.250    2534256.405          0.001 1353
 281.765    3328590.034          0.001 1353
 615.380    6930513.135          0.001 1353
1048.637   11713766.578          0.003 1353
 671.299    7556936.645          0.002 1353
1152.252   11910766.400          0.003 1353
1490.813   13205869.174          0.003 1353
1358.444   14713353.833          0.003 2146
1076.161   11991335.705          0.002 2146
 807.056    9141272.388          0.002 2146
1204.314   14420448.950          0.003 2146
 861.876    9839588.430          0.002 2146
1065.318   12605549.605          0.003 2146
 946.332   11579605.763          0.002 2163
 835.030    9688612.797          0.002 2163
1125.842   11597376.577          0.002 2163
1549.226   18242817.587          0.004 2163
1526.702   16936406.217          0.003 2168
 963.750   10653071.354          0.002 2168
 495.168    6375390.149          0.001 2168
 819.875    9086205.427          0.002 2168
 708.198    9153732.736          0.002 2168
 565.555    7090430.892          0.001 2168
 985.240   10504542.106          0.002 2168
1767.514   20719676.975          0.004 2168
1901.356   18424414.356          0.004 2182
1255.859   11390655.311          0.002 2182
 942.155    9668792.505          0.002 2182
1509.077   15968668.065          0.003 2182
1708.175   18036957.211          0.004 1396
1176.672   11336891.710          0.002 1396
 730.592    8046409.538          0.002 1396
 560.852    6433392.078          0.001 1396
 431.766    4996240.011          0.001 1396
 603.513    6054464.303          0.001 1396
 469.116    4826213.255          0.001 1396
 491.648    5263313.543          0.001 1396
 588.737    8077285.487          0.002 1396
   0.000          0.000          0.000 1352
   0.000          0.000          0.000 1353
  63.589     744029.910          0.000 1353
  84.394     988353.747          0.000 1353
 430.479    4620617.956          0.001 1353
 346.270    3925205.921          0.001 1353
 587.996    6391748.764          0.001 1353
 376.219    4400398.784          0.001 1353
 652.780    7469427.465          0.002 1353
1098.824   10633315.429          0.002 1353
1020.415   10168335.196          0.002 1353
1525.985   15410340.288          0.003 2146
 873.283    9946592.811          0.002 2146
1021.854   11954612.780          0.002 2146
1311.262   14804825.380          0.003 2146
 704.728    8446847.656          0.002 2146
 653.309    7919901.082          0.002 2146
1168.037   12084642.152          0.002 2146
1623.127   16390867.145          0.003 2146
1326.187   12736058.709          0.003 2163
 971.228   10387190.332          0.002 2163
 630.173    7917060.014          0.002 2163
1040.655   11068577.574          0.002 2163
1547.122   18778201.779          0.004 2163
1372.600   15185622.549          0.003 2168
 979.553   10839771.452          0.002 2168
 447.605    5773849.066          0.001 2168
 599.053    7380118.553          0.001 2168
1123.429   13456647.446          0.003 2168
1563.830   17296773.954          0.004 2168
1695.607   17637636.990          0.004 2182
1539.203   16784118.291          0.003 2182
 811.158    8868299.699          0.002 2182
1119.744   12759339.190          0.003 2182
1559.843   16484595.381          0.003 2182
1453.635   14377149.569          0.003 1396
 881.915    9230182.939          0.002 1396
1136.168   13999224.705          0.003 1396
 737.942    8780956.510          0.002 1396
 350.323    4040975.634          0.001 1396
 283.259    3256664.835          0.001 1396
 202.932    2325364.739          0.001 1396
 124.126    1417788.193          0.000 1396
  48.073     548804.837          0.000 1396
   0.000          0.000          0.000 1396
   0.000          0.000          0.000 1397
 388.365    3954738.466          0.001 1353
 767.621   11561815.092          0.003 1353
 888.550   11191945.603          0.003 1353
 907.872    8544333.006          0.002 1353
 693.158    7371617.328          0.002 1353
 540.678    6167521.140          0.001 1353
 941.537   10350709.037          0.002 1353
1368.431   12805474.024          0.003 1353
1599.750   15854290.981          0.003 1353
1793.590   24143476.350          0.005 2146
1200.210   12553146.469          0.003 2146
 619.602    7559114.756          0.002 2146
1145.039   14124547.940          0.003 2146
 985.908   10990908.717          0.002 2146
 998.380   11972229.435          0.002 2146
1361.050   14360213.182          0.003 2146
1555.738   18770528.416          0.004 2163
1393.274   14469683.712          0.003 2163
 925.854   10552807.812          0.002 2163
 549.482    6991908.823          0.001 2163
 738.712    8634094.971          0.002 2163
1066.002   11002787.306          0.002 2163
1657.793   19296548.870          0.004 2163
1409.943   16218912.813          0.003 2168
 857.959   11251567.783          0.002 2168
 876.249    9646745.616          0.002 2168
 822.073    9392694.846          0.002 2168
 994.028   10782602.288          0.002 2168
1327.416   13431954.914          0.003 2168
1645.851   20700544.363          0.004 2182
1243.116   11824363.934          0.002 2182
 697.078    7952098.375          0.002 2182
1046.408   10534248.408          0.002 2182
1600.593   17427755.714          0.004 2182
1469.631   13154401.287          0.003 1396
1214.609   12372662.601          0.003 1396
 621.427    7051127.646          0.002 1396
 609.571    6522239.531          0.001 1396
 533.543    6378377.021          0.001 1396
 551.141    7156942.661          0.002 1396
   0.000          0.000          0.000 1438
   0.000          0.000          0.000 1439
 640.683    7749564.740          0.002 1482
 700.821    7988898.668          0.002 1482
 791.259    9912374.103          0.002 1482
1021.189   11302442.256          0.002 1353
 791.841    8332784.346          0.002 1353
1443.018   14113283.670          0.003 1353
1702.060   16014613.399          0.003 2138
1614.796   16559531.870          0.004 2138
1285.385   12823424.534          0.003 2146
 866.877    9502019.812          0.002 2146
 529.133    6514469.490          0.001 2146
 944.373   12261298.995          0.003 2146
 666.768    7903010.020          0.002 2146
 519.321    6497765.677          0.001 2146
1016.633   10193989.148          0.002 2146
1486.647   16892952.350          0.004 2146
1554.421   21546209.123          0.005 2163
1343.983   17198969.468          0.004 2163
1031.139   13423010.282          0.003 2163
 492.554    6252248.728          0.001 2163
 846.375    9340369.141          0.002 2163
1275.191   13067952.574          0.003 2163
1510.547   14874384.478          0.003 2168
1377.152   12966459.612          0.003 2168
 678.004    7694428.630          0.002 2168
 387.144    4985393.358          0.001 2168
 939.574   11437375.910          0.002 2168
 415.426    5282906.343          0.001 2168
 592.492    6935442.832          0.001 2168
1182.011   11268497.704          0.002 2168
1520.146   19920618.648          0.004 2182
1268.410   13899440.258          0.003 2182
 613.376    7118837.355          0.001 2182
1243.821   13370366.234          0.003 2182
1687.991   20767292.163          0.004 2182
1637.934   16756403.725          0.004 1396
1179.053   12187231.142          0.003 1396
 923.911   10413754.314          0.002 1396
 927.791   10983045.361          0.002 1605
 753.046    8350862.979          0.002 1396
 618.509    9853307.361          0.002 1481
   0.000          0.000          0.000 1481
   0.000          0.000          0.000 1482
 187.985    2114576.556          0.000 1482
 376.443    4363525.680          0.001 1482
 563.804    6775872.824          0.002 1482
 855.868   10836888.748          0.002 1482
1313.809   15780640.939          0.003 1353
1152.954   10769747.922          0.002 1353
1367.690   13280087.062          0.003 1353
1629.841   17209935.037          0.004 2138
1187.905   12030599.399          0.003 2138
1593.422   18721969.449          0.004 2138
1270.466   12914568.417          0.003 2146
 882.786    9845642.196          0.002 2146
 449.330    5543693.597          0.001 2146
 430.811    5388305.077          0.001 2146
 777.155    8712336.553          0.002 2146
1056.877   12335744.386          0.003 2163
1231.619   14215416.665          0.003 2163
 968.746   12802620.139          0.003 2163
 688.251    7942590.361          0.002 2163
1221.785   13608975.801          0.003 2163
 944.087    9361717.471          0.002 2168
 459.795    5584092.745          0.001 2168
 535.430    6365135.658          0.001 2168
 339.785    4319927.834          0.001 2168
 877.571   10527941.687          0.002 2168
1211.318   10698664.272          0.002 2168
1439.853   17074723.060          0.004 2182
1155.410   13649500.061          0.003 2182
 997.417   11276995.410          0.002 2182
 576.737    6719419.397          0.001 2182
1061.218   13127356.753          0.003 2182
1272.723   13747400.618          0.003 2182
1509.130   15463107.819          0.003 2182
1497.500   17445310.943          0.004 1605
1079.889   13989422.053          0.003 1605
1148.496   15131365.233          0.003 1605
 758.524    8438593.475          0.002 1605
 892.169   12882839.641          0.003 1605
 679.469   10265811.663          0.002 1523
 176.441    2049158.266          0.000 1523
   0.000          0.000          0.000 1523
   0.000          0.000          0.000 1524
 523.912    5777951.692          0.001 1565
 745.346   10779461.710          0.002 1565
 900.122   11141975.043          0.003 1482
 982.173   11295977.148          0.003 1565
1015.246   11687598.908          0.003 1565
1590.315   20986022.937          0.005 1565
1412.016   13954742.175          0.003 2138
1286.219   14094366.598          0.003 2138
 859.833    9729874.434          0.002 2138
1269.630   12646319.896          0.003 2138
1355.169   14407432.171          0.003 2146
 811.899    9048488.333          0.002 2146
 374.457    4655509.173          0.001 2146
 601.904    6957680.743          0.001 2146
1131.247   13161291.868          0.003 2146
1420.032   15894148.232          0.003 2146
1285.887   14390787.077          0.003 2163
 811.136    9629934.955          0.002 2163
 699.653    8137831.473          0.002 2163
 429.984    5430848.536          0.001 2163
 820.532    9297997.647          0.002 2163
1294.366   16736921.092          0.004 2163
1203.908   13013452.914          0.003 2168
1069.346   11618691.166          0.002 2168
 323.750    4135604.895          0.001 2168
 689.822    8344356.085          0.002 2168
1151.983   12752955.645          0.003 2168
 969.911   11158921.293          0.002 2182
 715.836    8026058.304          0.002 2182
 720.501    8544960.514          0.002 2182
1112.488   12072275.463          0.003 2182
1276.301   12614072.457          0.003 2182
1467.429   15961161.264          0.004 1605
1054.600   12028037.707          0.003 1605
 906.751   10404982.927          0.002 1605
 618.139    7107493.208          0.002 1605
 409.905    4617717.789          0.001 1605
 569.456    6253676.695          0.001 1605
 362.462    3424455.730          0.001 1564
   0.000          0.000          0.000 1564
   0.000          0.000          0.000 1565
 111.417    1222666.111          0.000 1565
 477.881    5186545.138          0.001 1565
 837.533   10512260.973          0.002 1565
 581.406    6585591.327          0.001 1565
 753.703    8644592.765          0.002 1565
1037.797   11920139.727          0.003 1565
1455.136   16805088.783          0.004 1565
1065.688   10999881.131          0.002 2138
1025.604   11574638.697          0.003 2138
 736.693    8405062.316          0.002 2138
 921.833    9818116.044          0.002 2138
1439.979   19088490.067          0.004 2138
1224.138   13870751.465          0.003 2146
 377.577    4656060.716          0.001 2146
 613.021    7056595.724          0.001 2146
1036.412   11231267.841          0.002 2146
1210.018   11734685.554          0.003 2146
1536.884   17945005.348          0.004 2146
1044.147   11410373.195          0.002 2163
 660.127    7885178.642          0.002 2163
 398.769    5017272.814          0.001 2163
 856.830   10437615.448          0.002 2163
1249.747   15645219.368          0.003 2168
 727.509    8657344.295          0.002 2168
 804.990    9343669.676          0.002 2168
 271.377    3434140.808          0.001 2168
 868.843   12151215.894          0.003 2168
1227.670   14174040.341          0.003 2168
1304.072   15814605.428          0.004 2174
1198.474   13560805.555          0.003 2182
 775.773    9232408.813          0.002 2182
 470.828    5535973.689          0.001 2182
 830.145    9214121.551          0.002 2182
1338.592   15026710.986          0.003 1605
1035.962   11916016.882          0.003 1605
 537.777    6129820.778          0.001 1605
 301.440    3363143.916          0.001 1605
 161.163    1779232.471          0.000 1605
  46.794     513921.681          0.000 1605
   0.000          0.000          0.000 1605
   0.000          0.000          0.000 1606
 277.001    2956779.460          0.001 1565
 236.358    2607904.313          0.001 1565
 366.212    4064779.370          0.001 1565
 642.424    7262455.329          0.002 1565
1029.964   11624683.934          0.003 1565
1395.083   17362762.954          0.004 2138
 729.421    8124768.153          0.002 2138
 716.775    8270444.520          0.002 2138
 623.548    7105189.823          0.002 2138
1065.324   12664792.281          0.003 2138
1408.424   18326602.959          0.004 2146
 693.263    7868162.016          0.002 2146
 312.046    3840461.712          0.001 2146
 757.729    8516273.841          0.002 2146
 806.277    8673873.593          0.002 2146
1457.585   15297417.169          0.003 2146
1065.631   11353270.070          0.002 2163
 669.717    7845315.610          0.002 2163
 877.189   13736352.509          0.003 2163
 580.947    6994639.349          0.001 2163
 823.715    9521250.126          0.002 2163
1173.443   15260924.253          0.003 2168
 618.072    7293819.956          0.002 2168
1031.972   11743069.929          0.003 2168
 683.331    7690874.627          0.002 2168
 951.129   10035355.160          0.002 2168
1121.193   13509689.883          0.003 2174
1253.772   15252327.705          0.003 2182
 625.606    7340296.994          0.002 2182
 925.884   11254432.019          0.002 2182
 943.288   13271697.364          0.003 2182
 393.393    4620076.841          0.001 2182
 639.118    6604634.535          0.001 2182
 595.181    6860939.385          0.001 2182
1143.247   12347785.006          0.003 2182
1260.278   13696217.394          0.003 2191
1101.841   11872799.294          0.003 1605
 732.898    8345840.015          0.002 1605
 671.007    7519576.752          0.002 1605
 629.685    6515995.790          0.002 1605
 554.692    6472925.936          0.002 1605
   0.000          0.000          0.000 1648
   0.000          0.000          0.000 1649
 445.351    5184166.220          0.001 1649
 727.481   11266764.998          0.003 1565
 748.162    8030696.689          0.002 1565
 510.485    5674568.620          0.001 1565
 909.653    9923252.661          0.002 1565
1415.670   18358744.462          0.004 1565
1228.474   12828921.348          0.003 2138
 642.650    7178649.921          0.002 2138
 593.616    6788163.276          0.001 2138
 521.717    5913814.829          0.001 2138
 614.542    6995318.896          0.002 2138
1194.727   15538543.984          0.003 2138
 664.659    7458163.787          0.002 2146
 441.246    5223577.847          0.001 2146
 393.951    4698719.830          0.001 2146
 477.953    5627355.928          0.001 2146
1037.378   11104408.477          0.002 2146
1153.044   12035122.097          0.003 2163
 494.635    5951815.663          0.001 2163
 340.619    4248611.146          0.001 2163
 689.867    7490227.159          0.002 2163
1233.304   14797061.659          0.003 2163
 733.636    8296077.429          0.002 2168
 482.210    5653663.057          0.001 2168
 794.107    9852412.838          0.002 2168
 229.375    2882518.750          0.001 2168
 619.824    6957751.114          0.001 2168
1092.085   11220209.678          0.002 2168
 863.293   10197640.796          0.002 2174
1059.104   14064005.911          0.003 2182
 520.808    6047435.334          0.001 2182
 793.567    8468484.124          0.002 2182
 339.844    3981132.756          0.001 2182
 471.595    5429744.427          0.001 2182
 876.906    9716130.564          0.002 2182
1317.217   14714587.327          0.003 2191
1216.764   17089434.995          0.004 2191
 832.830    9310352.993          0.002 2191
1144.150   13091542.048          0.003 2191
1189.905   12770680.050          0.003 1605
 953.138   11588100.445          0.003 1739
 790.147    9376996.673          0.002 1739
 717.330   10536794.355          0.002 1605
 386.017    4098236.622          0.001 1694
   0.000          0.000          0.000 1694
   0.000          0.000          0.000 1695
 132.149    1469360.204          0.000 1695
 391.751    4684001.034          0.001 1695
 914.634   14690512.646          0.003 1565
 860.683    9241551.377          0.002 1565
1122.228   13958268.539          0.003 1565
1570.494   20167169.387          0.005 2130
1227.597   12840648.978          0.003 2138
 510.672    5723455.864          0.001 2138
 427.979    4821819.122          0.001 2138
 971.780   14140944.242          0.003 2138
1192.401   13088210.417          0.003 2138
1008.151   10965834.196          0.002 2146
 582.546    6404214.006          0.001 2146
 261.612    3195953.444          0.001 2146
 823.429   11591715.110          0.003 2146
1030.690   10701368.661          0.002 2146
1440.565   19662506.103          0.004 2150
1322.397   13566122.904          0.003 2156
 945.829   10381685.611          0.002 2163
 801.335    9071051.612          0.002 2163
 391.478    4749747.109          0.001 2163
 291.670    3601133.954          0.001 2163
 975.144   11230978.941          0.002 2163
 888.926   12546066.278          0.003 2168
 364.249    4280868.949          0.001 2168
 405.074    4786770.789          0.001 2168
 511.115    5656447.773          0.001 2168
1214.313   13072435.832          0.003 2168
 972.774   11184132.656          0.003 2174
1033.957   11520828.546          0.003 2174
 758.592    8112208.935          0.002 2182
 440.277    5082991.760          0.001 2182
 716.329    9670471.498          0.002 2182
 400.385    4608699.177          0.001 2182
 702.665    7881488.594          0.002 2182
1138.237   13098766.175          0.003 2182
 990.353   10778483.983          0.002 2191
 650.152    7257850.046          0.002 2191
1229.408   14376042.680          0.003 2191
1296.244   15345453.046          0.003 2191
1085.954   11608300.782          0.003 1820
 496.117    5624027.773          0.001 1739
 248.153    2734706.785          0.001 1739
   0.000          0.000          0.000 1739
   0.000          0.000          0.000 1740
 689.969    8213865.091          0.002 1779
 741.050    9183347.947          0.002 1695
1213.759   15712770.215          0.004 1695
1059.747   11176306.740          0.003 2130
1205.158   14089072.795          0.003 2130
1319.628   17001390.292          0.004 2138
1015.951   13638075.275          0.003 2138
 373.512    4185121.519          0.001 2138
 380.173    4271061.363          0.001 2138
 804.872    8710731.291          0.002 2138
1125.070   14603565.382          0.003 2146
 511.528    5712816.831          0.001 2146
 593.730    6268614.589          0.001 2146
 920.486   11358335.822          0.003 2150
1099.741   12246597.202          0.003 2150
1334.367   16370118.796          0.004 2156
1271.138   22905000.529          0.005 2163
 700.289    7900800.932          0.002 2163
 266.493    3272195.829          0.001 2163
 624.763    7177289.858          0.002 2163
 826.905    8160293.021          0.002 2168
 281.153    3330459.595          0.001 2168
 192.407    2401094.224          0.000 2168
 761.413    8806638.031          0.002 2168
1156.262   17505098.538          0.004 2174
 616.090    7012047.396          0.002 2174
1147.798   14259906.500          0.003 2182
 350.865    4043082.714          0.001 2182
 268.110    3123111.432          0.001 2182
 327.983    3776971.913          0.001 2182
1106.727   13730074.111          0.003 2182
1360.743   17655959.250          0.004 2191
 697.535    7697097.099          0.002 2191
 979.708   11829510.247          0.003 2191
1271.896   16279602.295          0.004 2191
1227.411   15018005.632          0.003 1820
 649.440    6840455.842          0.002 1820
   0.000          0.000          0.000 1778
   0.000          0.000          0.000 1779
 213.004    2204203.063          0.001 1779
 745.549    8192740.693          0.002 1779
1175.698   15350817.220          0.004 2130
1176.432   14338435.247          0.003 2130
 819.049    8725468.419          0.002 2130
 913.803   10465331.899          0.002 2130
 816.058    8502769.533          0.002 2138
 830.389   11881050.771          0.003 2138
 307.318    3439471.155          0.001 2138
 846.014   10115336.518          0.002 2138
 910.969   10060424.328          0.002 2146
 334.764    3851972.730          0.001 2146
 211.262    2565002.532          0.001 2146
 775.309    9200857.311          0.002 2146
 772.188    9220922.106          0.002 2150
 937.330   10461730.986          0.002 2150
 849.775    9302763.949          0.002 2156
1152.628   12537069.591          0.003 2156
 775.290    8201145.158          0.002 2163
 239.627    2928828.346          0.001 2163
 572.971    6206200.758          0.001 2168
 217.513    2609987.227          0.001 2168
 169.912    2111602.700          0.000 2168
 338.835    3876886.678          0.001 2168
1074.364   10081757.585          0.002 2168
1035.701   11637686.881          0.003 2174
 530.880    5981030.600          0.001 2174
 980.049   11307417.169          0.003 2174
 908.291    9156588.587          0.002 2182
 707.013    7289063.015          0.002 2182
 218.699    2530470.241          0.001 2182
 680.853    7374052.856          0.002 2182
 906.130    9865087.739          0.002 2191
 441.469    4871648.588          0.001 2191
 944.365   10691371.358          0.002 2191
 756.742    7897438.986          0.002 2191
 789.149    8461213.542          0.002 1820
 543.274    5742688.185          0.001 1820
 356.248    3731047.244          0.001 1820
 189.245    1984515.712          0.000 1820
   0.000          0.000          0.000 1820
   0.000          0.000          0.000 1821
 484.062    5086367.953          0.001 1779
1085.990   12765806.368          0.003 1779
 993.871   12831448.504          0.003 2130
 655.895    7290964.904          0.002 2130
1089.022   12265482.086          0.003 2138
 544.874    5902216.468          0.001 2138
 267.673    2991259.374          0.001 2138
 830.347    9631595.080          0.002 2138
1204.570   16037300.827          0.004 2146
 694.672    7526711.783          0.002 2146
 166.924    2014831.559          0.000 2146
 509.908    5553216.422          0.001 2146
 961.283   11593136.801          0.003 2150
 629.906    7021799.460          0.002 2150
1141.309   16724769.211          0.004 2150
 631.399    6924197.964          0.002 2156
 979.078   11694915.972          0.003 2156
 664.734    8316845.359          0.002 2163
 711.899    7713277.096          0.002 2163
 957.232   11378105.785          0.003 2168
 338.648    3868792.278          0.001 2168
 142.457    1761197.952          0.000 2168
 670.558    8409092.640          0.002 2168
 941.547    9811847.447          0.002 2168
 684.393    7817242.375          0.002 2174
 463.505    5189091.960          0.001 2174
 785.808   10572330.634          0.002 2182
 189.642    2191808.773          0.000 2182
 780.322   10450840.451          0.002 2182
1024.069   10973276.849          0.003 2182
1202.787   12854359.263          0.003 2191
 551.198    6031577.157          0.001 2191
 648.053    7085954.008          0.002 2191
 572.808    6078404.705          0.001 2191
1056.437   12670515.564          0.003 2191
 692.104    7065637.472          0.002 1820
 501.360    4736651.190          0.001 1820
 226.716    2702699.852          0.001 1860
   0.000          0.000          0.000 1860
   0.000          0.000          0.000 1861
 609.682    8113285.694          0.002 1861
 866.797   10026396.543          0.002 1779
1084.179   13754039.125          0.003 1779
 566.353    5955329.928          0.001 2130
 546.070    5845123.787          0.001 2130
 768.608    8233441.365          0.002 2130
 795.874    8717312.774          0.002 2138
 219.877    2453021.798          0.001 2138
 605.491    6444351.703          0.001 2138
1142.291   14882791.159          0.003 2144
 636.329    6039515.526          0.001 2146
 144.239    1737155.358          0.000 2146
 762.274    8758438.597          0.002 2146
 522.531    5897078.461          0.001 2150
 866.515    9483925.040          0.002 2150
 877.907    9500325.318          0.002 2156
 450.561    4914152.221          0.001 2156
 187.646    2272897.168          0.000 2163
 409.180    4518262.520          0.001 2163
 937.014   12334662.313          0.003 2168
 409.690    4474885.263          0.001 2168
 114.493    1410331.694          0.000 2168
 718.455    7714128.309          0.002 2168
1116.844   13126386.278          0.003 2172
 585.790    6475091.978          0.001 2174
 366.356    4065244.672          0.001 2174
 850.783    9239099.137          0.002 2174
1035.090   11936720.189          0.003 2182
 355.513    3994488.813          0.001 2182
 165.693    1913256.601          0.000 2182
 559.692    6000899.051          0.001 2182
 705.694    7589265.282          0.002 2182
1152.645   13546071.269          0.003 2188
1075.888   12540164.045          0.003 2191
 823.834    9251742.830          0.002 2191
 325.011    3534104.943          0.001 2191
 752.571    8034773.602          0.002 2191
1165.514   12992686.627          0.003 1820
1086.148   12662683.047          0.003 1820
 757.815    9745513.508          0.002 1947
 298.578    3135939.470          0.001 1903
   0.000          0.000          0.000 1903
   0.000          0.000          0.000 1904
 163.167    1691649.867          0.000 1904
 582.967    5954953.159          0.001 1904
 839.956    8509389.726          0.002 1904
 816.710    8523022.242          0.002 2130
 347.316    3719711.791          0.001 2130
 400.187    4326495.548          0.001 2130
1039.357   12239050.044          0.003 2130
 755.934    8984772.428          0.002 2138
 628.824    8269000.682          0.002 2138
1142.884   15570685.307          0.004 2138
 717.152    8630869.696          0.002 2144
 600.949    6779154.519          0.002 2146
 129.966    1563484.978          0.000 2146
 620.843    6720580.436          0.002 2146
 863.482   11086087.919          0.003 2150
 338.330    3703492.049          0.001 2150
 524.658    5762259.728          0.001 2150
 487.745    5258265.363          0.001 2156
 605.326    6399041.164          0.001 2156
 521.899    5853419.185          0.001 2163
 157.488    1897909.203          0.000 2163
 296.979    3312482.101          0.001 2163
 888.073   11274258.761          0.003 2163
 516.078    6963836.907          0.002 2168
 551.035    5783206.408          0.001 2168
1030.956   11396929.722          0.003 2172
 832.209   10901780.562          0.003 2174
 305.337    3374790.041          0.001 2174
 740.587    8050096.110          0.002 2174
 997.171   13095150.165          0.003 2182
 518.397    5478064.748          0.001 2182
 138.728    1599899.796          0.000 2182
 465.394    5001339.051          0.001 2182
 906.566    9775896.028          0.002 2188
 816.952    9065868.408          0.002 2188
1019.703   15458741.063          0.004 2188
 252.436    2753998.155          0.001 2191
 796.537    9978056.059          0.002 2191
1127.065   12522620.463          0.003 2197
1146.035   12237582.109          0.003 2197
 758.945    8201406.922          0.002 1947
 167.662    1748226.467          0.000 1947
   0.000          0.000          0.000 1947
   0.000          0.000          0.000 1948
 578.224    6414331.612          0.002 1991
1049.342   13724427.089          0.003 2126
 799.658   11241843.400          0.003 2130
 236.956    2543372.443          0.001 2130
 609.295    6110824.550          0.001 2130
 752.065    9224789.710          0.002 2135
 695.085    7262293.284          0.002 2138
 149.678    1666729.225          0.000 2138
 696.265    7326524.350          0.002 2138
 828.226    8862532.126          0.002 2141
 485.720    5542058.774          0.001 2144
 461.032    4798902.395          0.001 2146
  92.994    1114839.823          0.000 2146
 808.629    9456960.427          0.002 2146
 286.278    3121912.950          0.001 2150
 966.468   11503762.931          0.003 2156
 300.274    3250443.469          0.001 2156
 714.926    8603470.434          0.002 2156
 471.725    4812605.759          0.001 2163
 116.974    1399959.790          0.000 2163
 676.928    8316081.857          0.002 2163
 817.028    9891796.787          0.002 2164
 604.365    6128735.396          0.001 2168
  80.546     987491.146          0.000 2168
 487.513    5147628.433          0.001 2168
 968.785   10182523.636          0.002 2168
 555.954    5932940.293          0.001 2172
 737.711    8357686.070          0.002 2174
 261.040    2878349.868          0.001 2174
 834.780   11419849.250          0.003 2174
 900.597    9194200.466          0.002 2178
 414.828    4402019.737          0.001 2182
 272.399    2957846.693          0.001 2182
1019.539   11513840.384          0.003 2182
 543.885    5875208.947          0.001 2188
 712.927    8061812.576          0.002 2191
 196.452    2138646.652          0.000 2191
 879.478    9673362.397          0.002 2191
 660.343    6869748.388          0.002 2197
 862.503   12302579.925          0.003 1947
 342.300    3484899.382          0.001 1990
   0.000          0.000          0.000 1990
   0.000          0.000          0.000 1991
 204.524    2101636.625          0.001 1991
 712.483    7312384.286          0.002 1991
 732.441    7523414.460          0.002 2126
 606.601    6145484.254          0.001 2130
 202.398    2171339.664          0.001 2130
 822.492   11439117.056          0.003 2130
 509.077    5786026.635          0.001 2135
 702.040    9961605.106          0.002 2135
 109.242    1214975.925          0.000 2138
 671.453    8791925.619          0.002 2138
 542.002    5717607.080          0.001 2141
 320.088    3545964.866          0.001 2144
 669.925    8335452.309          0.002 2144
  68.225     816349.965          0.000 2146
 547.752    6372352.161          0.002 2146
 557.540    5908670.535          0.001 2150
 218.671    2373663.914          0.001 2150
 397.630    4249525.770          0.001 2150
 892.721    9193676.632          0.002 2150
 427.619    4559370.242          0.001 2156
 465.648    4896800.545          0.001 2156
  95.292    1137878.462          0.000 2163
 587.220    7479317.313          0.002 2163
 832.129    9802891.534          0.002 2168
  60.099     734797.944          0.000 2168
 626.257    7677145.973          0.002 2168
 330.735    3484139.287          0.001 2172
 194.030    2132294.687          0.000 2174
 412.479    4391779.407          0.001 2174
 651.312    6735046.796          0.002 2178
 629.171    6471757.002          0.002 2178
 777.066    8955521.565          0.002 2182
  86.122     991205.028          0.000 2182
 676.270    7105092.118          0.002 2182
 939.508   11418063.466          0.003 2186
 440.868    4698214.779          0.001 2188
 716.012   13759506.542          0.003 2191
 146.448    1591324.234          0.000 2191
 440.244    4657735.899          0.001 2191
 672.665    6779825.373          0.002 2193
 757.769    8888343.186          0.002 2197
 424.584    4409016.833          0.001 2197
 714.686    8209258.913          0.002 2035
   0.000          0.000          0.000 2035
   0.000          0.000          0.000 2036
 563.980    9110319.385          0.002 2036
 306.778    3186919.843          0.001 2126
 610.514    6598662.570          0.002 2126
 120.049    1286949.247          0.000 2130
 673.472    8933257.610          0.002 2133
 273.716    2929931.355          0.001 2135
  63.418     704598.992          0.000 2138
 638.149    8817971.372          0.002 2138
 229.064    2507626.564          0.001 2144
 517.315    6142286.968          0.001 2146
 656.415    7781731.078          0.002 2146
 351.894    3612610.077          0.001 2150
 145.339    1571705.363          0.000 2150
 698.559   10122556.341          0.002 2152
 649.498    7405774.106          0.002 2154
 140.116    1506406.391          0.000 2156
 636.232    7467006.639          0.002 2158
 734.273    8893177.746          0.002 2159
  63.831     760015.620          0.000 2163
 352.147    3703829.290          0.001 2164
 639.306    9206870.542          0.002 2168
  42.695     520785.177          0.000 2168
 668.222   10700110.039          0.003 2168
 233.128    2445376.215          0.001 2172
 385.019    3985498.687          0.001 2174
 118.502    1295827.850          0.000 2174
 455.104    4711056.655          0.001 2174
 309.664    3198172.252          0.001 2178
 652.340    9073719.368          0.002 2181
  55.793     640797.048          0.000 2182
 589.355    6268536.928          0.002 2185
 535.764    5412241.074          0.001 2186
 236.212    2497338.488          0.001 2188
 507.182    5227199.140          0.001 2191
 101.571    1101985.263          0.000 2191
 308.721    3157647.551          0.001 2193
 622.274    8605086.049          0.002 2194
 648.953    6844477.898          0.002 2197
 224.071    2322647.609          0.001 2197
 576.907    8194545.559          0.002 2077
   0.000          0.000          0.000 2077
   0.000          0.000          0.000 2078
 306.163    3029876.853          0.001 2124
 168.481    1739767.507          0.000 2126
 370.979    3844234.353          0.001 2128
  60.250     644898.350          0.000 2130
 441.767    4636040.430          0.001 2132
 327.549    3232669.469          0.001 2134
 160.032    1692233.252          0.000 2135
 283.382    2816227.384          0.001 2137
 420.485    5894256.152          0.001 2139
 374.601    4647915.476          0.001 2140
 173.192    1789422.924          0.000 2141
 360.438    3566011.168          0.001 2143
 126.806    1368425.755          0.000 2144
  19.369     230600.454          0.000 2146
 300.505    3020179.250          0.001 2148
  56.074     602620.272          0.000 2150
 212.099    2132584.250          0.001 2152
 198.836    1973559.665          0.000 2154
  49.497     529891.195          0.000 2156
 433.628    4577302.498          0.001 2157
 241.560    2539161.413          0.001 2159
 334.815    3243220.626          0.001 2161
  25.937     307821.942          0.000 2163
 185.960    1929131.868          0.000 2164
 317.380    3376907.372          0.001 2166
  18.400     223516.358          0.000 2168
 280.481    2865227.694          0.001 2170
 124.761    1301047.096          0.000 2172
  55.339     602478.684          0.000 2174
 336.916    3425912.926          0.001 2176
 122.258    1256430.260          0.000 2178
 336.520    3334507.165          0.001 2180
  23.126     265488.693          0.000 2182
 349.918    3477829.317          0.001 2184
 159.916    1603437.534          0.000 2186
 110.566    1159540.815          0.000 2188
 422.818    5181099.514          0.001 2191
  38.857     421027.518          0.000 2191
 149.835    1529482.025          0.000 2193
 338.791    3350941.396          0.001 2195
 103.490    1069091.264          0.000 2197
 502.887    5587316.731          0.001 2199
   0.000          0.000          0.000 2121
   0.000          0.000          0.000 2122
   0.000          0.000          0.000 2123
   0.000          0.000          0.000 2124
   0.000          0.000          0.000 2125
   0.000          0.000          0.000 2126
   0.000          0.000          0.000 2127
   0.000          0.000          0.000 2128
   0.000          0.000          0.000 2129
   0.000          0.000          0.000 2130
   0.000          0.000          0.000 2131
   0.000          0.000          0.000 2132
   0.000          0.000          0.000 2133
   0.000          0.000          0.000 2134
   0.000          0.000          0.000 2135
   0.000          0.000          0.000 2136
   0.000          0.000          0.000 2137
   0.000          0.000          0.000 2138
   0.000          0.000          0.000 2139
   0.000          0.000          0.000 2140
   0.000          0.000          0.000 2141
   0.000          0.000          0.000 2142
   0.000          0.000          0.000 2143
   0.000          0.000          0.000 2144
   0.000          0.000          0.000 2145
   0.000          0.000          0.000 2146
   0.000          0.000          0.000 2147
   0.000          0.000          0.000 2148
   0.000          0.000          0.000 2149
   0.000          0.000          0.000 2150
   0.000          0.000          0.000 2151
   0.000          0.000          0.000 2152
   0.000          0.000          0.000 2153
   0.000          0.000          0.000 2154
   0.000          0.000          0.000 2155
   0.000          0.000          0.000 2156
   0.000          0.000          0.000 2157
   0.000          0.000          0.000 2158
   0.000          0.000          0.000 2159
   0.000          0.000          0.000 2160
   0.000          0.000          0.000 2161
   0.000          0.000          0.000 2162
   0.000          0.000          0.000 2163
   0.000          0.000          0.000 2164
   0.000          0.000          0.000 2165
   0.000          0.000          0.000 2166
   0.000          0.000          0.000 2167
   0.000          0.000          0.000 2168
   0.000          0.000          0.000 2169
   0.000          0.000          0.000 2170
   0.000          0.000          0.000 2171
   0.000          0.000          0.000 2172
   0.000          0.000          0.000 2173
   0.000          0.000          0.000 2174
   0.000          0.000          0.000 2175
   0.000          0.000          0.000 2176
   0.000          0.000          0.000 2177
   0.000          0.000          0.000 2178
   0.000          0.000          0.000 2179
   0.000          0.000          0.000 2180
   0.000          0.000          0.000 2181
   0.000          0.000          0.000 2182
   0.000          0.000          0.000 2183
   0.000          0.000          0.000 2184
   0.000          0.000          0.000 2185
   0.000          0.000          0.000 2186
   0.000          0.000          0.000 2187
   0.000          0.000          0.000 2188
   0.000          0.000          0.000 2189
   0.000          0.000          0.000 2190
   0.000          0.000          0.000 2191
   0.000          0.000          0.000 2192
   0.000          0.000          0.000 2193
   0.000          0.000          0.000 2194
   0.000          0.000          0.000 2195
   0.000          0.000          0.000 2196
   0.000          0.000          0.000 2197
   0.000          0.000          0.000 2198
   0.000          0.000          0.000 2199
   0.000          0.000          0.000 2200
   0.000          0.000          0.000 2201
 496.665    5111581.732          0.001   72
 698.033    9260622.720          0.002    7
 339.359    3687506.615          0.001  491
 189.961    2077827.069          0.000  491
 457.954    4781950.487          0.001   26
 430.609    4651848.740          0.001 2182
 357.758    3894305.668          0.001 1003
 103.855    1240117.246          0.000 1003
 246.941    2770825.536          0.001 1003
 447.492    4705494.156          0.001   15
 443.985    4958706.066          0.001 2163
 349.016    3830332.797          0.001 2191
 380.550    4182712.157          0.001 2138
 663.576    7006760.348          0.002 2172
 911.582   10808165.344          0.002   26
 703.055    7758713.483          0.002   26
 234.794    2845799.120          0.001 1003
 474.479    5454432.586          0.001 1003
 453.040    5210565.254          0.001 1396
 715.319    7917840.879          0.002 1396
 421.712    4853245.997          0.001 1396
 824.945    9381655.758          0.002 1396
 601.066    6549263.220          0.001   35
 297.185    3598349.651          0.001   35
 690.182    8527283.181          0.002   35
 840.660    9513120.956          0.002 2182
 805.125    9162340.653          0.002 2182
1035.848   12558827.248          0.003 1353
 827.063    8592303.307          0.002   52
1504.037   14868188.669          0.003 1003
 452.365    5062897.989          0.001 2163
 468.614    5956170.460          0.001 2168
 782.454    8415652.573          0.002   65
1381.292   13445201.224          0.003 2146
 983.636   10557011.355          0.002 2168
1119.503   13334712.154          0.003 2168
 609.597    7750795.737          0.002 2163
 633.163    8045932.800          0.002 2163
 840.601    9535311.795          0.002   60
 487.256    5654895.395          0.001   60
1624.935   14304014.263          0.003   60
1712.785   18278222.058          0.004   60
1844.665   17969216.009          0.004 1353
 844.722    9342947.921          0.002 2168
1119.458   11924267.937          0.002 2168
 595.976    6769830.317          0.002   15
 758.177    8250606.405          0.002   35
2113.446   22479681.554          0.004 2168
2008.775   18577080.066          0.004 2168
2206.387   19744847.973          0.004   41
1920.766   20438451.106          0.004   41
1858.814   19161173.192          0.004 1003
2016.629   17627784.390          0.003 2146
1430.942   11849752.521          0.002 2182
