   0.000          0.000          0.000    1
   0.000          0.000          0.000    2
   0.000          0.000          0.000    3
   0.000          0.000          0.000    4
   0.000          0.000          0.000    5
   0.000          0.000          0.000    6
   0.000          0.000          0.000    7
   0.000          0.000          0.000    8
   0.000          0.000          0.000    9
   0.000          0.000          0.000   10
   0.000          0.000          0.000   11
   0.000          0.000          0.000   12
   0.000          0.000          0.000   13
   0.000          0.000          0.000   14
   0.000          0.000          0.000   15
   0.000          0.000          0.000   16
   0.000          0.000          0.000   17
   0.000          0.000          0.000   18
   0.000          0.000          0.000   19
   0.000          0.000          0.000   20
   0.000          0.000          0.000   21
   0.000          0.000          0.000   22
   0.000          0.000          0.000   23
   0.000          0.000          0.000   24
   0.000          0.000          0.000   25
   0.000          0.000          0.000   26
   0.000          0.000          0.000   27
   0.000          0.000          0.000   28
   0.000          0.000          0.000   29
   0.000          0.000          0.000   30
   0.000          0.000          0.000   31
   0.000          0.000          0.000   32
   0.000          0.000          0.000   33
   0.000          0.000          0.000   34
   0.000          0.000          0.000   35
   0.000          0.000          0.000   36
   0.000          0.000          0.000   37
   0.000          0.000          0.000   38
   0.000          0.000          0.000   39
   0.000          0.000          0.000   40
   0.000          0.000          0.000   41
   0.000          0.000          0.000   42
   0.000          0.000          0.000   43
   0.000          0.000          0.000   44
   0.000          0.000          0.000   45
   0.000          0.000          0.000   46
   0.000          0.000          0.000   47
   0.000          0.000          0.000   48
   0.000          0.000          0.000   49
   0.000          0.000          0.000   50
   0.000          0.000          0.000   51
   0.000          0.000          0.000   52
   0.000          0.000          0.000   53
   0.000          0.000          0.000   54
   0.000          0.000          0.000   55
   0.000          0.000          0.000   56
   0.000          0.000          0.000   57
   0.000          0.000          0.000   58
   0.000          0.000          0.000   59
   0.000          0.000          0.000   60
   0.000          0.000          0.000   61
   0.000          0.000          0.000   62
   0.000          0.000          0.000   63
   0.000          0.000          0.000   64
   0.000          0.000          0.000   65
   0.000          0.000          0.000   66
   0.000          0.000          0.000   67
   0.000          0.000          0.000   68
   0.000          0.000          0.000   69
   0.000          0.000          0.000   70
   0.000          0.000          0.000   71
   0.000          0.000          0.000   72
   0.000          0.000          0.000   73
   0.000          0.000          0.000   74
   0.000          0.000          0.000   75
   0.000          0.000          0.000   76
   0.000          0.000          0.000   77
   0.000          0.000          0.000   78
   0.000          0.000          0.000   79
   0.000          0.000          0.000   80
   0.000          0.000          0.000   81
 789.333   12457570.857          0.003    5
 181.797    1753703.497          0.000    5
 105.523    1090256.552          0.000    7
 363.629    3336070.628          0.001    8
 131.600    1345949.653          0.000   10
 238.415    2249478.679          0.001   12
 294.716    2931520.544          0.001   13
  41.672     456457.269          0.000   15
 265.870    2619208.943          0.001   17
 520.548    5227058.106          0.001   19
  66.030     694159.853          0.000   20
 745.583    8462799.156          0.002   20
 228.233    2331388.143          0.001   24
  32.242     364454.092          0.000   26
 675.210    7617976.516          0.002   26
 149.976    1552999.860          0.000   30
 308.750    3044802.281          0.001   32
 471.373    4803316.624          0.001   35
  21.854     251022.809          0.000   35
 189.525    1825929.139          0.000   37
 713.074    8296191.005          0.002   41
  26.640     303389.392          0.000   41
 224.351    2278121.053          0.001   43
 231.135    2279589.879          0.001   45
  41.245     453291.578          0.000   47
 203.100    2042854.628          0.001   49
 334.361    3041279.992          0.001   51
  32.759     376686.604          0.000   52
 211.078    1834066.941          0.001   54
 119.181    1229701.514          0.000   56
 207.044    2423536.532          0.001   58
  29.567     332187.201          0.000   60
  51.916     584234.865          0.000   60
 232.037    2277370.199          0.001   63
  50.036     544321.087          0.000   65
 674.399    9316808.621          0.002   65
 122.014    1240213.045          0.000   69
 427.649    4231101.075          0.001   72
  78.601     830027.711          0.000   72
 250.596    2480567.386          0.001   74
 147.696    1445671.430          0.000   76
 305.929    2799673.769          0.001   78
   0.000          0.000          0.000  124
   0.000          0.000          0.000  125
 475.402    4692320.851          0.001  125
 502.516    4939134.175          0.001    5
 236.263    2462609.213          0.001    7
 288.110    2961236.035          0.001   10
 666.995    6813622.675          0.002   10
 666.741    6560516.682          0.002   12
 411.721    4187281.877          0.001   15
 706.177    7559580.471          0.002   17
 156.347    1657724.440          0.000   20
 722.115    9584917.925          0.002   20
 774.194    9048637.468          0.002   24
 452.273    4526921.136          0.001   26
  58.170     658475.306          0.000   26
 394.564    4078954.113          0.001   30
 511.624    5241280.723          0.001   35
  53.641     617600.526          0.000   35
 352.819    3683591.252          0.001   35
 710.570    7201043.382          0.002   37
 597.087    7692615.835          0.002   41
  54.045     616658.993          0.000   41
 426.616    4386365.452          0.001   43
 484.951    4697804.990          0.001   45
  98.612    1090642.363          0.000   47
 392.234    3966033.806          0.001   49
 598.111    6060490.485          0.002   49
  59.543     685245.969          0.000   52
 189.101    1954583.349          0.000   56
 491.076    4988772.671          0.001   56
 622.086    5921514.206          0.001   60
  72.140     812541.141          0.000   60
 672.967    8405682.489          0.002   63
  96.155    1049298.292          0.000   65
 650.346    8602462.832          0.002   65
 245.412    2509777.573          0.001   69
 662.167   10215361.340          0.003   69
 149.517    1583543.072          0.000   72
 774.392    8347433.146          0.002   74
 314.196    3113168.067          0.001   76
 564.945    5590226.170          0.001   76
 232.604    2390567.218          0.001  166
   0.000          0.000          0.000  166
   0.000          0.000          0.000  167
 541.199    5380172.848          0.001  167
 869.612    9466779.758          0.002    7
 378.808    3982109.809          0.001    7
 522.007    5464155.599          0.001   10
 872.356   10750006.320          0.003   10
 700.497    7976529.677          0.002   15
 112.382    1233058.760          0.000   15
 766.596   11989238.571          0.003   20
 447.300    4802095.463          0.001   20
 553.260    5768927.771          0.001   20
 887.363   11330148.112          0.003   26
 343.579    4321148.922          0.001   26
  85.284     966907.773          0.000   26
 455.483    4711647.386          0.001   26
 495.238    5337034.888          0.001   30
 498.087    5141118.093          0.001   35
  80.748     930867.733          0.000   35
 215.137    2329161.390          0.001   35
 615.964    8533930.616          0.002   35
 962.518   10743611.034          0.003   35
 677.477    7090821.511          0.002   41
  95.980    1097946.134          0.000   41
 460.406    5239767.107          0.001   41
 597.431    7338659.924          0.002   47
 852.224   10954906.642          0.003   49
  89.699    1035497.264          0.000   52
 564.814    6875772.449          0.002   52
 753.156   10286199.473          0.002   52
 330.783    3442690.663          0.001   56
 585.773    7225268.617          0.002   60
 357.701    3750786.584          0.001   65
 137.000    1498671.927          0.000   65
 696.656    9434863.550          0.002   65
 456.179    4711646.552          0.001   69
 739.947    8141575.697          0.002   72
 215.325    2288441.207          0.001   72
 922.855   11990533.393          0.003   72
 964.643   10219901.886          0.002   76
 896.892   12136802.024          0.003  166
 421.740    3936633.712          0.001  208
   0.000          0.000          0.000  208
   0.000          0.000          0.000  209
 640.192   10918573.883          0.003  209
 902.780   10585275.327          0.003  250
 621.606    6573902.792          0.002    7
 926.974   11483434.528          0.003    7
 946.776   10962221.326          0.003   15
 299.897    3237259.493          0.001   15
 165.386    1822514.771          0.000   15
 883.424   12974501.826          0.003   20
 342.310    3682311.699          0.001   20
 721.252    8302378.645          0.002   20
 859.932    9638852.679          0.002   20
 109.408    1242226.805          0.000   26
 367.483    3920360.123          0.001   26
 758.793    8500120.338          0.002   30
 584.334    6113819.163          0.001   35
 108.144    1249085.898          0.000   35
 640.951    6669448.975          0.002   35
1084.954   11811981.048          0.003   41
 677.372    7198839.970          0.002   41
 127.836    1464255.764          0.000   41
 620.957    6086709.331          0.001   41
 654.941    6782953.765          0.002   47
 171.618    1912162.283          0.000   47
 624.371    6817497.339          0.002   47
 478.192    5036821.351          0.001   52
 126.769    1467384.174          0.000   52
 253.508    2760380.258          0.001   52
 704.368    7339569.846          0.002   56
 502.198    5264677.359          0.001   56
 802.033    8077024.218          0.002   60
 301.380    3191650.215          0.001   60
 141.364    1598656.023          0.000   60
 195.374    2142771.791          0.000   65
 860.541    9657606.340          0.002   65
 777.519    8161520.390          0.002   69
 545.422    5746435.792          0.001   72
 512.655    5361914.848          0.001   72
 966.166   12319859.616          0.003  293
 584.377    5854728.307          0.001  293
   0.000          0.000          0.000  249
   0.000          0.000          0.000  250
 255.133    2696551.449          0.001  250
 944.901   11745123.408          0.003  250
 899.241    9558186.432          0.002    7
 819.440    9101627.949          0.002    7
1166.003   12750184.763          0.003   10
 728.063    7777449.015          0.002   15
 623.862    9251645.962          0.002   15
 224.651    2482590.810          0.001   15
 835.722    8713164.112          0.002   20
 914.258   12264528.515          0.003   20
 618.291    6478988.012          0.001   26
 294.939    3250825.323          0.001   26
 163.544    1864769.009          0.000   26
 241.447    2687032.295          0.001   26
 614.416    6561774.834          0.002   26
 961.197   13389112.452          0.003   26
 890.831   10050365.746          0.002   35
 580.760    6441016.725          0.001   35
 127.121    1470408.443          0.000   35
 706.815    7905208.614          0.002   35
1088.357   13269185.773          0.003   35
 783.445    8432570.737          0.002   41
 164.742    1891342.930          0.000   41
 612.600    6839565.380          0.002   47
 238.485    2675836.947          0.001   47
 819.106   11414823.693          0.003   47
 613.822    6658868.500          0.002   52
 386.452    4219734.441          0.001   52
1026.246   11020567.852          0.003   56
 866.460    9416661.640          0.002   56
 525.911    5292255.457          0.001   60
 400.273    4934265.526          0.001   60
 206.153    2343025.795          0.001   60
 667.426    8822088.533          0.002   65
 280.403    3091709.905          0.001   65
 400.219    4380348.392          0.001   65
 973.671   10881441.264          0.003   72
 403.367    4335468.573          0.001   72
 696.115    7456025.298          0.002   72
 981.641   11279437.325          0.003  293
 395.539    4073627.574          0.001  293
 129.708    1356340.739          0.000  293
   0.000          0.000          0.000  293
   0.000          0.000          0.000  294
 571.352    6080450.955          0.001  250
 889.501    9487783.347          0.002  250
1006.167   10652724.673          0.002  450
 955.332   10240279.024          0.002  450
 956.713   10135730.704          0.002   15
 539.558    5794324.998          0.001   15
 272.400    3016401.572          0.001   15
 774.558    8488615.060          0.002   15
 592.513    6481567.524          0.002   20
 660.976    6967461.285          0.002   26
 346.336    3856183.708          0.001   26
 632.340   10410282.492          0.002   26
 395.997    4393358.527          0.001   26
1003.751   11568164.984          0.003   26
 441.716    4757114.674          0.001   35
 166.142    1929240.172          0.000   35
 321.230    3645809.941          0.001   35
 842.505    9105374.644          0.002   35
 780.530    8837909.916          0.002   41
 186.330    2142183.208          0.000   41
 641.949    6689851.026          0.002   41
 741.728    8307731.873          0.002   47
 287.979    3248357.772          0.001   47
 183.996    2137429.092          0.000   52
 791.209   10261325.948          0.002   52
 725.467    8074024.724          0.002   52
1239.881   13253267.169          0.003   60
 946.873   10011249.179          0.002   60
 751.816   10452844.206          0.002   60
 659.898    7010008.001          0.002   60
 773.304    9643554.177          0.002   65
 519.211    5724812.724          0.001   65
 884.890    9593682.498          0.002   65
1089.495   11943994.029          0.003   72
 476.457    5134790.401          0.001   72
 888.038   11225885.022          0.003   72
1068.676   11613587.877          0.003   72
 741.911    7386199.025          0.002  293
 623.763    8560132.243          0.002  334
   0.000          0.000          0.000  334
   0.000          0.000          0.000  335
 543.815    5978953.668          0.001  335
 737.209    7869127.066          0.002  450
 530.291    5763774.861          0.001  450
1021.883   10784702.332          0.002  450
 945.508   10231442.694          0.002   15
 722.431    7673266.370          0.002   15
 337.335    3744475.794          0.001   15
 665.116    7208002.479          0.002   15
1054.837   11865894.569          0.003   15
 782.220    8643373.655          0.002   20
1052.624   12572351.236          0.003   26
 601.078    6615011.800          0.001   26
 219.566    2514573.146          0.001   26
 465.188    5093993.913          0.001   26
 536.183    5950872.113          0.001   26
1128.461   13391052.851          0.003   35
 416.007    4683281.219          0.001   35
1161.072   13724701.245          0.003   41
 812.773    9408777.504          0.002   41
 219.541    2529334.825          0.001   41
 449.743    4916003.527          0.001   41
 355.341    4040674.663          0.001   47
 554.613    6240806.331          0.001   47
 503.117    5505427.316          0.001   52
 534.741    5913369.284          0.001   52
1071.343   12108715.776          0.003   52
1052.256   12245971.898          0.003   60
 528.583    5959133.940          0.001   60
 278.349    3178296.707          0.001   60
 403.483    4460242.046          0.001   65
1031.896   12110715.053          0.003   65
 689.508    7464475.903          0.002   72
 943.201   10304757.716          0.002   72
 673.995    7909828.043          0.002  371
 108.511    1158916.266          0.000  371
   0.000          0.000          0.000  371
   0.000          0.000          0.000  372
 739.339    9223665.944          0.002  450
 348.503    3796345.820          0.001  450
1042.816   11983593.803          0.003  450
1003.259   11070099.301          0.003  450
1226.016   13362319.378          0.003   15
 665.361    7413015.576          0.002   15
 385.598    4286493.848          0.001   15
 910.919   11047936.880          0.002   15
 953.810   10607181.223          0.002   20
1151.291   13139177.192          0.003   26
 719.957    9690403.644          0.002   26
 673.340    7985798.357          0.002   26
 858.647    9569850.707          0.002   26
 807.612    9015713.951          0.002   35
 213.982    2497745.410          0.001   35
 724.205   10703482.481          0.002   35
 920.950   10065801.557          0.002   35
 760.952    8012530.021          0.002   41
 253.660    2929393.456          0.001   41
 943.451   12752193.550          0.003   47
 402.675    4608557.601          0.001   47
 906.576   11906437.670          0.003   47
 752.480   14113730.864          0.003   52
 244.947    2855290.884          0.001   52
 540.504    5981141.477          0.001   52
1199.884   13813587.644          0.003   52
1069.215   11161498.860          0.002   60
 656.063    7212763.910          0.002   60
 354.659    4068110.430          0.001   60
 453.974    5120490.486          0.001   60
 843.930   11181794.731          0.003   60
 700.192    7329391.567          0.002   65
 999.663   10025408.085          0.002   65
1220.340   13282134.776          0.003   72
1042.118   11161824.860          0.003   72
1103.012   13297558.285          0.003  489
 818.608    9110013.045          0.002  489
 810.675    8347510.736          0.002  371
 319.377    3421571.058          0.001  371
   0.000          0.000          0.000  412
   0.000          0.000          0.000  413
 322.422    3421263.891          0.001  450
 221.802    2423342.646          0.001  450
 810.109    8964111.453          0.002  450
 710.567    7831777.811          0.002  450
 940.174   10350154.145          0.002   15
 477.263    5319983.424          0.001   15
 760.640    8304242.885          0.002   15
 865.918   10255598.054          0.002   26
 275.621    3167423.123          0.001   26
 915.399   10103393.657          0.002   26
 893.961    9891447.952          0.002   26
 543.239    6053396.511          0.001   35
 336.072    3872529.604          0.001   35
 850.937    9047333.592          0.002   35
1301.458   15123718.462          0.003   41
 955.767   10205294.349          0.002   41
 284.951    3298061.862          0.001   41
 852.624   10908211.617          0.002   41
 510.433    5954245.990          0.001   47
 851.604    9435711.889          0.002   47
 938.930    9984501.894          0.002   52
 306.934    3598919.621          0.001   52
 307.664    3587157.724          0.001   52
 760.355    8498260.845          0.002   52
1127.312   11582417.256          0.003   52
1369.290   16341186.255          0.004   60
 653.845    7362229.243          0.002   60
 860.557    9224415.702          0.002   60
 537.168    5938797.694          0.001   65
1090.883   11830960.805          0.003   65
1455.295   17869012.647          0.004  489
 899.199   10399257.656          0.002  489
1061.697   16592395.266          0.004  489
 565.963    6274508.051          0.001  489
 719.292    8090324.848          0.002  489
   0.000          0.000          0.000  449
   0.000          0.000          0.000  450
  44.359     482498.400          0.000  450
 108.889    1186124.124          0.000  450
 579.545    6218379.857          0.001  450
 378.426    4152192.668          0.001  450
1005.343   11287170.914          0.003  450
1404.159   19476922.937          0.004  450
1086.169   12738768.643          0.003   15
 544.805    6084653.158          0.001   15
 732.539    8285396.811          0.002   15
1114.802   11781769.721          0.003   15
 962.108    9168322.815          0.002   26
 651.370    6743088.601          0.001   26
 307.166    3536065.081          0.001   26
 873.351   10644886.131          0.002   26
 597.699    6527933.189          0.001   35
 275.156    3236672.491          0.001   35
 488.744    5590154.829          0.001   35
 826.936    9106826.748          0.002   35
 557.114    6308827.934          0.001   41
 330.485    3839644.171          0.001   41
 881.791   11599676.377          0.003   41
 559.476    6578417.593          0.001   47
 702.700    8428640.029          0.002   47
 863.185    9513318.664          0.002   52
 745.662    8180425.374          0.002   52
1232.422   15700896.143          0.003   52
1452.349   15211568.278          0.003   52
1090.002   15546316.965          0.003   60
 438.926    5061153.171          0.001   60
 984.384   11931593.398          0.003   60
 614.610    6789061.464          0.002   65
1218.207   14007094.293          0.003   65
1116.370   12339345.474          0.003  489
 609.598    6882368.752          0.002  489
 434.744    4857531.890          0.001  489
 263.376    2908091.324          0.001  489
 123.044    1349610.485          0.000  489
  51.723     565068.533          0.000  489
   0.000          0.000          0.000  489
   0.000          0.000          0.000  490
 319.590    3437155.319          0.001  450
 940.021   14193633.929          0.003  450
 886.104   11453376.259          0.003  450
 687.705    7560080.159          0.002  450
 501.913    5521710.901          0.001  450
 804.556    8910850.466          0.002  450
1408.672   17203417.129          0.004  450
 901.651   10042698.841          0.002   15
 775.595    8716033.236          0.002   15
1292.411   16358141.491          0.004   15
 975.185   10788244.546          0.002   26
 712.588    8065625.933          0.002   26
 359.350    4150169.060          0.001   26
 548.381    6236660.164          0.001   26
1116.475   13233984.438          0.003   26
 969.399   10193643.993          0.002   35
 563.731    6400128.607          0.001   35
 691.755    8409786.959          0.002   35
 682.161    7858123.839          0.002   35
 643.867    7325228.816          0.002   35
 970.703   10633625.950          0.002   35
1116.209   12635855.442          0.003   41
 648.187    7088552.418          0.002   41
 361.038    4203609.654          0.001   41
 680.383    6946951.641          0.002   41
1101.866   13036837.537          0.003   41
 847.891   10368165.664          0.002   47
 380.813    4492163.947          0.001   52
 410.670    4800447.420          0.001   52
 987.479   11283645.611          0.002   52
1315.465   14918250.293          0.003   52
1076.021   11512992.333          0.003   60
 850.965    9346012.002          0.002   60
 589.328    6784521.492          0.001   60
 980.375   11237399.826          0.002   60
 907.182    9751108.825          0.002   65
 801.696    8718631.949          0.002   65
1475.396   18478857.765          0.004  489
 905.886   10441605.592          0.002  489
 754.109    8563862.808          0.002  489
 840.281   12007125.131          0.003  489
 662.483    8232104.079          0.002  489
 523.581    5961061.538          0.001  489
 352.532    4482461.626          0.001  489
   0.000          0.000          0.000  535
   0.000          0.000          0.000  536
 562.780    6009799.661          0.001  536
 898.554    9766115.082          0.002  620
1028.395   14168017.878          0.003  620
1065.321   11688306.054          0.003  450
1214.674   13427719.056          0.003   15
 756.195    8412955.167          0.002   15
1268.068   14459236.767          0.003   15
1385.261   18410602.588          0.004   26
 869.299   10028863.382          0.002   26
 385.702    4461555.180          0.001   26
 901.086   11153748.384          0.002   26
1158.694   12925656.521          0.003   26
 932.731   10335250.175          0.002   35
 352.849    4186398.613          0.001   35
 875.061   11666128.965          0.003   35
1022.737   12050673.100          0.003   35
1012.387   10957544.601          0.002   35
 932.966   10545062.229          0.002   41
 410.618    4797918.155          0.001   41
1116.721   13711301.845          0.003   41
 693.137    8337870.570          0.002   47
 711.613    7656857.767          0.002   52
 480.290    5625622.138          0.001   52
1022.580   11121090.918          0.002   52
1409.721   16364432.544          0.004   52
1289.587   14783341.043          0.003   60
 763.230    8708712.688          0.002   60
 540.541    6272332.996          0.001   60
1109.644   13647200.403          0.003   60
1350.426   16160760.362          0.004   65
1004.842   10661248.758          0.002   65
1164.283   11971244.658          0.003   65
1404.584   18540136.715          0.004  489
 901.582   10261097.264          0.002  619
 707.957    7974836.374          0.002  619
 746.968    8282544.673          0.002  619
 553.528    7472288.516          0.002  619
   0.000          0.000          0.000  574
   0.000          0.000          0.000  575
 523.746    6364965.923          0.001  620
 544.257    5862016.662          0.001  620
 617.256    6809364.025          0.002  620
 765.855    8759994.127          0.002  620
 993.450   12138399.294          0.003  620
 887.182   10510368.851          0.002  620
1320.090   15498843.311          0.003  620
1122.868   12782426.997          0.003   15
 959.997   10355045.534          0.002   15
1326.416   15444940.648          0.003   15
1226.496   13634747.764          0.003   26
 664.943    7631032.682          0.002   26
 495.154    5737196.706          0.001   26
 564.098    6468564.204          0.001   26
 997.829   10599056.477          0.002   26
1332.801   16346636.768          0.004   35
 740.363    8667561.750          0.002   35
 469.336    5576709.535          0.001   35
 677.841    7806274.524          0.002   35
1006.077   11444118.892          0.003   35
1168.067   12340970.110          0.003   41
 455.587    5339684.494          0.001   41
 625.013    6968710.032          0.002   41
1222.047   16951403.517          0.004   41
 982.779   11754694.598          0.003   47
1265.196   19872242.413          0.004   47
 452.288    5362719.922          0.001   52
 540.656    6349023.000          0.001   52
 715.049    8187961.398          0.002   52
 886.325    9851719.646          0.002   52
1300.815   13432701.627          0.003   52
1267.773   13291056.438          0.003   60
1174.000   14034487.568          0.003   60
1035.362   14261216.003          0.003   60
 884.210   10093911.407          0.002   60
1292.297   14625806.323          0.003   60
1358.657   13559797.117          0.003   65
1163.030   13323540.936          0.003  619
 665.395    7629601.474          0.002  619
 467.443    5274122.894          0.001  619
 330.568    3695386.579          0.001  619
 191.568    2122474.858          0.000  619
  72.082     795516.259          0.000  619
   0.000          0.000          0.000  619
   0.000          0.000          0.000  620
 117.791    1309209.499          0.000  620
 245.851    2757088.506          0.001  620
 317.410    3580489.249          0.001  620
 451.499    5159421.828          0.001  620
 623.669    7268770.451          0.002  620
1123.555   13226974.672          0.003  620
1362.989   15794247.680          0.003   15
1262.371   12719672.307          0.003   15
1508.420   16444913.494          0.004   26
1175.568   12994795.590          0.003   26
 641.752    7413105.282          0.002   26
 464.552    5409872.895          0.001   26
1445.750   16275712.049          0.004   26
 846.264    9618338.877          0.002   35
 420.904    5040343.438          0.001   35
 581.753    6920693.941          0.001   35
1092.884   12736483.969          0.003   35
1469.597   19989854.075          0.004   35
 728.906    8194626.745          0.002   41
 522.205    6143737.110          0.001   41
1021.815   11302786.643          0.002   41
 851.966   10519447.461          0.002   47
1210.732   14915491.088          0.003   47
 851.622    9691636.280          0.002   52
 518.642    6175647.760          0.001   52
 653.417    7685713.529          0.002   52
1044.732   11766602.748          0.003   52
1456.147   17163734.212          0.004   60
1174.328   13098192.604          0.003   60
 643.216    7501893.266          0.002   60
1110.479   12169770.026          0.003   60
1289.532   13832230.584          0.003   60
1638.719   18795804.076          0.004   65
1300.986   16575809.143          0.004  619
 855.946   10003164.286          0.002  619
 854.090    9065660.603          0.002  619
 755.766    8026731.209          0.002  619
 561.506    6134066.908          0.001  619
 477.521    5138432.018          0.001  619
 312.280    3429545.026          0.001  661
   0.000          0.000          0.000  661
   0.000          0.000          0.000  662
 587.020    6608012.067          0.002  620
 515.570    5706321.526          0.001  620
 647.121    7394875.460          0.002  620
 648.744    7446457.023          0.002  620
 894.759   10170104.429          0.002  620
 884.543   10860470.815          0.002  620
1255.696   16274959.820          0.004  620
1704.952   18053742.383          0.004   15
1453.658   16579336.821          0.004   26
 814.593    9245084.687          0.002   26
1017.651   13085644.263          0.003   26
 516.548    6037831.165          0.001   26
 929.592   11138767.885          0.002   26
 906.191    9829670.589          0.002   26
1463.595   18802090.567          0.004   26
 973.371   10611858.014          0.002   35
 903.073   11114112.539          0.002   35
 731.157    8674825.792          0.002   35
1289.509   13894901.754          0.003   35
1299.838   12679462.933          0.003   41
 838.835    9003232.922          0.002   41
1366.184   16080018.565          0.003   41
 953.718   11924867.176          0.003   47
1004.585   12002278.988          0.003   52
1066.428   12886244.464          0.003   52
1425.478   15895839.379          0.003   60
 797.824    9247721.055          0.002   60
 783.532    9164647.657          0.002   60
1318.725   15396949.688          0.003   60
1672.657   17302986.046          0.004  996
1390.799   17145684.444          0.004  619
1144.490   15536851.801          0.003  785
 994.736   12913506.218          0.003  785
1025.519   15968600.540          0.004  785
 287.995    3054808.623          0.001  698
   0.000          0.000          0.000  698
   0.000          0.000          0.000  699
 239.305    2554331.513          0.001  699
 800.998   11378456.230          0.003  699
 844.940   11008351.559          0.002  830
 806.423    9726588.698          0.002  830
 820.740    9131775.606          0.002  830
1164.321   12492622.579          0.003  830
1550.993   18663753.686          0.004  830
1366.565   13446408.997          0.003   26
1144.015   13409144.596          0.003   26
 622.279    7296848.831          0.002   26
 977.457   12465848.719          0.003   26
1010.133   11240305.099          0.002   26
1458.249   18720238.421          0.004   26
1431.139   15360337.472          0.003   35
1104.419   12276940.447          0.003   35
 484.378    5848920.584          0.001   35
 919.975   11340128.856          0.002   35
1176.578   15878567.451          0.003   35
 846.336    9984211.078          0.002   35
1560.853   18709240.821          0.004   35
1198.534   15933141.000          0.003   41
 604.260    7125810.683          0.002   41
1200.501   15486088.573          0.003   41
1523.303   15775861.805          0.003   41
1148.271   14444900.544          0.003   47
1354.265   16384585.065          0.004   47
1199.967   14333972.422          0.003   52
 611.961    7306248.210          0.002   52
 873.661   10015716.145          0.002   52
1481.115   15960182.010          0.003   52
1026.135   11402545.759          0.002   60
1265.173   14297355.983          0.003   60
1089.781   11934966.728          0.003   60
1333.987   13260619.579          0.003  996
1334.947   14942912.399          0.003  996
1432.920   16558778.388          0.004  996
1133.038   15744674.828          0.003  785
 765.765    9483962.311          0.002  785
 628.553    7056510.424          0.002  785
 351.574    3872918.165          0.001  785
   0.000          0.000          0.000  740
   0.000          0.000          0.000  741
 207.710    2199206.983          0.001  741
 750.548    8142317.202          0.002  830
 443.309    4852404.648          0.001  830
 505.473    5994448.818          0.001  830
 829.024   10836897.675          0.002  830
 735.898    7526376.472          0.002  830
 549.830    6353849.711          0.001  830
 878.521    9938717.187          0.002  830
1227.313   13516602.969          0.003  830
1437.522   15102101.574          0.003   26
 999.241   11165962.580          0.002   26
 691.845    8118997.395          0.002   26
 635.451    7478301.266          0.002   26
1298.422   14349950.405          0.003   26
1352.734   16105209.816          0.003   35
 547.126    6658051.194          0.001   35
 565.646    6877883.103          0.001   35
 872.366   10195890.675          0.002   35
1253.700   14785715.557          0.003   35
1234.929   13651291.161          0.003   35
1147.809   12624183.404          0.003   41
 663.825    7830982.217          0.002   41
 851.993    9660765.367          0.002   41
1499.963   15746336.674          0.003   41
1341.067   16742676.052          0.004   47
1228.197   12253879.927          0.003   52
 779.373    9115404.237          0.002   52
 681.912    8149356.507          0.002   52
 784.154    9138760.111          0.002   52
1011.158   11369204.185          0.002   52
1764.372   25039268.169          0.005   52
1532.365   14917981.497          0.003   60
1177.182   12740353.839          0.003   60
1558.446   17077044.123          0.004  996
1296.605   14129055.572          0.003  996
 915.237   10161310.305          0.002  996
 878.956    9259411.540          0.002  996
1179.941   15666010.030          0.003  996
 788.489    9785330.739          0.002  785
 576.170    6862968.154          0.002  785
 448.941    5242716.341          0.001  785
 261.554    2963594.912          0.001  785
 122.255    1366099.307          0.000  785
   0.000          0.000          0.000  785
   0.000          0.000          0.000  786
 607.654    6566585.978          0.002  830
 154.741    1749979.042          0.000  830
 225.637    2558035.271          0.001  830
 396.731    4541652.425          0.001  830
 484.494    5584305.546          0.001  830
 784.575    9012912.883          0.002  830
1459.463   15963242.498          0.003  830
1803.927   21570288.062          0.005  830
 962.428   10826184.794          0.002   26
 806.280    9416779.966          0.002   26
1037.464   12275148.382          0.003   26
 764.432    8977523.581          0.002   26
1240.064   14640061.934          0.003   35
 773.217    9238549.517          0.002   35
 598.438    7322541.995          0.002   35
 645.332    7879963.420          0.002   35
1013.404   11571584.691          0.002   35
1425.892   17844765.638          0.004   35
1617.967   17316662.835          0.004   35
1601.781   17358748.105          0.004   41
1017.525   11001610.466          0.002   41
 761.956    8933457.185          0.002   41
 891.833    9975878.088          0.002   41
1452.551   16676012.384          0.003   41
1707.792   20682866.565          0.004   47
1548.249   14616056.451          0.003   52
 883.148   10143869.083          0.002   52
 785.867    9215999.714          0.002   52
 901.576   11423409.722          0.002   52
1209.124   12416135.776          0.003   52
1547.753   15402888.737          0.003   52
1856.761   19336334.386          0.004   60
1577.827   18022477.545          0.004  996
1421.310   16641475.169          0.003  996
1081.881   12275651.360          0.003  996
 913.318   10514984.802          0.002  996
 677.325    7936366.416          0.002  996
 704.427    7175546.929          0.002  996
 852.721   11072836.013          0.002  785
 602.959    6910113.941          0.002  785
 654.489    7644805.945          0.002  785
 211.801    2265474.602          0.001  829
   0.000          0.000          0.000  829
   0.000          0.000          0.000  830
  74.955     846615.290          0.000  830
 568.255    5918047.422          0.001  830
 709.297    9046389.723          0.002  830
 299.549    3405481.687          0.001  830
 798.848   10801210.340          0.002  830
 950.568   10932219.245          0.002  830
 603.271    7024266.173          0.002  830
1130.386   13946782.217          0.003  830
1739.349   20276356.561          0.004  830
1606.770   15768400.323          0.003   26
1135.115   12263488.868          0.003   26
1294.512   16071897.178          0.003   26
1063.307   11473915.298          0.002   26
1259.244   14548602.280          0.003   35
 676.796    8319984.591          0.002   35
1078.499   13627277.800          0.003   35
 777.467    9411315.922          0.002   35
1367.375   14296431.127          0.003   35
1601.405   16476035.909          0.003   41
 873.081   10058378.575          0.002   41
1065.348   11372776.387          0.002   41
1391.766   13456429.897          0.003   41
1911.750   20216436.293          0.004   52
1294.650   13398567.471          0.003   52
1024.411   11337728.924          0.002   52
 952.100   10518206.546          0.002   52
1320.491   20106791.089          0.004   52
1354.546   13449820.091          0.003   52
1799.324   17168137.851          0.004   52
2118.755   20384536.176          0.004   60
1858.422   17941444.755          0.004   60
1794.748   19879969.842          0.004   60
1046.394   12047358.217          0.003  996
 950.482   10751365.151          0.002  996
 551.602    6518475.775          0.001  996
 466.946    5522119.602          0.001  996
 672.209    8591815.986          0.002  996
 486.291    5394365.738          0.001  996
 753.449    7726541.956          0.002  996
 830.536    9874722.943          0.002  829
 342.589    3563048.526          0.001  872
   0.000          0.000          0.000  872
   0.000          0.000          0.000  873
 701.941    8023402.809          0.002  830
 714.376    7855685.992          0.002  830
 476.110    5317832.532          0.001  830
 651.273    6902566.545          0.002  830
1057.349   14097805.354          0.003  830
 717.304    8401037.013          0.002  830
1129.981   12498638.732          0.003  830
1495.195   16027770.962          0.003  830
1418.184   14540334.114          0.003   26
1398.716   14187205.678          0.003   26
1379.914   16476218.018          0.003   26
 967.805   10971603.690          0.002   26
1497.240   19986423.162          0.004   35
 783.645    9612235.534          0.002   35
 760.952    9290161.882          0.002   35
1254.937   15614587.185          0.003   35
 960.017   11160840.366          0.002   35
1779.568   18784804.850          0.004   35
1379.333   14206229.164          0.003   41
 956.119   10820876.996          0.002   41
1425.972   14041348.083          0.003   41
1754.028   15972162.432          0.003   41
1492.795   14132479.664          0.003   52
1161.486   11832821.728          0.002   52
1498.012   16427530.625          0.003   52
1883.354   17088047.296          0.003   52
2305.781   24488023.445          0.005   52
1951.305   18445158.364          0.004  996
1707.715   16476619.117          0.003  996
1391.759   14671576.535          0.003  996
 876.066   10267702.572          0.002  996
 609.503    7279408.011          0.002  996
 437.396    5211459.503          0.001  996
 359.311    4251777.221          0.001  996
 287.074    3378968.055          0.001  996
 771.561    8264341.484          0.002  996
 746.524    8414635.088          0.002  956
 410.045    4997656.887          0.001  912
   0.000          0.000          0.000  912
   0.000          0.000          0.000  913
 373.997    4284416.069          0.001  913
 535.443    6219504.484          0.001  913
 936.085   11799487.569          0.003  913
 854.304    8565053.505          0.002  830
 666.165    7456771.240          0.002  830
1020.709   10358663.771          0.002  830
 944.771    9345806.205          0.002  830
1174.703   14118526.052          0.003  830
1129.887   12643401.985          0.003  830
1859.775   21579958.218          0.005  830
1876.133   19597939.617          0.004   26
1764.872   22041964.620          0.005   26
1066.835   11858948.621          0.002   26
1360.711   18093953.365          0.004   35
 848.780   10359458.560          0.002   35
1016.010   11511740.831          0.002   35
 947.810   11167377.613          0.002   35
1482.622   15272367.739          0.003   35
1166.969   12754505.090          0.003   35
1713.390   22509028.304          0.005   35
1200.250   12449196.680          0.003   41
1638.695   15093187.015          0.003   41
1981.009   21521345.579          0.004   41
2092.228   18422627.787          0.004   41
2034.961   20297388.457          0.004   52
1854.564   17896617.545          0.004   52
1576.881   15512425.515          0.003   52
1815.206   18154386.380          0.004   52
2214.427   19635250.723          0.004   52
2380.592   23443267.324          0.005  996
1736.615   15676861.861          0.003  996
1126.804   11709915.692          0.002  996
 805.895    9452506.477          0.002  996
 591.749    7118212.754          0.001  996
 534.954    6418872.831          0.001  996
 602.116    7060815.230          0.002  996
 772.575    8618470.222          0.002  996
 677.472    7809892.908          0.002  996
 202.644    2372910.506          0.001  996
 534.028    6121598.425          0.001  996
 537.007    6019921.501          0.001  996
 209.454    2239728.537          0.001  956
   0.000          0.000          0.000  956
   0.000          0.000          0.000  957
 361.164    4186178.464          0.001  957
 718.170    8971249.254          0.002  957
1151.226   15990671.454          0.004 1082
1308.869   12794772.800          0.003  830
1400.064   16600500.537          0.004  830
 929.329   10668890.667          0.002  830
1345.362   14225372.249          0.003  830
1807.856   19274713.169          0.004  830
1956.678   23022251.354          0.005   26
1849.958   20202450.221          0.004   26
1550.904   16682485.282          0.003   26
1234.102   13206181.937          0.003   35
1195.984   13040991.547          0.003   35
1216.053   13125101.078          0.003   35
1112.624   12527108.614          0.003   35
1640.990   18607542.269          0.004   35
1884.747   17445123.284          0.004   35
1721.006   18167107.054          0.004   35
1928.569   17036753.900          0.003   41
2239.543   22566322.494          0.005   41
2053.623   20228075.982          0.004 2148
2060.088   22973761.501          0.004 2148
1905.402   18385411.746          0.004 2148
1920.376   21376161.988          0.004   52
1915.134   18775990.911          0.004 2148
2284.683   24018039.298          0.005  996
1925.047   19526205.764          0.004  996
1505.487   15423621.508          0.003  996
 985.060   10909337.401          0.002  996
 671.444    8070314.870          0.002  996
1018.404   11102894.422          0.002  996
1042.973   11554481.562          0.002  996
 877.886    9311540.801          0.002  996
 704.107    9031084.022          0.002  996
 221.166    2575279.721          0.001  996
 133.997    1562149.699          0.000  996
  76.108     886043.057          0.000  996
  31.782     369752.590          0.000  996
   0.000          0.000          0.000  996
   0.000          0.000          0.000  997
 221.303    2349377.496          0.001  997
 694.734    7349968.321          0.002 1082
 792.574    8900636.900          0.002 1082
 871.851   11434193.955          0.003 1082
1288.913   16013777.038          0.003 1082
1044.475   13179955.184          0.003 1082
1239.994   13215386.497          0.003  830
1626.353   18549882.899          0.004 1337
1496.527   14426522.225          0.003 1337
1827.622   20344636.510          0.004 1337
1639.488   15513480.997          0.003   26
1898.058   17806220.475          0.004   35
1637.619   15935917.104          0.003   35
1502.795   15069830.329          0.003   35
1531.551   19665843.765          0.004   35
1365.706   14112315.971          0.003   35
1810.984   18821564.859          0.004   35
1945.924   19750755.168          0.004   41
2137.467   22044697.817          0.004   41
1859.890   18411172.123          0.004 2148
1794.110   21662508.556          0.004 2148
1275.176   13635997.771          0.003 2148
1639.929   16132715.754          0.003 2148
1783.249   17935345.960          0.004 2148
1838.991   16599404.634          0.003 2148
2140.367   22719473.629          0.004 2148
2031.151   21793786.599          0.004  996
1503.414   14937357.211          0.003  996
1008.825   10914232.615          0.002  996
1088.295   11844556.747          0.002  996
1122.810   13288841.434          0.003  996
1041.585   11979325.285          0.003  996
 933.650   10738063.976          0.002  996
 392.196    4602331.274          0.001  996
 333.415    3900390.507          0.001  996
 610.151    6374892.484          0.001  996
 640.754   10059345.431          0.002  996
 398.190    4327127.144          0.001  996
 509.245    6014650.973          0.001  996
   0.000          0.000          0.000 1037
   0.000          0.000          0.000 1038
 433.026    4523108.576          0.001 1082
 715.489    8579359.171          0.002 1082
 556.724    6474121.187          0.001 1082
 667.698    8290651.881          0.002 1082
 927.202   11615529.614          0.003 1082
 897.990   11306355.374          0.002 1082
1372.267   17612559.013          0.004 1082
1617.687   16933684.610          0.003 1337
1387.974   16059694.763          0.003 1337
1123.497   12224330.851          0.003 1337
1840.072   19410718.608          0.004 1337
2177.651   19395581.477          0.004   26
2279.675   24168305.795          0.005   26
1926.576   18325596.806          0.004   35
1920.137   18332186.593          0.004   35
1920.481   20940106.424          0.004   35
1979.798   17948696.447          0.004   35
1838.142   20327940.603          0.004 2143
1686.652   16210317.573          0.003 2143
1732.500   19395261.320          0.004 2143
2077.299   23274777.712          0.005 2143
2198.683   24320416.959          0.005 2143
1791.774   17987049.112          0.004 2148
1500.090   15275262.675          0.003 2148
1366.779   15836107.872          0.003 2148
1100.051   12471493.610          0.002 2148
1496.616   17204666.040          0.003 2148
1022.536   11799958.298          0.002 2148
1732.659   17342133.381          0.003 2148
1850.482   17905757.489          0.004 2148
2085.369   23287412.381          0.005 2148
1627.763   15255356.001          0.003  996
1366.567   13107278.311          0.003  996
1332.603   13873778.412          0.003  996
 864.170   10069452.834          0.002  996
 605.809    7178041.780          0.002  996
 523.904    6188209.707          0.001  996
 833.386    9329559.294          0.002  996
 966.378   12443212.095          0.003  996
 835.181   10518953.719          0.002 1127
 594.009    6946837.036          0.002 1127
 437.689    4855621.890          0.001 1127
   0.000          0.000          0.000 1081
   0.000          0.000          0.000 1082
 100.534    1138876.985          0.000 1082
 187.516    2140362.971          0.000 1082
 369.345    4328466.364          0.001 1082
 469.000    5586938.325          0.001 1082
 668.231    8101484.364          0.002 1082
 745.286    9233839.660          0.002 1082
1006.087   12916660.179          0.003 1082
1323.559   13010966.200          0.003 1337
1230.360   14734888.816          0.003 1337
1004.410   11116216.581          0.002 1337
 974.300   11050309.656          0.002 1337
1431.146   14126595.757          0.003 1337
2026.874   18419511.280          0.004 1337
2214.696   21011710.099          0.004 2126
2160.603   19208489.947          0.004 2126
2175.007   22657550.921          0.004 2126
1914.140   18443304.532          0.004 2126
2022.333   21693400.507          0.004 2143
1688.145   17777416.687          0.004 2143
1198.446   13226308.691          0.003 2143
1601.691   16196676.674          0.003 2143
1765.942   17827474.705          0.004 2143
1907.157   19325512.272          0.004 2148
1669.889   17926697.614          0.004 2148
1242.362   13265639.350          0.003 2148
1081.365   12300185.174          0.002 2148
 811.986   10369728.149          0.002 2148
1300.537   17283760.759          0.003 2148
 881.065   10636669.395          0.002 2148
1383.482   14407541.903          0.003 2148
1566.778   15508476.637          0.003 2148
1975.770   20946285.301          0.004 2148
2079.426   20018860.980          0.004  996
1805.036   17108967.993          0.003  996
1746.128   19335521.540          0.004  996
1068.278   12174061.106          0.003  996
 936.606   10568125.880          0.002  996
 920.840   10535180.147          0.002  996
 665.458    7711971.161          0.002  996
1014.260   16828135.864          0.004 1127
 755.412   10273839.688          0.002 1127
 493.630    5915029.236          0.001 1127
 314.091    3610949.088          0.001 1127
 141.914    1581295.929          0.000 1127
   0.000          0.000          0.000 1127
   0.000          0.000          0.000 1128
 565.160    7089601.789          0.002 1082
 483.225    5256989.408          0.001 1082
 309.560    3581343.243          0.001 1082
 458.965    5423583.284          0.001 1082
 526.766    6283880.618          0.001 1082
 599.535    7229708.881          0.002 1082
1145.605   14585675.844          0.003 1082
1381.585   20299614.188          0.004 1337
 868.190    9675322.226          0.002 1337
 756.749    9051690.366          0.002 1337
1257.644   14063146.384          0.003 1337
1965.240   20779907.770          0.004 1337
1822.072   16752099.148          0.003 2126
1703.302   15530330.001          0.003 2126
2068.045   18286668.272          0.004 2126
1997.058   20500998.005          0.004 2126
1499.980   14273722.128          0.003 2126
1492.494   14675020.213          0.003 2126
1862.169   21691960.406          0.004 2143
1661.427   18305250.873          0.004 2143
1249.704   13625529.537          0.003 2143
1059.373   12397835.377          0.002 2143
1368.945   14739421.985          0.003 2143
1568.788   16389219.010          0.003 2148
1258.936   14137771.032          0.003 2148
 816.834   10109849.808          0.002 2148
 715.947    9242567.260          0.002 2148
1350.217   20096589.568          0.004 2148
1342.192   16655553.216          0.003 2148
 994.473   11502003.436          0.002 2148
1547.560   15500286.305          0.003 2148
2041.590   21358209.098          0.004 2162
1991.787   21574435.249          0.004  996
1664.597   17455583.952          0.004  996
1445.607   15458203.175          0.003  996
1250.257   13648905.474          0.003  996
 871.769    9492238.723          0.002  996
1181.708   15232720.708          0.003 1127
 757.782    9518316.166          0.002 1127
 719.758    8688985.149          0.002 1127
 741.332    9200917.303          0.002 1127
   0.000          0.000          0.000 1170
   0.000          0.000          0.000 1171
 335.637    3794027.260          0.001 1171
 592.860    6932556.704          0.002 1171
 730.276    8420020.636          0.002 1082
 615.985    6940400.438          0.002 1082
 841.869   10156261.730          0.002 1082
 995.549   12217975.046          0.003 1082
1086.214   12011778.455          0.003 1337
 625.077    7522342.410          0.002 1337
 997.288   12140844.987          0.003 1337
1362.706   15541438.134          0.003 1337
1673.331   18565194.870          0.004 2126
1090.117   12113769.696          0.002 2126
1726.396   20219374.048          0.004 2126
1490.276   16056042.454          0.003 2126
1063.972   11978444.331          0.002 2126
1515.312   15558080.270          0.003 2126
1299.292   14515954.374          0.003 2143
 912.750   11127499.368          0.002 2143
 875.251   10839762.648          0.002 2143
1340.133   16980815.294          0.003 2143
1584.372   17690332.093          0.004 2148
 911.581   11026413.952          0.002 2148
 664.062    8551100.698          0.002 2148
 963.836   11261495.392          0.002 2148
1259.067   16525320.641          0.003 2148
 704.809    8882081.219          0.002 2148
1353.426   18843416.872          0.004 2148
1388.896   14739925.229          0.003 2148
1690.075   15597573.515          0.003 2162
1684.361   17096227.244          0.004 2162
1841.542   19281643.218          0.004  996
1493.020   17038226.613          0.004  996
1316.823   13571829.106          0.003  996
1114.547   15274142.603          0.003 1127
 852.059   12231581.832          0.003 1210
 529.890    6516921.198          0.001 1210
 281.401    3201046.502          0.001 1210
 107.673    1184556.167          0.000 1210
   0.000          0.000          0.000 1210
   0.000          0.000          0.000 1211
 576.648    8247000.091          0.002 1211
 775.439    9549819.758          0.002 1171
 697.722    7149905.421          0.002 1337
 676.256    7655064.821          0.002 1337
 693.881    7969445.902          0.002 1337
 691.083    7965562.886          0.002 1337
 550.091    6589087.096          0.001 1337
 632.273    7564520.173          0.002 1337
1317.727   14942797.422          0.003 1337
1784.989   21260077.376          0.004 1337
1362.336   14031903.364          0.003 2126
1357.078   15671935.733          0.003 2126
1610.033   19571316.458          0.004 2126
1202.209   13593296.997          0.003 2126
 917.355   10925038.150          0.002 2126
1115.092   12921874.241          0.003 2126
1565.947   18113366.814          0.004 2126
1512.717   15755798.055          0.003 2143
 998.745   12001026.638          0.002 2143
 766.234    9612953.401          0.002 2143
1362.975   17227218.604          0.003 2143
1419.282   15526813.380          0.003 2148
1189.526   15777654.120          0.003 2148
 629.659    8050535.903          0.002 2148
 605.597    7752597.354          0.002 2148
 921.022   11228646.095          0.002 2148
1103.345   15624427.550          0.003 2148
 653.034    8228866.989          0.002 2148
 850.538   10191295.536          0.002 2148
1418.273   15628119.184          0.003 2148
1757.503   17167667.596          0.004 2162
1327.873   13529165.868          0.003 2162
1558.188   15209773.512          0.003 2162
1636.627   16427754.402          0.003 1380
1656.360   18474840.791          0.004 1380
1448.109   16422653.690          0.003 1380
 984.102   10452236.127          0.002 1380
 810.124    8347006.213          0.002 1380
 885.769   12243591.067          0.003 1210
 602.335    7511999.652          0.002 1210
 572.329    6658841.078          0.002 1210
 336.422    3668961.039          0.001 1210
   0.000          0.000          0.000 1254
   0.000          0.000          0.000 1255
 622.376    6766464.175          0.002 1337
 399.583    4376039.162          0.001 1337
 507.680    5534553.073          0.001 1337
 649.790    7243064.063          0.002 1337
 345.020    4069729.140          0.001 1337
 371.845    4396019.074          0.001 1337
 456.952    5436594.603          0.001 1337
 963.159   11376391.597          0.002 1337
 788.313    9248568.712          0.002 1337
1226.846   13019346.756          0.003 1337
1467.817   17725071.458          0.004 2126
 845.279   10153656.202          0.002 2126
1592.735   20762483.647          0.004 2126
 940.506   11378064.675          0.002 2126
 806.361    9836670.514          0.002 2126
1391.880   15303348.497          0.003 2126
1317.203   14824199.723          0.003 2143
 777.989    9743284.587          0.002 2143
 695.817    8702730.292          0.002 2143
1027.808   12194845.519          0.003 2143
1278.039   15092785.348          0.003 2143
1593.168   18759073.659          0.004 2143
1451.484   16323827.642          0.003 2148
 961.495   11415388.286          0.002 2148
 534.955    6783166.522          0.001 2148
 925.607   11194011.491          0.002 2148
 688.236    8569352.104          0.002 2148
1134.219   12429000.733          0.003 2148
1468.801   17080061.348          0.003 2148
1515.522   17242787.661          0.004 2162
 912.180   10550136.343          0.002 2162
1557.134   16066070.309          0.003 1380
1076.667   11648560.453          0.002 1380
 994.127   10904187.596          0.002 1380
 656.154    7545585.193          0.002 1380
 629.276    6877202.850          0.001 1380
 931.715    9623291.957          0.002 1380
 618.828    8220244.297          0.002 1294
   0.000          0.000          0.000 1294
   0.000          0.000          0.000 1295
 215.750    2259639.637          0.001 1295
 151.171    1756023.610          0.000 1337
 216.501    2526081.746          0.001 1337
 283.116    3319412.710          0.001 1337
 601.776    6892952.161          0.002 1337
1039.323   12013266.405          0.003 1337
 645.877    7560330.347          0.002 1337
1089.452   12083044.328          0.003 1337
1259.755   12722892.151          0.003 1337
1305.375   15000129.429          0.003 2126
1028.682   12073230.483          0.003 2126
 744.993    9048974.835          0.002 2126
1185.683   14622655.844          0.003 2126
 806.365    9904631.807          0.002 2126
1054.796   13056245.249          0.003 2126
 944.460   11821667.232          0.002 2143
 806.241    9962870.077          0.002 2143
1005.038   12106815.621          0.003 2143
1518.016   19361041.277          0.004 2143
1436.040   17042657.782          0.004 2148
 907.766   10672988.403          0.002 2148
 508.630    6423550.329          0.001 2148
 745.568    8976172.591          0.002 2148
 734.406    9297540.280          0.002 2148
 564.595    7087047.937          0.001 2148
 927.718   11296787.266          0.002 2148
1512.684   19526750.575          0.004 2148
1536.678   15826544.578          0.003 2162
1019.640   11120898.603          0.002 2162
 814.117    9568347.442          0.002 2162
1374.168   15702526.713          0.003 2162
1709.298   19808563.463          0.004 1380
1049.400   11438141.864          0.002 1380
 693.733    7987563.005          0.002 1380
 552.189    6370845.493          0.001 1380
 429.993    4937104.976          0.001 1380
 541.966    5774738.416          0.001 1380
 438.946    4700734.368          0.001 1380
 483.678    5156426.047          0.001 1380
 590.701    7963980.876          0.002 1380
   0.000          0.000          0.000 1336
   0.000          0.000          0.000 1337
  64.221     741416.701          0.000 1337
  85.210     984927.220          0.000 1337
 426.164    4628359.943          0.001 1337
 342.220    3866145.077          0.001 1337
 572.458    6375376.888          0.001 1337
 377.761    4392862.880          0.001 1337
 651.258    7525806.556          0.002 1337
 969.699   10445390.516          0.002 1337
 917.703   10209640.426          0.002 1337
1429.875   15617887.470          0.003 2126
 833.346    9970885.326          0.002 2126
1007.365   12110365.867          0.003 2126
1273.818   14837357.749          0.003 2126
 688.553    8477799.050          0.002 2126
 639.176    7907899.005          0.002 2126
1060.643   12033069.309          0.002 2126
1530.130   16363354.636          0.003 2126
1117.448   12046921.824          0.003 2143
 849.672    9921219.467          0.002 2143
 640.811    7922761.986          0.002 2143
 949.920   11372257.271          0.002 2143
1459.315   18045262.460          0.004 2143
1343.616   15634674.819          0.003 2148
 931.368   10980038.068          0.002 2148
 463.595    5813351.092          0.001 2148
 605.173    7563353.049          0.002 2148
1097.327   12625121.443          0.003 2148
1555.603   18979362.828          0.004 2148
1672.031   18528689.761          0.004 2162
1320.831   16446882.569          0.003 2162
 743.420    8777743.715          0.002 2162
1106.460   13102556.925          0.003 2162
1524.270   16476256.718          0.003 2162
1358.640   14223771.953          0.003 1380
 801.854    9120365.062          0.002 1380
1060.298   13125846.281          0.003 1380
 766.682    9010271.975          0.002 1380
 349.207    3993309.971          0.001 1380
 281.627    3212142.706          0.001 1380
 201.192    2287924.650          0.001 1380
 123.913    1404674.323          0.000 1380
  48.120     543617.306          0.000 1380
   0.000          0.000          0.000 1380
   0.000          0.000          0.000 1381
 375.747    3897410.047          0.001 1337
 743.771   11107993.769          0.003 1337
 879.426   11093884.187          0.003 1337
 819.253    7921735.695          0.002 1337
 661.691    7320901.997          0.002 1337
 533.328    6147377.862          0.001 1337
 917.051   10481647.175          0.002 1337
1224.258   12765043.390          0.003 1337
1540.906   16389318.304          0.004 1337
1708.147   24278331.601          0.005 2126
1113.537   12494729.529          0.003 2126
 617.156    7514954.535          0.002 2126
1164.348   14552953.146          0.003 2126
 935.596   10756530.096          0.002 2126
1005.059   12479617.270          0.003 2126
1280.476   14219494.042          0.003 2126
1560.684   21202895.833          0.005 2143
1260.863   13037933.111          0.003 2143
 876.530   10311150.688          0.002 2143
 559.311    6885706.535          0.001 2143
 710.445    8515962.405          0.002 2143
 954.669   10509358.592          0.002 2143
1512.124   17642690.709          0.004 2143
1379.962   17108129.733          0.004 2148
 880.644   11784648.303          0.002 2148
 827.032    9642309.788          0.002 2148
 791.053    9448998.199          0.002 2148
 954.108   12279634.615          0.003 2148
1276.478   17377338.074          0.004 2148
1651.974   20779127.331          0.004 2162
1092.334   11442659.353          0.002 2162
 666.270    7879215.487          0.002 2162
 945.953   10508424.082          0.002 2162
1602.637   18186029.801          0.004 2162
1265.270   12614253.460          0.003 1380
1159.009   12602148.918          0.003 1380
 617.110    7049898.007          0.002 1380
 588.180    6433907.258          0.001 1380
 467.199    4542660.084          0.001 1380
 539.904    6713462.133          0.002 1380
   0.000          0.000          0.000 1422
   0.000          0.000          0.000 1423
 684.290    8168483.773          0.002 1465
 717.095    8121970.769          0.002 1465
 852.103   10364639.462          0.002 1465
1004.941   11143843.597          0.002 1337
 737.236    8297831.942          0.002 1337
1325.983   14256919.943          0.003 1337
1527.732   15243411.123          0.003 2118
1574.632   16916805.646          0.004 2118
1176.872   12797981.091          0.003 2126
 813.923    9468833.095          0.002 2126
 535.016    6483048.701          0.001 2126
 957.686   12397286.402          0.003 2126
 654.278    7811386.208          0.002 2126
 530.491    6491746.035          0.001 2126
 901.728   10026936.000          0.002 2126
1426.435   16312596.387          0.003 2126
1326.718   15998643.852          0.003 2143
1029.265   13302183.445          0.003 2143
 504.556    6167212.394          0.001 2143
 786.834    9228595.695          0.002 2143
1177.715   12942667.316          0.003 2143
1427.102   14649124.040          0.003 2148
1241.415   12592508.409          0.003 2148
 636.382    7640047.863          0.002 2148
 403.764    5013986.477          0.001 2148
 793.410    9956804.382          0.002 2148
 427.672    5290864.006          0.001 2148
 560.538    6810835.541          0.001 2148
1017.769   10512646.054          0.002 2148
1541.469   21680793.664          0.005 2162
1236.998   13870818.989          0.003 2162
 597.437    7061276.013          0.001 2162
1192.760   13181411.068          0.003 2162
1678.507   22396926.351          0.005 2162
1602.787   17618465.022          0.004 1380
1121.141   12246456.993          0.003 1380
 919.268   10383908.039          0.002 1380
 961.089   11969203.456          0.003 1588
 753.312    8382464.444          0.002 1380
 713.782   11203198.945          0.003 1464
   0.000          0.000          0.000 1464
   0.000          0.000          0.000 1465
 196.299    2169396.951          0.001 1465
 397.011    4489119.350          0.001 1465
 601.198    7015426.661          0.002 1465
 914.970   11364966.451          0.003 1465
1320.591   16430994.321          0.004 1337
1005.144   10640551.235          0.002 1337
1273.518   13196101.612          0.003 1337
1574.090   17941910.293          0.004 2118
1076.082   11852850.405          0.003 2118
1403.764   16616527.893          0.004 2118
1180.993   12894432.707          0.003 2126
 857.817    9954418.270          0.002 2126
 457.967    5520377.093          0.001 2126
 444.184    5378278.183          0.001 2126
 733.444    8813202.000          0.002 2126
1054.741   12686536.054          0.003 2143
1244.886   16075960.319          0.003 2143
1017.139   13338758.225          0.003 2143
 661.351    7867163.387          0.002 2143
1202.115   13858846.709          0.003 2143
 837.738    9214008.366          0.002 2148
 457.782    5582165.499          0.001 2148
 528.493    6409268.523          0.001 2148
 352.737    4328685.190          0.001 2148
 879.765   10631684.114          0.002 2148
 987.651   10051713.683          0.002 2148
1417.343   17542360.792          0.004 2162
1182.972   15542750.802          0.003 2162
 977.014   11268573.780          0.002 2162
 564.557    6667674.793          0.001 2162
1101.749   13775255.281          0.003 2162
1230.067   13922628.921          0.003 2162
1419.165   15472567.403          0.003 2162
1458.895   17666351.652          0.004 1588
1153.827   15113896.493          0.003 1588
1113.285   14083510.714          0.003 1588
 758.897    8457796.235          0.002 1588
 783.395   10567962.790          0.002 1588
 779.857   12172701.322          0.003 1506
 194.073    2177316.969          0.001 1506
   0.000          0.000          0.000 1506
   0.000          0.000          0.000 1507
 534.643    5807123.445          0.001 1548
 765.680   10881181.556          0.003 1548
 948.526   11682744.508          0.003 1465
 987.823   10858483.191          0.002 1548
1015.286   11358741.196          0.003 1548
1496.686   19316186.688          0.004 1548
1318.421   13838814.226          0.003 2118
1253.771   14460590.266          0.003 2118
 844.669    9581587.957          0.002 2118
1176.697   12554266.663          0.003 2118
1317.334   14768833.453          0.003 2126
 788.949    9037611.794          0.002 2126
 386.105    4642789.057          0.001 2126
 587.289    6933215.934          0.001 2126
1135.218   13751746.598          0.003 2126
1416.561   17304565.519          0.004 2126
1256.268   14730593.625          0.003 2143
 816.997    9777014.403          0.002 2143
 700.564    8494637.687          0.002 2143
 442.437    5366335.151          0.001 2143
 792.401    9155836.978          0.002 2143
1240.506   15502492.471          0.003 2143
1159.180   13265977.912          0.003 2148
1024.050   11227069.598          0.002 2148
 338.237    4153164.860          0.001 2148
 697.868    8296193.364          0.002 2148
1123.178   12802820.257          0.003 2148
 970.882   11478233.915          0.002 2162
 688.658    7957627.470          0.002 2162
 731.662    8721986.745          0.002 2162
1066.820   12095632.706          0.003 2162
1156.021   12323934.118          0.003 2162
1421.944   15970121.983          0.004 1588
1050.528   12056817.586          0.003 1588
 909.983   10422619.926          0.002 1588
 629.042    7140391.992          0.002 1588
 415.006    4633105.098          0.001 1588
 567.245    6335110.112          0.001 1588
 332.454    3210977.206          0.001 1547
   0.000          0.000          0.000 1547
   0.000          0.000          0.000 1548
 110.282    1204551.241          0.000 1548
 477.114    5125707.414          0.001 1548
 840.853   10319225.425          0.002 1548
 584.508    6448675.628          0.001 1548
 759.710    8443404.031          0.002 1548
1045.491   11727851.477          0.003 1548
1487.276   18244841.914          0.004 1548
 999.460   10893165.491          0.002 2118
1018.527   11774863.278          0.003 2118
 732.437    8294782.435          0.002 2118
 877.397    9758111.775          0.002 2118
1470.083   20584251.767          0.004 2118
1159.417   13398879.952          0.003 2126
 386.663    4636972.885          0.001 2126
 604.400    7038810.657          0.002 2126
1000.990   11218784.488          0.002 2126
1086.452   11297925.434          0.002 2126
1342.397   15505400.994          0.003 2126
1004.432   11509939.847          0.003 2143
 667.655    7953254.737          0.002 2143
 410.659    4962137.320          0.001 2143
 883.185   10579990.536          0.002 2143
1305.351   16752113.923          0.004 2148
 752.753    8906591.561          0.002 2148
 799.564    9396179.614          0.002 2148
 282.953    3444648.432          0.001 2148
 936.857   13156502.277          0.003 2148
1214.046   14009591.781          0.003 2148
1348.865   16769384.915          0.004 2154
1191.716   13982745.163          0.003 2162
 805.365    9744645.177          0.002 2162
 467.249    5500845.299          0.001 2162
 801.451    9115574.093          0.002 2162
1323.265   14951417.245          0.003 1588
1047.927   12063796.992          0.003 1588
 546.694    6075794.701          0.001 1588
 303.738    3362430.036          0.001 1588
 161.735    1772557.413          0.000 1588
  46.845     512155.001          0.000 1588
   0.000          0.000          0.000 1588
   0.000          0.000          0.000 1589
 276.340    2924826.291          0.001 1548
 234.617    2565458.424          0.001 1548
 364.902    3994894.148          0.001 1548
 650.820    7296115.610          0.002 1548
1035.621   11877106.954          0.003 1548
1273.443   15786584.008          0.003 2118
 720.666    8028704.523          0.002 2118
 728.532    8327660.341          0.002 2118
 622.573    7025575.798          0.002 2118
1093.819   12899137.613          0.003 2118
 686.720    8078930.747          0.002 2126
 320.653    3824896.690          0.001 2126
 740.156    8388538.181          0.002 2126
 757.759    8387743.226          0.002 2126
1417.051   15137976.901          0.003 2126
1008.875   11360048.945          0.002 2143
 667.229    7862501.981          0.002 2143
 594.620    7042505.165          0.002 2143
 819.170    9634915.102          0.002 2143
1191.110   13513204.779          0.003 2148
 639.603    7498367.917          0.002 2148
1034.570   11663230.881          0.003 2148
 671.512    7627284.799          0.002 2148
 909.558    9815631.626          0.002 2148
1162.078   14098887.551          0.003 2154
1280.018   15511786.463          0.003 2162
 642.436    7552772.173          0.002 2162
 961.989   11797065.067          0.003 2162
 924.277   12851464.494          0.003 2162
 392.063    4597591.992          0.001 2162
 573.121    6462677.184          0.001 2162
 594.850    6846032.566          0.001 2162
1114.158   12413130.957          0.003 2162
1242.003   13906714.319          0.003 2171
1068.413   11664830.613          0.003 1588
 738.720    8228202.268          0.002 1588
 678.274    7476875.239          0.002 1588
 613.334    6344009.530          0.001 1588
 560.144    6456309.374          0.002 1588
   0.000          0.000          0.000 1629
   0.000          0.000          0.000 1630
 473.840    5387677.310          0.001 1630
 738.437   11031863.672          0.003 1548
 742.062    7780323.190          0.002 1548
 505.511    5502861.478          0.001 1548
 903.128    9824930.085          0.002 1548
1434.268   18759522.237          0.004 1548
1184.337   12685053.524          0.003 2118
 636.843    7101081.059          0.002 2118
 600.277    6797442.917          0.002 2118
 520.461    5851981.792          0.001 2118
 614.676    6894903.686          0.002 2118
1198.021   13698156.311          0.003 2118
 648.264    7499856.847          0.002 2126
 447.870    5272356.759          0.001 2126
 393.806    4601986.917          0.001 2126
 471.802    5474927.450          0.001 2126
 962.553    9991213.683          0.002 2126
1087.637   12009950.702          0.003 2143
 503.580    5959658.354          0.001 2143
 350.795    4206953.991          0.001 2143
 649.130    7048167.488          0.002 2143
1107.274   12438304.752          0.003 2143
 702.892    7889652.396          0.002 2148
 492.128    5707933.740          0.001 2148
 826.763   10295913.712          0.002 2148
 238.850    2890850.011          0.001 2148
 610.161    7030479.470          0.002 2148
1040.451   10839588.243          0.002 2148
 896.853   10492696.351          0.002 2154
1087.783   14567472.292          0.003 2162
 531.098    6188010.548          0.001 2162
 758.195    8208042.734          0.002 2162
 339.309    3965917.009          0.001 2162
 472.202    5425333.399          0.001 2162
 863.512    9729587.072          0.002 2162
1330.946   14908472.124          0.003 2171
1211.478   17067129.942          0.004 2171
 836.337    9387499.388          0.002 2171
1160.395   13294574.016          0.003 2171
1149.673   12303758.353          0.003 1588
1007.135   12021612.515          0.003 1720
 830.572    9703221.177          0.002 1720
 732.728   10741675.102          0.003 1588
 389.244    4100554.737          0.001 1675
   0.000          0.000          0.000 1675
   0.000          0.000          0.000 1676
 145.208    1589864.947          0.000 1676
 436.269    5234343.866          0.001 1676
 940.571   15008919.801          0.003 1548
 796.900    8094147.846          0.002 1548
1075.247   13398594.442          0.003 1548
1569.426   25243890.636          0.006 2110
1188.706   12651604.860          0.003 2118
 507.654    5666439.474          0.001 2118
 426.180    4781014.105          0.001 2118
 956.950   13901374.845          0.003 2118
1177.345   12992812.900          0.003 2118
 993.511   10964282.942          0.002 2126
 563.373    6352208.915          0.001 2126
 268.184    3180326.489          0.001 2126
 833.696   11759040.092          0.003 2126
 971.542   10272116.175          0.002 2126
1460.182   15807319.774          0.003 2126
1262.903   13172115.583          0.003 2136
 909.640   10213117.901          0.002 2143
 771.444    8590382.067          0.002 2143
 400.812    4737807.837          0.001 2143
 299.912    3571431.672          0.001 2143
 998.879   11830947.192          0.003 2143
 880.420   12626318.273          0.003 2148
 371.879    4308553.608          0.001 2148
 412.652    4775127.889          0.001 2148
 494.653    5578698.472          0.001 2148
1199.747   13062252.372          0.003 2148
 989.587   11372169.784          0.003 2154
1028.953   11531089.656          0.003 2154
 726.864    8153899.762          0.002 2162
 446.435    5175752.827          0.001 2162
 737.169   10079563.379          0.002 2162
 400.831    4606853.929          0.001 2162
 702.385    7967479.433          0.002 2162
1153.031   13532937.738          0.003 2162
 979.701   10798585.081          0.002 2171
 655.425    7298707.114          0.002 2171
1257.446   14624597.846          0.003 2171
1351.225   16098336.866          0.004 2171
1078.751   11328344.232          0.003 1800
 515.389    5773644.748          0.001 1720
 255.422    2791232.089          0.001 1720
   0.000          0.000          0.000 1720
   0.000          0.000          0.000 1721
 705.846    8023204.515          0.002 1759
 811.600   10829205.449          0.003 1676
1225.692   12389911.359          0.003 1548
1034.806   10759523.659          0.002 2110
1234.907   15474572.945          0.004 2110
1340.241   17291204.494          0.004 2118
 960.603   12865606.572          0.003 2118
 371.122    4145285.977          0.001 2118
 378.051    4234984.971          0.001 2118
 792.546    8703520.288          0.002 2118
1073.767   13971205.443          0.003 2126
 504.851    5683098.034          0.001 2126
 561.307    6079902.908          0.001 2126
1012.527   13265305.953          0.003 2130
1097.500   12445782.114          0.003 2130
1267.954   16257428.070          0.004 2136
 710.233    8273327.037          0.002 2143
 273.710    3248357.399          0.001 2143
 633.023    7319391.801          0.002 2143
 770.092    7877455.082          0.002 2148
 287.790    3342450.507          0.001 2148
 199.981    2407458.898          0.001 2148
 776.307    9184377.531          0.002 2148
1145.589   17115824.395          0.004 2154
 632.617    7121614.839          0.002 2154
1166.169   14379355.061          0.003 2162
 354.495    4095998.607          0.001 2162
 268.361    3117868.680          0.001 2162
 328.296    3776375.081          0.001 2162
1051.678   13192558.806          0.003 2162
1276.503   15815229.594          0.004 2171
 695.398    7665677.281          0.002 2171
1020.766   12156000.400          0.003 2171
1270.236   15698859.661          0.004 2171
1218.523   14723227.708          0.003 1800
 641.043    6763197.899          0.002 1800
   0.000          0.000          0.000 1758
   0.000          0.000          0.000 1759
 208.996    2204445.057          0.001 1759
 753.985    8071443.169          0.002 1759
1192.446   14880810.437          0.003 2110
1235.100   15196471.871          0.003 2110
 803.533    8467728.487          0.002 2110
 938.466   10932760.860          0.002 2110
 783.996    8465354.868          0.002 2118
 835.232   12338851.814          0.003 2118
 305.001    3409350.990          0.001 2118
 851.760   10218869.968          0.002 2118
 908.153   10226321.662          0.002 2126
 336.270    3841205.965          0.001 2126
 216.108    2552006.777          0.001 2126
 789.446    9055052.589          0.002 2126
 836.440   10363898.201          0.002 2130
 940.857   10675976.165          0.002 2130
 839.981    9034666.321          0.002 2136
1107.818   11299918.148          0.003 2136
 785.688    9311532.439          0.002 2143
 245.775    2909262.285          0.001 2143
 561.644    6184235.486          0.001 2148
 223.662    2618169.813          0.001 2148
 176.392    2116957.612          0.000 2148
 335.192    3832913.720          0.001 2148
 989.993    9482075.561          0.002 2148
1048.724   11941456.199          0.003 2154
 542.766    6065448.753          0.001 2154
1003.464   11590038.683          0.003 2154
 859.203    8831213.961          0.002 2162
 673.834    7062247.185          0.002 2162
 219.284    2531600.655          0.001 2162
 666.792    7370278.072          0.002 2162
 898.517    9875660.114          0.002 2171
 443.332    4883184.405          0.001 2171
 972.684   10883512.667          0.002 2171
 736.125    7949614.314          0.002 2171
 790.396    8417806.614          0.002 1800
 539.850    5729957.571          0.001 1800
 352.775    3736131.208          0.001 1800
 185.571    1955708.429          0.000 1800
   0.000          0.000          0.000 1800
   0.000          0.000          0.000 1801
 483.378    5132281.280          0.001 1759
1134.423   13393029.341          0.003 1759
 977.934   12409034.666          0.003 2110
 666.679    7512499.237          0.002 2110
1102.820   12294000.569          0.003 2118
 534.851    5874314.036          0.001 2118
 265.495    2964764.216          0.001 2118
 851.492    9795455.885          0.002 2118
1157.362   13859694.483          0.003 2126
 689.156    7650815.123          0.002 2126
 170.380    2004301.665          0.000 2126
 498.080    5458194.347          0.001 2126
1012.020   12459330.111          0.003 2130
 645.349    7293457.707          0.002 2130
1144.451   16178624.823          0.004 2136
 621.441    6678008.910          0.002 2136
 957.416   11353379.361          0.003 2136
 708.451    8806571.520          0.002 2143
 707.378    7709103.123          0.002 2143
 997.449   12234470.665          0.003 2148
 342.789    3904123.105          0.001 2148
 147.684    1765659.238          0.000 2148
 668.749    8456504.814          0.002 2148
 914.354    9677728.648          0.002 2148
 703.381    7911297.361          0.002 2154
 472.807    5258118.842          0.001 2154
 771.221   10435713.821          0.002 2162
 190.251    2192831.196          0.000 2162
 794.831   10738237.907          0.002 2162
1020.163   10993952.384          0.003 2162
1194.229   12937110.259          0.003 2171
 552.977    6062099.062          0.001 2171
 649.704    7053437.884          0.002 2171
 563.726    6125211.740          0.001 2171
1115.274   13488234.767          0.003 2171
 690.648    7468745.855          0.002 1800
 442.605    4283620.517          0.001 1800
 254.529    2818966.843          0.001 1840
   0.000          0.000          0.000 1840
   0.000          0.000          0.000 1841
 617.432    8161050.164          0.002 1841
 914.635   10412543.868          0.002 1759
1091.232   13624387.047          0.003 1759
 554.188    5929301.609          0.001 2110
 536.785    5727207.985          0.001 2110
 761.922    8213871.541          0.002 2110
 794.026    8720331.372          0.002 2118
 217.931    2429982.224          0.001 2118
 571.732    6015649.696          0.001 2118
1199.676   16292788.882          0.004 2118
 575.344    5634241.729          0.001 2126
 147.080    1727752.982          0.000 2126
 775.499    8780526.414          0.002 2126
 553.575    6336993.143          0.001 2130
 869.513    9634320.101          0.002 2130
 879.542    9431990.049          0.002 2136
 444.095    4774839.101          0.001 2136
 191.697    2258261.933          0.000 2143
 409.808    4522696.760          0.001 2143
 939.280   11987707.285          0.003 2148
 406.024    4444239.007          0.001 2148
 118.557    1413779.352          0.000 2148
 713.433    7734443.969          0.002 2148
1109.015   12855450.066          0.003 2152
 591.705    6522655.049          0.001 2154
 372.584    4113338.061          0.001 2154
 849.260    9284467.441          0.002 2154
1066.824   12648741.028          0.003 2162
 360.029    4024310.616          0.001 2162
 166.302    1914162.335          0.000 2162
 550.758    5954700.235          0.001 2162
 702.588    7550396.890          0.002 2162
1208.620   14274246.347          0.003 2168
1110.396   12791771.140          0.003 2171
 804.956    8967988.363          0.002 2171
 324.660    3542406.694          0.001 2171
 744.862    7940593.326          0.002 2171
1200.099   13556475.141          0.003 1800
1069.429   14888430.839          0.003 1800
 827.017   10972894.514          0.003 1927
 300.274    3122202.222          0.001 1883
   0.000          0.000          0.000 1883
   0.000          0.000          0.000 1884
 164.094    1705874.904          0.000 1884
 580.861    6035153.402          0.001 1884
 834.054    8641595.044          0.002 1884
 812.616    8588125.006          0.002 2110
 342.780    3683807.481          0.001 2110
 401.227    4381856.913          0.001 2110
1076.196   12798298.843          0.003 2110
 707.061    8528356.258          0.002 2118
 630.306    8385298.100          0.002 2118
1152.538   14574247.339          0.003 2118
 792.993    9711567.813          0.002 2124
 609.816    6781358.714          0.002 2126
 132.465    1555013.645          0.000 2126
 617.764    6633530.337          0.002 2126
 863.255   10888901.447          0.003 2130
 350.270    3854049.842          0.001 2130
 534.955    5920484.232          0.001 2130
 486.089    5188301.098          0.001 2136
 597.219    6306579.278          0.001 2136
 530.881    5932636.433          0.001 2143
 160.508    1885826.161          0.000 2143
 298.553    3324720.947          0.001 2143
 953.093   12267638.003          0.003 2143
 530.959    7183967.680          0.002 2148
 540.338    5743877.871          0.001 2148
1052.676   11668804.114          0.003 2152
 845.846   11039367.392          0.003 2154
 310.292    3413023.501          0.001 2154
 743.196    8115494.313          0.002 2154
 968.551   12592415.750          0.003 2162
 511.082    5499059.538          0.001 2162
 139.315    1600700.065          0.000 2162
 459.788    4998215.189          0.001 2162
 912.872    9967786.101          0.002 2168
 837.862    9292851.986          0.002 2168
1044.849   15800053.833          0.004 2168
 252.557    2760231.118          0.001 2171
 813.469   10105055.198          0.002 2171
1157.473   12795939.011          0.003 2177
1153.252   12252324.025          0.003 2177
 769.028    8234781.396          0.002 1927
 167.541    1769060.668          0.000 1927
   0.000          0.000          0.000 1927
   0.000          0.000          0.000 1928
 581.603    6457257.429          0.002 1971
 901.964   10437626.954          0.002 2106
 799.795    9703155.587          0.002 2110
 236.393    2544831.955          0.001 2110
 584.692    5977301.146          0.001 2110
 817.054    9607767.613          0.002 2115
 681.214    7110623.047          0.002 2118
 148.368    1651249.163          0.000 2118
 692.370    7319119.057          0.002 2118
 833.321    8700820.320          0.002 2121
 528.643    6009118.498          0.001 2124
 446.351    4686535.745          0.001 2126
  94.645    1108723.371          0.000 2126
 837.760    9814761.919          0.002 2126
 296.001    3239389.894          0.001 2130
 972.175   11518065.498          0.003 2136
 296.180    3180568.823          0.001 2136
 771.006    9420858.634          0.002 2136
 444.228    4700532.564          0.001 2143
 118.847    1391389.554          0.000 2143
 678.930    8087775.779          0.002 2143
 873.684   10248704.580          0.002 2144
 582.928    5906101.530          0.001 2148
  83.265     989747.711          0.000 2148
 480.668    5122443.325          0.001 2148
 961.038   10039955.211          0.002 2148
 558.620    5934453.413          0.001 2152
 761.315    8656325.312          0.002 2154
 265.216    2910192.726          0.001 2154
 832.000   11436798.978          0.003 2154
 884.360    9061891.953          0.002 2158
 410.442    4388750.462          0.001 2162
 269.814    2921310.927          0.001 2162
 885.586    9834031.247          0.002 2162
 551.818    5975679.214          0.001 2168
 734.155    8262576.954          0.002 2171
 196.467    2143649.471          0.000 2171
 888.844    9696360.946          0.002 2171
 658.625    6924184.248          0.002 2177
 837.351   11484452.993          0.003 1927
 339.979    3466760.056          0.001 1970
   0.000          0.000          0.000 1970
   0.000          0.000          0.000 1971
 206.724    2137934.694          0.001 1971
 721.654    7614438.943          0.002 1971
 733.204    7591804.138          0.002 2106
 596.635    6074519.241          0.001 2110
 201.960    2171870.586          0.001 2110
 816.679   11179228.574          0.003 2110
 539.368    5960433.750          0.001 2115
 707.888   10108816.290          0.002 2115
 108.306    1203964.459          0.000 2118
 665.740    8702884.031          0.002 2118
 543.095    5644377.110          0.001 2121
 345.849    3783336.915          0.001 2124
 694.583    8770947.844          0.002 2124
  69.380     811808.889          0.000 2126
 576.525    6633347.345          0.002 2126
 560.335    6010987.295          0.001 2130
 225.950    2456417.472          0.001 2130
 400.696    4301624.961          0.001 2130
 879.473    9031675.798          0.002 2130
 427.233    4529861.988          0.001 2136
 462.802    4819695.945          0.001 2136
  96.710    1130955.740          0.000 2143
 590.301    7366831.765          0.002 2143
 865.798   10253416.049          0.002 2148
  62.064     736482.202          0.000 2148
 606.561    7530174.065          0.002 2148
 331.201    3484418.339          0.001 2152
 197.106    2155440.369          0.000 2154
 414.639    4416204.209          0.001 2154
 646.201    6711835.772          0.002 2158
 619.809    6398682.838          0.002 2158
 805.313    9462399.838          0.002 2162
  86.613     991568.821          0.000 2162
 676.766    7219117.510          0.002 2162
 981.087   12750063.480          0.003 2166
 444.003    4737712.839          0.001 2168
 720.922   13711052.336          0.003 2171
 146.439    1595188.717          0.000 2171
 440.873    4668420.129          0.001 2171
 660.473    6743949.686          0.002 2173
 733.690    8773933.589          0.002 2177
 423.732    4434781.011          0.001 2177
 750.760    8879231.777          0.002 2015
   0.000          0.000          0.000 2015
   0.000          0.000          0.000 2016
 584.740    9623809.564          0.002 2016
 300.380    3080863.649          0.001 2106
 604.817    6508756.834          0.002 2106
 119.948    1287213.630          0.000 2110
 634.858    8161469.944          0.002 2113
 282.354    2991039.666          0.001 2115
  62.890     698299.796          0.000 2118
 644.588    8795311.632          0.002 2118
 246.715    2661264.147          0.001 2124
 512.944    6044650.640          0.001 2126
 592.245    6803458.506          0.002 2126
 353.441    3679190.957          0.001 2130
 150.287    1624567.070          0.000 2130
 701.089   10014045.852          0.002 2132
 692.313    7997730.165          0.002 2134
 137.837    1478176.435          0.000 2136
 669.861    7749871.926          0.002 2138
 798.504   10025981.487          0.002 2139
  64.686     755408.860          0.000 2143
 359.932    3751253.573          0.001 2144
 639.806    8956555.561          0.002 2148
  44.046     521952.535          0.000 2148
 667.174   10681032.237          0.003 2148
 233.262    2445603.107          0.001 2152
 384.570    3970211.297          0.001 2154
 120.297    1309116.355          0.000 2154
 454.193    4722352.266          0.001 2154
 306.474    3178370.280          0.001 2158
 654.806    9072463.583          0.002 2161
  56.139     640847.476          0.000 2162
 597.895    6273833.817          0.002 2165
 535.768    5602349.543          0.001 2166
 238.315    2526479.071          0.001 2168
 503.823    5208281.138          0.001 2171
 101.564    1104569.620          0.000 2171
 305.715    3145952.542          0.001 2173
 611.002    8609491.468          0.002 2174
 605.419    6574159.580          0.002 2177
 224.035    2329913.267          0.001 2177
 582.359    8277151.681          0.002 2057
   0.000          0.000          0.000 2057
   0.000          0.000          0.000 2058
 305.154    3017529.162          0.001 2104
 164.924    1690648.935          0.000 2106
 378.853    3897298.743          0.001 2108
  60.203     644829.536          0.000 2110
 463.406    4973991.920          0.001 2112
 324.932    3250189.976          0.001 2114
 164.110    1725334.809          0.000 2115
 280.819    2804253.230          0.001 2117
 423.715    5789426.316          0.001 2119
 424.645    4980958.240          0.001 2120
 172.426    1771608.062          0.000 2121
 355.987    3529772.451          0.001 2123
 135.792    1444305.008          0.000 2124
  19.651     229350.598          0.000 2126
 304.671    3094286.444          0.001 2128
  57.994     621841.037          0.000 2130
 211.883    2124684.413          0.001 2132
 199.247    2024575.628          0.001 2134
  48.580     520304.067          0.000 2136
 433.075    4527219.053          0.001 2137
 252.515    2635367.826          0.001 2139
 325.358    3164916.199          0.001 2141
  26.246     305967.659          0.000 2143
 189.011    1949403.166          0.000 2144
 332.717    3442343.283          0.001 2146
  18.945     223999.494          0.000 2148
 287.769    2891182.448          0.001 2150
 124.711    1301094.025          0.000 2152
  56.119     608335.061          0.000 2154
 343.077    3460282.795          0.001 2156
 121.255    1250217.671          0.000 2158
 336.124    3332057.969          0.001 2160
  23.293     265509.181          0.000 2162
 347.593    3465325.991          0.001 2164
 160.133    1635730.506          0.000 2166
 111.493    1171481.658          0.000 2168
 416.646    5123691.814          0.001 2171
  38.872     421963.758          0.000 2171
 148.653    1525033.483          0.000 2173
 337.920    3399614.498          0.001 2175
 103.599    1069947.372          0.000 2177
 467.744    5149104.669          0.001 2179
   0.000          0.000          0.000 2101
   0.000          0.000          0.000 2102
   0.000          0.000          0.000 2103
   0.000          0.000          0.000 2104
   0.000          0.000          0.000 2105
   0.000          0.000          0.000 2106
   0.000          0.000          0.000 2107
   0.000          0.000          0.000 2108
   0.000          0.000          0.000 2109
   0.000          0.000          0.000 2110
   0.000          0.000          0.000 2111
   0.000          0.000          0.000 2112
   0.000          0.000          0.000 2113
   0.000          0.000          0.000 2114
   0.000          0.000          0.000 2115
   0.000          0.000          0.000 2116
   0.000          0.000          0.000 2117
   0.000          0.000          0.000 2118
   0.000          0.000          0.000 2119
   0.000          0.000          0.000 2120
   0.000          0.000          0.000 2121
   0.000          0.000          0.000 2122
   0.000          0.000          0.000 2123
   0.000          0.000          0.000 2124
   0.000          0.000          0.000 2125
   0.000          0.000          0.000 2126
   0.000          0.000          0.000 2127
   0.000          0.000          0.000 2128
   0.000          0.000          0.000 2129
   0.000          0.000          0.000 2130
   0.000          0.000          0.000 2131
   0.000          0.000          0.000 2132
   0.000          0.000          0.000 2133
   0.000          0.000          0.000 2134
   0.000          0.000          0.000 2135
   0.000          0.000          0.000 2136
   0.000          0.000          0.000 2137
   0.000          0.000          0.000 2138
   0.000          0.000          0.000 2139
   0.000          0.000          0.000 2140
   0.000          0.000          0.000 2141
   0.000          0.000          0.000 2142
   0.000          0.000          0.000 2143
   0.000          0.000          0.000 2144
   0.000          0.000          0.000 2145
   0.000          0.000          0.000 2146
   0.000          0.000          0.000 2147
   0.000          0.000          0.000 2148
   0.000          0.000          0.000 2149
   0.000          0.000          0.000 2150
   0.000          0.000          0.000 2151
   0.000          0.000          0.000 2152
   0.000          0.000          0.000 2153
   0.000          0.000          0.000 2154
   0.000          0.000          0.000 2155
   0.000          0.000          0.000 2156
   0.000          0.000          0.000 2157
   0.000          0.000          0.000 2158
   0.000          0.000          0.000 2159
   0.000          0.000          0.000 2160
   0.000          0.000          0.000 2161
   0.000          0.000          0.000 2162
   0.000          0.000          0.000 2163
   0.000          0.000          0.000 2164
   0.000          0.000          0.000 2165
   0.000          0.000          0.000 2166
   0.000          0.000          0.000 2167
   0.000          0.000          0.000 2168
   0.000          0.000          0.000 2169
   0.000          0.000          0.000 2170
   0.000          0.000          0.000 2171
   0.000          0.000          0.000 2172
   0.000          0.000          0.000 2173
   0.000          0.000          0.000 2174
   0.000          0.000          0.000 2175
   0.000          0.000          0.000 2176
   0.000          0.000          0.000 2177
   0.000          0.000          0.000 2178
   0.000          0.000          0.000 2179
   0.000          0.000          0.000 2180
   0.000          0.000          0.000 2181
 493.808    5050200.418          0.001   72
 682.391    8899595.952          0.002    7
 342.612    3728177.505          0.001  489
 191.411    2106483.195          0.000  489
 449.752    4738606.146          0.001   26
 426.214    4583409.817          0.001 2162
 353.195    3831353.251          0.001  996
 104.936    1222394.899          0.000  996
 248.636    2745142.809          0.001  996
 445.770    4683647.570          0.001   15
 440.251    4944871.187          0.001 2143
 349.846    3838735.488          0.001 2171
 376.207    4157128.234          0.001 2118
 665.894    7019077.894          0.002 2152
 948.980   10980346.105          0.002   26
 701.420    7788560.089          0.002   26
 238.754    2801866.045          0.001  996
 475.721    5450517.550          0.001  996
 453.807    5178624.141          0.001 1380
 702.982    7885540.773          0.002 1380
 422.017    4817460.470          0.001 1380
 835.579    9537667.096          0.002 1380
 602.360    6742073.310          0.002   35
 305.565    3605964.447          0.001   35
 727.454    8986527.300          0.002   35
 846.030    9649916.888          0.002 2162
 795.586    9171513.056          0.002 2162
1061.024   13112910.763          0.003 1337
 764.836    8497226.728          0.002   52
1410.612   13778125.672          0.003  996
 464.520    5059153.118          0.001 2143
 479.784    5970356.234          0.001 2148
 773.618    8585543.199          0.002   65
1218.282   13061553.837          0.003 2126
 937.016   10870976.875          0.002 2148
1071.807   13051169.769          0.003 2148
 613.245    7602128.943          0.002 2143
 633.976    7880190.610          0.002 2143
 832.973    9440841.202          0.002   60
 489.458    5662882.940          0.001   60
1391.313   14259372.250          0.003   60
1567.566   18666789.908          0.004   60
1731.068   19521859.357          0.004 1337
 753.149    9550170.233          0.002 2148
1006.674   11841599.070          0.002 2148
 614.454    6808691.965          0.002   15
 713.931    8183722.547          0.002   35
1786.562   18313141.330          0.004 2148
1847.280   18717028.415          0.004   41
1824.468   22169118.111          0.005   41
1561.079   17572900.859          0.004  996
1755.395   17479265.211          0.004 2126
1087.741   11736770.867          0.002 2162
1364.741   14147578.361          0.003 2148
