   0.000          0.000          0.000    1
   0.000          0.000          0.000    2
   0.000          0.000          0.000    3
   0.000          0.000          0.000    4
   0.000          0.000          0.000    5
   0.000          0.000          0.000    6
   0.000          0.000          0.000    7
   0.000          0.000          0.000    8
   0.000          0.000          0.000    9
   0.000          0.000          0.000   10
   0.000          0.000          0.000   11
   0.000          0.000          0.000   12
   0.000          0.000          0.000   13
   0.000          0.000          0.000   14
   0.000          0.000          0.000   15
   0.000          0.000          0.000   16
   0.000          0.000          0.000   17
   0.000          0.000          0.000   18
   0.000          0.000          0.000   19
   0.000          0.000          0.000   20
   0.000          0.000          0.000   21
   0.000          0.000          0.000   22
   0.000          0.000          0.000   23
   0.000          0.000          0.000   24
   0.000          0.000          0.000   25
   0.000          0.000          0.000   26
   0.000          0.000          0.000   27
   0.000          0.000          0.000   28
   0.000          0.000          0.000   29
   0.000          0.000          0.000   30
   0.000          0.000          0.000   31
   0.000          0.000          0.000   32
   0.000          0.000          0.000   33
   0.000          0.000          0.000   34
   0.000          0.000          0.000   35
   0.000          0.000          0.000   36
   0.000          0.000          0.000   37
   0.000          0.000          0.000   38
   0.000          0.000          0.000   39
   0.000          0.000          0.000   40
   0.000          0.000          0.000   41
   0.000          0.000          0.000   42
   0.000          0.000          0.000   43
   0.000          0.000          0.000   44
   0.000          0.000          0.000   45
   0.000          0.000          0.000   46
   0.000          0.000          0.000   47
   0.000          0.000          0.000   48
   0.000          0.000          0.000   49
   0.000          0.000          0.000   50
   0.000          0.000          0.000   51
   0.000          0.000          0.000   52
   0.000          0.000          0.000   53
   0.000          0.000          0.000   54
   0.000          0.000          0.000   55
   0.000          0.000          0.000   56
   0.000          0.000          0.000   57
   0.000          0.000          0.000   58
   0.000          0.000          0.000   59
   0.000          0.000          0.000   60
   0.000          0.000          0.000   61
   0.000          0.000          0.000   62
   0.000          0.000          0.000   63
   0.000          0.000          0.000   64
   0.000          0.000          0.000   65
   0.000          0.000          0.000   66
   0.000          0.000          0.000   67
   0.000          0.000          0.000   68
   0.000          0.000          0.000   69
   0.000          0.000          0.000   70
   0.000          0.000          0.000   71
   0.000          0.000          0.000   72
   0.000          0.000          0.000   73
   0.000          0.000          0.000   74
   0.000          0.000          0.000   75
   0.000          0.000          0.000   76
   0.000          0.000          0.000   77
   0.000          0.000          0.000   78
   0.000          0.000          0.000   79
   0.000          0.000          0.000   80
   0.000          0.000          0.000   81
 787.859   12451192.323          0.003    5
 182.241    1757707.199          0.000    5
 105.171    1089229.235          0.000    7
 364.167    3332773.217          0.001    8
 131.673    1358415.527          0.000   10
 239.154    2223904.728          0.001   12
 291.345    2919442.448          0.001   13
  42.033     460271.265          0.000   15
 265.370    2672278.981          0.001   17
 520.645    5175377.668          0.001   19
  65.824     693778.840          0.000   20
 712.109    8292832.585          0.002   20
 223.511    2298842.806          0.001   24
  32.122     365006.396          0.000   26
 677.508    7665369.915          0.002   26
 148.692    1530268.464          0.000   30
 307.949    3040370.251          0.001   32
 468.609    4780044.855          0.001   35
  21.561     249876.276          0.000   35
 189.560    1837051.287          0.000   37
 677.487    7988647.028          0.002   41
  26.575     305683.584          0.000   41
 220.593    2252890.647          0.001   43
 238.344    2302880.493          0.001   45
  40.207     443242.054          0.000   47
 203.151    2028296.286          0.001   49
 334.504    3044634.690          0.001   51
  32.620     377686.546          0.000   52
 211.376    1835324.416          0.001   54
 119.130    1226616.292          0.000   56
 185.338    1767328.717          0.000   58
  29.579     333872.998          0.000   60
  51.804     585271.160          0.000   60
 229.174    2272879.352          0.001   63
  50.380     547545.496          0.000   65
 680.342    9399275.264          0.002   65
 121.825    1241076.338          0.000   69
 427.951    4233063.373          0.001   72
  79.027     836492.260          0.000   72
 248.786    2453872.854          0.001   74
 147.908    1453360.278          0.000   76
 305.853    2801210.207          0.001   78
   0.000          0.000          0.000  124
   0.000          0.000          0.000  125
 476.306    4698386.219          0.001  125
 504.050    4962846.318          0.001    5
 234.964    2457969.124          0.001    7
 287.083    3000600.571          0.001   10
 668.494    6643255.710          0.002   10
 671.587    6421241.288          0.002   12
 413.284    4169756.356          0.001   15
 737.455    7940382.494          0.002   17
 155.707    1656429.449          0.000   20
 726.421    9880133.564          0.002   20
 730.898    8661820.767          0.002   24
 459.483    4613321.050          0.001   26
  57.949     659420.192          0.000   26
 390.596    4038731.490          0.001   30
 518.302    5268635.894          0.001   35
  52.895     614835.129          0.000   35
 349.067    3610377.807          0.001   35
 705.926    7258830.185          0.002   37
 615.390    7978222.349          0.002   41
  53.855     621490.458          0.000   41
 417.047    4329959.339          0.001   43
 505.954    4756915.609          0.001   45
  96.076    1065926.537          0.000   47
 391.809    3928584.282          0.001   49
 593.820    6012220.589          0.001   49
  59.292     687074.937          0.000   52
 188.967    1949501.046          0.000   56
 491.613    4996500.072          0.001   56
 625.121    6269388.724          0.002   58
  71.918     812981.226          0.000   60
 670.989    8376877.437          0.002   63
  96.857    1055691.402          0.000   65
 649.149    8596462.834          0.002   65
 244.931    2510385.993          0.001   69
 666.611   10445446.204          0.003   69
 150.125    1596557.371          0.000   72
 749.647    8089074.887          0.002   74
 313.854    3131895.907          0.001   76
 565.454    5670548.501          0.001   76
 228.513    2264318.685          0.001  166
   0.000          0.000          0.000  166
   0.000          0.000          0.000  167
 547.226    5456103.537          0.001  167
 850.713    9387566.344          0.002    7
 376.237    3974921.408          0.001    7
 517.674    5474031.642          0.001   10
 986.129   13204050.053          0.003   10
 701.102    7865091.365          0.002   15
 113.193    1243781.342          0.000   15
 758.431   11710042.411          0.003   20
 439.868    4754867.889          0.001   20
 554.345    5804910.291          0.001   20
 868.887   11170725.810          0.003   26
 333.570    4258195.096          0.001   26
  84.952     968263.129          0.000   26
 461.584    4725208.661          0.001   26
 486.512    5199679.177          0.001   30
 506.297    5154979.633          0.001   35
  79.557     926641.036          0.000   35
 214.036    2329253.244          0.001   35
 651.070    9159134.376          0.002   35
 935.027   10336119.370          0.002   35
 676.562    7115507.812          0.002   41
  95.553    1106663.253          0.000   41
 435.084    5084103.722          0.001   41
 593.485    7330465.533          0.002   47
 838.396   10561785.970          0.003   49
  89.334    1038524.629          0.000   52
 524.060    6490361.124          0.002   52
 773.033   10951367.709          0.003   52
 329.955    3432162.095          0.001   56
 580.116    7128611.433          0.002   60
 360.332    3755451.358          0.001   65
 138.011    1508082.562          0.000   65
 691.974    9449652.704          0.002   65
 454.789    4711328.543          0.001   69
 721.765    7950391.771          0.002   72
 215.987    2309902.288          0.001   72
 929.068   12070780.863          0.003   72
 950.800   10152719.317          0.002   76
 833.655    9974580.027          0.002  166
 440.003    4462866.114          0.001  208
   0.000          0.000          0.000  208
   0.000          0.000          0.000  209
 642.330   11140688.324          0.003  209
 862.934   10344633.086          0.002  251
 618.352    6594009.560          0.002    7
 921.542   11515036.406          0.003    7
 920.192   10550781.783          0.002   15
 301.307    3269377.166          0.001   15
 166.433    1839178.149          0.000   15
 872.096   12813381.500          0.003   20
 340.037    3684302.115          0.001   20
 735.208    8359347.182          0.002   20
 833.574    9392655.427          0.002   20
 108.975    1243981.169          0.000   26
 367.357    3923212.446          0.001   26
 739.528    8122474.088          0.002   30
 598.786    6087217.805          0.001   35
 106.434    1243270.016          0.000   35
 647.373    6715104.727          0.002   35
1063.338   11694841.917          0.003   41
 681.096    7173269.913          0.002   41
 127.246    1476130.785          0.000   41
 655.796    6262968.424          0.001   41
 668.336    6745756.585          0.002   47
 166.852    1867449.761          0.000   47
 621.544    6699773.861          0.002   47
 489.315    5058386.737          0.001   52
 126.235    1471926.297          0.000   52
 250.149    2755430.688          0.001   52
 705.333    7344242.270          0.002   56
 498.848    5242946.702          0.001   56
 817.222    8391653.326          0.002   60
 307.248    3342390.216          0.001   60
 140.836    1596947.207          0.000   60
 196.770    2156847.487          0.000   65
 842.222    9478846.165          0.002   65
 771.951    8146941.491          0.002   69
 547.073    5860057.945          0.001   72
 516.557    5558236.125          0.001   72
1012.717   13302751.833          0.003  294
 615.550    6099390.391          0.001  294
 789.116   10455285.419          0.003  294
   0.000          0.000          0.000  250
   0.000          0.000          0.000  251
 255.706    2674089.976          0.001  251
 895.049   11309111.721          0.003  251
 897.212    9597598.468          0.002    7
 797.570    8992777.099          0.002    7
1155.686   12671715.351          0.003   10
 731.423    7835415.892          0.002   15
 624.510    9271723.308          0.002   15
 225.785    2506197.972          0.001   15
 847.816    8862224.154          0.002   20
 917.577   12273005.783          0.003   20
 639.137    6541636.850          0.002   26
 295.880    3257130.282          0.001   26
 162.806    1867835.597          0.000   26
 240.302    2678185.721          0.001   26
 615.401    6559413.604          0.002   26
 981.661   13473836.350          0.003   26
1066.660   12522523.200          0.003   35
 588.062    6228043.751          0.001   35
 125.022    1463494.575          0.000   35
 705.365    7794745.118          0.002   35
1062.175   12888402.630          0.003   35
 781.999    8469869.239          0.002   41
 163.958    1906793.253          0.000   41
 600.366    6711018.280          0.002   47
 231.222    2610709.362          0.001   47
 867.229   12373831.412          0.003   47
 617.031    6610838.735          0.002   52
 379.673    4198078.817          0.001   52
1018.196   11015835.656          0.003   56
 846.402    9321470.955          0.002   56
 541.461    5726960.079          0.001   60
 384.183    4254505.477          0.001   60
 205.335    2338914.979          0.001   60
 692.088    8932966.127          0.002   65
 283.026    3118133.334          0.001   65
 395.012    4376703.250          0.001   65
 998.927   11327046.326          0.003   72
 403.075    4356882.499          0.001   72
 695.992    7387141.767          0.002   72
 949.661   10545148.286          0.002  294
 405.897    4103111.084          0.001  294
 130.284    1355392.584          0.000  294
   0.000          0.000          0.000  294
   0.000          0.000          0.000  295
 567.217    6050681.013          0.001  251
 889.065    9521033.768          0.002  251
1020.140   10811325.743          0.002  452
 965.683   10287344.148          0.002  452
 970.417   10266417.449          0.002   15
 542.837    5896036.829          0.001   15
 273.562    3046469.251          0.001   15
 770.039    8520468.996          0.002   15
 585.448    6481855.878          0.002   20
 691.128    6964853.176          0.002   26
 346.562    3798247.246          0.001   26
 626.638   10241877.517          0.002   26
 394.248    4369771.795          0.001   26
 990.253   11206676.738          0.003   26
 446.412    4849606.511          0.001   35
 163.256    1920220.676          0.000   35
 304.617    3612074.789          0.001   35
 851.631    9106322.677          0.002   35
 779.116    8752723.434          0.002   41
 185.438    2159817.352          0.000   41
 660.554    6756383.839          0.002   41
 737.020    8148287.156          0.002   47
 278.607    3165832.672          0.001   47
 183.104    2144444.869          0.000   52
 810.030   10614444.389          0.002   52
 715.076    7996845.508          0.002   52
1228.751   13713505.384          0.003   60
 941.047   12316626.515          0.003   60
 751.599   10523101.096          0.002   60
 678.059    6932581.070          0.002   60
 872.738   10936564.887          0.003   65
 504.309    5677052.106          0.001   65
 887.907    9651322.403          0.002   65
1084.443   11879677.454          0.003   72
 476.280    5159052.507          0.001   72
 888.846   11021685.467          0.003   72
1154.437   13063608.954          0.003   72
 777.171    7469565.524          0.002  294
 608.219    8298982.842          0.002  335
   0.000          0.000          0.000  335
   0.000          0.000          0.000  336
 533.884    5959045.813          0.001  336
 743.912    7933101.751          0.002  452
 532.806    5779496.204          0.001  452
1043.425   10909987.941          0.002  452
 952.160   10175021.895          0.002   15
 731.071    7962274.179          0.002   15
 338.361    3784342.306          0.001   15
 672.843    7238894.391          0.002   15
1026.458   11774669.880          0.003   15
 774.257    8654479.234          0.002   20
1063.640   12495594.555          0.003   26
 614.027    6365906.052          0.001   26
 218.406    2520332.003          0.001   26
 477.988    5136748.020          0.001   26
 534.295    5921125.686          0.001   26
1095.445   12884192.417          0.003   35
 411.696    4662953.038          0.001   35
1196.837   14551322.456          0.003   41
 834.914    9803554.482          0.002   41
 218.518    2550576.372          0.001   41
 464.304    4959819.270          0.001   41
 342.724    3932186.622          0.001   47
 547.698    6115922.422          0.001   47
 512.582    5515751.536          0.001   52
 546.015    5917081.679          0.001   52
1058.034   11964622.810          0.003   52
1055.014   12236954.262          0.003   60
 534.749    5952886.107          0.001   60
 277.182    3171470.928          0.001   60
 409.022    4501302.567          0.001   65
1006.654   11698504.369          0.003   65
 693.148    7521956.714          0.002   72
 938.740   10265126.656          0.002   72
 628.347    7646080.352          0.002  372
 108.571    1154771.718          0.000  372
   0.000          0.000          0.000  372
   0.000          0.000          0.000  373
 692.155    8642036.364          0.002  452
 350.228    3800109.227          0.001  452
1018.945   11712976.689          0.003  452
1008.329   10966078.617          0.002  452
1348.599   15219322.171          0.003   15
 662.451    7414885.206          0.002   15
 386.464    4334530.415          0.001   15
 873.216   10801802.985          0.002   15
 949.307   10641866.712          0.002   20
1152.383   11363837.065          0.003   26
 716.184    9666760.811          0.002   26
 664.065    7896377.864          0.002   26
 853.122    9500266.705          0.002   26
 804.874    8986520.178          0.002   35
 210.039    2485443.886          0.001   35
 623.888    9695541.449          0.002   35
 933.781   10163907.551          0.002   35
 794.811    7815550.506          0.002   41
 252.527    2954211.333          0.001   41
 928.221   12431527.162          0.003   47
 387.475    4478364.201          0.001   47
 912.288   11822064.977          0.003   47
 761.652   14270452.682          0.003   52
 243.633    2864884.534          0.001   52
 555.050    6039284.924          0.001   52
1180.544   13608257.209          0.003   52
1107.853   11486487.155          0.003   60
 672.867    7314924.119          0.002   60
 353.032    4058881.245          0.001   60
 459.321    5099159.166          0.001   60
 856.983   11015057.086          0.002   60
 749.871    7510427.666          0.002   65
1059.943   10339090.821          0.002   65
1223.034   13407597.629          0.003   72
1057.576   11356619.031          0.003   72
1062.688   12836202.858          0.003  491
 813.609    8968100.041          0.002  491
 834.959    8361237.895          0.002  372
 319.643    3405094.803          0.001  372
   0.000          0.000          0.000  413
   0.000          0.000          0.000  414
 323.373    3442766.725          0.001  452
 222.704    2417261.617          0.001  452
 802.696    8942115.238          0.002  452
 711.558    7788506.818          0.002  452
 951.800   10341888.246          0.002   15
 477.905    5386941.919          0.001   15
 774.762    8426223.470          0.002   15
1453.752   19509720.234          0.004   20
 851.903    9897972.194          0.002   26
 273.876    3175987.709          0.001   26
 921.403   10185589.629          0.002   26
 903.045    9853214.714          0.002   26
 562.217    6126744.339          0.001   35
 336.119    3865392.230          0.001   35
 875.832    9221612.930          0.002   35
1261.016   13893487.334          0.003   41
 972.686   10387109.809          0.002   41
 283.795    3326851.460          0.001   41
 847.968   10955420.258          0.002   41
 488.572    5760832.303          0.001   47
 860.870    9389207.920          0.002   47
 961.918   10182006.300          0.002   52
 305.429    3614235.624          0.001   52
 305.765    3593322.152          0.001   52
 768.771    8398924.238          0.002   52
1165.228   12035567.981          0.003   52
1347.432   15572514.810          0.003   60
 661.131    7303077.350          0.002   60
 892.097    9304153.840          0.002   60
 547.278    5992725.630          0.001   65
1125.089   11741406.355          0.003   65
1420.797   17025500.356          0.004  491
 880.050   10158649.702          0.002  491
1010.613   15614900.607          0.004  491
 563.479    6189991.476          0.001  491
 706.693    7946910.351          0.002  491
   0.000          0.000          0.000  451
   0.000          0.000          0.000  452
  44.313     481154.978          0.000  452
 109.060    1182759.711          0.000  452
 580.303    6163514.666          0.001  452
 379.970    4138163.812          0.001  452
 997.807   11089296.723          0.003  452
1392.110   18679763.538          0.004  452
1063.335   12649857.240          0.003   15
 546.246    6178989.554          0.001   15
 724.020    8276875.325          0.002   15
1161.188   11969356.030          0.003   15
1067.988   10981516.653          0.002   26
 703.412    7594021.581          0.002   26
 305.062    3546513.915          0.001   26
 873.187   10666005.459          0.002   26
 646.006    6575363.940          0.001   35
 269.415    3218650.635          0.001   35
 490.075    5587924.253          0.001   35
 851.395    9113025.091          0.002   35
 561.443    6282876.101          0.001   41
 329.575    3875375.451          0.001   41
 879.111   11677238.141          0.003   41
 534.460    6352974.265          0.001   47
 667.603    8157285.746          0.002   47
 874.325    9585424.246          0.002   52
 765.506    8241532.023          0.002   52
1235.630   15244889.825          0.003   52
1547.708   16116517.776          0.004   52
1016.704   14194667.062          0.003   60
 436.925    5048156.107          0.001   60
 954.082   11426147.892          0.003   60
 629.872    6872293.940          0.002   65
1230.545   15074690.590          0.003   65
1126.505   12430755.278          0.003  491
 600.685    6779341.927          0.002  491
 429.824    4789873.127          0.001  491
 261.356    2874189.554          0.001  491
 122.088    1335341.632          0.000  491
  51.242     559598.596          0.000  491
   0.000          0.000          0.000  491
   0.000          0.000          0.000  492
 317.508    3382227.994          0.001  452
 918.797   13196825.870          0.003  452
 978.401   13113985.773          0.003  452
 683.414    7474961.232          0.002  452
 503.445    5491548.672          0.001  452
 808.461    8844104.776          0.002  452
1362.435   16494108.558          0.004  452
 906.320   10201776.514          0.002   15
 772.202    8743633.179          0.002   15
1272.032   16001378.384          0.004   15
1017.834   10182028.453          0.002   26
 727.491    7752969.970          0.002   26
 356.326    4159661.109          0.001   26
 552.043    6224578.023          0.001   26
1095.677   12834821.996          0.003   26
1027.271   10453841.442          0.002   35
 578.117    6457106.276          0.001   35
 678.473    8357876.169          0.002   35
 675.662    7781658.997          0.002   35
 647.494    7329583.000          0.002   35
1003.984   10721098.789          0.002   35
1114.838   12428017.390          0.003   41
 687.926    7222346.503          0.002   41
 360.484    4244149.153          0.001   41
 719.017    7609571.944          0.002   41
1082.566   16221495.007          0.004   47
 803.574   10015110.479          0.002   47
 379.696    4514441.385          0.001   52
 408.914    4799881.675          0.001   52
 997.016   11071139.632          0.002   52
1335.319   14485454.941          0.003   52
1139.939   11523501.427          0.003   60
 882.679    9337942.383          0.002   60
 593.021    6780147.222          0.001   60
 981.898   11243735.013          0.002   60
 946.454    9877610.479          0.002   65
 842.256    8896768.874          0.002   65
1429.004   17553936.813          0.004  491
 894.011   10204650.970          0.002  491
 741.156    8435482.223          0.002  491
 852.171   12316811.008          0.003  491
 656.124    8170392.262          0.002  491
 517.300    5937753.615          0.001  491
 379.794    4692312.653          0.001  491
   0.000          0.000          0.000  537
   0.000          0.000          0.000  538
 563.176    5970610.566          0.001  538
 910.908    9755252.916          0.002  622
 995.845   13474994.999          0.003  622
1083.473   11700477.121          0.003  452
1227.516   13675546.325          0.003   15
 770.647    8661901.842          0.002   15
1262.401   14173942.068          0.003   15
1329.712   16945324.254          0.004   26
 865.187    9982936.693          0.002   26
 382.338    4472086.289          0.001   26
 870.934   10682333.709          0.002   26
1166.922   12923742.882          0.003   26
 953.655   10358040.111          0.002   35
 344.701    4159462.629          0.001   35
 860.001   11521398.252          0.003   35
1001.131   11816395.559          0.003   35
1061.736   11011112.602          0.002   35
 941.815   10493780.515          0.002   41
 411.344    4843406.516          0.001   41
1091.851   13261886.870          0.003   41
 661.037    8034167.158          0.002   47
 770.711    7855000.857          0.002   52
 479.358    5621695.884          0.001   52
1055.276   12944227.410          0.003   52
1525.658   17468724.827          0.004   52
1322.200   14478871.655          0.003   60
 783.497    8719168.248          0.002   60
 538.471    6254886.549          0.001   60
1084.056   13167713.399          0.003   60
1398.917   16300722.875          0.004   65
1080.098   10840407.733          0.002   65
1239.904   12358002.495          0.003   65
1374.613   17805202.969          0.004  491
 912.748   10332143.977          0.002  621
 707.741    8003261.392          0.002  621
 745.905    8298800.945          0.002  621
 546.031    7312533.062          0.002  621
   0.000          0.000          0.000  576
   0.000          0.000          0.000  577
 555.127    6630428.875          0.002  622
 561.461    5862342.092          0.001  622
 618.697    6782816.979          0.002  622
 760.327    8662123.681          0.002  622
 998.879   12152958.387          0.003  622
 868.549   10334082.595          0.002  622
1321.634   15399065.359          0.003  622
1139.747   12281461.386          0.003   15
1018.001   11010148.802          0.002   15
1486.661   17126360.264          0.004   15
1246.470   13492664.720          0.003   26
 690.355    7547255.641          0.002   26
 492.129    5714985.816          0.001   26
 572.704    6514307.121          0.001   26
1062.364   10798919.286          0.002   26
1308.209   15271222.155          0.003   35
 744.528    8404677.206          0.002   35
 461.870    5546193.924          0.001   35
 710.197    7840568.114          0.002   35
1010.469   11400644.535          0.003   35
1213.713   12432340.912          0.003   41
 458.227    5390454.316          0.001   41
 683.533    7060324.105          0.002   41
1219.628   17044140.729          0.004   41
 987.488   11448311.808          0.003   47
1218.758   17792604.857          0.004   47
 452.571    5390297.633          0.001   52
 541.343    6351907.603          0.001   52
 742.033    8288619.384          0.002   52
 953.083   10041983.032          0.002   52
1388.401   13790480.896          0.003   52
1349.349   13550048.571          0.003   60
1146.475   13564981.483          0.003   60
1055.043   14428135.347          0.003   60
 905.709    9992400.889          0.002   60
1311.513   14272727.134          0.003   60
1477.136   13912479.327          0.003   65
1165.662   13387254.931          0.003  621
 652.075    7651131.002          0.002  621
 459.078    5299827.982          0.001  621
 325.364    3714338.590          0.001  621
 189.180    2132689.242          0.000  621
  71.615     798926.502          0.000  621
   0.000          0.000          0.000  621
   0.000          0.000          0.000  622
 115.357    1291654.264          0.000  622
 240.507    2716702.825          0.001  622
 309.985    3521227.005          0.001  622
 439.827    5058216.665          0.001  622
 604.688    7091780.355          0.002  622
1115.354   13045868.594          0.003  622
1408.609   15608788.215          0.003   15
1399.137   13863173.250          0.003   15
1538.882   15988081.429          0.003   26
1209.172   12747680.341          0.003   26
 654.709    7345613.680          0.002   26
 461.172    5430008.904          0.001   26
1492.112   16685321.983          0.004   26
 870.903    9570729.967          0.002   35
 411.263    5003822.639          0.001   35
 577.412    6882252.121          0.001   35
1099.311   12598506.377          0.003   35
1539.320   19874264.456          0.004   35
 764.014    8346718.292          0.002   41
 529.891    6201630.912          0.001   41
1055.815   11409850.754          0.002   41
 819.433   10084643.549          0.002   47
1207.663   14429255.237          0.003   47
 872.934    9727600.590          0.002   52
 521.864    6208263.839          0.001   52
 659.595    7703143.515          0.002   52
1096.037   11438258.868          0.002   52
1453.698   16550913.604          0.004   60
1210.416   13229754.036          0.003   60
 644.990    7482127.508          0.002   60
1170.979   12202345.370          0.003   60
1383.514   13860334.035          0.003   60
1616.415   17902346.613          0.004   65
1246.313   16207481.719          0.004  621
 833.886    9993885.050          0.002  621
 895.940    9402809.051          0.002  621
 778.330    8248238.599          0.002  621
 560.393    6160036.613          0.001  621
 483.342    5185190.113          0.001  621
 299.539    3365100.772          0.001  663
   0.000          0.000          0.000  663
   0.000          0.000          0.000  664
 572.077    6491132.949          0.002  622
 512.484    5670484.141          0.001  622
 641.977    7421661.906          0.002  622
 635.788    7346036.521          0.002  622
 928.003   10037061.570          0.002  622
 846.893   10264961.861          0.002  622
1222.863   14726673.752          0.003  622
1766.696   26269928.935          0.006  622
1462.720   15797995.493          0.003   26
 865.929    9085234.870          0.002   26
1037.945   13826276.320          0.003   26
 513.551    6064800.539          0.001   26
 916.691   10882382.303          0.002   26
 965.935    9913995.797          0.002   26
1511.484   18662605.863          0.004   26
1053.751   10700799.101          0.002   35
 881.260   10854659.470          0.002   35
 737.221    8619155.299          0.002   35
1383.101   14064160.324          0.003   35
1428.107   13277282.196          0.003   41
 920.392    9565245.421          0.002   41
1376.647   19499821.044          0.004   47
 927.375   11433473.342          0.002   47
1002.786   11631502.344          0.002   52
1047.450   12615612.531          0.003   52
1437.902   16306436.127          0.003   60
 835.898    9293731.010          0.002   60
 790.642    8977556.854          0.002   60
1337.826   14669211.158          0.003   60
1731.693   17357321.082          0.004 1003
1357.725   17116561.935          0.004  621
1079.347   14611644.623          0.003  789
 973.181   12662765.442          0.003  789
 981.634   14713939.068          0.003  789
 288.407    3063693.010          0.001  700
   0.000          0.000          0.000  700
   0.000          0.000          0.000  701
 238.465    2554018.522          0.001  701
 794.275   11335024.016          0.003  701
 797.428   10407122.342          0.002  834
 788.310    9332789.584          0.002  834
 874.250    9215747.323          0.002  834
1263.884   12648194.333          0.003  834
1538.910   17250940.297          0.004  834
1521.310   13676458.646          0.003   26
1360.550   12929823.988          0.003   26
1223.810   14789170.610          0.003   26
 624.546    7381935.699          0.002   26
 965.833   12164990.697          0.003   26
1071.491   11276862.626          0.002   26
1534.250   19393693.535          0.004   26
1498.834   15534685.721          0.003   35
1156.559   12357944.701          0.003   35
 474.527    5801600.297          0.001   35
 901.132   11086083.285          0.002   35
1210.723   16342844.615          0.003   35
 867.192    9920606.842          0.002   35
1565.100   17466935.414          0.004   35
1210.937   15470627.209          0.003   41
 622.735    7184695.543          0.001   41
1288.440   15853992.267          0.003   41
1557.709   16333298.530          0.003   41
1147.838   13825198.005          0.003   47
1397.621   15681302.756          0.003   47
1227.190   14184871.176          0.003   52
 626.456    7347937.136          0.002   52
 937.485   10080962.164          0.002   52
1480.320   17497570.370          0.004   52
1722.455   23539930.741          0.005   52
1142.893   11513153.364          0.002   60
1300.044   14452307.066          0.003   60
1219.567   11823164.236          0.003   60
1497.749   13783826.700          0.003 1003
1375.935   14574972.554          0.003 1003
1383.039   16387713.663          0.003 1003
1048.713   15133128.460          0.003  789
 718.121    9150691.432          0.002  789
 623.366    7042509.640          0.002  789
 346.139    3837117.682          0.001  789
   0.000          0.000          0.000  744
   0.000          0.000          0.000  745
 207.325    2200219.411          0.001  745
 750.555    8205488.045          0.002  834
 446.042    4898324.674          0.001  834
 478.172    5704088.884          0.001  834
 762.260   10403654.042          0.002  834
 832.180    7861054.709          0.002  834
 541.737    6390777.681          0.001  834
 909.782    9911844.995          0.002  834
1287.303   13260061.175          0.003  834
1530.134   14988954.577          0.003   26
1054.307   11108452.740          0.002   26
 698.649    8231817.086          0.002   26
 640.968    7477551.325          0.002   26
1349.073   14275692.792          0.003   26
1350.167   15573123.718          0.003   35
 539.173    6598531.561          0.001   35
 560.125    6820717.567          0.001   35
 907.602   10167632.525          0.002   35
1259.517   14489972.832          0.003   35
1319.620   13575556.811          0.003   35
1205.408   12637689.648          0.003   41
 694.206    7894447.257          0.002   41
 927.808    9655194.419          0.002   41
1563.337   15803758.803          0.003   41
1370.785   15952584.393          0.003   47
1441.008   12803280.618          0.003   52
 856.306    9179803.770          0.002   52
 710.275    8187770.192          0.002   52
 862.026    9235867.664          0.002   52
1117.669   11421300.719          0.002   52
1720.092   19994492.608          0.004   52
1724.967   15503814.234          0.003   60
1293.691   12707750.997          0.003   60
1608.581   16652178.819          0.003 1003
1341.285   14098831.815          0.003 1003
1023.692   10326775.734          0.002 1003
 976.725    9528764.577          0.002 1003
1148.650   14679908.480          0.003 1003
 741.692    9336985.475          0.002  789
 546.153    6641370.499          0.001  789
 428.683    5083072.502          0.001  789
 252.464    2899177.106          0.001  789
 118.569    1339197.242          0.000  789
   0.000          0.000          0.000  789
   0.000          0.000          0.000  790
 603.868    6531562.098          0.002  834
 154.312    1768221.132          0.000  834
 224.282    2585080.326          0.001  834
 392.357    4589013.908          0.001  834
 477.805    5627222.224          0.001  834
 798.050    8988563.063          0.002  834
1492.724   16148797.960          0.003  834
1776.252   19577644.368          0.004  834
1044.321   10973325.458          0.002   26
 836.834    9617029.703          0.002   26
1034.717   12085413.584          0.003   26
 800.814    8943676.993          0.002   26
1261.038   14295612.305          0.003   35
 830.777    9149949.701          0.002   35
 594.165    7252240.364          0.001   35
 651.634    7811582.773          0.002   35
1074.261   11621520.104          0.002   35
1407.416   16833949.344          0.003   35
1672.655   16950103.438          0.004   35
1663.243   17463395.920          0.004   41
1224.665   11223642.258          0.002   41
 832.853    9006351.830          0.002   41
1030.641   10054686.778          0.002   41
1541.258   16070601.814          0.003   41
1762.560   19522649.366          0.004   47
1752.679   15180795.716          0.003   52
1011.501   10209055.491          0.002   52
 881.686    9467032.375          0.002   52
 959.318   10199856.980          0.002   52
1414.238   12632279.512          0.003   52
1740.600   15631395.842          0.003   52
2045.901   19817822.744          0.004   60
1740.457   20146939.008          0.004 1003
1431.710   16104260.866          0.003 1003
1137.189   12180687.931          0.003 1003
 942.215   10469367.884          0.002 1003
 706.639    8017715.883          0.002 1003
 838.236    7693940.405          0.002 1003
 815.235    9836948.370          0.002  789
 582.614    6958901.138          0.002  789
 627.183    7491392.074          0.002  789
 210.903    2242341.944          0.001  833
   0.000          0.000          0.000  833
   0.000          0.000          0.000  834
  75.013     854982.050          0.000  834
 580.734    6425738.155          0.001  834
 704.390    8657092.789          0.002  834
 297.408    3448655.375          0.001  834
 791.339   10703371.742          0.002  834
 947.088   10843802.191          0.002  834
 597.421    7070294.673          0.002  834
1105.075   13466856.300          0.003  834
1719.367   19279303.670          0.004  834
1742.958   16499380.016          0.003   26
1267.398   12768099.250          0.003   26
1322.724   15381924.676          0.003   26
1219.483   11665090.087          0.002   26
1292.130   14373338.135          0.003   35
 686.323    8243664.864          0.002   35
1084.243   13134682.483          0.003   35
 835.188    9322305.374          0.002   35
1499.866   14232201.951          0.003   35
1852.880   18067482.311          0.004   41
1014.936   10132942.556          0.002   41
1284.219   11464896.746          0.002   41
1621.010   13531355.491          0.003   41
2079.151   19421396.321          0.004   52
1510.683   13275781.536          0.003   52
1239.504   11416550.907          0.002   52
1181.304   11067292.770          0.002   52
1429.673   13402502.811          0.003   52
1594.389   13689738.355          0.003   52
2015.477   17469049.657          0.004   52
2157.896   19976727.915          0.004   60
1997.484   17812176.466          0.004   60
1808.322   19043955.835          0.004   60
1114.752   12178140.262          0.003 1003
1004.611   10901342.882          0.002 1003
 557.911    6578760.331          0.001 1003
 468.228    5581618.370          0.001 1003
 629.657    8251738.892          0.002 1003
 528.983    5622552.681          0.001 1003
 754.893    9020639.025          0.002 1003
 982.152   13642330.483          0.003 1003
 797.623    9599788.481          0.002  833
 346.852    3586616.384          0.001  877
   0.000          0.000          0.000  877
   0.000          0.000          0.000  878
 683.207    7719728.309          0.002  834
 924.828   10998828.897          0.003  834
 720.607    7888631.251          0.002  834
 480.383    5467512.928          0.001  834
 674.143    7480456.567          0.002  834
1048.969   13941346.004          0.003  834
 721.212    8458770.773          0.002  834
1201.239   12466091.533          0.003  834
1579.934   16006508.906          0.003  834
1571.498   14660063.661          0.003   26
1587.076   15032013.800          0.003   26
1607.422   18745680.158          0.004   26
1096.501   10852024.812          0.002   26
1484.077   17226077.764          0.004   35
 838.582    9501170.377          0.002   35
 810.532    9142554.272          0.002   35
1343.601   15423882.849          0.003   35
1116.979   11051124.321          0.002   35
1928.541   18794803.429          0.004   35
1522.008   13874301.918          0.003   41
1166.476   10909640.235          0.002   41
1655.419   14103932.863          0.003   41
1978.654   15823920.816          0.003   41
1792.114   14628560.699          0.003   52
1553.261   12614634.015          0.003   52
1623.618   14673435.663          0.003   52
2078.488   17417442.656          0.003   52
2440.844   25419195.225          0.005   52
2047.776   18501961.416          0.004 1003
1861.189   17294844.130          0.003 1003
1487.224   14547460.030          0.003 1003
 912.987   10339026.664          0.002 1003
 614.262    7343380.932          0.002 1003
 433.192    5265258.161          0.001 1003
 354.805    4295505.126          0.001 1003
 283.338    3413478.471          0.001 1003
 775.638    8765837.903          0.002 1003
 727.446    8266745.398          0.002  962
 445.260    5266463.569          0.001  918
   0.000          0.000          0.000  918
   0.000          0.000          0.000  919
 361.440    3936075.325          0.001  919
 515.742    5637124.516          0.001  919
 893.764   10022266.499          0.002  919
 936.640    9264872.552          0.002  834
 659.725    7553606.419          0.002  834
1076.411   11219924.770          0.002  834
1002.778   10768319.917          0.002  834
1161.609   13953642.213          0.003  834
1188.689   12643569.406          0.003  834
1925.552   20529062.590          0.004  834
2028.764   19433630.949          0.004   26
1748.136   16963832.567          0.003   26
1246.264   11692041.138          0.002   26
1436.125   16992488.707          0.003   35
 945.138   10248190.631          0.002   35
1134.917   11598212.824          0.002   35
1097.468   10932309.887          0.002   35
1634.510   14923230.875          0.003   35
1430.460   12624582.810          0.003   35
1923.740   22267266.231          0.004   35
1612.421   12590046.147          0.003   41
1927.947   15218047.368          0.003   41
2174.205   21503282.961          0.004   41
2260.733   17963250.979          0.004   41
2399.924   23073837.335          0.005   52
2057.065   17387252.560          0.003   52
1774.031   15181230.359          0.003   52
1976.773   17684276.211          0.004   52
2379.572   19992457.592          0.004   52
2461.395   23301346.256          0.005 1003
1967.845   16010196.117          0.003 1003
1435.196   11926181.814          0.002 1003
 938.649    9584731.316          0.002 1003
 603.368    7197714.324          0.001 1003
 538.264    6489256.516          0.001 1003
 615.916    7113220.301          0.002 1003
 795.366    8662296.080          0.002 1003
 670.840    7738045.190          0.002 1003
 200.519    2396856.099          0.001 1003
 518.017    6071794.439          0.001 1003
 523.542    5955933.281          0.001 1003
 206.803    2212085.675          0.001  962
   0.000          0.000          0.000  962
   0.000          0.000          0.000  963
 342.701    4003821.617          0.001  963
 670.905    8391646.659          0.002  963
1139.649   18048411.236          0.004  963
1121.976   14508023.556          0.003 1091
1315.233   16433520.466          0.004 1091
1405.860   16114953.532          0.003  834
 993.024   10810700.975          0.002  834
1482.759   14442310.051          0.003  834
2106.794   20909922.994          0.004  834
2042.051   19896342.836          0.004   26
1899.655   18515310.206          0.004   26
1828.795   16958324.940          0.003   26
1539.442   13078970.832          0.003   35
1444.790   12962189.348          0.003   35
1398.257   13319382.888          0.003   35
1372.539   12294503.766          0.002   35
1848.189   18816529.181          0.004   35
2102.039   17727791.519          0.004   35
1961.920   17488819.438          0.003   35
2151.285   17044941.655          0.003   41
2341.798   21376243.834          0.004   41
2325.268   21309832.655          0.004 2166
2308.390   23025646.174          0.004 2166
2051.274   17612066.988          0.003 2166
2154.147   22543695.490          0.004   52
2079.514   18511192.049          0.004 2166
2435.205   24565789.240          0.005 1003
2000.247   18481338.190          0.004 1003
1636.698   14954820.300          0.003 1003
1149.279   10974312.031          0.002 1003
 709.443    8166698.162          0.002 1003
1077.098   11463511.330          0.002 1003
1076.469   11679902.343          0.003 1003
 926.694    9568590.378          0.002 1003
 695.297    8927004.740          0.002 1003
 217.950    2600348.140          0.001 1003
 133.042    1577485.497          0.000 1003
  75.775     894660.911          0.000 1003
  31.707     373323.315          0.000 1003
   0.000          0.000          0.000 1003
   0.000          0.000          0.000 1004
 217.467    2491606.686          0.001 1004
 572.005    8968018.360          0.002 1004
 708.303    8028504.099          0.002 1091
 836.709    8727443.117          0.002 1091
 833.936   10175082.354          0.002 1091
1292.814   15948777.908          0.003 1091
1048.047   12984891.553          0.003 1091
1399.502   13608754.004          0.003  834
1857.354   18896327.841          0.004 1352
1827.859   14488538.098          0.003 1352
2165.939   23652438.946          0.005 1352
1974.315   15373401.981          0.003   26
2107.786   17631075.345          0.003   35
1912.160   15840647.666          0.003   35
1746.330   15440345.810          0.003   35
1682.944   16270028.702          0.003   35
1750.948   14091831.221          0.003   35
1927.612   17442568.105          0.003   35
2287.611   24744557.868          0.005   35
2211.350   20511466.955          0.004   41
2369.425   23225673.785          0.005   41
1977.635   18194049.150          0.003 2166
2065.135   21316289.285          0.004 2166
1610.331   13579232.932          0.003 2166
2030.959   17378072.987          0.003 2166
1937.378   17191866.792          0.003 2166
2148.561   17353730.770          0.003 2166
2281.256   21931087.824          0.004 2166
2296.601   23658820.823          0.005 1003
1666.614   15344214.741          0.003 1003
1190.831   11124274.466          0.002 1003
1203.225   11952580.031          0.002 1003
1140.149   12938653.561          0.003 1003
1062.437   11961768.691          0.003 1003
 946.084   10747227.082          0.002 1003
 385.566    4647309.727          0.001 1003
 327.594    3937110.777          0.001 1003
 641.138    6621558.475          0.001 1003
 638.489   10096274.256          0.002 1003
 402.808    4396538.537          0.001 1003
 511.003    6129998.840          0.001 1003
   0.000          0.000          0.000 1046
   0.000          0.000          0.000 1047
 450.999    4670020.972          0.001 1091
 691.272    8240244.486          0.002 1091
 559.942    6315304.064          0.001 1091
 639.088    7691604.919          0.002 1091
 889.396   11454015.007          0.002 1091
 875.923   11155469.354          0.002 1091
1384.339   16928355.476          0.004 1091
1672.734   16280017.605          0.003 1352
1594.116   15646649.781          0.003 1352
1394.276   12145202.435          0.002 1352
1937.518   17308578.992          0.003 1352
2309.900   19131696.996          0.004   26
2397.371   22342182.201          0.004   26
2123.455   17874804.390          0.004   35
2254.244   19225190.366          0.004   35
2098.574   21554993.910          0.004   35
2215.129   17678528.802          0.003   35
2179.536   20506764.726          0.004 2161
1963.547   17091466.855          0.003 2161
2050.299   20371585.586          0.004 2161
2272.649   23276614.766          0.004 2161
2340.100   23358300.578          0.004 2161
2105.252   19088614.558          0.004 2166
1735.939   15749073.102          0.003 2166
1476.506   15380218.930          0.003 2166
1442.382   12779922.395          0.002 2166
1755.425   18376826.337          0.004 2166
1312.830   11899025.108          0.002 2166
1892.063   16998020.668          0.003 2166
2027.781   17900576.785          0.003 2166
2253.075   22658009.953          0.004 2166
1857.638   15390397.642          0.003 1003
1643.502   13655834.664          0.003 1003
1462.345   13995678.035          0.003 1003
 905.567   10043088.875          0.002 1003
 609.987    7226864.043          0.002 1003
 522.797    6248213.660          0.001 1003
 837.517    9805810.186          0.002 1003
 919.452   12046178.789          0.003 1003
 790.363   10006755.997          0.002 1137
 567.436    6744465.209          0.002 1137
 424.666    4770456.109          0.001 1137
   0.000          0.000          0.000 1090
   0.000          0.000          0.000 1091
  98.087    1121940.364          0.000 1091
 182.372    2107346.449          0.000 1091
 356.330    4166302.289          0.001 1091
 450.013    5305800.858          0.001 1091
 638.716    8003866.583          0.002 1091
 707.684    9100086.610          0.002 1091
 975.546   12628652.113          0.003 1091
1462.113   13976397.817          0.003 1352
1248.342   13892128.834          0.003 1352
1236.680   11093752.284          0.002 1352
1159.941   11000954.475          0.002 1352
1697.123   14293599.125          0.003 1352
2174.800   18652912.985          0.004 1352
2303.951   22351345.502          0.004 1352
2430.399   21887702.458          0.004 2144
2416.374   23725981.388          0.005 2144
2239.083   19613131.729          0.004 2144
2381.464   23686650.049          0.005 2161
2222.062   25554592.420          0.005 2161
1525.726   13554870.976          0.003 2161
1833.105   16224016.611          0.003 2161
1946.291   17787261.725          0.003 2161
2024.472   19035815.507          0.004 2166
1827.584   20619333.399          0.004 2166
1519.677   13606538.196          0.003 2166
1314.395   12557710.894          0.002 2166
 944.231   10350163.325          0.002 2166
1329.591   14078339.507          0.003 2166
1603.320   21513819.569          0.004 2166
1061.172   10777440.282          0.002 2166
1600.925   14503937.841          0.003 2166
1817.639   15565046.628          0.003 2166
2238.428   22015787.985          0.004 2166
2295.164   20157738.224          0.004 1003
2197.596   18939338.997          0.004 1003
1818.139   18187014.217          0.004 1003
1142.291   12073567.094          0.003 1003
1002.636   10671110.980          0.002 1003
 979.600   10458341.680          0.002 1003
 718.060    7950064.676          0.002 1003
 887.262   13347678.097          0.003 1137
 671.177    9206922.440          0.002 1137
 454.296    5663881.570          0.001 1137
 293.665    3477763.557          0.001 1137
 135.135    1531646.055          0.000 1137
   0.000          0.000          0.000 1137
   0.000          0.000          0.000 1138
 574.746    7356249.239          0.002 1091
 490.652    5279583.806          0.001 1091
 299.016    3534416.030          0.001 1091
 438.921    5353900.556          0.001 1091
 501.996    6202459.956          0.001 1091
 569.517    7134711.206          0.002 1091
1112.536   14411213.726          0.003 1091
1328.516   17183297.545          0.004 1352
1022.647    9944576.795          0.002 1352
 822.136    9024548.105          0.002 1352
1516.084   16334005.023          0.003 1352
2181.412   22085928.773          0.004 1352
2042.014   17915521.285          0.004 2144
2024.715   17126388.892          0.003 2144
2298.417   23383040.183          0.005 2144
2203.949   19305828.414          0.004 2144
1932.138   15161510.991          0.003 2144
1791.463   15696119.558          0.003 2144
2110.547   20115658.936          0.004 2161
2014.231   17832999.770          0.003 2161
1861.897   16847633.051          0.003 2161
1342.216   12492778.857          0.002 2161
1578.867   14852625.956          0.003 2161
1727.603   16361295.387          0.003 2166
1399.385   14296987.051          0.003 2166
 934.481   10233405.078          0.002 2166
 756.789    9190635.416          0.002 2166
1480.543   20565781.939          0.004 2166
1340.989   17326218.382          0.003 2166
1175.076   11631885.934          0.002 2166
1747.479   15848009.621          0.003 2166
2227.441   21179932.189          0.004 2180
2144.023   21967889.419          0.004 1003
1759.790   17542383.964          0.004 1003
1552.886   15291989.031          0.003 1003
1349.852   13424706.113          0.003 1003
1014.776    9995209.475          0.002 1003
1133.682   16508621.764          0.004 1137
 711.713    9381150.191          0.002 1137
 695.966    8551061.160          0.002 1137
 697.027    8789149.419          0.002 1137
   0.000          0.000          0.000 1180
   0.000          0.000          0.000 1181
 319.327    3681949.976          0.001 1181
 555.107    6750339.104          0.002 1181
 716.433    8312930.525          0.002 1091
 623.222    6908020.700          0.002 1091
 820.790    9989364.541          0.002 1091
 976.657   12077300.369          0.003 1091
1113.304   12443445.602          0.003 1352
 638.210    7514426.601          0.002 1352
 990.633   11907292.852          0.002 1352
1403.833   13838630.289          0.003 1352
1871.472   19313149.792          0.004 2144
1355.571   12455448.260          0.002 2144
1919.689   17818524.981          0.003 2144
1646.694   15586565.486          0.003 2144
1401.085   12641479.907          0.002 2144
1828.472   15061969.677          0.003 2144
1527.068   13726034.751          0.003 2161
1083.234   11413225.746          0.002 2161
1017.052   10944666.715          0.002 2161
1362.985   15983377.961          0.003 2161
1641.717   17540018.858          0.003 2166
1070.108   11090350.135          0.002 2166
 679.698    8516925.335          0.002 2166
1061.817   11446139.701          0.002 2166
1281.555   16497010.241          0.003 2166
 742.936    8971705.987          0.002 2166
1274.988   21544808.540          0.004 2166
1503.732   18613852.837          0.004 2166
1542.620   14775650.865          0.003 2166
1942.147   15680204.205          0.003 2180
1818.029   16709926.885          0.003 2180
1932.773   18822016.986          0.004 1003
1737.707   18352946.949          0.004 1003
1515.778   15111220.604          0.003 1003
1418.541   24698074.701          0.005 1137
1371.999   20689654.058          0.005 1137
1050.875   13684767.066          0.003 1137
 755.791   11505191.785          0.003 1223
 479.673    6273521.401          0.001 1223
 262.346    3105580.116          0.001 1223
 102.703    1154819.480          0.000 1223
   0.000          0.000          0.000 1223
   0.000          0.000          0.000 1224
 596.408    8753526.866          0.002 1224
 730.005    9081140.970          0.002 1181
 747.897    7429206.689          0.002 1352
 690.386    7735084.035          0.002 1352
 701.207    8024455.710          0.002 1352
 719.028    8080881.116          0.002 1352
 554.118    6586508.176          0.001 1352
 643.130    7572055.072          0.002 1352
1349.311   14822719.339          0.003 1352
1809.772   19697230.660          0.004 1352
1566.452   14495354.997          0.003 2144
1737.731   18541861.079          0.004 2144
1632.322   17996722.916          0.004 2144
1398.175   13696936.276          0.003 2144
1094.206   11138122.375          0.002 2144
1306.638   12174091.162          0.002 2144
1736.152   17085551.939          0.003 2144
1716.095   15559941.297          0.003 2161
1148.485   11713018.783          0.002 2161
 806.043    9717045.150          0.002 2161
1369.536   18208487.310          0.004 2161
1710.399   22525128.563          0.004 2161
1507.625   15753234.357          0.003 2166
1255.249   15489804.633          0.003 2166
 638.509    8063207.803          0.002 2166
 603.833    7739248.637          0.002 2166
 963.058   11339361.045          0.002 2166
1042.028   14365350.073          0.003 2166
 671.217    8299245.021          0.002 2166
 978.760   10666491.133          0.002 2166
1847.363   19015538.030          0.004 2166
1881.775   16745277.062          0.003 2180
1624.323   13655790.754          0.003 2180
1746.552   15705408.269          0.003 2180
1768.523   16370482.089          0.003 1395
1693.524   17023101.358          0.004 1395
1578.698   16655964.902          0.003 1395
1097.929   10598616.867          0.002 1395
 970.313    8863238.165          0.002 1395
 801.080   11399049.212          0.003 1223
 554.537    7166557.935          0.002 1223
 546.807    6530938.417          0.002 1223
 326.800    3638479.076          0.001 1223
   0.000          0.000          0.000 1268
   0.000          0.000          0.000 1269
 619.588    6728064.851          0.002 1352
 408.161    4440883.843          0.001 1352
 527.376    5571204.922          0.001 1352
 653.209    7253729.356          0.002 1352
 343.555    4072216.657          0.001 1352
 370.396    4398006.386          0.001 1352
 456.524    5436481.822          0.001 1352
 968.270   11186928.454          0.002 1352
 847.364    9293853.387          0.002 1352
1364.961   13041862.646          0.003 1352
1505.158   17453926.494          0.004 2144
 939.433   10386385.417          0.002 2144
1570.812   18332430.204          0.004 2144
1026.535   11336469.565          0.002 2144
 892.123    9869772.919          0.002 2144
1483.389   15242971.826          0.003 2144
1422.910   14772499.561          0.003 2161
 810.368    9726142.574          0.002 2161
 702.643    8765329.663          0.002 2161
1080.710   12488634.883          0.003 2161
1318.234   15139111.324          0.003 2161
1634.048   17933491.199          0.004 2161
1499.004   16232562.709          0.003 2166
1036.661   11506023.276          0.002 2166
 522.516    6786003.797          0.001 2166
 944.357   11334709.476          0.002 2166
1065.416   15559089.513          0.003 2166
 730.721    8808799.173          0.002 2166
1251.489   12947915.562          0.003 2166
1502.448   16128792.813          0.003 2166
1668.965   16825081.670          0.003 2180
1089.051   10639929.215          0.002 2180
1649.415   15873963.323          0.003 1395
1186.613   11583577.344          0.002 1395
1085.644   10940423.623          0.002 1395
 676.153    7599076.571          0.002 1395
 719.108    7140577.057          0.002 1395
 955.440    9876598.525          0.002 1395
 599.803    8023758.442          0.002 1309
   0.000          0.000          0.000 1309
   0.000          0.000          0.000 1310
 213.991    2249119.712          0.001 1310
 150.061    1758908.309          0.000 1352
 215.219    2529788.053          0.001 1352
 281.702    3322763.173          0.001 1352
 611.700    6915086.948          0.001 1352
1045.332   11765037.200          0.003 1352
 663.386    7549111.390          0.002 1352
1138.192   11937412.810          0.003 1352
1446.432   13104194.781          0.003 1352
1346.865   14842507.174          0.003 2144
1066.140   12093813.615          0.002 2144
 784.777    9221690.736          0.002 2144
1202.811   14537906.604          0.003 2144
 841.999    9886097.706          0.002 2144
1061.043   12709072.240          0.003 2144
 942.746   11558075.804          0.002 2161
 820.864    9945449.997          0.002 2161
1089.697   12003585.282          0.002 2161
1556.519   18790447.915          0.004 2161
1522.911   17325713.799          0.004 2166
 951.085   10771219.632          0.002 2166
 495.083    6427791.047          0.001 2166
 799.639    9093186.091          0.002 2166
 712.375    9228751.418          0.002 2166
 561.994    7144129.247          0.001 2166
 961.292   10545053.235          0.002 2166
1770.018   21062242.029          0.004 2166
1891.984   18783187.484          0.004 2180
1200.521   11310917.366          0.002 2180
 897.270    9644324.244          0.002 2180
1502.407   16077438.754          0.003 2180
1708.667   18208759.613          0.004 1395
1145.971   11337956.568          0.002 1395
 719.003    8029703.705          0.002 1395
 557.634    6416371.234          0.001 1395
 431.216    4987585.554          0.001 1395
 589.549    5915761.479          0.001 1395
 461.953    4804256.545          0.001 1395
 490.076    5235999.565          0.001 1395
 600.655    8246762.889          0.002 1395
   0.000          0.000          0.000 1351
   0.000          0.000          0.000 1352
  63.631     742762.785          0.000 1352
  84.440     986682.753          0.000 1352
 428.685    4596998.500          0.001 1352
 345.628    3914122.590          0.001 1352
 583.963    6383308.729          0.001 1352
 376.392    4398370.402          0.001 1352
 651.545    7477322.978          0.002 1352
1070.237   10577788.498          0.002 1352
 994.818   10176165.349          0.002 1352
1506.284   15592193.823          0.003 2144
 860.981   10025056.413          0.002 2144
1017.191   12052143.358          0.002 2144
1303.795   14845586.864          0.003 2144
 696.275    8478604.987          0.002 2144
 644.662    7931721.891          0.002 2144
1143.899   12090494.055          0.002 2144
1608.072   16417404.518          0.003 2144
1284.827   12531225.741          0.003 2161
 940.843   10237503.235          0.002 2161
 629.791    7940471.093          0.002 2161
1017.597   11061068.068          0.002 2161
1523.911   18531879.597          0.004 2161
1367.600   15213881.484          0.003 2166
 967.310   10886684.893          0.002 2166
 449.070    5818869.793          0.001 2166
 594.509    7419760.005          0.002 2166
1121.589   13595445.196          0.003 2166
1560.924   17324822.407          0.004 2166
1696.200   17590539.325          0.004 2180
1533.308   17017797.114          0.004 2180
 787.489    8846858.084          0.002 2180
1116.409   12812607.075          0.003 2180
1556.655   16479915.129          0.003 2180
1437.082   14355814.516          0.003 1395
 859.185    9205916.498          0.002 1395
1027.957   12554383.393          0.003 1395
 742.807    8936634.359          0.002 1395
 350.187    4036136.685          0.001 1395
 282.995    3251086.668          0.001 1395
 202.632    2321257.673          0.001 1395
 123.975    1415284.418          0.000 1395
  48.067     547964.468          0.000 1395
   0.000          0.000          0.000 1395
   0.000          0.000          0.000 1396
 385.513    3933203.131          0.001 1352
 783.412   11871492.629          0.003 1352
 898.377   11291463.592          0.003 1352
 891.910    8406418.492          0.002 1352
 685.337    7357479.565          0.002 1352
 538.123    6177704.125          0.001 1352
 934.515   10368345.558          0.002 1352
1341.568   12798928.759          0.003 1352
1589.867   16005288.386          0.003 1352
1739.571   22849058.069          0.005 2144
1180.104   12458026.405          0.003 2144
 616.221    7613067.836          0.002 2144
1147.162   14230230.249          0.003 2144
 975.238   10960962.153          0.002 2144
 996.972   12082812.560          0.003 2144
1345.251   14324903.662          0.003 2144
1559.168   18860327.800          0.004 2161
1379.247   14250225.240          0.003 2161
 914.076   10497784.155          0.002 2161
 549.293    6922524.545          0.001 2161
 728.482    8597241.910          0.002 2161
1036.716   10989474.856          0.002 2161
1664.718   19635893.545          0.004 2161
1415.063   16657317.491          0.003 2166
 863.940   11554354.069          0.002 2166
 864.942    9649617.396          0.002 2166
 814.006    9417779.699          0.002 2166
 975.526   10785440.813          0.002 2166
1302.328   13397034.614          0.003 2166
1654.318   21073620.335          0.004 2180
1209.104   11763804.741          0.002 2180
 686.397    7935229.092          0.002 2180
1022.213   10521736.148          0.002 2180
1601.871   17519949.165          0.004 2180
1431.174   13024501.617          0.003 1395
1201.368   12553430.520          0.003 1395
 619.213    7080380.880          0.002 1395
 604.691    6495045.453          0.001 1395
 539.066    6401119.328          0.001 1395
 561.092    7241896.555          0.002 1395
   0.000          0.000          0.000 1437
   0.000          0.000          0.000 1438
 648.132    7816586.603          0.002 1481
 702.764    7978367.165          0.002 1481
 801.648    9972484.049          0.002 1481
1018.284   11279564.196          0.002 1352
 776.950    8368158.218          0.002 1352
1416.832   14119549.826          0.003 1352
1674.508   15864726.969          0.003 2136
1608.321   16870235.212          0.004 2136
1262.086   13052487.908          0.003 2144
 851.913    9620295.767          0.002 2144
 528.640    6557704.116          0.001 2144
 951.373   12390946.343          0.003 2144
 662.329    7900639.229          0.002 2144
 519.671    6513599.817          0.001 2144
 989.422   10197632.368          0.002 2144
1493.870   17045309.393          0.004 2144
1572.251   21949284.401          0.005 2161
1355.942   17269472.522          0.004 2161
1036.738   13412405.249          0.003 2161
 493.556    6195511.734          0.001 2161
 830.324    9269232.098          0.002 2161
1257.083   12973887.538          0.003 2161
1499.140   14823359.290          0.003 2166
1355.398   12870593.110          0.003 2166
 665.586    7602377.160          0.002 2166
 389.770    5021266.394          0.001 2166
 940.755   11577284.756          0.002 2166
 416.669    5316005.829          0.001 2166
 581.624    6947960.530          0.001 2166
1152.178   11224244.120          0.002 2166
1532.843   20252031.614          0.004 2180
1262.555   13909388.682          0.003 2180
 607.699    7105339.044          0.001 2180
1233.911   13321498.302          0.003 2180
1703.222   21498072.621          0.005 2180
1629.225   16878967.641          0.004 1395
1166.154   12209819.900          0.003 1395
 922.889   10507146.988          0.002 1395
 932.824   10996525.522          0.002 1604
 753.764    8274617.103          0.002 1395
 635.135    9986298.003          0.002 1480
   0.000          0.000          0.000 1480
   0.000          0.000          0.000 1481
 189.586    2120426.288          0.000 1481
 380.341    4377029.273          0.001 1481
 570.660    6806672.231          0.002 1481
 865.631   10910673.126          0.002 1481
1323.838   16415819.057          0.004 1352
1119.257   10823178.581          0.002 1352
1350.062   13324370.270          0.003 1352
1615.735   17300080.471          0.004 2136
1157.308   11982045.809          0.003 2136
1393.800   16011016.022          0.003 2136
1251.277   13200655.001          0.003 2144
 875.329   10009310.766          0.002 2144
 449.981    5576289.653          0.001 2144
 432.880    5403025.899          0.001 2144
 761.889    8735335.475          0.002 2144
1053.636   12329760.895          0.003 2161
1229.780   14268993.725          0.003 2161
 976.206   12844591.756          0.003 2161
 679.400    7828461.925          0.002 2161
1217.342   13653159.252          0.003 2161
 920.369    9346672.878          0.002 2166
 456.500    5610209.798          0.001 2166
 531.484    6385435.009          0.001 2166
 341.899    4346560.053          0.001 2166
 876.839   10577883.890          0.002 2166
1166.155   10568411.145          0.002 2166
1443.710   17330306.806          0.004 2180
1154.945   13753507.160          0.003 2180
 993.136   11284224.444          0.002 2180
 572.338    6707289.956          0.001 2180
1067.533   13238730.094          0.003 2180
1263.474   13849077.061          0.003 2180
1490.412   15449711.527          0.003 2180
1500.277   17583813.754          0.004 1604
1092.054   14250180.401          0.003 1604
1060.729   13434434.046          0.003 1604
 758.457    8494872.832          0.002 1604
 906.569   13123163.327          0.003 1604
 696.463   10431638.981          0.002 1522
 180.445    2062530.125          0.000 1522
   0.000          0.000          0.000 1522
   0.000          0.000          0.000 1523
 525.696    5760658.438          0.001 1564
 759.578   11044865.963          0.003 1564
 907.785   11180962.249          0.003 1481
 984.558   11172765.068          0.003 1564
1015.611   11356130.682          0.003 1564
1490.739   18610037.343          0.004 1564
1394.075   14064962.310          0.003 2136
1276.462   14137166.197          0.003 2136
 855.913    9626972.429          0.002 2136
1248.142   12828359.357          0.003 2136
1345.656   14851425.173          0.003 2144
 806.390    9144120.793          0.002 2144
 376.619    4669487.343          0.001 2144
 596.323    6967288.240          0.001 2144
1129.746   13289601.406          0.003 2144
1417.805   16027110.900          0.003 2144
1278.191   14349123.943          0.003 2161
 810.636    9603257.177          0.002 2161
 696.550    8266727.781          0.002 2161
 431.713    5384900.058          0.001 2161
 813.245    9317855.636          0.002 2161
1205.777   15047966.047          0.003 2161
1192.061   13112252.453          0.003 2166
1061.515   11584907.765          0.002 2166
 326.580    4162786.709          0.001 2166
 691.073    8356929.646          0.002 2166
1146.442   12817344.959          0.003 2166
 967.933   11228830.871          0.002 2180
 708.861    8014193.646          0.002 2180
 721.948    8577675.643          0.002 2180
1101.099   12075379.008          0.003 2180
1250.829   12548714.556          0.003 2180
1457.096   15928721.297          0.003 1604
1052.468   12017155.071          0.003 1604
 906.672   10385751.806          0.002 1604
 620.167    7082955.794          0.002 1604
 410.976    4608751.229          0.001 1604
 569.122    6229442.621          0.001 1604
 356.941    3382840.389          0.001 1563
   0.000          0.000          0.000 1563
   0.000          0.000          0.000 1564
 111.486    1218960.461          0.000 1564
 477.705    5164222.641          0.001 1564
 838.884   10465960.306          0.002 1564
 582.877    6505905.996          0.001 1564
 755.643    8485008.674          0.002 1564
1039.060   11763388.700          0.003 1564
1458.614   17175395.503          0.004 1564
1049.375   11035413.038          0.002 2136
1021.728   11592031.903          0.003 2136
 735.921    8337617.745          0.002 2136
 909.667    9855019.872          0.002 2136
1458.326   19853727.012          0.004 2136
1161.559   13320477.601          0.003 2144
 378.792    4678398.384          0.001 2144
 609.989    7070212.912          0.002 2144
1028.727   11250143.798          0.002 2144
1184.621   11666395.661          0.003 2144
1541.479   18202947.497          0.004 2144
1034.391   11372774.928          0.002 2161
 660.103    7852586.223          0.002 2161
 400.661    4976670.806          0.001 2161
 861.381   10510890.026          0.002 2161
1257.626   16072069.735          0.004 2166
 731.555    8714762.611          0.002 2166
 802.886    9371161.396          0.002 2166
 273.812    3455123.277          0.001 2166
 879.854   12320199.627          0.003 2166
1224.805   14168206.858          0.003 2166
1309.101   15972143.118          0.004 2172
1195.724   13623369.299          0.003 2180
 779.317    9274461.371          0.002 2180
 469.356    5527716.832          0.001 2180
 822.863    9193608.416          0.002 2180
1335.383   14997490.855          0.003 1604
1037.453   11910258.713          0.003 1604
 540.288    6113890.094          0.001 1604
 302.000    3356851.103          0.001 1604
 161.340    1776720.940          0.000 1604
  46.808     513229.017          0.000 1604
   0.000          0.000          0.000 1604
   0.000          0.000          0.000 1605
 277.175    2952546.445          0.001 1564
 236.568    2598452.270          0.001 1564
 366.725    4049221.764          0.001 1564
 643.970    7265214.404          0.002 1564
1029.894   11666114.759          0.003 1564
1404.349   17669528.199          0.004 2136
 727.185    8135321.497          0.002 2136
 718.726    8266359.963          0.002 2136
 623.833    7066756.918          0.002 2136
1069.707   12649040.791          0.003 2136
1420.885   18997333.891          0.004 2144
 688.560    7814728.063          0.002 2144
 313.748    3853660.381          0.001 2144
 753.465    8521507.557          0.002 2144
 795.417    8663903.741          0.002 2144
1450.876   15222344.527          0.003 2144
1052.237   11320252.844          0.002 2161
 667.543    7818110.310          0.002 2161
 582.862    6997177.845          0.002 2161
 820.041    9511817.579          0.002 2161
1177.761   15308078.008          0.003 2166
 620.880    7332014.171          0.002 2166
1033.302   11765524.500          0.003 2166
 680.482    7701263.889          0.002 2166
 943.014   10013013.756          0.002 2166
1126.839   13607351.632          0.003 2172
1258.290   15281992.078          0.003 2180
 628.458    7364883.509          0.002 2180
 931.499   11304056.123          0.002 2180
 958.850   13641230.246          0.003 2180
 392.643    4614219.477          0.001 2180
 621.002    6563954.233          0.001 2180
 595.027    6859583.274          0.001 2180
1136.302   12362247.086          0.003 2180
1255.194   13734968.206          0.003 2189
1094.025   11824349.322          0.003 1604
 734.055    8317725.390          0.002 1604
 672.707    7506626.046          0.002 1604
 626.786    6470067.471          0.002 1604
 560.392    6479647.732          0.002 1604
   0.000          0.000          0.000 1646
   0.000          0.000          0.000 1647
 450.573    5229581.925          0.001 1647
 724.691   11088791.182          0.003 1564
 747.767    7989643.611          0.002 1564
 511.320    5666161.367          0.001 1564
 908.079    9963630.949          0.002 1564
1432.406   18859432.851          0.004 1564
1220.284   12789001.698          0.003 2136
 641.364    7182280.811          0.002 2136
 595.166    6776691.663          0.001 2136
 522.187    5886704.905          0.001 2136
 616.028    6965598.634          0.002 2136
1188.699   15408063.193          0.003 2136
 659.311    7448843.462          0.002 2144
 440.948    5214549.440          0.001 2144
 394.160    4702961.243          0.001 2144
 476.890    5627842.660          0.001 2144
1029.867   11084403.548          0.002 2144
1138.617   11994747.656          0.003 2161
 495.456    5927990.806          0.001 2161
 342.566    4215923.158          0.001 2161
 683.561    7472712.849          0.002 2161
1241.765   14954157.600          0.003 2161
 731.003    8304408.795          0.002 2166
 483.668    5677091.039          0.001 2166
 799.156    9930399.055          0.002 2166
 231.529    2899514.467          0.001 2166
 616.622    6982075.500          0.002 2166
1083.365   11174440.858          0.002 2166
 869.026   10247010.550          0.002 2172
1071.202   14247498.342          0.003 2180
 522.496    6063614.607          0.001 2180
 786.838    8374570.206          0.002 2180
 339.353    3976793.785          0.001 2180
 471.807    5429283.481          0.001 2180
 873.658    9719990.301          0.002 2180
1320.072   14742338.617          0.003 2189
1234.305   17471441.672          0.004 2189
 832.624    9332298.653          0.002 2189
1146.694   13141593.155          0.003 2189
1182.604   12677556.600          0.003 1604
 962.738   11653551.029          0.003 1737
 797.344    9425010.371          0.002 1737
 733.601   10844610.881          0.003 1604
 386.686    4091955.508          0.001 1692
   0.000          0.000          0.000 1692
   0.000          0.000          0.000 1693
 133.935    1475680.532          0.000 1693
 397.926    4707822.913          0.001 1693
 921.682   14809129.526          0.003 1564
 857.097    9197094.129          0.002 1564
1131.374   14064814.067          0.003 1564
1548.312   19374284.596          0.004 2128
1220.697   12903246.698          0.003 2136
 510.278    5719257.302          0.001 2136
 428.084    4802407.827          0.001 2136
 972.384   14149900.550          0.003 2136
1189.454   13019985.837          0.003 2136
1005.280   10971933.786          0.002 2144
 577.491    6405368.177          0.001 2144
 263.019    3205805.911          0.001 2144
 836.122   11821246.848          0.003 2144
1019.542   10618399.911          0.002 2144
1455.990   20294038.207          0.005 2148
1310.056   13497544.516          0.003 2154
 939.155   10347000.062          0.002 2161
 798.748    9039049.018          0.002 2161
 393.029    4726754.042          0.001 2161
 293.459    3575870.365          0.001 2161
 977.374   11219063.753          0.003 2161
 902.860   12858543.472          0.003 2166
 365.159    4297641.935          0.001 2166
 406.440    4797936.503          0.001 2166
 507.097    5662194.026          0.001 2166
1211.944   13164992.219          0.003 2166
 975.294   11241652.617          0.003 2172
1032.326   11512019.439          0.003 2172
 750.791    8107093.339          0.002 2180
 441.007    5093133.846          0.001 2180
 728.650    9871009.134          0.002 2180
 400.530    4608057.035          0.001 2180
 701.630    7871417.011          0.002 2180
1139.586   13080319.598          0.003 2180
 987.216   10781991.765          0.002 2189
 651.055    7277625.389          0.002 2189
1234.055   14522955.212          0.003 2189
1305.775   15692900.387          0.004 2189
1085.646   11600331.767          0.003 1818
 499.621    5643477.341          0.001 1737
 249.495    2740910.317          0.001 1737
   0.000          0.000          0.000 1737
   0.000          0.000          0.000 1738
 675.357    8013512.334          0.002 1777
 748.737    9231223.949          0.002 1693
1223.968   15822430.189          0.004 1693
1055.115   11116179.000          0.003 2128
1209.120   13904350.284          0.003 2128
1336.401   17393540.978          0.004 2136
 962.878   12768530.998          0.003 2136
 373.262    4171526.245          0.001 2136
 380.077    4253946.034          0.001 2136
 802.230    8680349.415          0.002 2136
1136.931   14847387.196          0.003 2144
 509.323    5727756.261          0.001 2144
 586.859    6231175.056          0.001 2144
 931.688   11510369.251          0.003 2148
1098.703   12228697.488          0.003 2148
1346.120   16610345.197          0.004 2154
1275.044   23177676.830          0.005 2161
 699.298    7898634.096          0.002 2161
 268.105    3250207.327          0.001 2161
 625.271    7164051.794          0.002 2161
 815.808    8103655.261          0.002 2166
 282.062    3343538.392          0.001 2166
 194.254    2414709.582          0.000 2166
 762.975    8877461.656          0.002 2166
1112.750   16594698.225          0.004 2172
 619.479    7029739.116          0.002 2172
1150.808   14268518.017          0.003 2180
 351.101    4048465.253          0.001 2180
 267.867    3120985.161          0.001 2180
 327.979    3776084.130          0.001 2180
1114.354   13814047.964          0.003 2180
1374.198   18090808.388          0.004 2189
 697.326    7711540.204          0.002 2189
 986.790   12004057.096          0.003 2189
1201.443   15231626.423          0.003 2189
1191.162   14511945.089          0.003 1818
 648.269    6823515.514          0.002 1818
   0.000          0.000          0.000 1776
   0.000          0.000          0.000 1777
 211.916    2201034.254          0.001 1777
 747.707    8186977.024          0.002 1777
1190.088   15460844.072          0.004 2128
1186.291   14424199.748          0.003 2128
 816.457    8680576.831          0.002 2128
 918.182   10417392.945          0.002 2128
 809.238    8525286.803          0.002 2136
 832.670   12190115.260          0.003 2136
 307.052    3425641.906          0.001 2136
 851.596   10154601.433          0.002 2136
 910.052   10050412.564          0.002 2144
 334.650    3860299.020          0.001 2144
 212.351    2572583.884          0.001 2144
 778.354    9202729.910          0.002 2144
 780.314    9319679.317          0.002 2148
 937.317   10452227.345          0.002 2148
 848.366    9290721.562          0.002 2154
1151.010   12483116.123          0.003 2154
 769.777    8151831.500          0.002 2161
 241.012    2909560.146          0.001 2161
 570.071    6212185.199          0.001 2166
 218.598    2621314.034          0.001 2166
 171.572    2123293.692          0.000 2166
 337.341    3876893.163          0.001 2166
1059.824    9973405.688          0.002 2166
1037.156   11707014.914          0.003 2172
 533.225    5992288.767          0.001 2172
 983.736   11351739.184          0.003 2172
 899.525    9107931.229          0.002 2180
 701.092    7256541.150          0.002 2180
 218.513    2529675.945          0.001 2180
 677.273    7350753.370          0.002 2180
 903.434    9871522.812          0.002 2189
 442.004    4880997.552          0.001 2189
 950.108   10827835.638          0.002 2189
 751.761    7897599.189          0.002 2189
 790.266    8398246.165          0.002 1818
 543.128    5710532.287          0.001 1818
 355.046    3716631.971          0.001 1818
 188.571    1976756.799          0.000 1818
   0.000          0.000          0.000 1818
   0.000          0.000          0.000 1819
 484.000    5093288.890          0.001 1777
1093.457   12770282.868          0.003 1777
 984.730   12670737.148          0.003 2128
 657.855    7271050.160          0.002 2128
1092.036   12286560.377          0.003 2136
 542.682    5904047.209          0.001 2136
 267.390    2978363.599          0.001 2136
 834.071    9638233.717          0.002 2136
1205.013   15911478.312          0.004 2144
 692.935    7541905.999          0.002 2144
 167.734    2020555.656          0.000 2144
 507.439    5542226.694          0.001 2144
 969.408   11719924.289          0.003 2148
 631.128    7027048.972          0.002 2148
1143.399   16777445.306          0.004 2148
 631.256    6918173.265          0.002 2154
 986.478   11826783.292          0.003 2154
 672.071    8381054.175          0.002 2161
 710.780    7697897.287          0.002 2161
 962.889   11476925.185          0.003 2166
 339.103    3892699.864          0.001 2166
 143.902    1770715.520          0.000 2166
 677.930    8521164.824          0.002 2166
 936.379    9777938.433          0.002 2166
 688.056    7826859.409          0.002 2172
 465.296    5198417.496          0.001 2172
 769.435   10372799.801          0.002 2180
 189.469    2191142.083          0.000 2180
 791.474   10628862.600          0.002 2180
1022.594   10931825.551          0.003 2180
1200.416   12782070.921          0.003 2189
 551.152    6029941.080          0.001 2189
 648.776    7082952.908          0.002 2189
 570.106    6085382.216          0.001 2189
1066.749   12790915.043          0.003 2189
 688.453    7042833.331          0.002 1818
 492.561    4707529.441          0.001 1818
 232.892    2724546.338          0.001 1858
   0.000          0.000          0.000 1858
   0.000          0.000          0.000 1859
 620.350    8285625.650          0.002 1859
 875.401   10052128.543          0.002 1777
1097.143   13948423.089          0.003 1777
 563.652    5940620.937          0.001 2128
 544.471    5814107.838          0.001 2128
 767.504    8215571.387          0.002 2128
 795.921    8689772.390          0.002 2136
 219.584    2441041.267          0.001 2136
 600.295    6061871.469          0.001 2136
1146.235   15457850.844          0.004 2136
 624.588    6002264.704          0.001 2144
 144.932    1742001.163          0.000 2144
 764.817    8790389.300          0.002 2144
 526.199    5938329.867          0.001 2148
 866.710    9502069.619          0.002 2148
 878.363    9562964.338          0.002 2154
 450.625    4913313.482          0.001 2154
 188.540    2258399.215          0.000 2161
 409.207    4507649.646          0.001 2161
 949.246   12505594.203          0.003 2166
 408.592    4469233.505          0.001 2166
 115.744    1417831.442          0.000 2166
 717.199    7711230.670          0.002 2166
1124.610   13218760.162          0.003 2170
 586.600    6471005.174          0.001 2172
 367.480    4071803.731          0.001 2172
 850.212    9245811.482          0.002 2172
1039.042   12030724.983          0.003 2180
 356.886    4014164.252          0.001 2180
 165.535    1912699.784          0.000 2180
 557.762    5979326.817          0.001 2180
 704.782    7568393.413          0.002 2180
1161.905   13641974.998          0.003 2186
1081.874   12537196.336          0.003 2189
 826.196    9230549.427          0.002 2189
 324.736    3537006.707          0.001 2189
 751.418    8015672.556          0.002 2189
1172.357   13007025.979          0.003 1818
1078.704   12516064.630          0.003 1818
 769.020    9929108.252          0.002 1945
 299.133    3133010.281          0.001 1901
   0.000          0.000          0.000 1901
   0.000          0.000          0.000 1902
 163.320    1716434.154          0.000 1902
 582.122    6097112.919          0.001 1902
 838.124    8742011.102          0.002 1902
 815.605    8629768.885          0.002 2128
 346.023    3698930.918          0.001 2128
 400.177    4322687.052          0.001 2128
1045.713   12288339.761          0.003 2128
 761.216    9021880.964          0.002 2136
 630.986    8300014.270          0.002 2136
1161.163   15632102.738          0.004 2136
 729.290    9347473.657          0.002 2142
 602.703    6789902.037          0.002 2144
 130.593    1567820.660          0.000 2144
 620.563    6722514.945          0.002 2144
 854.160   10917146.529          0.003 2148
 339.371    3716031.214          0.001 2148
 526.110    5784025.692          0.001 2148
 487.895    5277103.491          0.001 2154
 603.938    6389444.094          0.001 2154
 523.264    5858486.361          0.001 2161
 158.077    1885999.457          0.000 2161
 296.888    3304830.766          0.001 2161
 898.605   11372343.045          0.003 2161
 527.677    7092724.579          0.002 2166
 548.827    5779612.151          0.001 2166
1034.289   11439343.271          0.003 2170
 843.942   11020374.544          0.003 2172
 306.198    3380206.893          0.001 2172
 740.601    8038590.168          0.002 2172
1009.431   13324483.020          0.003 2180
 516.182    5463272.217          0.001 2180
 138.597    1599476.033          0.000 2180
 464.087    4999378.208          0.001 2180
 906.590    9760914.596          0.002 2186
 820.507    9081212.783          0.002 2186
1040.971   16049121.405          0.004 2186
 252.468    2757138.639          0.001 2189
 805.457   10064495.607          0.002 2189
1132.677   12546226.628          0.003 2195
1147.792   12240795.768          0.003 2195
 760.572    8190057.908          0.002 1945
 167.756    1760358.750          0.000 1945
   0.000          0.000          0.000 1945
   0.000          0.000          0.000 1946
 583.219    6479321.213          0.002 1989
 865.446   10034360.180          0.002 2124
 798.899    9688989.286          0.002 2128
 236.668    2543578.604          0.001 2128
 604.701    6072605.441          0.001 2128
 764.269    9270497.367          0.002 2133
 693.209    7208382.397          0.002 2136
 149.460    1658877.392          0.000 2136
 695.204    7293246.538          0.002 2136
 829.630    8819107.063          0.002 2139
 492.853    5844744.365          0.001 2142
 458.238    4784727.999          0.001 2144
  93.453    1117869.228          0.000 2144
 813.569    9556854.257          0.002 2144
 287.050    3131402.262          0.001 2148
 929.503   10926600.183          0.003 2154
 300.299    3250522.786          0.001 2154
 724.133    8725051.625          0.002 2154
 465.533    4779795.356          0.001 2161
 117.203    1391404.603          0.000 2161
 674.507    8226295.505          0.002 2161
 827.365    9946271.639          0.002 2162
 600.684    6088295.619          0.001 2166
  81.534     992614.819          0.000 2166
 486.017    5134014.950          0.001 2166
 967.992   10130446.647          0.002 2166
 556.806    5947745.147          0.001 2170
 741.455    8372883.818          0.002 2172
 261.782    2883237.826          0.001 2172
 849.132   11692437.712          0.003 2172
 897.299    9114992.080          0.002 2176
 413.865    4400337.139          0.001 2180
 272.104    2952944.038          0.001 2180
1023.761   11522530.639          0.003 2180
 544.919    5875875.477          0.001 2186
 716.300    8057968.096          0.002 2189
 196.431    2141031.764          0.000 2189
 881.195    9663030.374          0.002 2189
 659.486    6864119.946          0.002 2195
 878.316   12719181.391          0.003 1945
 341.533    3467944.668          0.001 1988
   0.000          0.000          0.000 1988
   0.000          0.000          0.000 1989
 204.846    2137062.942          0.001 1989
 713.338    7598214.767          0.002 1989
 732.306    7589711.113          0.002 2124
 604.816    6129301.828          0.001 2128
 202.177    2171470.625          0.001 2128
 837.529   11686513.872          0.003 2128
 515.238    5804546.157          0.001 2133
 709.437   10125516.358          0.002 2133
 109.066    1209327.117          0.000 2136
 670.602    8790918.871          0.002 2136
 542.476    5700830.168          0.001 2139
 324.668    3700346.879          0.001 2142
 681.929    8666517.773          0.002 2142
  68.574     818537.159          0.000 2144
 552.472    6383968.059          0.002 2144
 557.372    5902525.781          0.001 2148
 219.189    2380493.558          0.001 2148
 397.953    4262717.866          0.001 2148
 890.797    9263513.095          0.002 2148
 427.757    4492009.820          0.001 2154
 465.555    4886931.322          0.001 2154
  95.393    1130982.213          0.000 2161
 596.700    7569924.067          0.002 2161
 837.668    9870818.295          0.002 2166
  60.886     738571.979          0.000 2166
 633.973    7799850.395          0.002 2166
 331.032    3491783.045          0.001 2170
 194.614    2135772.241          0.000 2172
 412.857    4387444.986          0.001 2172
 650.463    6704389.041          0.002 2176
 627.293    6426695.913          0.002 2176
 781.460    8984564.411          0.002 2180
  86.057     990898.652          0.000 2180
 675.641    7075399.653          0.002 2180
 953.893   11623264.104          0.003 2184
 442.032    4730327.031          0.001 2186
 713.003   13633859.652          0.003 2189
 146.392    1593001.394          0.000 2189
 440.368    4660648.548          0.001 2189
 670.142    6765953.394          0.002 2191
 765.492    8989445.828          0.002 2195
 423.876    4403952.919          0.001 2195
 719.594    8187494.098          0.002 2033
   0.000          0.000          0.000 2033
   0.000          0.000          0.000 2034
 582.954    9619463.491          0.002 2034
 305.938    3062058.784          0.001 2124
 613.874    6571912.776          0.002 2124
 119.973    1286937.816          0.000 2128
 684.822    9099675.812          0.002 2131
 275.656    2937914.786          0.001 2133
  63.300     701341.698          0.000 2136
 633.910    8703344.432          0.002 2136
 232.521    2607270.524          0.001 2142
 502.264    5983318.160          0.001 2144
 662.890    7880286.063          0.002 2144
 351.514    3608673.439          0.001 2148
 145.662    1576037.885          0.000 2148
 701.030   10155477.985          0.002 2150
 656.653    7487417.382          0.002 2152
 140.121    1504097.510          0.000 2154
 642.183    7514813.320          0.002 2156
 744.342    9039833.903          0.002 2157
  63.809     755457.861          0.000 2161
 353.724    3709492.292          0.001 2162
 639.383    9159370.340          0.002 2166
  43.275     523429.787          0.000 2166
 649.517   10095268.502          0.002 2166
 233.324    2450911.289          0.001 2170
 385.037    3982982.419          0.001 2172
 118.902    1297772.763          0.000 2172
 454.818    4712190.178          0.001 2172
 308.973    3182548.663          0.001 2176
 665.629    9416307.403          0.002 2179
  55.771     640560.392          0.000 2180
 591.030    6262379.429          0.002 2183
 534.767    5443691.593          0.001 2184
 236.464    2501693.136          0.001 2186
 506.666    5217138.324          0.001 2189
 101.518    1103119.087          0.000 2189
 308.039    3153939.787          0.001 2191
 612.766    8467407.786          0.002 2192
 650.495    6864044.159          0.002 2195
 223.895    2321288.248          0.001 2195
 591.153    8391848.968          0.002 2075
   0.000          0.000          0.000 2075
   0.000          0.000          0.000 2076
 305.983    3019818.622          0.001 2122
 167.857    1683839.681          0.000 2124
 372.435    3849334.735          0.001 2126
  60.228     644849.775          0.000 2128
 444.048    4627885.238          0.001 2130
 326.630    3212163.145          0.001 2132
 160.910    1696609.647          0.000 2133
 282.864    2810183.207          0.001 2135
 434.478    6046445.523          0.002 2137
 383.919    4690342.744          0.001 2138
 173.160    1785902.556          0.000 2139
 359.710    3559093.041          0.001 2141
 128.899    1417741.138          0.000 2142
  19.487     231212.800          0.000 2144
 300.710    3015328.358          0.001 2146
  56.193     604151.346          0.000 2148
 212.169    2134449.933          0.001 2150
 198.371    1980317.926          0.000 2152
  49.478     529089.467          0.000 2154
 435.916    4583224.078          0.001 2155
 243.561    2553520.111          0.001 2157
 333.176    3229640.944          0.001 2159
  25.886     305986.981          0.000 2161
 186.608    1931547.701          0.000 2162
 320.556    3390103.052          0.001 2164
  18.656     224641.339          0.000 2166
 282.101    2890310.483          0.001 2168
 124.862    1303929.646          0.000 2170
  55.552     603335.634          0.000 2172
 338.153    3432947.025          0.001 2174
 122.011    1251279.895          0.000 2176
 336.518    3315339.760          0.001 2178
  23.134     265387.122          0.000 2180
 349.497    3476106.758          0.001 2182
 159.488    1608710.590          0.000 2184
 110.665    1161207.469          0.000 2186
 432.214    5287077.011          0.001 2189
  38.845     421502.599          0.000 2189
 149.536    1528318.040          0.000 2191
 338.496    3357256.936          0.001 2193
 103.471    1068662.907          0.000 2195
 507.945    5613467.582          0.001 2197
   0.000          0.000          0.000 2119
   0.000          0.000          0.000 2120
   0.000          0.000          0.000 2121
   0.000          0.000          0.000 2122
   0.000          0.000          0.000 2123
   0.000          0.000          0.000 2124
   0.000          0.000          0.000 2125
   0.000          0.000          0.000 2126
   0.000          0.000          0.000 2127
   0.000          0.000          0.000 2128
   0.000          0.000          0.000 2129
   0.000          0.000          0.000 2130
   0.000          0.000          0.000 2131
   0.000          0.000          0.000 2132
   0.000          0.000          0.000 2133
   0.000          0.000          0.000 2134
   0.000          0.000          0.000 2135
   0.000          0.000          0.000 2136
   0.000          0.000          0.000 2137
   0.000          0.000          0.000 2138
   0.000          0.000          0.000 2139
   0.000          0.000          0.000 2140
   0.000          0.000          0.000 2141
   0.000          0.000          0.000 2142
   0.000          0.000          0.000 2143
   0.000          0.000          0.000 2144
   0.000          0.000          0.000 2145
   0.000          0.000          0.000 2146
   0.000          0.000          0.000 2147
   0.000          0.000          0.000 2148
   0.000          0.000          0.000 2149
   0.000          0.000          0.000 2150
   0.000          0.000          0.000 2151
   0.000          0.000          0.000 2152
   0.000          0.000          0.000 2153
   0.000          0.000          0.000 2154
   0.000          0.000          0.000 2155
   0.000          0.000          0.000 2156
   0.000          0.000          0.000 2157
   0.000          0.000          0.000 2158
   0.000          0.000          0.000 2159
   0.000          0.000          0.000 2160
   0.000          0.000          0.000 2161
   0.000          0.000          0.000 2162
   0.000          0.000          0.000 2163
   0.000          0.000          0.000 2164
   0.000          0.000          0.000 2165
   0.000          0.000          0.000 2166
   0.000          0.000          0.000 2167
   0.000          0.000          0.000 2168
   0.000          0.000          0.000 2169
   0.000          0.000          0.000 2170
   0.000          0.000          0.000 2171
   0.000          0.000          0.000 2172
   0.000          0.000          0.000 2173
   0.000          0.000          0.000 2174
   0.000          0.000          0.000 2175
   0.000          0.000          0.000 2176
   0.000          0.000          0.000 2177
   0.000          0.000          0.000 2178
   0.000          0.000          0.000 2179
   0.000          0.000          0.000 2180
   0.000          0.000          0.000 2181
   0.000          0.000          0.000 2182
   0.000          0.000          0.000 2183
   0.000          0.000          0.000 2184
   0.000          0.000          0.000 2185
   0.000          0.000          0.000 2186
   0.000          0.000          0.000 2187
   0.000          0.000          0.000 2188
   0.000          0.000          0.000 2189
   0.000          0.000          0.000 2190
   0.000          0.000          0.000 2191
   0.000          0.000          0.000 2192
   0.000          0.000          0.000 2193
   0.000          0.000          0.000 2194
   0.000          0.000          0.000 2195
   0.000          0.000          0.000 2196
   0.000          0.000          0.000 2197
   0.000          0.000          0.000 2198
   0.000          0.000          0.000 2199
 496.171    5085640.937          0.001   72
 688.837    9054175.429          0.002    7
 340.026    3695482.256          0.001  491
 190.011    2083071.746          0.000  491
 456.190    4793335.893          0.001   26
 430.165    4642748.203          0.001 2180
 356.844    3879558.191          0.001 1003
 104.347    1234343.748          0.000 1003
 247.388    2764469.515          0.001 1003
 447.195    4691749.541          0.001   15
 442.697    4941144.893          0.001 2161
 349.297    3835798.135          0.001 2189
 379.749    4176696.870          0.001 2136
 664.040    7022927.476          0.002 2170
 918.966   10838310.581          0.002   26
 702.214    7756882.358          0.002   26
 235.922    2830125.745          0.001 1003
 474.007    5443208.011          0.001 1003
 453.090    5220285.986          0.001 1395
 712.287    7993230.949          0.002 1395
 421.772    4858850.009          0.001 1395
 826.712    9566192.779          0.002 1395
 599.928    6769952.410          0.002   35
 298.884    3584904.391          0.001   35
 696.016    8593829.826          0.002   35
 841.261    9534751.101          0.002 2180
 802.113    9170698.612          0.002 2180
1038.982   12835927.688          0.003 1352
 812.733    8606136.395          0.002   52
1493.243   14454925.625          0.003 1003
 455.010    5061605.571          0.001 2161
 469.110    5995787.527          0.001 2166
 778.479    8405603.038          0.002   65
1348.284   13412454.563          0.003 2144
 972.589   10734267.664          0.002 2166
1052.718   12689745.132          0.003 2166
 606.843    7650763.480          0.002 2161
 629.263    7932202.233          0.002 2161
 839.250    9511638.008          0.002   60
 487.300    5647774.924          0.001   60
1577.059   14340720.274          0.003   60
1720.916   18969499.762          0.004   60
1829.974   18069636.668          0.004 1352
 811.475    9501204.739          0.002 2166
1093.880   11838246.356          0.002 2166
 599.695    6765770.706          0.002   15
 746.778    8212366.651          0.002   35
2119.392   23312973.511          0.005 2166
1986.052   18674823.184          0.004 2166
2200.138   19817366.523          0.004   41
1921.318   20842219.212          0.004   41
1595.447   17289981.000          0.004 1003
1971.801   17877299.873          0.003 2144
1342.349   11802179.721          0.002 2180
