   0.000          0.000          0.000    1
   0.000          0.000          0.000    2
   0.000          0.000          0.000    3
   0.000          0.000          0.000    4
   0.000          0.000          0.000    5
   0.000          0.000          0.000    6
   0.000          0.000          0.000    7
   0.000          0.000          0.000    8
   0.000          0.000          0.000    9
   0.000          0.000          0.000   10
   0.000          0.000          0.000   11
   0.000          0.000          0.000   12
   0.000          0.000          0.000   13
   0.000          0.000          0.000   14
   0.000          0.000          0.000   15
   0.000          0.000          0.000   16
   0.000          0.000          0.000   17
   0.000          0.000          0.000   18
   0.000          0.000          0.000   19
   0.000          0.000          0.000   20
   0.000          0.000          0.000   21
   0.000          0.000          0.000   22
   0.000          0.000          0.000   23
   0.000          0.000          0.000   24
   0.000          0.000          0.000   25
   0.000          0.000          0.000   26
   0.000          0.000          0.000   27
   0.000          0.000          0.000   28
   0.000          0.000          0.000   29
   0.000          0.000          0.000   30
   0.000          0.000          0.000   31
   0.000          0.000          0.000   32
   0.000          0.000          0.000   33
   0.000          0.000          0.000   34
   0.000          0.000          0.000   35
   0.000          0.000          0.000   36
   0.000          0.000          0.000   37
   0.000          0.000          0.000   38
   0.000          0.000          0.000   39
   0.000          0.000          0.000   40
   0.000          0.000          0.000   41
   0.000          0.000          0.000   42
   0.000          0.000          0.000   43
   0.000          0.000          0.000   44
   0.000          0.000          0.000   45
   0.000          0.000          0.000   46
   0.000          0.000          0.000   47
   0.000          0.000          0.000   48
   0.000          0.000          0.000   49
   0.000          0.000          0.000   50
   0.000          0.000          0.000   51
   0.000          0.000          0.000   52
   0.000          0.000          0.000   53
   0.000          0.000          0.000   54
   0.000          0.000          0.000   55
   0.000          0.000          0.000   56
   0.000          0.000          0.000   57
   0.000          0.000          0.000   58
   0.000          0.000          0.000   59
   0.000          0.000          0.000   60
   0.000          0.000          0.000   61
   0.000          0.000          0.000   62
   0.000          0.000          0.000   63
   0.000          0.000          0.000   64
   0.000          0.000          0.000   65
   0.000          0.000          0.000   66
   0.000          0.000          0.000   67
   0.000          0.000          0.000   68
   0.000          0.000          0.000   69
   0.000          0.000          0.000   70
   0.000          0.000          0.000   71
   0.000          0.000          0.000   72
   0.000          0.000          0.000   73
   0.000          0.000          0.000   74
   0.000          0.000          0.000   75
   0.000          0.000          0.000   76
   0.000          0.000          0.000   77
   0.000          0.000          0.000   78
   0.000          0.000          0.000   79
   0.000          0.000          0.000   80
   0.000          0.000          0.000   81
 784.342   12384810.659          0.003    5
 181.982    1754283.252          0.000    5
 105.440    1090116.071          0.000    7
 363.800    3318058.923          0.001    8
 132.150    1343550.464          0.000   10
 237.718    2255631.510          0.001   12
 293.591    2927976.631          0.001   13
  41.791     456693.778          0.000   15
 266.826    2688718.936          0.001   17
 520.043    5144623.250          0.001   19
  65.882     692130.053          0.000   20
 732.441    8301877.313          0.002   20
 226.369    2309260.557          0.001   24
  32.239     365543.991          0.000   26
 679.324    7669639.713          0.002   26
 149.347    1532811.449          0.000   30
 308.472    3043314.092          0.001   32
 470.301    4795117.647          0.001   35
  21.805     251107.997          0.000   35
 189.787    1829805.377          0.000   37
 699.468    8151171.805          0.002   41
  26.677     304071.799          0.000   41
 223.022    2269038.521          0.001   43
 233.419    2287318.851          0.001   45
  40.899     449824.004          0.000   47
 203.046    2038352.828          0.001   49
 334.439    3042398.625          0.001   51
  32.695     376688.919          0.000   52
 211.346    1832113.422          0.001   54
 119.212    1227576.031          0.000   56
 185.690    1769815.474          0.000   58
  29.699     335066.670          0.000   60
  51.993     587380.876          0.000   60
 231.179    2281603.191          0.001   63
  50.167     545076.204          0.000   65
 685.060    9412674.397          0.002   65
 122.013    1239329.958          0.000   69
 427.801    4247765.410          0.001   72
  78.758     831729.907          0.000   72
 249.782    2468920.894          0.001   74
 147.814    1452009.966          0.000   76
 305.929    2800558.254          0.001   78
   0.000          0.000          0.000  124
   0.000          0.000          0.000  125
 475.738    4697863.722          0.001  125
 503.201    4949418.205          0.001    5
 235.916    2456812.770          0.001    7
 288.922    2954016.302          0.001   10
 665.295    6840181.614          0.002   10
 666.436    6593575.948          0.002   12
 411.928    4154050.730          0.001   15
 750.351    8052327.520          0.002   17
 155.996    1650657.743          0.000   20
 765.560   10267131.522          0.003   20
 756.880    8786647.632          0.002   24
 455.203    4559226.528          0.001   26
  58.139     660436.799          0.000   26
 393.131    4052780.053          0.001   30
 513.971    5252968.061          0.001   35
  53.465     617819.897          0.000   35
 351.434    3680652.411          0.001   35
 709.400    7218755.845          0.002   37
 612.354    7872411.792          0.002   41
  54.168     618115.644          0.000   41
 423.198    4365901.536          0.001   43
 492.119    4717427.799          0.001   45
  97.667    1082109.559          0.000   47
 392.009    3954422.151          0.001   49
 596.704    6041255.098          0.002   49
  59.429     685250.380          0.000   52
 189.119    1951075.453          0.000   56
 491.354    4994431.897          0.001   56
 627.356    6284835.570          0.002   58
  72.152     815930.656          0.000   60
 675.335    8476367.187          0.002   63
  96.418    1050631.848          0.000   65
 656.342    8688326.496          0.002   65
 245.309    2510369.982          0.001   69
 648.703    9968084.476          0.002   69
 149.843    1586841.092          0.000   72
 764.691    8231161.992          0.002   74
 314.200    3129914.402          0.001   76
 565.800    5636272.165          0.001   76
 229.872    2348733.135          0.001  166
   0.000          0.000          0.000  166
   0.000          0.000          0.000  167
 543.435    5448268.696          0.001  167
 862.535    9433738.565          0.002    7
 378.052    3969569.054          0.001    7
 520.113    5462464.544          0.001   10
 849.828   10516475.564          0.003   10
 701.270    8031814.014          0.002   15
 112.757    1233857.822          0.000   15
 771.963   11811000.649          0.003   20
 444.396    4767262.247          0.001   20
 553.249    5716659.260          0.001   20
 904.837   11588400.478          0.003   26
 343.658    4317514.913          0.001   26
  85.205     969860.106          0.000   26
 457.708    4686301.489          0.001   26
 491.757    5206831.580          0.001   30
 500.826    5147675.696          0.001   35
  80.422     931239.231          0.000   35
 214.967    2340106.517          0.001   35
 589.292    8223870.409          0.002   35
 951.790   10674810.592          0.003   35
 677.446    7091549.963          0.002   41
  96.192    1100549.929          0.000   41
 451.115    5179303.161          0.001   41
 579.413    7165996.530          0.002   47
 859.636   10799694.689          0.003   49
  89.541    1035463.488          0.000   52
 549.540    6688137.781          0.002   52
 770.858   10763588.051          0.003   52
 330.583    3435591.496          0.001   56
 587.257    7209120.273          0.002   60
 358.630    3751523.591          0.001   65
 137.387    1500729.619          0.000   65
 685.598    9282941.182          0.002   65
 455.744    4715869.422          0.001   69
 732.767    8111923.641          0.002   72
 215.821    2293044.392          0.001   72
 932.087   12297492.147          0.003   72
 958.791   10287315.464          0.003   76
 868.286   11336278.985          0.003  166
 431.291    3992006.167          0.001  208
   0.000          0.000          0.000  208
   0.000          0.000          0.000  209
 601.050   10263736.448          0.002  209
 887.373   10590234.903          0.003  250
 620.710    6571812.697          0.002    7
 904.522   11191374.087          0.003    7
 934.818   10902858.871          0.003   15
 301.105    3240401.170          0.001   15
 165.868    1823751.398          0.000   15
 887.086   13022776.183          0.003   20
 341.579    3668487.057          0.001   20
 701.491    8238861.364          0.002   20
 849.661    9531926.301          0.002   20
 109.272    1246011.808          0.000   26
 367.018    3960484.428          0.001   26
 750.831    8112463.333          0.002   30
 589.072    6030768.942          0.001   35
 107.630    1249562.006          0.000   35
 643.460    6730496.411          0.002   35
1077.097   11821464.207          0.003   41
 678.265    7206814.237          0.002   41
 128.061    1467799.372          0.000   41
 633.747    6149800.704          0.001   41
 659.213    6769905.798          0.002   47
 169.831    1896993.056          0.000   47
 622.649    6637283.241          0.002   47
 481.705    4987162.309          0.001   52
 126.565    1467304.157          0.000   52
 252.285    2766806.336          0.001   52
 704.954    7332023.861          0.002   56
 501.125    5252177.664          0.001   56
 808.469    8262832.760          0.002   60
 306.212    3339669.000          0.001   60
 141.157    1602940.515          0.000   60
 195.942    2145911.698          0.000   65
 853.274    9600128.668          0.002   65
 775.579    8171396.912          0.002   69
 546.590    5736082.952          0.001   72
 515.476    5370719.827          0.001   72
 938.602   11969545.949          0.003  293
 596.164    5895546.216          0.001  293
   0.000          0.000          0.000  249
   0.000          0.000          0.000  250
 254.970    2696671.582          0.001  250
 925.654   11576933.509          0.003  250
 898.526    9562959.190          0.002    7
 811.312    9069946.416          0.002    7
1161.704   12741458.233          0.003   10
 729.462    7792202.787          0.002   15
 628.037    9318364.199          0.002   15
 225.251    2484270.619          0.001   15
 840.466    8745103.521          0.002   20
 885.847   11769923.070          0.003   20
 625.266    6517437.647          0.002   26
 295.263    3269092.274          0.001   26
 163.290    1871054.086          0.000   26
 240.927    2681163.815          0.001   26
 614.805    6565874.050          0.002   26
1029.239   14356999.339          0.003   26
1087.193   12823687.154          0.003   35
 581.891    6204527.951          0.001   35
 126.468    1471043.947          0.000   35
 706.894    7793786.385          0.002   35
1063.611   12875876.478          0.003   35
 782.959    8475176.544          0.002   41
 164.895    1895877.573          0.000   41
 607.670    6794603.379          0.002   47
 235.820    2654223.796          0.001   47
 916.753   13747546.574          0.003   47
 614.675    6528262.424          0.002   52
 384.076    4225376.608          0.001   52
1023.405   11016527.242          0.003   56
 859.276    9371585.693          0.002   56
 535.958    5718670.319          0.001   60
 387.579    4269536.835          0.001   60
 205.789    2348255.899          0.001   60
 670.125    8891041.965          0.002   65
 281.451    3097817.076          0.001   65
 398.796    4376862.681          0.001   65
 961.898   10794824.867          0.003   72
 403.438    4346430.703          0.001   72
 695.463    7484274.676          0.002   72
 966.940   11186061.010          0.003  293
 399.001    4081649.815          0.001  293
 129.929    1357897.260          0.000  293
   0.000          0.000          0.000  293
   0.000          0.000          0.000  294
 570.023    6078102.512          0.001  250
 889.598    9510135.321          0.002  250
1011.914   10714843.247          0.002  450
 959.128   10258808.831          0.002  450
 961.662   10159586.529          0.002   15
 542.276    5804723.764          0.001   15
 273.091    3018598.038          0.001   15
 773.100    8493222.540          0.002   15
 590.115    6458063.698          0.001   20
 670.573    7014234.924          0.002   26
 345.734    3856457.090          0.001   26
 631.630   10397547.748          0.002   26
 395.230    4374168.572          0.001   26
 998.223   11125269.932          0.003   26
 443.607    4892006.884          0.001   35
 165.180    1930294.332          0.000   35
 316.314    3641705.223          0.001   35
 844.986    9152445.652          0.002   35
 774.933    8818307.746          0.002   41
 186.422    2147330.881          0.000   41
 648.475    6700489.736          0.002   41
 738.935    8236041.583          0.002   47
 284.512    3219695.087          0.001   47
 183.704    2137543.938          0.000   52
 772.140    9979805.069          0.002   52
 721.108    8071659.233          0.002   52
1236.155   13743539.651          0.003   60
 943.686   12387186.253          0.003   60
 759.241   10660673.695          0.002   60
 665.270    7054459.141          0.002   60
 755.106    9414720.368          0.002   65
 514.575    5703956.042          0.001   65
 885.943    9613615.936          0.002   65
1087.338   11962898.595          0.003   72
 476.481    5149768.912          0.001   72
 863.623   10992082.574          0.003   72
1063.835   11602026.560          0.003   72
 754.105    7436451.117          0.002  293
 621.882    8527716.638          0.002  334
   0.000          0.000          0.000  334
   0.000          0.000          0.000  335
 540.266    5972611.667          0.001  335
 739.948    7895082.598          0.002  450
 531.358    5771364.659          0.001  450
1029.959   10834510.708          0.002  450
 945.798   10231527.666          0.002   15
 730.972    7696405.897          0.002   15
 338.087    3747462.023          0.001   15
 667.746    7213657.791          0.002   15
1045.295   11837253.807          0.003   15
 779.101    8605348.470          0.002   20
1035.270   12328250.716          0.003   26
 603.201    6579434.030          0.001   26
 219.179    2523685.060          0.001   26
 469.028    5116831.683          0.001   26
 535.377    5930714.649          0.001   26
1114.821   13283991.891          0.003   35
 414.361    4682596.548          0.001   35
1148.408   13513215.675          0.003   41
 806.010    9300698.407          0.002   41
 219.526    2535490.991          0.001   41
 453.864    4922827.209          0.001   41
 350.698    4001936.744          0.001   47
 551.298    6165466.480          0.001   47
 506.076    5508169.787          0.001   52
 537.661    5944362.973          0.001   52
1065.658   12084142.851          0.003   52
1043.596   12163578.774          0.003   60
 530.052    5956908.697          0.001   60
 277.839    3184429.462          0.001   60
 405.367    4472209.806          0.001   65
1020.769   11933648.295          0.003   65
 690.787    7494625.708          0.002   72
 941.493   10363583.442          0.002   72
 657.573    7816147.208          0.002  371
 108.423    1159575.225          0.000  371
   0.000          0.000          0.000  371
   0.000          0.000          0.000  372
 720.647    8973838.696          0.002  450
 349.144    3799258.309          0.001  450
1033.407   11879060.355          0.003  450
1003.687   11071291.921          0.003  450
1223.205   13439753.745          0.003   15
 664.261    7398022.067          0.002   15
 386.365    4290249.347          0.001   15
 896.644   10935424.578          0.002   15
 951.445   10546777.298          0.002   20
1145.088   12959617.875          0.003   26
 724.112    9778444.976          0.002   26
 664.364    7921815.082          0.002   26
 856.430    9544716.799          0.002   26
 806.401    9018699.554          0.002   35
 212.594    2498692.573          0.001   35
 685.582   10273200.503          0.002   35
 925.475   10140873.346          0.002   35
 771.158    7964506.958          0.002   41
 253.554    2936747.729          0.001   41
 951.276   12931073.192          0.003   47
 397.074    4561140.197          0.001   47
 901.756   11769848.868          0.003   47
 758.561   14277542.954          0.003   52
 244.509    2855788.509          0.001   52
 545.398    6047891.272          0.001   52
1192.610   13775604.801          0.003   52
1084.555   11316447.387          0.003   60
 661.856    7271732.207          0.002   60
 354.024    4075471.407          0.001   60
 454.892    5119621.016          0.001   60
 852.581   11323189.410          0.003   60
 716.822    7394515.065          0.002   65
1024.002   10144855.409          0.002   65
1221.780   13344775.046          0.003   72
1048.284   11255097.842          0.003   72
1087.105   13174495.763          0.003  489
 816.269    9093586.016          0.002  489
 819.000    8400798.023          0.002  371
 319.243    3423671.183          0.001  371
   0.000          0.000          0.000  412
   0.000          0.000          0.000  413
 322.966    3430286.796          0.001  450
 221.663    2422410.516          0.001  450
 807.669    8962054.518          0.002  450
 710.407    7832575.210          0.002  450
 942.789   10400595.749          0.002   15
 478.003    5325155.587          0.001   15
 765.655    8336691.358          0.002   15
 859.332   10107049.767          0.002   26
 275.083    3179487.288          0.001   26
 917.526   10184558.877          0.002   26
 896.189    9872101.943          0.002   26
 549.059    6084026.365          0.001   35
 335.198    3874540.845          0.001   35
 860.474    9120516.534          0.002   35
1285.201   14690833.745          0.003   41
 962.420   10283247.746          0.002   41
 284.791    3306685.138          0.001   41
 851.343   10892565.012          0.002   41
 502.174    5882079.408          0.001   47
 854.332    9423246.436          0.002   47
 948.133   10078313.416          0.002   52
 306.352    3602095.970          0.001   52
 306.903    3581159.886          0.001   52
 762.442    8444205.101          0.002   52
1144.268   12112686.290          0.003   52
1358.808   15866756.272          0.004   60
 655.214    7333491.389          0.002   60
 871.924    9257948.050          0.002   60
 540.450    5954695.492          0.001   65
1102.097   11879663.374          0.003   65
1440.021   17490534.830          0.004  489
 891.362   10299832.180          0.002  489
1021.623   15703149.949          0.004  489
 564.514    6258415.860          0.001  489
 714.330    8035835.280          0.002  489
   0.000          0.000          0.000  449
   0.000          0.000          0.000  450
  44.228     482065.283          0.000  450
 108.663    1185045.001          0.000  450
 579.285    6278492.373          0.001  450
 378.375    4149116.323          0.001  450
1001.514   11300000.966          0.003  450
1368.105   18709111.877          0.004  450
1077.638   12731180.909          0.003   15
 545.871    6091864.216          0.001   15
 729.613    8266941.792          0.002   15
1130.671   11841253.233          0.003   15
1008.554    9396456.130          0.002   26
 673.485    6869877.131          0.002   26
 306.538    3550031.137          0.001   26
 862.374   10561680.892          0.002   26
 611.772    6548538.510          0.001   35
 273.153    3237276.556          0.001   35
 488.743    5593176.603          0.001   35
 834.641    9109375.818          0.002   35
 557.716    6296860.799          0.001   41
 330.322    3850546.083          0.001   41
 880.353   11574443.355          0.003   41
 549.917    6493811.137          0.001   47
 689.320    8313252.777          0.002   47
 867.242    9545273.947          0.002   52
 752.361    8192560.809          0.002   52
1236.870   15465016.700          0.003   52
1536.366   16560949.408          0.004   52
1060.196   14985395.945          0.003   60
 438.110    5070314.723          0.001   60
 972.084   11729818.814          0.003   60
 619.642    6808345.191          0.002   65
1220.938   14030311.802          0.003   65
1120.368   12373905.033          0.003  489
 606.194    6837399.798          0.002  489
 432.798    4826834.065          0.001  489
 262.414    2893834.317          0.001  489
 122.540    1343591.983          0.000  489
  51.516     563102.814          0.000  489
   0.000          0.000          0.000  489
   0.000          0.000          0.000  490
 319.665    3391871.451          0.001  450
 903.083   13278891.625          0.003  450
 860.502   11242098.638          0.003  450
 686.492    7562189.075          0.002  450
 501.843    5516982.511          0.001  450
 804.979    8885680.626          0.002  450
1390.442   16989395.721          0.004  450
 903.787   10081430.738          0.002   15
 774.868    8724976.266          0.002   15
1285.786   16239339.213          0.004   15
 985.669   10800554.097          0.002   26
 714.940    8072870.110          0.002   26
 358.435    4166860.204          0.001   26
 548.816    6247274.583          0.001   26
1107.542   13116053.287          0.003   26
 990.604   10297626.956          0.002   35
 567.888    6429962.323          0.001   35
 681.337    8301348.682          0.002   35
 679.453    7823730.718          0.002   35
 644.704    7329845.844          0.002   35
 981.883   10667659.599          0.002   35
1115.043   12556915.760          0.003   41
 660.657    7130375.129          0.002   41
 360.904    4216089.232          0.001   41
 695.067    7479258.852          0.002   41
1110.478   16920352.584          0.004   47
 830.597   10212210.393          0.002   47
 380.127    4498583.337          0.001   52
 409.680    4782427.010          0.001   52
 988.311   11152940.879          0.002   52
1317.832   14689272.439          0.003   52
1095.379   11546487.876          0.003   60
 860.120    9389443.572          0.002   60
 589.939    6789208.248          0.001   60
 980.824   11263395.495          0.002   60
 921.688    9757046.679          0.002   65
 815.094    8752508.903          0.002   65
1455.994   18115144.098          0.004  489
 900.418   10330361.826          0.002  489
 749.408    8512498.137          0.002  489
 840.259   12039187.551          0.003  489
 644.881    8030115.686          0.002  489
 522.581    5978718.704          0.001  489
 403.315    4870757.389          0.001  489
   0.000          0.000          0.000  535
   0.000          0.000          0.000  536
 562.038    6075038.215          0.001  536
 902.339    9872433.201          0.002  620
1000.382   13718465.012          0.003  620
1071.554   11703079.867          0.003  450
1219.822   13510622.958          0.003   15
 761.622    8425861.392          0.002   15
1265.939   14478936.642          0.003   15
1362.435   17802654.113          0.004   26
 867.465   10045281.622          0.002   26
 384.633    4479916.791          0.001   26
 888.479   10974758.068          0.002   26
1161.754   12951487.204          0.003   26
 939.758   10357653.824          0.002   35
 349.939    4186304.613          0.001   35
 892.260   11983445.639          0.003   35
1014.236   11943535.032          0.003   35
1028.872   10976741.431          0.002   35
 935.465   10521263.596          0.002   41
 410.588    4810399.107          0.001   41
1105.696   13591852.672          0.003   41
 680.348    8237550.489          0.002   47
 730.782    7704375.444          0.002   52
 479.431    5599159.260          0.001   52
1043.017   11049778.626          0.002   52
1400.994   15787161.422          0.003   52
1325.322   14985718.303          0.003   60
 768.823    8707883.786          0.002   60
 539.605    6284872.021          0.001   60
1098.102   13536989.345          0.003   60
1329.404   15777313.657          0.003   65
1028.712   10700857.637          0.002   65
1193.138   12090307.137          0.003   65
1375.155   17976438.154          0.004  489
 903.540   10296627.221          0.002  619
 707.035    7989750.621          0.002  619
 746.308    8321958.945          0.002  619
 555.119    7352063.335          0.002  619
   0.000          0.000          0.000  574
   0.000          0.000          0.000  575
 508.969    6219656.979          0.001  620
 548.689    5896039.456          0.001  620
 617.308    6848251.900          0.002  620
 762.890    8750036.819          0.002  620
 978.442   12068068.599          0.003  620
 879.549   10479999.035          0.002  620
1319.784   15503565.764          0.003  620
1119.028   12741728.099          0.003   15
 985.950   10399445.700          0.002   15
1320.376   15270535.848          0.003   15
1234.586   13747439.254          0.003   26
 669.134    7630647.111          0.002   26
 493.647    5764218.426          0.001   26
 565.864    6500434.897          0.001   26
1020.212   10630158.528          0.002   26
1321.261   15994777.381          0.003   35
 739.493    8588926.679          0.002   35
 466.211    5575334.224          0.001   35
 685.924    7816686.845          0.002   35
1006.430   11426988.221          0.003   35
1185.002   12377511.169          0.003   41
 455.864    5352603.098          0.001   41
 641.131    6957387.429          0.001   41
1189.637   16239729.310          0.004   41
 980.826   11653006.898          0.003   47
1278.466   20625079.684          0.005   47
 451.708    5372094.237          0.001   52
 540.509    6327488.370          0.001   52
 723.626    8062671.925          0.002   52
 909.528    9710581.479          0.002   52
1334.683   13366523.701          0.003   52
1297.803   13340348.437          0.003   60
1164.046   13827536.062          0.003   60
1050.818   14470925.351          0.003   60
 889.610   10085689.107          0.002   60
1297.494   14551684.436          0.003   60
1402.608   13675892.202          0.003   65
1163.211   13368283.778          0.003  619
 660.655    7643159.712          0.002  619
 464.823    5287568.301          0.001  619
 329.173    3705717.126          0.001  619
 191.140    2128208.172          0.000  619
  72.101     797387.288          0.000  619
   0.000          0.000          0.000  619
   0.000          0.000          0.000  620
 116.977    1305558.933          0.000  620
 243.832    2749913.307          0.001  620
 314.552    3568958.154          0.001  620
 446.897    5137924.644          0.001  620
 616.148    7231361.079          0.002  620
1119.711   13200838.847          0.003  620
1385.598   16048397.235          0.004   15
1316.990   12796997.419          0.003   15
1520.353   16535327.252          0.004   26
1187.340   13067309.512          0.003   26
 643.574    7460186.608          0.002   26
 463.096    5433053.233          0.001   26
1435.151   16064580.358          0.003   26
 853.465    9618299.299          0.002   35
 417.087    5039463.921          0.001   35
 579.263    6917621.933          0.001   35
1094.240   12701071.924          0.003   35
1493.528   19900188.604          0.004   35
 740.391    8245702.214          0.002   41
 523.522    6156621.733          0.001   41
1033.583   11351950.298          0.002   41
 837.090   10383677.293          0.002   47
1206.611   14683199.111          0.003   47
 858.635    9695155.002          0.002   52
 518.530    6188194.832          0.001   52
 654.816    7674424.288          0.002   52
1057.034   11251018.763          0.002   52
1454.225   16927534.381          0.004   60
1189.531   13164115.585          0.003   60
 642.990    7519100.366          0.002   60
1130.502   12193788.503          0.003   60
1319.938   13848520.881          0.003   60
1630.199   18360520.294          0.004   65
1279.517   16425037.099          0.004  619
 847.947   10004255.573          0.002  619
 869.240    9184449.382          0.002  619
 763.881    8130684.580          0.002  619
 560.896    6164698.977          0.001  619
 479.369    5156461.682          0.001  619
 307.798    3406259.950          0.001  661
   0.000          0.000          0.000  661
   0.000          0.000          0.000  662
 581.200    6565771.518          0.002  620
 514.093    5702833.144          0.001  620
 640.351    7381573.371          0.002  620
 643.701    7428332.096          0.002  620
 902.678   10144417.182          0.002  620
 867.954   10724586.710          0.002  620
1236.674   15919857.022          0.003  620
1697.294   17923144.422          0.004   15
1456.138   16462804.398          0.004   26
 827.182    9326999.378          0.002   26
1026.911   13273426.706          0.003   26
 514.985    6064403.980          0.001   26
 923.199   11083135.283          0.002   26
 924.835    9906267.287          0.002   26
1485.986   18917880.977          0.004   26
 999.697   10660068.581          0.002   35
 893.786   11103172.395          0.002   35
 731.549    8676135.248          0.002   35
1323.631   13984680.040          0.003   35
1349.143   12892600.474          0.003   41
 871.489    9099931.407          0.002   41
1389.179   16649141.174          0.004   41
 940.291   11764629.149          0.003   47
1002.076   11885600.861          0.003   52
1058.897   12760320.410          0.003   52
1434.174   16480366.786          0.004   60
 806.814    9279435.515          0.002   60
 783.925    9174253.799          0.002   60
1322.453   15180878.775          0.003   60
1697.803   17384631.766          0.004  998
1377.974   17126876.623          0.004  619
1117.206   15101823.695          0.003  786
 991.587   12941970.939          0.003  786
 986.614   14801449.530          0.003  786
 288.192    3058294.174          0.001  698
   0.000          0.000          0.000  698
   0.000          0.000          0.000  699
 239.159    2553944.820          0.001  699
 798.167   11356902.938          0.003  699
 825.977   10772454.432          0.002  831
 797.399    9691087.117          0.002  831
 835.449    9163007.888          0.002  831
1197.806   12583326.670          0.003  831
1542.789   18199693.543          0.004  831
1423.922   13708600.493          0.003   26
1145.699   13269449.508          0.003   26
 622.152    7328634.024          0.002   26
 956.838   12269439.204          0.003   26
1029.943   11283119.484          0.002   26
1503.261   19270963.784          0.004   26
1457.945   15427335.373          0.003   35
1122.556   12324343.371          0.003   35
 479.874    5846853.478          0.001   35
 911.698   11329803.160          0.002   35
1154.658   15451209.395          0.003   35
 851.030    9989913.423          0.002   35
1558.822   18229448.964          0.004   35
1203.645   15771101.416          0.003   41
 608.006    7136717.191          0.002   41
1185.304   15035454.113          0.003   41
1539.371   16011297.198          0.003   41
1142.675   14234843.712          0.003   47
1364.479   16115264.980          0.004   47
1224.686   14481812.676          0.003   52
 614.226    7324021.087          0.002   52
 891.445   10033054.767          0.002   52
1492.763   17559068.433          0.004   52
1780.936   26077372.963          0.006   52
1061.276   11469958.028          0.002   60
1276.897   14273178.914          0.003   60
1128.259   11982018.850          0.003   60
1398.001   13466603.313          0.003  998
1348.163   14789619.178          0.003  998
1418.562   16581494.742          0.004  998
1100.467   15477020.275          0.003  786
 747.989    9326802.745          0.002  786
 626.312    7067436.320          0.002  786
 349.544    3856157.318          0.001  786
   0.000          0.000          0.000  741
   0.000          0.000          0.000  742
 207.598    2199673.094          0.001  742
 750.669    8172461.394          0.002  831
 444.348    4875787.268          0.001  831
 494.513    5997532.276          0.001  831
 805.311   10502164.841          0.002  831
 767.334    7635205.690          0.002  831
 547.007    6369312.165          0.001  831
 886.583    9948952.681          0.002  831
1245.475   13406096.851          0.003  831
1470.448   15181217.747          0.003   26
1015.652   11220745.576          0.002   26
 693.137    8156343.517          0.002   26
 635.117    7515924.075          0.002   26
1317.488   14386328.410          0.003   26
1352.915   15901253.302          0.003   35
 542.430    6654316.792          0.001   35
 561.373    6875669.124          0.001   35
 882.220   10235955.026          0.002   35
1254.571   14754291.613          0.003   35
1263.544   13706616.095          0.003   35
1168.255   12655239.057          0.003   41
 670.464    7843512.127          0.002   41
 873.545    9622309.432          0.002   41
1525.702   15866022.396          0.003   41
1345.308   16474404.411          0.004   47
1305.538   12430424.663          0.003   52
 797.774    9148812.687          0.002   52
 687.104    8160196.221          0.002   52
 804.279    9194211.497          0.002   52
1041.471   11361318.183          0.002   52
1740.375   21132072.588          0.004   52
1606.888   15283888.957          0.003   60
1214.532   12745233.184          0.003   60
1577.979   17121987.516          0.004  998
1309.854   14109721.990          0.003  998
 947.744   10235592.769          0.002  998
 911.504    9370982.273          0.002  998
1164.281   15234862.737          0.003  998
 769.861    9593890.925          0.002  786
 565.167    6750134.412          0.002  786
 441.160    5153586.104          0.001  786
 258.270    2930605.980          0.001  786
 120.957    1352360.639          0.000  786
   0.000          0.000          0.000  786
   0.000          0.000          0.000  787
 606.110    6551466.378          0.002  831
 155.111    1760964.229          0.000  831
 225.865    2574591.805          0.001  831
 395.688    4561442.063          0.001  831
 482.432    5599860.777          0.001  831
 787.262    9001837.647          0.002  831
1472.598   16065057.689          0.003  831
1790.533   20633241.261          0.004  831
 985.321   10884778.398          0.002   26
 813.804    9464445.015          0.002   26
1035.663   12298047.878          0.003   26
 770.951    9031041.626          0.002   26
1246.094   14550690.244          0.003   35
 785.064    9220673.144          0.002   35
 594.045    7317280.494          0.002   35
 643.190    7876965.052          0.002   35
1033.347   11636646.083          0.002   35
1418.220   17460674.693          0.004   35
1641.842   17386551.627          0.004   35
1607.808   17240313.389          0.004   41
1077.331   11007408.800          0.002   41
 777.857    8939927.274          0.002   41
 930.667   10029973.555          0.002   41
1460.461   15977404.647          0.003   41
1723.264   20338686.421          0.004   47
1629.404   14932741.695          0.003   52
 915.573   10183675.196          0.002   52
 810.376    9298493.143          0.002   52
 906.274   10632996.016          0.002   52
1278.197   12559307.475          0.003   52
1618.386   15415527.594          0.003   52
1868.136   18989892.913          0.004   60
1586.043   17885290.117          0.004  998
1424.727   16503693.717          0.003  998
1098.714   12311743.480          0.003  998
 922.429   10546561.393          0.002  998
 684.056    7976945.452          0.002  998
 748.364    7339390.432          0.002  998
 831.122   10035901.249          0.002  786
 597.117    6985268.306          0.002  786
 644.294    7576696.659          0.002  786
 211.228    2254652.155          0.001  830
   0.000          0.000          0.000  830
   0.000          0.000          0.000  831
  75.242     851757.893          0.000  831
 574.043    5983621.792          0.001  831
 704.764    9042475.338          0.002  831
 299.608    3429111.772          0.001  831
 796.293   10746683.650          0.002  831
 948.376   10859506.147          0.002  831
 600.801    7033828.549          0.002  831
1119.056   13750528.991          0.003  831
1731.799   19873339.730          0.004  831
1661.891   16044734.755          0.003   26
1179.784   12402038.027          0.003   26
1281.704   15807218.052          0.003   26
1112.620   11592485.159          0.002   26
1270.229   14560516.745          0.003   35
 675.396    8319814.919          0.002   35
1091.009   13483690.848          0.003   35
 787.901    9405859.242          0.002   35
1415.492   14376918.440          0.003   35
1627.303   16459820.056          0.003   41
 907.526   10058039.107          0.002   41
1131.136   11399948.237          0.002   41
1475.501   13696175.551          0.003   41
1930.037   18968342.770          0.004   52
1364.953   13176248.513          0.003   52
1083.205   11412822.432          0.002   52
1020.949   10698430.012          0.002   52
1333.335   15019847.375          0.003   52
1438.523   13618089.392          0.003   52
1882.945   17158242.009          0.004   52
2144.200   20479050.029          0.004   60
1914.283   18034366.104          0.004   60
1801.696   19589593.079          0.004   60
1066.248   12021441.748          0.003  998
 967.856   10794985.702          0.002  998
 552.364    6550459.234          0.001  998
 466.404    5550847.820          0.001  998
 655.860    8455761.303          0.002  998
 499.210    5470461.407          0.001  998
 765.300    9040684.966          0.002  998
1020.098   14786299.938          0.003  998
 817.820    9750127.722          0.002  830
 344.288    3588613.607          0.001  874
   0.000          0.000          0.000  874
   0.000          0.000          0.000  875
 694.696    8027478.461          0.002  831
 716.142    7879830.254          0.002  831
 478.271    5363657.342          0.001  831
 665.524    7373657.721          0.002  831
1050.133   13948249.244          0.003  831
 716.798    8406569.709          0.002  831
1151.642   12468421.294          0.003  831
1525.045   16053288.139          0.003  831
1469.774   14611219.346          0.003   26
1470.264   14405485.540          0.003   26
1378.026   16312595.181          0.003   26
1000.168   11048568.792          0.002   26
1487.574   18443358.221          0.004   35
 792.138    9581969.984          0.002   35
 768.558    9254081.695          0.002   35
1345.602   16531904.035          0.003   35
 999.681   11139022.956          0.002   35
1800.866   18477227.309          0.004   35
1431.696   14156270.373          0.003   41
1008.962   10816768.198          0.002   41
1500.721   13962017.514          0.003   41
1842.538   16119386.877          0.003   41
1601.518   14499618.520          0.003   52
1290.214   12008258.688          0.002   52
1516.433   16912088.277          0.003   52
1966.460   17379842.158          0.004   52
2289.656   23700653.724          0.005   52
2000.393   18597376.218          0.004  998
1751.057   16647859.634          0.003  998
1429.710   14708711.831          0.003  998
 885.896   10257355.919          0.002  998
 609.281    7293539.366          0.002  998
 435.602    5234978.624          0.001  998
 357.905    4271442.963          0.001  998
 286.204    3394565.036          0.001  998
 776.271    8606452.702          0.002  998
 739.328    8386929.130          0.002  958
 395.955    4921095.359          0.001  914
   0.000          0.000          0.000  914
   0.000          0.000          0.000  915
 367.565    4226103.187          0.001  915
 525.311    6124078.865          0.001  915
 914.557   11483988.222          0.003  915
 885.780    8733254.352          0.002  831
 664.468    7475664.348          0.002  831
1042.381   10902394.760          0.002  831
 982.486   10606470.342          0.002  831
1168.776   14013524.564          0.003  831
1147.714   12648796.703          0.003  831
1844.323   20719268.153          0.004  831
1926.827   19624683.971          0.004   26
1748.908   21221974.379          0.004   26
1114.205   11946135.138          0.002   26
1376.702   17410274.002          0.004   35
 867.293   10319225.520          0.002   35
1052.233   11763527.496          0.002   35
 983.957   11100835.634          0.002   35
1537.510   15234526.313          0.003   35
1243.878   12717905.704          0.003   35
1809.086   23162141.410          0.005   35
1316.216   12427383.725          0.003   41
1754.422   15121307.919          0.003   41
1974.586   20558412.017          0.004   41
2169.321   18553678.405          0.004   41
2243.081   22326276.018          0.004   52
1932.520   17798840.642          0.004   52
1652.847   15480158.237          0.003   52
1840.089   18190210.674          0.004   52
2274.898   19972736.744          0.004   52
2381.175   22991286.185          0.005  998
1834.821   15813792.857          0.003  998
1221.385   11798309.507          0.002  998
 835.597    9511325.237          0.002  998
 592.647    7155257.106          0.001  998
 534.367    6451052.603          0.001  998
 604.318    7083137.422          0.002  998
 779.489    8636452.592          0.002  998
 674.387    7779089.107          0.002  998
 202.327    2384084.082          0.001  998
 528.286    6099767.473          0.001  998
 532.030    5996472.797          0.001  998
 208.582    2238384.385          0.001  958
   0.000          0.000          0.000  958
   0.000          0.000          0.000  959
 353.865    4136442.955          0.001  959
 699.030    8814619.193          0.002  959
1154.351   15432110.986          0.003 1084
1323.989   16719868.339          0.004 1084
1399.941   16381593.464          0.003  831
 947.171   10670696.329          0.002  831
1394.693   14151839.860          0.003  831
1818.985   18976235.058          0.004  831
2038.205   24335300.197          0.005   26
1868.099   19874414.042          0.004   26
1767.229   17800014.879          0.004   26
1326.677   13110702.929          0.003   35
1272.810   12975136.372          0.003   35
1276.122   13546365.538          0.003   35
1185.030   12544694.073          0.003   35
1680.696   18357040.228          0.004   35
1977.694   17599186.667          0.004   35
1810.924   17918917.023          0.004   35
2030.674   17206215.976          0.003   41
2240.857   21806335.626          0.004   41
2099.201   19954357.054          0.004 2151
2073.208   21716900.664          0.004 2151
1974.997   18384787.810          0.004 2151
1921.118   20734632.794          0.004   52
1982.158   18798763.780          0.004 2151
2356.053   24599097.863          0.005  998
1956.011   19065702.089          0.004  998
1554.667   15230196.949          0.003  998
1030.746   10943784.630          0.002  998
 677.747    8115772.304          0.002  998
1039.649   11252765.415          0.002  998
1055.098   11609590.389          0.003  998
 894.890    9401429.804          0.002  998
 703.460    9020816.384          0.002  998
 220.361    2586391.977          0.001  998
 133.894    1569203.675          0.000  998
  76.103     890014.405          0.000  998
  31.806     371396.122          0.000  998
   0.000          0.000          0.000  998
   0.000          0.000          0.000  999
 220.769    2348840.850          0.001  999
 702.437    7326882.226          0.002 1084
 804.230    8787548.528          0.002 1084
 847.963   10301876.491          0.002 1084
1288.653   15927347.207          0.003 1084
1040.072   13077694.975          0.003 1084
1294.253   13294229.303          0.003  831
1628.915   17960586.994          0.004 1340
1618.648   14391345.720          0.003 1340
1836.437   19615124.926          0.004 1340
1755.875   15555408.402          0.003   26
1988.982   17673128.562          0.004   35
1741.127   15795451.743          0.003   35
1591.287   15756022.112          0.003   35
1520.996   16447970.325          0.003   35
1496.731   14410521.999          0.003   35
1856.114   18565584.516          0.004   35
1981.455   18902853.438          0.004   41
2206.535   22397105.609          0.004   41
1915.201   18420851.689          0.004 2151
1856.629   21564583.436          0.004 2151
1380.029   13565238.718          0.003 2151
1731.164   16289801.237          0.003 2151
1843.506   18100156.768          0.004 2151
1965.308   16835703.252          0.003 2151
2202.382   22394078.173          0.004 2151
2139.403   22414965.962          0.004  998
1564.875   15093917.212          0.003  998
1066.890   11023183.227          0.002  998
1126.062   11905522.094          0.002  998
1126.573   13168666.809          0.003  998
1047.871   11982588.488          0.003  998
 936.976   10742984.989          0.002  998
 389.816    4621625.117          0.001  998
 331.543    3916355.774          0.001  998
 621.536    6470603.309          0.001  998
 634.560    9991236.900          0.002  998
 399.955    4358378.371          0.001  998
 513.366    6092782.450          0.001  998
   0.000          0.000          0.000 1039
   0.000          0.000          0.000 1040
 439.336    4543280.122          0.001 1084
 705.377    8435026.718          0.002 1084
 555.490    6352125.595          0.001 1084
 652.242    7793426.487          0.002 1084
 912.267   11538414.832          0.003 1084
 886.271   11222483.396          0.002 1084
1370.469   17269566.141          0.004 1084
1644.710   16842172.632          0.003 1340
1448.389   15957452.080          0.003 1340
1197.814   12080273.180          0.002 1340
1867.689   17943308.922          0.004 1340
2245.197   19696791.796          0.004   26
2279.795   22629089.058          0.005   26
2008.986   18005559.874          0.004   35
2133.817   19819582.696          0.004   35
1927.355   21735504.594          0.004   35
2079.009   18573463.950          0.004   35
1854.866   19912042.014          0.004 2146
1807.341   16348901.928          0.003 2146
2034.708   22419323.113          0.004 2146
2136.756   23260157.267          0.005 2146
2237.219   23969101.648          0.005 2146
1841.376   17970732.165          0.003 2151
1592.438   15219527.293          0.003 2151
1404.758   15686804.305          0.003 2151
1199.627   12514837.503          0.002 2151
1518.947   16966006.904          0.003 2151
1096.833   11802550.191          0.002 2151
1798.127   17181017.453          0.003 2151
1923.835   17881698.922          0.004 2151
2146.606   23189588.701          0.005 2151
1717.943   15083824.547          0.003  998
1473.754   13622165.018          0.003  998
1381.028   13946524.085          0.003  998
 874.277   10061928.488          0.002  998
 604.821    7203502.899          0.002  998
 522.079    6213523.453          0.001  998
 836.831    9528997.522          0.002  998
 947.911   12282504.516          0.003  998
 816.199   10327092.940          0.002 1129
 583.424    6875178.467          0.002 1129
 432.783    4821603.710          0.001 1129
   0.000          0.000          0.000 1083
   0.000          0.000          0.000 1084
  99.398    1125909.573          0.000 1084
 185.343    2113010.819          0.000 1084
 362.485    4196395.361          0.001 1084
 458.578    5355911.636          0.001 1084
 657.234    8050175.584          0.002 1084
 730.874    9160486.742          0.002 1084
 991.760   12771554.456          0.003 1084
1387.569   13351927.985          0.003 1340
1234.799   14336373.132          0.003 1340
1068.044   11024725.341          0.002 1340
1022.655   10949680.064          0.002 1340
1529.845   14089262.538          0.003 1340
2095.425   18723403.585          0.004 1340
2240.076   23771671.718          0.005 1340
2208.204   20101218.833          0.004 2129
2295.103   23740426.691          0.005 2129
2015.906   18534355.118          0.004 2129
2083.200   21627123.799          0.004 2146
1793.029   20393332.696          0.004 2146
1293.983   13331033.884          0.003 2146
1694.538   16135358.775          0.003 2146
1838.592   17809801.233          0.003 2146
1955.065   19568872.423          0.004 2151
1682.457   17724170.758          0.003 2151
1332.414   13260325.566          0.003 2151
1153.225   12283620.243          0.002 2151
 833.822   10354187.239          0.002 2151
1294.757   16948733.127          0.003 2151
 923.440   10631144.887          0.002 2151
1462.986   14418883.308          0.003 2151
1658.968   15526154.984          0.003 2151
2046.916   21189400.402          0.004 2151
2098.690   19220825.059          0.004  998
2143.072   20297590.497          0.004  998
1768.735   18657347.776          0.004  998
1089.632   12134822.280          0.003  998
 955.963   10678114.589          0.002  998
 937.168   10496064.670          0.002  998
 678.160    7768857.156          0.002  998
 959.129   16002667.772          0.004 1129
 721.334   10029388.885          0.002 1129
 479.605    5837983.236          0.001 1129
 307.175    3569757.882          0.001 1129
 139.767    1566055.284          0.000 1129
   0.000          0.000          0.000 1129
   0.000          0.000          0.000 1130
 603.934    7783812.098          0.002 1084
 485.226    5228472.542          0.001 1084
 306.073    3548120.285          0.001 1084
 452.158    5380700.083          0.001 1084
 518.158    6235523.436          0.001 1084
 588.843    7174983.659          0.002 1084
1132.024   14503035.438          0.003 1084
1355.618   18571614.552          0.004 1340
 913.196    9741883.225          0.002 1340
 769.002    8989361.757          0.002 1340
1286.245   13899450.725          0.003 1340
1962.470   20298642.728          0.004 1340
1930.166   18114393.640          0.004 2129
1849.863   16435108.420          0.003 2129
2126.924   22874220.735          0.004 2129
2065.469   19390370.983          0.004 2129
1662.516   14348253.828          0.003 2129
1602.932   14738481.499          0.003 2129
1866.907   20656898.761          0.004 2146
1702.104   16760172.317          0.003 2146
1339.939   13700396.044          0.003 2146
1133.000   12397095.830          0.002 2146
1442.722   14762708.062          0.003 2146
1629.315   16610044.708          0.003 2151
1276.815   15476539.323          0.003 2151
 843.847   10105854.934          0.002 2151
 717.082    9227273.495          0.002 2151
1324.575   19485210.667          0.004 2151
1346.149   16577986.311          0.003 2151
1045.694   11513862.753          0.002 2151
1622.477   15593443.742          0.003 2151
2059.976   20067577.703          0.004 2165
2056.779   22108110.899          0.005  998
1699.580   17626732.717          0.004  998
1483.870   15299327.263          0.003  998
1283.339   13529288.920          0.003  998
 916.641    9590746.918          0.002  998
1168.619   14944862.086          0.003 1129
 741.511    9386641.016          0.002 1129
 709.524    8649023.926          0.002 1129
 723.745    9029394.831          0.002 1129
   0.000          0.000          0.000 1172
   0.000          0.000          0.000 1173
 329.567    3727859.325          0.001 1173
 579.177    6822083.432          0.002 1173
 724.583    8365132.117          0.002 1084
 617.263    6910068.339          0.002 1084
 832.851   10072099.966          0.002 1084
 986.814   12139844.165          0.003 1084
1099.180   12194997.825          0.003 1340
 625.825    7484159.647          0.002 1340
 993.958   12040690.598          0.003 1340
1378.412   15506586.758          0.003 1340
1683.986   18527069.962          0.004 2129
1168.773   12268420.527          0.002 2129
1727.346   17508947.129          0.003 2129
1546.214   15587081.025          0.003 2129
1182.027   11996099.453          0.002 2129
1622.226   15719779.133          0.003 2129
1365.399   14357954.085          0.003 2146
 953.320   11175141.036          0.002 2146
 901.242   10855547.075          0.002 2146
1343.138   16242581.746          0.003 2146
1610.155   17887930.973          0.004 2151
 952.258   11163336.834          0.002 2151
 660.702    8539350.405          0.002 2151
 993.678   11383543.603          0.002 2151
1248.952   16454711.568          0.003 2151
 709.676    8876448.069          0.002 2151
1378.794   18339487.843          0.004 2151
1444.001   14624733.019          0.003 2151
1790.306   15853746.687          0.003 2165
1736.856   17055270.089          0.003 2165
1877.728   18898325.762          0.004  998
1711.312   18723868.017          0.004  998
1343.657   13750302.705          0.003  998
1086.299   14837990.052          0.003 1129
 814.719   11947807.896          0.003 1212
 511.809    6426539.912          0.001 1212
 275.056    3166094.673          0.001 1212
 106.151    1173973.668          0.000 1212
   0.000          0.000          0.000 1212
   0.000          0.000          0.000 1213
 593.947    8585273.787          0.002 1213
 757.463    9324348.660          0.002 1173
 715.646    7242553.267          0.002 1340
 680.929    7672146.307          0.002 1340
 696.211    7977095.267          0.002 1340
 699.721    7998734.318          0.002 1340
 549.406    6561179.635          0.001 1340
 633.802    7538986.782          0.002 1340
1330.248   14881015.265          0.003 1340
1768.139   20442910.417          0.004 1340
1433.520   14301676.186          0.003 2129
1373.404   15708085.355          0.003 2129
1614.215   19271911.445          0.004 2129
1260.952   13750357.023          0.003 2129
 968.239   10920733.264          0.002 2129
1145.501   12926144.347          0.003 2129
1578.303   17623767.192          0.004 2129
1588.459   15870199.931          0.003 2146
1033.012   11959109.795          0.002 2146
 770.437    9632635.301          0.002 2146
1356.085   18218312.445          0.004 2146
1702.091   22819937.331          0.005 2146
1459.431   15707865.768          0.003 2151
1262.434   16170507.631          0.003 2151
 626.210    8046773.487          0.002 2151
 599.638    7745270.776          0.002 2151
 933.527   11270246.238          0.002 2151
1074.059   15253346.012          0.003 2151
 653.716    8222132.035          0.002 2151
 884.820   10153096.092          0.002 2151
1448.732   15525195.148          0.003 2151
1810.197   17217483.421          0.004 2165
1419.796   13406108.792          0.003 2165
1634.478   15365334.576          0.003 2165
1688.450   16162610.067          0.003 1383
1670.029   17518835.694          0.004 1383
1446.516   16165796.159          0.003 1383
1022.438   10500678.818          0.002 1383
 859.052    8463462.810          0.002 1383
 852.355   11890886.101          0.003 1212
 583.997    7374938.761          0.002 1212
 562.426    6621427.227          0.002 1212
 333.076    3669913.466          0.001 1212
   0.000          0.000          0.000 1257
   0.000          0.000          0.000 1258
 621.243    6738739.771          0.002 1340
 402.459    4395114.777          0.001 1340
 513.587    5538917.464          0.001 1340
 650.741    7243079.854          0.002 1340
 343.684    4057305.867          0.001 1340
 370.444    4381975.450          0.001 1340
 455.597    5416903.226          0.001 1340
 963.593   11292019.551          0.002 1340
 802.522    9232493.654          0.002 1340
1272.695   12981925.667          0.003 1340
1468.010   17582907.583          0.004 2129
 867.788   10248068.043          0.002 2129
1579.877   19980260.039          0.004 2129
 959.938   11433191.865          0.002 2129
 823.875    9839476.004          0.002 2129
1426.213   15342889.054          0.003 2129
1352.245   14808450.216          0.003 2146
 780.032    9744602.393          0.002 2146
 693.691    8716583.258          0.002 2146
1045.657   12310319.710          0.003 2146
1291.434   15188870.412          0.003 2146
1606.050   17966555.637          0.004 2146
1472.025   16313675.258          0.003 2151
 984.646   11459410.943          0.002 2151
 527.796    6777157.170          0.001 2151
 931.000   11249939.661          0.002 2151
 695.790    8549729.565          0.002 2151
1176.785   12544811.700          0.003 2151
1477.554   16885046.293          0.003 2151
1573.691   17574523.860          0.004 2165
 948.343   10595566.929          0.002 2165
1592.482   15952069.598          0.003 1383
1111.122   11547974.663          0.002 1383
1021.968   10862032.474          0.002 1383
 661.147    7550149.379          0.002 1383
 651.941    6932916.921          0.002 1383
 943.888    9770271.080          0.002 1383
 598.785    8053725.864          0.002 1297
   0.000          0.000          0.000 1297
   0.000          0.000          0.000 1298
 215.198    2252372.676          0.001 1298
 150.327    1752085.031          0.000 1340
 215.469    2519976.872          0.001 1340
 281.941    3310469.457          0.001 1340
 604.328    6885848.182          0.001 1340
1039.995   11905242.562          0.003 1340
 649.603    7535211.637          0.002 1340
1105.023   12012170.338          0.003 1340
1325.350   12807751.412          0.003 1340
1319.118   14982471.643          0.003 2129
1041.036   12111346.454          0.003 2129
 753.410    9122710.961          0.002 2129
1200.879   14724036.993          0.003 2129
 811.809    9942003.503          0.002 2129
1054.251   12931416.657          0.003 2129
 940.569   11720213.606          0.002 2146
 806.433    9934420.899          0.002 2146
1024.112   11990407.632          0.002 2146
1503.123   18663397.038          0.004 2146
1438.115   16604402.856          0.003 2151
 920.443   10572768.912          0.002 2151
 501.629    6417520.254          0.001 2151
 759.106    8997337.751          0.002 2151
 725.946    9227772.028          0.002 2151
 560.787    7078702.529          0.001 2151
 933.576   11241925.060          0.002 2151
1498.233   19275479.465          0.004 2151
1565.782   16066554.795          0.003 2165
1071.780   11232531.699          0.002 2165
 830.250    9629009.703          0.002 2165
1477.427   16348264.098          0.003 2165
1706.909   18888086.740          0.004 1383
1078.080   11357122.676          0.002 1383
 699.399    7977723.162          0.002 1383
 553.166    6369022.356          0.001 1383
 430.278    4940932.728          0.001 1383
 556.593    5825277.079          0.001 1383
 446.195    4729736.166          0.001 1383
 486.306    5204524.438          0.001 1383
 567.836    7685748.705          0.002 1383
   0.000          0.000          0.000 1339
   0.000          0.000          0.000 1340
  63.795     739795.393          0.000 1340
  84.646     982706.767          0.000 1340
 426.511    4659457.694          0.001 1340
 342.948    3871519.357          0.001 1340
 575.626    6367605.174          0.001 1340
 376.938    4383548.444          0.001 1340
 650.494    7495014.275          0.002 1340
1001.945   10463676.246          0.002 1340
 940.172   10173161.681          0.002 1340
1455.983   15615979.245          0.003 2129
 839.502   10005414.599          0.002 2129
1009.028   12101051.985          0.003 2129
1284.015   14863279.053          0.003 2129
 687.195    8501679.792          0.002 2129
 636.467    7915599.448          0.002 2129
1086.926   12052640.905          0.002 2129
1561.062   16391274.339          0.003 2129
1174.616   12171990.477          0.003 2146
 876.709   10002388.529          0.002 2146
 635.423    7919765.078          0.002 2146
 968.823   11039649.316          0.002 2146
1479.481   18399980.075          0.004 2146
1352.054   15325796.891          0.003 2151
 941.484   10904267.988          0.002 2151
 457.033    5807000.658          0.001 2151
 598.894    7543951.361          0.002 2151
1114.902   12691467.278          0.003 2151
1553.368   18873571.706          0.004 2151
1666.747   18933851.016          0.004 2165
1312.173   16117694.662          0.003 2165
 751.740    8834951.212          0.002 2165
1108.350   12959726.657          0.003 2165
1539.017   16470290.284          0.003 2165
1388.194   14262046.877          0.003 1383
 816.554    9127904.526          0.002 1383
1046.649   12883388.737          0.003 1383
 758.116    8977411.017          0.002 1383
 349.554    3997374.969          0.001 1383
 281.998    3216280.905          0.001 1383
 201.375    2291435.486          0.001 1383
 123.830    1406517.829          0.000 1383
  48.071     544600.831          0.000 1383
   0.000          0.000          0.000 1383
   0.000          0.000          0.000 1384
 378.799    3927744.635          0.001 1340
 712.540   10668447.308          0.002 1340
 858.478   10897718.248          0.002 1340
 847.188    8098778.668          0.002 1340
 668.664    7319406.162          0.002 1340
 534.293    6143761.994          0.001 1340
 921.144   10423611.385          0.002 1340
1266.154   12752195.306          0.003 1340
1559.223   16201405.613          0.003 1340
1729.599   24120160.687          0.005 2129
1134.842   12528095.938          0.003 2129
 615.676    7560037.907          0.002 2129
1156.294   14412603.698          0.003 2129
 948.749   10830941.750          0.002 2129
 999.288   12332140.881          0.003 2129
1302.667   14275418.102          0.003 2129
1576.154   20873406.172          0.004 2146
1318.607   13322787.649          0.003 2146
 888.843   10271370.942          0.002 2146
 554.762    6894216.032          0.001 2146
 713.964    8604652.418          0.002 2146
 980.449   11124538.200          0.002 2146
1690.050   21853230.287          0.005 2146
1367.081   16154743.039          0.003 2151
 863.437   11592923.476          0.002 2151
 838.974    9537853.858          0.002 2151
 797.370    9358830.625          0.002 2151
 942.990   12037754.110          0.003 2151
1253.014   16737764.254          0.003 2151
1660.282   23179242.935          0.005 2165
1136.308   11951098.143          0.003 2165
 670.176    7932380.764          0.002 2165
 968.954   10543048.581          0.002 2165
1602.753   18076007.689          0.004 2165
1324.711   12743314.232          0.003 1383
1172.676   12579818.324          0.003 1383
 616.996    7054991.738          0.002 1383
 593.216    6442220.105          0.001 1383
 498.514    4603572.883          0.001 1383
 589.673    7510404.896          0.002 1383
   0.000          0.000          0.000 1425
   0.000          0.000          0.000 1426
 670.073    8034760.545          0.002 1468
 710.964    8134687.752          0.002 1468
 832.786   10252751.670          0.002 1468
1010.318   11232209.738          0.002 1340
 748.089    8298053.258          0.002 1340
1355.021   14179022.834          0.003 1340
1585.519   15455485.248          0.003 2121
1589.352   16888051.464          0.004 2121
1206.643   12887785.316          0.003 2129
 824.705    9528679.834          0.002 2129
 532.473    6517631.006          0.001 2129
 958.512   12451262.548          0.003 2129
 655.429    7845297.137          0.002 2129
 525.242    6502404.108          0.001 2129
 929.239   10056551.361          0.002 2129
1422.806   16230635.775          0.003 2129
1319.270   15759743.719          0.003 2146
1014.956   13225154.900          0.003 2146
 500.281    6175003.229          0.001 2146
 798.148    9203048.083          0.002 2146
1205.669   12825785.108          0.003 2146
1456.963   14462804.129          0.003 2151
1285.325   12535467.688          0.003 2151
 641.655    7636411.489          0.002 2151
 398.180    5008333.181          0.001 2151
 949.575   11918342.862          0.003 2151
 423.153    5285307.005          0.001 2151
 565.025    6822648.639          0.001 2151
1070.597   10558954.282          0.002 2151
1509.161   20808209.354          0.004 2165
1246.574   13913258.176          0.003 2165
 599.241    7103689.518          0.001 2165
1207.679   13318754.135          0.003 2165
1643.746   20792413.686          0.004 2165
1609.055   17382595.129          0.004 1383
1135.148   12254005.627          0.003 1383
 920.755   10429475.025          0.002 1383
 947.971   11212586.199          0.003 1591
 753.395    8137384.359          0.002 1383
 682.788   10419722.012          0.002 1467
   0.000          0.000          0.000 1467
   0.000          0.000          0.000 1468
 193.989    2157884.283          0.000 1468
 391.006    4461901.413          0.001 1468
 589.789    6954286.181          0.002 1468
 895.322   11210555.308          0.003 1468
1302.120   16074890.254          0.004 1340
1041.656   10680986.071          0.002 1340
1301.710   13235417.056          0.003 1340
1585.113   17643080.894          0.004 2121
1099.421   11884959.169          0.003 2121
1397.859   16339251.479          0.004 2121
1207.135   13013988.644          0.003 2129
 862.726    9993021.335          0.002 2129
 455.334    5546809.416          0.001 2129
 439.769    5390416.439          0.001 2129
 736.858    8741347.709          0.002 2129
1050.940   12585240.872          0.003 2146
1228.511   15935462.523          0.003 2146
1000.292   13227910.669          0.003 2146
 663.955    7850894.052          0.002 2146
1207.111   13782703.230          0.003 2146
 863.951    9187872.359          0.002 2151
 455.236    5567281.832          0.001 2151
 527.415    6355519.940          0.001 2151
 348.796    4325150.501          0.001 2151
 877.456   10591738.701          0.002 2151
1048.294   10156030.990          0.002 2151
1462.160   17808430.200          0.004 2165
1163.204   14272212.216          0.003 2165
 982.419   11304211.782          0.002 2165
 565.839    6705842.030          0.001 2165
1087.605   13573427.798          0.003 2165
1240.602   13722813.870          0.003 2165
1443.549   15498809.495          0.003 2165
1443.777   17341975.767          0.004 1591
1129.025   14735769.144          0.003 1591
1092.301   13788828.247          0.003 1591
 758.827    8463645.323          0.002 1591
 950.918   14054505.039          0.003 1591
 746.161   10971040.470          0.003 1509
 189.232    2101268.669          0.000 1509
   0.000          0.000          0.000 1509
   0.000          0.000          0.000 1510
 531.780    5833959.987          0.001 1551
 739.211   10406199.983          0.002 1551
 932.177   11536685.436          0.003 1468
 988.246   10964133.931          0.002 1551
1014.924   11359891.059          0.003 1551
1492.137   19122496.986          0.004 1551
1346.140   13923521.051          0.003 2121
1258.356   14308173.068          0.003 2121
 847.079    9580786.297          0.002 2121
1202.703   12621384.725          0.003 2121
1327.864   14856652.009          0.003 2129
 794.369    9080284.853          0.002 2129
 382.724    4655851.198          0.001 2129
 588.307    6947518.883          0.001 2129
1130.942   13600101.228          0.003 2129
1411.247   16259531.184          0.003 2129
1260.119   14474541.554          0.003 2146
 812.282    9704971.740          0.002 2146
 694.749    8483657.085          0.002 2146
 438.746    5371210.267          0.001 2146
 798.995    9210462.555          0.002 2146
1227.372   15336766.537          0.003 2146
1168.233   13238698.853          0.003 2151
1038.547   11345372.111          0.002 2151
 334.033    4148709.131          0.001 2151
 695.213    8315309.965          0.002 2151
1131.510   12794747.867          0.003 2151
 967.526   11378120.196          0.002 2165
 694.450    7997863.525          0.002 2165
 727.371    8679069.731          0.002 2165
1076.914   12088097.362          0.003 2165
1187.726   12403703.477          0.003 2165
1432.497   15946990.014          0.004 1591
1050.482   11998798.199          0.003 1591
 908.417   10379175.448          0.002 1591
 625.814    7102109.010          0.002 1591
 413.610    4612807.928          0.001 1591
 567.322    6172148.521          0.001 1591
 341.582    3273967.910          0.001 1550
   0.000          0.000          0.000 1550
   0.000          0.000          0.000 1551
 110.614    1201797.567          0.000 1551
 477.929    5142057.879          0.001 1551
 841.715   10386619.778          0.002 1551
 584.625    6447799.183          0.001 1551
 758.592    8444801.732          0.002 1551
1042.984   11731082.955          0.003 1551
1473.074   17277046.102          0.004 1551
1014.432   10941308.774          0.002 2121
1017.327   11683842.063          0.003 2121
 733.237    8292391.657          0.002 2121
 886.982    9745404.290          0.002 2121
1434.523   19365338.169          0.004 2121
1161.368   13469798.788          0.003 2129
 384.267    4656806.318          0.001 2129
 605.295    7054707.586          0.002 2129
1010.116   11238751.555          0.002 2129
1118.079   11412225.703          0.002 2129
1558.927   19105416.260          0.004 2129
1011.548   11346652.288          0.002 2146
 662.906    7905469.004          0.002 2146
 407.385    4965796.720          0.001 2146
 875.147   10566955.789          0.002 2146
1285.829   16511796.504          0.004 2151
 743.981    8875709.185          0.002 2151
 799.658    9370639.504          0.002 2151
 279.900    3441609.655          0.001 2151
 913.663   12787575.128          0.003 2151
1217.768   14069903.248          0.003 2151
1330.565   16446425.426          0.004 2157
1191.798   13784951.167          0.003 2165
 792.151    9443202.563          0.002 2165
 467.344    5526980.222          0.001 2165
 807.695    9140400.654          0.002 2165
1327.504   14947456.072          0.003 1591
1043.278   11985976.711          0.003 1591
 545.114    6084558.419          0.001 1591
 303.164    3354493.855          0.001 1591
 161.668    1775219.359          0.000 1591
  46.849     512867.177          0.000 1591
   0.000          0.000          0.000 1591
   0.000          0.000          0.000 1592
 276.955    2927813.268          0.001 1551
 235.493    2560235.370          0.001 1551
 365.976    3985776.896          0.001 1551
 648.143    7217343.990          0.002 1551
1032.007   11644814.891          0.003 1551
1436.163   18693333.099          0.004 2121
 723.365    8093277.315          0.002 2121
 724.816    8289547.765          0.002 2121
 623.295    7021926.769          0.002 2121
1083.712   12881449.117          0.003 2121
 683.222    8099469.415          0.002 2129
 318.516    3838948.200          0.001 2129
 744.296    8435671.847          0.002 2129
 771.577    8554521.367          0.002 2129
1427.901   15002935.838          0.003 2129
1021.999   11317873.857          0.002 2146
 665.249    7818907.892          0.002 2146
 590.028    7035780.891          0.002 2146
 817.107    9627954.600          0.002 2146
1187.114   13582880.236          0.003 2151
 632.307    7478593.664          0.002 2151
1035.113   11718902.945          0.003 2151
 674.434    7656839.176          0.002 2151
 921.693    9882245.211          0.002 2151
1146.931   13907542.528          0.003 2157
1271.281   15442292.698          0.003 2165
 636.285    7446056.676          0.002 2165
 949.690   11560266.429          0.003 2165
 949.874   13424662.816          0.003 2165
 391.819    4614742.507          0.001 2165
 585.704    6501470.358          0.001 2165
 594.872    6846356.366          0.001 2165
1120.997   12397704.649          0.003 2165
1244.942   13860707.296          0.003 2174
1076.443   11715287.357          0.003 1591
 737.310    8256011.483          0.002 1591
 676.591    7483365.157          0.002 1591
 618.607    6419391.084          0.001 1591
 558.329    6512077.098          0.002 1591
   0.000          0.000          0.000 1632
   0.000          0.000          0.000 1633
 465.029    5326407.725          0.001 1633
 732.243   11006736.010          0.003 1551
 745.071    7833436.921          0.002 1551
 508.407    5497321.655          0.001 1551
 905.009    9808250.705          0.002 1551
1423.386   18536795.676          0.004 1551
1196.829   12596415.720          0.003 2121
 638.771    7141616.708          0.002 2121
 598.692    6776684.349          0.001 2121
 521.456    5848039.278          0.001 2121
 616.378    6886632.378          0.002 2121
1193.781   13701128.217          0.003 2121
 649.877    7515875.007          0.002 2129
 443.904    5286784.184          0.001 2129
 394.064    4639852.765          0.001 2129
 473.646    5529967.791          0.001 2129
 987.977   10035685.262          0.002 2129
1104.085   11974884.612          0.003 2146
 499.407    5934857.439          0.001 2146
 348.318    4208555.766          0.001 2146
 662.584    7065663.429          0.002 2146
1099.942   12413821.727          0.003 2146
 713.513    7898085.206          0.002 2151
 488.721    5701156.371          0.001 2151
 815.282   10126321.933          0.002 2151
 236.544    2888484.662          0.001 2151
 611.259    7002120.964          0.002 2151
1057.311   10960709.715          0.002 2151
 885.998   10404403.067          0.002 2157
1062.856   14177164.004          0.003 2165
 527.064    6117308.916          0.001 2165
 768.833    8286212.013          0.002 2165
 338.956    3977884.759          0.001 2165
 472.057    5425011.639          0.001 2165
 866.648    9727015.878          0.002 2165
1326.451   14924165.194          0.003 2174
1175.682   16474938.759          0.004 2174
 834.118    9366094.483          0.002 2174
1154.809   13224195.235          0.003 2174
1162.116   12438058.956          0.003 1591
 990.006   11882988.828          0.003 1723
 817.754    9602177.210          0.002 1723
 701.015   10144954.865          0.002 1591
 388.381    4100888.069          0.001 1678
   0.000          0.000          0.000 1678
   0.000          0.000          0.000 1679
 141.364    1577799.227          0.000 1679
 420.865    5175449.937          0.001 1679
 939.039   15095291.823          0.003 1551
 822.982    8163425.458          0.002 1551
1055.056   13080100.279          0.003 1551
1560.883   20289135.292          0.005 2113
1201.160   12743364.070          0.003 2121
 509.061    5689813.513          0.001 2121
 427.022    4778054.800          0.001 2121
 956.389   13848410.533          0.003 2121
1180.367   12800258.418          0.003 2121
 996.723   10915215.367          0.002 2129
 567.326    6373523.383          0.001 2129
 266.695    3192873.356          0.001 2129
 828.047   11698692.355          0.003 2129
 989.151   10407303.002          0.002 2129
1454.851   15732550.235          0.003 2129
1279.600   13245245.383          0.003 2139
 918.604   10157457.603          0.002 2146
 779.866    8587415.737          0.002 2146
 397.418    4724740.923          0.001 2146
 297.991    3571342.462          0.001 2146
 988.690   11657732.316          0.003 2146
 898.621   12906297.450          0.003 2151
 369.209    4306037.543          0.001 2151
 410.491    4780157.547          0.001 2151
 498.532    5602245.081          0.001 2151
1204.349   13036466.711          0.003 2151
 983.506   11305012.810          0.003 2157
1029.445   11564981.200          0.003 2157
 733.335    8098923.217          0.002 2165
 443.520    5129337.536          0.001 2165
 711.646    9672211.616          0.002 2165
 400.612    4607100.061          0.001 2165
 701.238    7982483.016          0.002 2165
1146.348   13535851.754          0.003 2165
 981.208   10814156.475          0.002 2174
 653.983    7279585.171          0.002 2174
1248.678   14577267.215          0.003 2174
1334.171   15850936.559          0.004 2174
1082.655   11423237.583          0.003 1803
 509.406    5734046.232          0.001 1723
 253.233    2778369.663          0.001 1723
   0.000          0.000          0.000 1723
   0.000          0.000          0.000 1724
 695.563    8036939.431          0.002 1762
 784.011   10656965.513          0.002 1679
1231.436   12624863.256          0.003 1551
1042.573   11072787.342          0.003 2113
1223.768   14248983.550          0.003 2113
1310.280   16815532.291          0.004 2121
 999.137   13460828.827          0.003 2121
 372.263    4154115.740          0.001 2121
 378.858    4233363.115          0.001 2121
 795.456    8658261.990          0.002 2121
1173.857   15675289.054          0.004 2129
 506.580    5742118.001          0.001 2129
 570.126    6142869.390          0.001 2129
 979.405   13009608.463          0.003 2133
1097.160   12476476.950          0.003 2133
1304.452   16673224.235          0.004 2139
 705.506    8227098.983          0.002 2146
 272.010    3247481.103          0.001 2146
 629.194    7271478.136          0.002 2146
 786.682    7951664.273          0.002 2151
 285.811    3342661.330          0.001 2151
 198.270    2405704.051          0.001 2151
 770.043    9051427.939          0.002 2151
1172.188   17779472.731          0.004 2157
 627.853    7095924.109          0.002 2157
1143.804   14038487.767          0.003 2165
 352.438    4070529.253          0.001 2165
 267.851    3122921.282          0.001 2165
 327.942    3777143.720          0.001 2165
1033.746   13043999.224          0.003 2165
1255.398   15535414.602          0.004 2174
 696.251    7654953.680          0.002 2174
1008.177   12087454.954          0.003 2174
1245.194   15502498.732          0.004 2174
1231.546   14973716.390          0.003 1803
 644.016    6801548.953          0.002 1803
   0.000          0.000          0.000 1761
   0.000          0.000          0.000 1762
 209.784    2200280.798          0.001 1762
 752.880    8142975.503          0.002 1762
1169.367   14749077.658          0.003 2113
1216.021   14936159.593          0.003 2113
 808.679    8650161.699          0.002 2113
 930.748   10589342.632          0.002 2113
 792.082    8432814.429          0.002 2121
 830.835   12028779.849          0.003 2121
 305.786    3410032.242          0.001 2121
 840.489   10060180.767          0.002 2121
 907.443   10020056.424          0.002 2129
 335.783    3859078.196          0.001 2129
 215.127    2562181.357          0.001 2129
 785.983    9127850.174          0.002 2129
 813.678   10212751.158          0.002 2133
 938.824   10701724.779          0.002 2133
 843.507    9081943.898          0.002 2139
1125.197   11371495.375          0.003 2139
 778.196    9149119.582          0.002 2146
 244.326    2908281.925          0.001 2146
 564.081    6193397.136          0.001 2151
 222.154    2617771.434          0.001 2151
 174.977    2115517.118          0.000 2151
 335.629    3846719.086          0.001 2151
1017.035    9655438.046          0.002 2151
1043.227   11844828.053          0.003 2157
 539.290    6047909.275          0.001 2157
 995.512   11530967.269          0.003 2157
 874.570    8929082.617          0.002 2165
 684.169    7131036.506          0.002 2165
 218.631    2532316.465          0.001 2165
 669.915    7410460.150          0.002 2165
 899.537    9875110.189          0.002 2174
 443.063    4875529.438          0.001 2174
 965.531   10862444.731          0.002 2174
 740.364    7912117.285          0.002 2174
 791.090    8465045.811          0.002 1803
 541.174    5756810.648          0.001 1803
 353.391    3750502.038          0.001 1803
 186.715    1964720.583          0.000 1803
   0.000          0.000          0.000 1803
   0.000          0.000          0.000 1804
 483.471    5100054.126          0.001 1762
1118.743   13318371.817          0.003 1762
 978.198   12529904.821          0.003 2113
 663.335    7359160.774          0.002 2113
1099.316   12278603.001          0.003 2121
 537.276    5861876.568          0.001 2121
 266.142    2964870.686          0.001 2121
 844.944    9759090.308          0.002 2121
1188.279   14978994.784          0.003 2129
 689.945    7592448.773          0.002 2129
 169.771    2012387.878          0.000 2129
 501.354    5490589.814          0.001 2129
 994.403   12241531.631          0.003 2133
 640.206    7299351.541          0.002 2133
1141.644   16193674.512          0.004 2139
 624.985    6710664.075          0.002 2139
1009.783   12177080.647          0.003 2139
 693.920    8627018.488          0.002 2146
 708.458    7726559.585          0.002 2146
 982.575   11977797.654          0.003 2151
 341.035    3876589.228          0.001 2151
 146.572    1764497.772          0.000 2151
 677.637    8546776.049          0.002 2151
 922.488    9730061.812          0.002 2151
 697.876    7902820.733          0.002 2157
 470.031    5244358.197          0.001 2157
 776.106   10487799.904          0.002 2165
 189.637    2193346.142          0.000 2165
 771.997   10400066.009          0.002 2165
1020.344   11069758.583          0.003 2165
1195.612   13063448.762          0.003 2174
 552.170    6070185.735          0.001 2174
 649.758    7062242.633          0.002 2174
 565.052    6100248.778          0.001 2174
1096.144   13178754.140          0.003 2174
 686.952    7468945.518          0.002 1803
 461.949    4322708.300          0.001 1803
 247.313    2784461.920          0.001 1843
   0.000          0.000          0.000 1843
   0.000          0.000          0.000 1844
 624.351    8310525.281          0.002 1844
 899.997   10299452.863          0.002 1762
1067.640   13314107.183          0.003 1762
 556.729    5939541.558          0.001 2113
 539.593    5804155.044          0.001 2113
 764.093    8205316.409          0.002 2113
 795.104    8629100.343          0.002 2121
 218.402    2429747.821          0.001 2121
 580.458    5979651.386          0.001 2121
1165.912   15720780.564          0.004 2121
 593.015    5818164.727          0.001 2129
 146.618    1734815.741          0.000 2129
 771.683    8781360.200          0.002 2129
 542.874    6284343.183          0.001 2133
 867.974    9628098.135          0.002 2133
 879.682    9476531.622          0.002 2139
 446.706    4802093.916          0.001 2139
 190.700    2257467.506          0.000 2146
 409.445    4527113.505          0.001 2146
 917.722   11783128.975          0.003 2151
 406.917    4466760.825          0.001 2151
 117.693    1412899.287          0.000 2151
 714.657    7714320.241          0.002 2151
1094.947   12685079.860          0.003 2155
 589.678    6521673.105          0.001 2157
 370.684    4104613.629          0.001 2157
 849.329    9276378.082          0.002 2157
1055.715   12490065.296          0.003 2165
 358.441    3996692.741          0.001 2165
 165.743    1914576.706          0.000 2165
 553.277    5994932.728          0.001 2165
 703.396    7590151.371          0.002 2165
1189.903   14069792.624          0.003 2171
1099.514   12820176.532          0.003 2174
 800.314    9007290.160          0.002 2174
 324.606    3537712.164          0.001 2174
 747.642    7978111.381          0.002 2174
1189.613   13528722.327          0.003 1803
1059.890   14906584.847          0.003 1803
 803.119   10523422.606          0.002 1930
 300.056    3127607.125          0.001 1886
   0.000          0.000          0.000 1886
   0.000          0.000          0.000 1887
 164.110    1713869.834          0.000 1887
 581.625    6078221.823          0.001 1887
 836.008    8718484.746          0.002 1887
 814.101    8645616.970          0.002 2113
 343.447    3703512.100          0.001 2113
 400.621    4350788.653          0.001 2113
1064.098   12495036.753          0.003 2113
 776.339    9158105.376          0.002 2121
 628.430    8334181.800          0.002 2121
1125.059   14211201.735          0.003 2121
 769.143    9589456.037          0.002 2127
 607.333    6786647.780          0.002 2129
 132.075    1561337.068          0.000 2129
 619.176    6662827.047          0.002 2129
 865.056   11004442.083          0.003 2133
 346.278    3845264.058          0.001 2133
 531.136    5911844.366          0.001 2133
 487.459    5210246.024          0.001 2139
 599.481    6301037.400          0.001 2139
 527.754    5905139.601          0.001 2146
 159.735    1885232.596          0.000 2146
 297.706    3322847.431          0.001 2146
 930.902   11967188.250          0.003 2146
 506.362    6924474.050          0.002 2151
 543.336    5753976.004          0.001 2151
1045.186   11571202.501          0.003 2155
 841.635   11053468.979          0.003 2157
 308.800    3406425.694          0.001 2157
 742.345    8108894.324          0.002 2157
 944.805   12272053.754          0.003 2165
 513.029    5520552.753          0.001 2165
 138.834    1600982.025          0.000 2165
 461.108    4998621.520          0.001 2165
 909.853    9988694.387          0.002 2171
 831.063    9266392.378          0.002 2171
1004.091   14815198.622          0.003 2171
 252.544    2756989.643          0.001 2174
 796.351    9936135.931          0.002 2174
1148.126   12756627.324          0.003 2180
1151.657   12324820.018          0.003 2180
 766.514    8286582.236          0.002 1930
 166.934    1750198.232          0.000 1930
   0.000          0.000          0.000 1930
   0.000          0.000          0.000 1931
 570.923    6394341.365          0.002 1974
 887.830   10271205.944          0.002 2109
 797.676    9690799.656          0.002 2113
 236.460    2552143.926          0.001 2113
 591.383    5973840.216          0.001 2113
 796.917    9362166.890          0.002 2118
 686.367    7093861.003          0.002 2121
 148.623    1651617.092          0.000 2121
 693.840    7355049.872          0.002 2121
 833.473    8800170.247          0.002 2124
 515.780    5951840.920          0.001 2127
 450.729    4714976.918          0.001 2129
  94.424    1113166.009          0.000 2129
 828.251    9689504.797          0.002 2129
 292.800    3233438.362          0.001 2133
 955.140   11251983.692          0.003 2139
 297.732    3193306.213          0.001 2139
 751.852    9089416.321          0.002 2139
 451.131    4727620.289          0.001 2146
 118.345    1390978.431          0.000 2146
 675.762    8134329.866          0.002 2146
 856.213   10142485.058          0.002 2147
 590.121    5988402.380          0.001 2151
  82.669     989188.477          0.000 2151
 482.912    5120041.101          0.001 2151
 964.956   10066283.561          0.002 2151
 558.192    5904113.962          0.001 2155
 753.198    8547714.783          0.002 2157
 263.992    2904978.234          0.001 2157
 847.743   11696664.475          0.003 2157
 890.276    9139269.182          0.002 2161
 411.587    4393602.019          0.001 2165
 270.625    2931041.668          0.001 2165
 877.699    9857870.086          0.002 2165
 549.036    5975487.064          0.001 2171
 727.114    8279773.571          0.002 2174
 196.443    2141077.524          0.000 2174
 886.047    9724566.289          0.002 2174
 658.895    6937134.470          0.002 2180
 809.867   11014329.261          0.003 1930
 341.037    3499245.619          0.001 1973
   0.000          0.000          0.000 1973
   0.000          0.000          0.000 1974
 206.247    2130886.167          0.001 1974
 718.522    7606661.445          0.002 1974
 733.413    7593542.000          0.002 2109
 599.789    6096781.819          0.001 2113
 202.139    2179368.462          0.001 2113
 888.915   13561528.978          0.003 2113
 530.194    5832104.524          0.001 2118
 704.775   10000077.622          0.002 2118
 108.455    1204254.232          0.000 2121
 667.847    8742720.081          0.002 2121
 543.622    5689274.520          0.001 2124
 338.870    3753239.188          0.001 2127
 689.986    8689410.193          0.002 2127
  69.242     815028.122          0.000 2129
 567.138    6610684.029          0.002 2129
 558.713    6025940.026          0.001 2133
 223.740    2452924.037          0.001 2133
 399.560    4314003.118          0.001 2133
 884.912    9156743.456          0.002 2133
 427.025    4506893.913          0.001 2139
 464.266    4839290.525          0.001 2139
  96.328    1130630.228          0.000 2146
 589.562    7407200.009          0.002 2146
 854.405   10059985.803          0.002 2151
  61.621     736064.072          0.000 2151
 624.573    7677564.938          0.002 2151
 331.313    3472027.882          0.001 2155
 196.271    2151533.744          0.000 2157
 414.027    4402276.917          0.001 2157
 647.980    6706049.623          0.002 2161
 623.176    6437177.927          0.002 2161
 795.259    9270765.273          0.002 2165
  86.319     991785.665          0.000 2165
 675.802    7266781.067          0.002 2165
 947.305   12069538.288          0.003 2169
 443.298    4682044.801          0.001 2171
 714.670   13589282.041          0.003 2174
 146.406    1593344.268          0.000 2174
 440.712    4664929.470          0.001 2174
 664.058    6740610.611          0.002 2176
 716.609    8443507.727          0.002 2180
 423.933    4442152.946          0.001 2180
 738.193    8756664.756          0.002 2018
   0.000          0.000          0.000 2018
   0.000          0.000          0.000 2019
 593.616    9913817.954          0.002 2019
 301.767    3073783.238          0.001 2109
 610.501    6550853.375          0.002 2109
 120.131    1291592.175          0.000 2113
 614.675    7647933.446          0.002 2116
 279.518    2940248.768          0.001 2118
  62.947     698456.748          0.000 2121
 637.285    8716156.614          0.002 2121
 242.460    2641600.028          0.001 2127
 521.139    6129345.139          0.001 2129
 582.184    6730619.205          0.002 2129
 352.387    3685620.768          0.001 2133
 149.054    1622359.799          0.000 2133
 700.128   10045498.536          0.002 2135
 677.890    7779921.702          0.002 2137
 138.458    1482602.169          0.000 2139
 659.162    7646335.208          0.002 2141
 775.830    9565308.674          0.002 2142
  64.449     755199.321          0.000 2146
 357.784    3736879.049          0.001 2147
 643.712    9115936.401          0.002 2151
  43.738     521670.583          0.000 2151
 667.387   10618061.702          0.003 2151
 233.391    2437753.598          0.001 2155
 384.859    3976435.923          0.001 2157
 119.880    1306818.315          0.000 2157
 454.317    4719552.219          0.001 2157
 307.619    3186386.977          0.001 2161
 654.462    9085360.049          0.002 2164
  55.974     641053.236          0.000 2165
 595.331    6308853.650          0.002 2168
 535.013    5509505.534          0.001 2169
 237.574    2518367.912          0.001 2171
 504.321    5164602.625          0.001 2174
 101.530    1103335.261          0.000 2174
 306.617    3142802.365          0.001 2176
 629.163    8715093.638          0.002 2177
 657.740    7009318.974          0.002 2180
 223.821    2327642.168          0.001 2180
 579.849    8058754.410          0.002 2060
   0.000          0.000          0.000 2060
   0.000          0.000          0.000 2061
 305.408    3013802.654          0.001 2107
 165.504    1688476.328          0.000 2109
 376.486    3876624.346          0.001 2111
  60.344     646974.798          0.000 2113
 455.950    4950719.325          0.001 2115
 324.999    3215067.218          0.001 2117
 162.538    1698071.083          0.000 2118
 281.562    2808752.715          0.001 2120
 422.987    5836974.622          0.001 2122
 409.420    4880634.979          0.001 2123
 173.026    1782189.945          0.000 2124
 357.446    3538658.585          0.001 2126
 133.986    1434443.251          0.000 2127
  19.640     230249.416          0.000 2129
 302.910    3097955.346          0.001 2131
  57.748     621090.144          0.000 2133
 212.078    2127185.936          0.001 2135
 198.424    2006383.737          0.000 2137
  48.747     521812.234          0.000 2139
 441.685    4599279.751          0.001 2140
 249.011    2599909.462          0.001 2142
 328.381    3190023.297          0.001 2144
  26.151     305884.272          0.000 2146
 188.204    1943037.564          0.000 2147
 328.493    3418619.016          0.001 2149
  18.820     223887.371          0.000 2151
 285.911    2884404.425          0.001 2153
 124.775    1297400.194          0.000 2155
  55.971     607334.179          0.000 2157
 341.332    3450514.598          0.001 2159
 121.670    1252713.137          0.000 2161
 336.257    3332151.890          0.001 2163
  23.238     265593.541          0.000 2165
 348.327    3469854.134          0.001 2167
 159.808    1619919.858          0.000 2169
 111.182    1167601.473          0.000 2171
 460.273    5652856.055          0.001 2174
  38.868     421738.753          0.000 2174
 149.005    1523095.034          0.000 2176
 337.634    3335341.165          0.001 2178
 103.648    1072103.786          0.000 2180
 523.400    5878814.548          0.001 2182
   0.000          0.000          0.000 2104
   0.000          0.000          0.000 2105
   0.000          0.000          0.000 2106
   0.000          0.000          0.000 2107
   0.000          0.000          0.000 2108
   0.000          0.000          0.000 2109
   0.000          0.000          0.000 2110
   0.000          0.000          0.000 2111
   0.000          0.000          0.000 2112
   0.000          0.000          0.000 2113
   0.000          0.000          0.000 2114
   0.000          0.000          0.000 2115
   0.000          0.000          0.000 2116
   0.000          0.000          0.000 2117
   0.000          0.000          0.000 2118
   0.000          0.000          0.000 2119
   0.000          0.000          0.000 2120
   0.000          0.000          0.000 2121
   0.000          0.000          0.000 2122
   0.000          0.000          0.000 2123
   0.000          0.000          0.000 2124
   0.000          0.000          0.000 2125
   0.000          0.000          0.000 2126
   0.000          0.000          0.000 2127
   0.000          0.000          0.000 2128
   0.000          0.000          0.000 2129
   0.000          0.000          0.000 2130
   0.000          0.000          0.000 2131
   0.000          0.000          0.000 2132
   0.000          0.000          0.000 2133
   0.000          0.000          0.000 2134
   0.000          0.000          0.000 2135
   0.000          0.000          0.000 2136
   0.000          0.000          0.000 2137
   0.000          0.000          0.000 2138
   0.000          0.000          0.000 2139
   0.000          0.000          0.000 2140
   0.000          0.000          0.000 2141
   0.000          0.000          0.000 2142
   0.000          0.000          0.000 2143
   0.000          0.000          0.000 2144
   0.000          0.000          0.000 2145
   0.000          0.000          0.000 2146
   0.000          0.000          0.000 2147
   0.000          0.000          0.000 2148
   0.000          0.000          0.000 2149
   0.000          0.000          0.000 2150
   0.000          0.000          0.000 2151
   0.000          0.000          0.000 2152
   0.000          0.000          0.000 2153
   0.000          0.000          0.000 2154
   0.000          0.000          0.000 2155
   0.000          0.000          0.000 2156
   0.000          0.000          0.000 2157
   0.000          0.000          0.000 2158
   0.000          0.000          0.000 2159
   0.000          0.000          0.000 2160
   0.000          0.000          0.000 2161
   0.000          0.000          0.000 2162
   0.000          0.000          0.000 2163
   0.000          0.000          0.000 2164
   0.000          0.000          0.000 2165
   0.000          0.000          0.000 2166
   0.000          0.000          0.000 2167
   0.000          0.000          0.000 2168
   0.000          0.000          0.000 2169
   0.000          0.000          0.000 2170
   0.000          0.000          0.000 2171
   0.000          0.000          0.000 2172
   0.000          0.000          0.000 2173
   0.000          0.000          0.000 2174
   0.000          0.000          0.000 2175
   0.000          0.000          0.000 2176
   0.000          0.000          0.000 2177
   0.000          0.000          0.000 2178
   0.000          0.000          0.000 2179
   0.000          0.000          0.000 2180
   0.000          0.000          0.000 2181
   0.000          0.000          0.000 2182
   0.000          0.000          0.000 2183
   0.000          0.000          0.000 2184
 494.407    5091273.956          0.001   72
 703.870    9341587.408          0.002    7
 341.627    3715023.268          0.001  489
 190.676    2096362.556          0.000  489
 452.006    4746292.426          0.001   26
 427.785    4601289.038          0.001 2165
 354.555    3849865.642          0.001  998
 104.892    1227892.059          0.000  998
 248.382    2752763.146          0.001  998
 446.064    4659747.279          0.001   15
 440.317    4924891.156          0.001 2146
 349.768    3834245.798          0.001 2174
 377.315    4151660.697          0.001 2121
 665.455    6997713.764          0.002 2155
 938.225   10924232.808          0.002   26
 701.229    7769195.011          0.002   26
 238.234    2814837.201          0.001  998
 474.505    5439851.141          0.001  998
 453.710    5184067.007          0.001 1383
 706.064    7915175.972          0.002 1383
 422.074    4822214.387          0.001 1383
 832.400    9542178.123          0.002 1383
 600.792    6771722.578          0.002   35
 303.239    3606402.160          0.001   35
 714.597    8843625.710          0.002   35
 843.914    9620049.714          0.002 2165
 796.975    9154472.483          0.002 2165
1051.940   12980908.203          0.003 1340
 779.550    8516030.551          0.002   52
1447.764   14049525.516          0.003  998
 461.429    5065527.035          0.001 2146
 474.876    5962795.856          0.001 2151
 773.101    8602029.699          0.002   65
1263.766   13315585.186          0.003 2129
 947.563   10590693.004          0.002 2151
1064.999   13013821.878          0.003 2151
 609.059    7613240.199          0.002 2146
 629.974    7891953.116          0.002 2146
 835.383    9485905.861          0.002   60
 488.582    5673731.595          0.001   60
1456.560   14299922.108          0.003   60
1605.221   18640534.289          0.004   60
1738.832   19237768.288          0.004 1340
 761.387    9552060.797          0.002 2151
1032.999   11836329.664          0.002 2151
 609.187    6778378.568          0.002   15
 723.141    8207407.258          0.002   35
1829.755   18074093.340          0.004 2151
2186.564   22026742.076          0.004   41
1831.077   20605798.390          0.004   41
1575.271   17485522.596          0.004  998
1837.498   17905308.278          0.004 2129
1159.644   11841238.222          0.002 2165
1371.239   14203115.232          0.003 2151
