   0.000          0.000          0.000    1
   0.000          0.000          0.000    2
   0.000          0.000          0.000    3
   0.000          0.000          0.000    4
   0.000          0.000          0.000    5
   0.000          0.000          0.000    6
   0.000          0.000          0.000    7
   0.000          0.000          0.000    8
   0.000          0.000          0.000    9
   0.000          0.000          0.000   10
   0.000          0.000          0.000   11
   0.000          0.000          0.000   12
   0.000          0.000          0.000   13
   0.000          0.000          0.000   14
   0.000          0.000          0.000   15
   0.000          0.000          0.000   16
   0.000          0.000          0.000   17
   0.000          0.000          0.000   18
   0.000          0.000          0.000   19
   0.000          0.000          0.000   20
   0.000          0.000          0.000   21
   0.000          0.000          0.000   22
   0.000          0.000          0.000   23
   0.000          0.000          0.000   24
   0.000          0.000          0.000   25
   0.000          0.000          0.000   26
   0.000          0.000          0.000   27
   0.000          0.000          0.000   28
   0.000          0.000          0.000   29
   0.000          0.000          0.000   30
   0.000          0.000          0.000   31
   0.000          0.000          0.000   32
   0.000          0.000          0.000   33
   0.000          0.000          0.000   34
   0.000          0.000          0.000   35
   0.000          0.000          0.000   36
   0.000          0.000          0.000   37
   0.000          0.000          0.000   38
   0.000          0.000          0.000   39
   0.000          0.000          0.000   40
   0.000          0.000          0.000   41
   0.000          0.000          0.000   42
   0.000          0.000          0.000   43
   0.000          0.000          0.000   44
   0.000          0.000          0.000   45
   0.000          0.000          0.000   46
   0.000          0.000          0.000   47
   0.000          0.000          0.000   48
   0.000          0.000          0.000   49
   0.000          0.000          0.000   50
   0.000          0.000          0.000   51
   0.000          0.000          0.000   52
   0.000          0.000          0.000   53
   0.000          0.000          0.000   54
   0.000          0.000          0.000   55
   0.000          0.000          0.000   56
   0.000          0.000          0.000   57
   0.000          0.000          0.000   58
   0.000          0.000          0.000   59
   0.000          0.000          0.000   60
   0.000          0.000          0.000   61
   0.000          0.000          0.000   62
   0.000          0.000          0.000   63
   0.000          0.000          0.000   64
   0.000          0.000          0.000   65
   0.000          0.000          0.000   66
   0.000          0.000          0.000   67
   0.000          0.000          0.000   68
   0.000          0.000          0.000   69
   0.000          0.000          0.000   70
   0.000          0.000          0.000   71
   0.000          0.000          0.000   72
   0.000          0.000          0.000   73
   0.000          0.000          0.000   74
   0.000          0.000          0.000   75
   0.000          0.000          0.000   76
   0.000          0.000          0.000   77
   0.000          0.000          0.000   78
   0.000          0.000          0.000   79
   0.000          0.000          0.000   80
   0.000          0.000          0.000   81
 790.339   12463018.244          0.003    5
 181.447    1750988.328          0.000    5
 105.611    1090469.564          0.000    7
 363.378    3335339.757          0.001    8
 131.514    1351540.982          0.000   10
 238.467    2233024.200          0.001   12
 296.336    2932549.634          0.001   13
  41.564     456108.319          0.000   15
 264.661    2640213.258          0.001   17
 521.495    5201901.885          0.001   19
  66.216     695114.886          0.000   20
 767.484    8618746.715          0.002   20
 231.197    2361262.075          0.001   24
  32.231     364675.926          0.000   26
 681.331    7652633.738          0.002   26
 151.447    1555769.039          0.000   30
 309.141    3046665.211          0.001   32
 473.358    4818904.641          0.001   35
  22.175     253243.342          0.000   35
 189.075    1837552.148          0.000   37
 739.014    8492885.609          0.002   41
  26.197     298186.028          0.000   41
 226.478    2292840.391          0.001   43
 228.102    2268873.603          0.001   45
  42.051     460368.968          0.000   47
 203.305    2035911.854          0.001   49
 334.151    3039513.136          0.001   51
  32.842     376351.554          0.000   52
 210.650    1825701.299          0.001   54
 119.338    1230440.312          0.000   56
 240.409    2475917.695          0.001   58
  29.732     333517.654          0.000   60
  52.192     586718.577          0.000   60
 233.006    2287265.100          0.001   63
  49.895     543307.079          0.000   65
 692.855    9521576.263          0.002   65
 122.059    1240436.969          0.000   69
 427.272    4225823.973          0.001   72
  78.371     828107.699          0.000   72
 247.720    2414956.703          0.001   74
 149.316    1468405.585          0.000   76
 305.772    2797059.148          0.001   78
   0.000          0.000          0.000  124
   0.000          0.000          0.000  125
 474.827    4689998.605          0.001  125
 500.986    4922827.448          0.001    5
 236.673    2462744.713          0.001    7
 287.717    2978130.979          0.001   10
 667.971    6752402.506          0.002   10
 665.718    6472890.559          0.002   12
 411.440    4176296.260          0.001   15
 723.449    7704755.049          0.002   17
 156.806    1661269.975          0.000   20
 700.576    9189601.041          0.002   20
 806.595    9436703.791          0.002   24
 446.294    4468623.083          0.001   26
  58.112     658906.791          0.000   26
 397.238    4089707.538          0.001   30
 507.957    5231442.139          0.001   35
  54.435     623387.000          0.000   35
 353.120    3508771.304          0.001   35
 712.157    7350292.794          0.002   37
 602.334    7657506.549          0.002   41
  53.150     605890.216          0.000   41
 432.154    4419971.267          0.001   43
 474.588    4670691.727          0.001   45
 100.531    1108088.535          0.000   47
 392.870    3949275.218          0.001   49
 600.258    6052302.741          0.002   49
  59.694     684632.951          0.000   52
 189.328    1955778.246          0.000   56
 490.112    4977196.786          0.001   56
 608.358    5798064.759          0.001   60
  72.496     816081.381          0.000   60
 678.581    8534179.342          0.002   63
  95.836    1047153.832          0.000   65
 648.775    8537141.774          0.002   65
 245.530    2510291.301          0.001   69
 664.677   10311454.995          0.003   69
 149.047    1579699.631          0.000   72
 722.177    7718454.006          0.002   74
 317.189    3170254.244          0.001   76
 566.723    5688889.854          0.001   76
 233.150    2335941.812          0.001  166
   0.000          0.000          0.000  166
   0.000          0.000          0.000  167
 535.860    5346501.664          0.001  167
 881.995    9513558.330          0.002    7
 379.753    3980486.361          0.001    7
 523.404    5482498.954          0.001   10
 915.685   11265666.607          0.003   10
 708.240    7958714.182          0.002   15
 111.979    1232136.393          0.000   15
 774.807   12045769.217          0.003   20
 452.947    4849841.349          0.001   20
 551.544    5763631.220          0.001   20
 893.965   11371054.165          0.003   26
 343.907    4337931.929          0.001   26
  85.162     967648.212          0.000   26
 452.156    4657898.136          0.001   26
 503.512    5350299.352          0.001   30
 494.171    5138590.362          0.001   35
  81.918     939779.911          0.000   35
 215.605    2355660.832          0.001   35
 565.870    8225040.721          0.002   35
 861.352    9526823.182          0.002   35
 677.620    7174649.191          0.002   41
  94.469    1078203.348          0.000   41
 476.222    5336262.877          0.001   41
 589.801    7277104.969          0.002   47
 847.452   10673728.609          0.003   49
  89.948    1034448.944          0.000   52
 594.174    7095022.358          0.002   52
 767.693   10473881.180          0.003   52
 331.362    3447245.083          0.001   56
 587.368    7320939.094          0.002   60
 356.395    3734235.794          0.001   65
 136.503    1495655.988          0.000   65
 685.925    9224795.314          0.002   65
 456.659    4713198.365          0.001   69
 731.142    8010885.014          0.002   72
 214.593    2282378.389          0.001   72
 937.920   12215918.025          0.003   72
 981.281   10607251.299          0.003   76
 843.813   10951853.284          0.003  166
 408.757    3942877.770          0.001  208
   0.000          0.000          0.000  208
   0.000          0.000          0.000  209
 615.305   10347854.524          0.002  209
 929.718   10823801.290          0.003  250
 622.287    6552784.262          0.002    7
 918.035   11293175.357          0.003    7
 967.655   11052170.595          0.003   15
 298.430    3234394.569          0.001   15
 164.704    1821272.084          0.000   15
 879.862   12857794.894          0.003   20
 343.589    3689978.329          0.001   20
 698.180    8252445.344          0.002   20
 880.262    9902888.202          0.002   20
 109.225    1243131.784          0.000   26
 367.372    3969703.261          0.001   26
 779.009    8504090.982          0.002   30
 578.634    6069267.789          0.001   35
 109.676    1261241.185          0.000   35
 636.539    6776504.045          0.002   35
1100.182   12501427.305          0.003   41
 677.707    7419438.457          0.002   41
 125.918    1437442.764          0.000   41
 599.075    5960590.887          0.001   41
 649.540    6813212.257          0.002   47
 175.038    1943936.317          0.000   47
 629.499    6779752.954          0.002   47
 473.635    4991817.915          0.001   52
 127.155    1465784.887          0.000   52
 254.541    2763776.079          0.001   52
 703.360    7316195.679          0.002   56
 504.090    5282035.290          0.001   56
 787.998    7992565.199          0.002   60
 293.598    3182923.244          0.001   60
 141.971    1605969.702          0.000   60
 194.585    2138541.533          0.000   65
 875.085    9864873.904          0.002   65
 780.122    8160500.560          0.002   69
 545.343    5792118.984          0.001   72
 508.877    5348440.858          0.001   72
1019.567   13044611.335          0.003  293
 570.705    5855195.340          0.001  293
   0.000          0.000          0.000  249
   0.000          0.000          0.000  250
 255.778    2718197.650          0.001  250
 981.499   12129868.675          0.003  250
 899.944    9523958.809          0.002    7
 833.149    9181157.902          0.002    7
1174.191   12848981.192          0.003   10
 724.862    7751669.079          0.002   15
 624.491    9282879.500          0.002   15
 223.634    2480966.728          0.001   15
 826.658    8636771.298          0.002   20
 893.207   11901781.807          0.003   20
 608.285    6457390.266          0.001   26
 294.082    3250045.998          0.001   26
 163.292    1866115.485          0.000   26
 242.124    2689112.237          0.001   26
 614.231    6565728.910          0.002   26
1028.131   14647349.876          0.003   26
 905.517   10051032.427          0.002   35
 585.617    6484476.510          0.001   35
 128.905    1484954.495          0.000   35
 709.833    7844302.000          0.002   35
1076.352   13009121.570          0.003   35
 784.112    8423109.873          0.002   41
 162.435    1855674.824          0.000   41
 622.113    6924004.105          0.002   47
 243.477    2722653.640          0.001   47
 880.892   12670203.896          0.003   47
 613.492    6565207.780          0.002   52
 389.148    4225150.594          0.001   52
1030.695   11026974.815          0.003   56
 879.062    9512716.517          0.002   56
 503.896    5262769.477          0.001   60
 429.559    5044274.963          0.001   60
 207.070    2354439.884          0.001   60
 690.055    9098311.236          0.002   65
 278.862    3081842.944          0.001   65
 401.735    4388758.525          0.001   65
 994.802   11117318.999          0.003   72
 402.178    4316001.175          0.001   72
 697.250    7449784.856          0.002   72
1007.090   11448763.004          0.003  293
 391.724    4082039.265          0.001  293
 129.749    1359384.809          0.000  293
   0.000          0.000          0.000  293
   0.000          0.000          0.000  294
 573.231    6104015.972          0.001  250
 888.449    9459611.351          0.002  250
 994.478   10540873.950          0.002  450
 948.888   10212708.598          0.002  450
 947.715   10104017.797          0.002   15
 535.609    5786663.574          0.001   15
 271.097    3014269.227          0.001   15
 776.440    8482246.011          0.002   15
 596.882    6516492.497          0.002   20
 647.873    6953101.478          0.002   26
 347.652    3880280.601          0.001   26
 632.568   10414324.819          0.002   26
 397.770    4396884.132          0.001   26
1019.354   11521779.855          0.003   26
 437.090    4792717.531          0.001   35
 168.392    1947688.182          0.000   35
 328.922    3787449.070          0.001   35
 839.925    9240069.873          0.002   35
 778.180    8760681.254          0.002   41
 183.825    2101089.360          0.000   41
 631.150    6612533.401          0.002   41
 749.528    8424483.854          0.002   47
 294.254    3306222.292          0.001   47
 184.600    2135150.470          0.000   52
 831.047   10971506.773          0.003   52
 732.906    8101819.927          0.002   52
1239.007   13085304.882          0.003   60
 947.140    9981070.420          0.002   60
 735.374   10075127.208          0.002   60
 649.913    6884660.251          0.002   60
 808.951   10004273.446          0.002   65
 525.587    5768638.269          0.001   65
 882.680    9558391.715          0.002   65
1092.526   11910376.792          0.003   72
 475.207    5109586.486          0.001   72
 875.831   11039319.667          0.003   72
1076.998   11680464.813          0.003   72
 721.979    7329324.818          0.002  293
 626.824    8603143.918          0.002  334
   0.000          0.000          0.000  334
   0.000          0.000          0.000  335
 550.626    6059169.955          0.001  335
 733.356    7884949.029          0.002  450
 528.495    5752562.834          0.001  450
1007.574   10700854.710          0.002  450
 944.227   10239251.672          0.002   15
 712.312    7661643.004          0.002   15
 335.686    3741712.443          0.001   15
 660.588    7184569.100          0.002   15
1067.797   11855802.962          0.003   15
 788.797    8705679.568          0.002   20
1086.569   13126620.648          0.003   26
 602.027    6722425.530          0.002   26
 219.309    2516060.281          0.001   26
 460.345    5085907.597          0.001   26
 538.133    5957524.980          0.001   26
1156.707   13937158.153          0.003   35
 418.680    4698696.028          0.001   35
1165.616   14243948.991          0.003   41
 827.744    9661061.518          0.002   41
 216.825    2479621.051          0.001   41
 444.315    4859288.055          0.001   41
 363.728    4115874.435          0.001   47
 561.902    6282773.612          0.001   47
 499.301    5492873.112          0.001   52
 529.152    5846551.657          0.001   52
1083.192   12207885.538          0.003   52
1043.529   12239146.051          0.003   60
 528.268    5983961.072          0.001   60
 279.666    3195500.344          0.001   60
 400.448    4440292.318          0.001   65
1056.799   12520450.358          0.003   65
 686.632    7413542.793          0.002   72
 944.771   10238818.039          0.002   72
 701.507    8077243.445          0.002  371
 108.459    1157468.383          0.000  371
   0.000          0.000          0.000  371
   0.000          0.000          0.000  372
 704.319    8758980.816          0.002  450
 348.028    3793043.364          0.001  450
1061.206   12209296.982          0.003  450
1002.824   11068714.097          0.003  450
1227.617   13358015.483          0.003   15
 667.139    7438785.557          0.002   15
 383.704    4283030.215          0.001   15
 936.672   11269387.117          0.003   15
 961.516   10711319.712          0.002   20
1165.815   13581471.192          0.003   26
 711.530    9620435.733          0.002   26
 665.764    7948803.503          0.002   26
 863.486    9626568.354          0.002   26
 809.676    9008446.434          0.002   35
 216.907    2521309.159          0.001   35
 792.151    9733454.303          0.002   35
 914.733   10221842.447          0.002   35
 743.940    7576330.494          0.002   41
 250.784    2870028.628          0.001   41
 961.348   13138629.917          0.003   47
 412.811    4697477.139          0.001   47
 920.284   12240152.320          0.003   47
 758.679   14523996.411          0.003   52
 245.758    2851782.251          0.001   52
 533.732    5946376.669          0.001   52
1213.470   13978727.070          0.003   52
1039.337   10950354.127          0.002   60
 646.282    7156893.793          0.002   60
 356.419    4092031.877          0.001   60
 453.946    5132541.137          0.001   60
 860.036   11442044.912          0.003   60
 675.636    7220168.300          0.002   65
 955.453    9818757.735          0.002   65
1215.641   13133999.574          0.003   72
1030.437   11038097.354          0.003   72
1136.500   13941145.577          0.003  489
 822.688    9175475.592          0.002  489
 796.095    8257834.749          0.002  371
 319.363    3416885.770          0.001  371
   0.000          0.000          0.000  412
   0.000          0.000          0.000  413
 322.215    3432389.367          0.001  450
 221.894    2421727.315          0.001  450
 813.400    8950930.105          0.002  450
 710.637    7828252.751          0.002  450
 935.280   10323173.907          0.002   15
 475.053    5315492.413          0.001   15
 751.849    8254446.036          0.002   15
 850.812   10256261.293          0.002   26
 275.452    3169162.326          0.001   26
 910.644   10079005.158          0.002   26
 892.487    9904555.377          0.002   26
 536.325    6041364.540          0.001   35
 339.022    3902155.464          0.001   35
 835.054    9067252.440          0.002   35
1222.490   13368365.818          0.003   41
 943.560   10229596.401          0.002   41
 282.016    3230058.288          0.001   41
 848.245   10728051.616          0.002   41
 525.600    6082961.508          0.001   47
 849.158    9470604.264          0.002   47
 920.668    9772450.863          0.002   52
 308.114    3595671.849          0.001   52
 308.590    3580233.982          0.001   52
 758.899    8570441.528          0.002   52
1094.958   11372732.069          0.003   52
1395.159   17770771.707          0.004   60
 654.746    7532761.261          0.002   60
 843.520    9181370.905          0.002   60
 532.338    5913101.920          0.001   65
1074.732   11742171.266          0.003   65
1493.027   18928837.914          0.004  489
 916.342   10646355.549          0.002  489
1035.713   15684756.888          0.004  489
 569.721    6341101.180          0.001  489
 728.885    8189796.467          0.002  489
   0.000          0.000          0.000  449
   0.000          0.000          0.000  450
  44.346     482277.645          0.000  450
 108.926    1185573.882          0.000  450
 577.820    6163288.256          0.001  450
 378.687    4154183.006          0.001  450
1012.444   11346713.618          0.003  450
1396.327   18921938.629          0.004  450
1101.696   12865893.652          0.003   15
 542.064    6075531.829          0.001   15
 736.097    8352894.749          0.002   15
1089.952   11691628.379          0.003   15
 886.750    8892734.540          0.002   26
 617.608    6599829.135          0.001   26
 307.073    3538003.942          0.001   26
 867.335   10557626.361          0.002   26
 582.209    6537605.295          0.001   35
 279.158    3267794.043          0.001   35
 492.119    5693227.733          0.001   35
 817.977    9214584.407          0.002   35
 557.829    6313559.647          0.001   41
 327.399    3756774.514          0.001   41
 875.307   11457711.184          0.003   41
 577.154    6727438.769          0.002   47
 726.982    8634684.362          0.002   47
 855.880    9447886.726          0.002   52
 735.586    8132918.514          0.002   52
1236.785   15972587.210          0.004   52
1441.422   14913599.136          0.003   52
1026.089   14540027.124          0.003   60
 441.199    5092921.667          0.001   60
 983.989   12032230.014          0.003   60
 608.100    6759262.209          0.002   65
1206.260   13883250.973          0.003   65
1108.231   12238326.662          0.003  489
 616.159    6948747.949          0.002  489
 438.529    4894728.591          0.001  489
 265.411    2931179.526          0.001  489
 123.906    1359501.722          0.000  489
  52.065     569368.248          0.000  489
   0.000          0.000          0.000  489
   0.000          0.000          0.000  490
 320.377    3438961.958          0.001  450
 945.791   14206020.540          0.003  450
 935.822   12184267.829          0.003  450
 688.091    7545432.223          0.002  450
 502.061    5524363.984          0.001  450
 803.734    8909853.702          0.002  450
1446.863   17878271.346          0.004  450
 895.926    9966729.953          0.002   15
 775.176    8744309.773          0.002   15
1291.938   16865316.264          0.004   15
 962.392   10962899.413          0.002   26
 710.579    8166300.644          0.002   26
 359.513    4153330.432          0.001   26
 548.481    6268538.093          0.001   26
1135.286   13588250.360          0.003   26
 935.255   10065490.424          0.002   35
 559.127    6387322.608          0.001   35
 685.378    8348714.380          0.002   35
 687.916    7930118.248          0.002   35
 646.442    7518886.518          0.002   35
 956.358   10861154.485          0.002   35
1121.695   12915831.164          0.003   41
 631.449    6955297.537          0.002   41
 357.869    4110523.842          0.001   41
 639.808    6912325.732          0.002   41
1108.659   13464912.565          0.003   41
 880.109   10644711.110          0.002   47
 382.405    4489988.704          0.001   52
 412.148    4787700.591          0.001   52
 988.017   11322591.106          0.002   52
1313.121   14969784.344          0.003   52
1046.637   11549685.109          0.003   60
 837.609    9420307.302          0.002   60
 589.912    6802657.159          0.001   60
 980.205   11278586.741          0.002   60
 888.874    9759088.516          0.002   65
 784.348    8667121.597          0.002   65
1518.848   19454278.680          0.004  489
 918.126   10601958.272          0.002  489
 762.285    8628428.485          0.002  489
 869.807   12500333.399          0.003  489
 659.297    8199566.716          0.002  489
 524.600    5985393.236          0.001  489
 388.207    4755744.672          0.001  489
   0.000          0.000          0.000  535
   0.000          0.000          0.000  536
 562.574    5966320.834          0.001  536
 890.126    9641048.946          0.002  620
1027.341   14034912.412          0.003  620
1055.600   11634457.046          0.003  450
1203.189   13261863.835          0.003   15
 747.828    8381173.499          0.002   15
1271.119   14668336.900          0.003   15
1258.269   15955901.090          0.003   26
 872.148   10256680.213          0.002   26
 385.987    4464886.572          0.001   26
 917.070   11448038.832          0.003   26
1153.200   13023328.166          0.003   26
 922.462   10422065.804          0.002   35
 358.493    4228728.417          0.001   35
 879.553   11719998.004          0.003   35
1038.674   12209412.057          0.003   35
 997.638   11761789.038          0.003   35
 930.725   10530173.341          0.002   41
 407.419    4686961.233          0.001   41
 985.923   11966292.709          0.003   41
 716.897    8552591.646          0.002   47
 680.444    7354309.659          0.002   52
 482.047    5607827.915          0.001   52
 991.248   11008818.608          0.002   52
1424.293   16706860.347          0.004   52
1306.285   15286545.850          0.003   60
 758.256    8706318.302          0.002   60
 543.611    6319041.081          0.001   60
1132.213   13908464.816          0.003   60
1391.084   17041979.953          0.004   65
 970.919   10584629.644          0.002   65
1117.845   11870665.261          0.003   65
1406.776   18637313.503          0.004  489
 902.593   10167856.346          0.002  619
 709.946    7853521.448          0.002  619
 747.809    8171079.841          0.002  619
 551.172    7306351.892          0.002  619
   0.000          0.000          0.000  574
   0.000          0.000          0.000  575
 552.127    6682439.734          0.002  620
 538.731    5855049.468          0.001  620
 616.168    6765596.140          0.002  620
 773.265    8835263.085          0.002  620
1023.433   12454407.553          0.003  620
 901.494   10577266.481          0.002  620
1323.429   15526237.635          0.003  620
1126.732   12772654.540          0.003   15
 926.675   10255401.378          0.002   15
1340.562   15792725.694          0.003   15
1210.842   13802722.797          0.003   26
 665.055    7521173.442          0.002   26
 496.860    5758173.922          0.001   26
 562.224    6475001.159          0.001   26
 963.208   10550210.699          0.002   26
1288.662   15935667.833          0.003   35
 748.400    8634110.985          0.002   35
 475.325    5619143.635          0.001   35
 671.935    7828546.880          0.002   35
1011.224   11989676.829          0.003   35
1125.497   10676731.014          0.002   41
 452.336    5211809.360          0.001   41
 610.617    6879997.770          0.001   41
1189.009   16901227.440          0.004   41
 995.118   12006858.654          0.003   47
1262.523   17951055.986          0.004   52
 454.403    5366445.001          0.001   52
 542.139    6324427.680          0.001   52
 708.655    8161883.999          0.002   52
 862.859    9810079.968          0.002   52
1239.504   13205733.349          0.003   52
1220.009   13130842.106          0.003   60
1194.346   14335801.912          0.003   60
1049.528   14545727.215          0.003   60
 879.376   10162171.356          0.002   60
1286.151   14774277.452          0.003   60
1290.678   13550728.048          0.003   65
1166.606   13366675.483          0.003  619
 672.258    7546995.946          0.002  619
 467.579    5166440.066          0.001  619
 329.509    3627759.540          0.001  619
 190.161    2088375.746          0.000  619
  71.214     783225.269          0.000  619
   0.000          0.000          0.000  619
   0.000          0.000          0.000  620
 118.791    1317849.512          0.000  620
 248.460    2774591.380          0.001  620
 321.387    3606030.239          0.001  620
 458.697    5201383.178          0.001  620
 636.506    7342435.463          0.002  620
1131.618   13216016.451          0.003  620
1383.222   15888775.116          0.003   15
1177.374   12481006.165          0.003   15
1488.088   16565413.982          0.004   26
1158.409   13082332.440          0.003   26
 641.456    7492569.398          0.002   26
 465.217    5409269.979          0.001   26
1412.785   16123319.757          0.004   26
 838.480    9729579.914          0.002   35
 428.470    5097013.288          0.001   35
 587.736    6964460.243          0.001   35
1093.571   12822491.527          0.003   35
 713.366    8065602.888          0.002   41
 518.595    5993349.285          0.001   41
1002.297   11099793.992          0.002   41
 881.484   10799491.902          0.002   47
1229.644   15320047.257          0.003   47
 842.489    9655677.268          0.002   52
 520.961    6186043.678          0.001   52
 652.970    7647130.994          0.002   52
1034.004   11800145.386          0.003   52
1467.451   18065921.824          0.004   60
1149.032   13082724.989          0.003   60
 646.442    7565636.921          0.002   60
1085.684   12391436.239          0.003   60
1251.801   14153562.148          0.003   60
1522.604   17877862.710          0.004   65
1345.055   17143330.072          0.004  619
 869.745    9967530.233          0.002  619
 828.617    8779050.009          0.002  619
 742.160    7881270.572          0.002  619
 562.592    6114612.675          0.001  619
 474.319    5082954.262          0.001  619
 319.425    3469328.634          0.001  660
   0.000          0.000          0.000  660
   0.000          0.000          0.000  661
 597.946    6695830.017          0.002  620
 518.564    5727710.630          0.001  620
 643.536    7466246.825          0.002  620
 657.582    7517107.754          0.002  620
 891.078   10234377.523          0.002  620
 916.409   11136878.759          0.002  620
1301.695   17051196.639          0.004  620
1629.588   17375808.781          0.004   15
1457.766   17434495.485          0.004   26
 803.691    9450402.992          0.002   26
1030.678   13407116.691          0.003   26
 517.531    6034349.688          0.001   26
 868.628   10630652.434          0.002   26
 882.596    9870765.506          0.002   26
1452.904   19151475.837          0.004   26
 939.878   10665243.256          0.002   35
 919.043   11152873.986          0.002   35
 734.018    8707064.955          0.002   35
1235.808   13668467.825          0.003   35
1218.122   12538362.006          0.003   41
 797.922    8815508.975          0.002   41
1386.525   16186193.983          0.003   41
 985.269   12257606.205          0.003   47
1013.523   12212954.524          0.003   52
1082.952   13131008.783          0.003   52
1368.687   15888839.001          0.003   60
 793.880    9334885.182          0.002   60
 785.958    9248381.775          0.002   60
1323.047   15926020.674          0.003   60
1408.539   15059601.036          0.003  993
1415.317   17171606.824          0.004  619
1204.498   16811770.527          0.004  783
1008.365   12310483.228          0.003  619
1028.067   16192481.662          0.004  783
 287.541    3047980.942          0.001  697
   0.000          0.000          0.000  697
   0.000          0.000          0.000  698
 239.126    2548314.333          0.001  698
 804.868   11354599.845          0.003  698
 797.681   10048524.675          0.002  827
 826.785    9976714.888          0.002  827
 805.481    9045778.461          0.002  827
1121.421   12326174.961          0.003  827
1424.356   17430067.558          0.004  827
1280.478   14136813.870          0.003   26
1149.107   13717841.897          0.003   26
 624.478    7296584.630          0.002   26
 982.231   12767348.343          0.003   26
 984.485   11199824.086          0.002   26
1442.307   18816718.620          0.004   26
1382.606   15063652.935          0.003   35
1076.384   12139994.058          0.003   35
 493.853    5920833.408          0.001   35
 934.471   11382456.711          0.002   35
1224.894   17003209.830          0.004   35
 844.579   10007358.938          0.002   35
1582.109   20460723.380          0.004   35
1187.619   15939848.346          0.003   41
 598.801    6944665.006          0.001   41
1181.987   15556644.734          0.003   41
1475.497   15009601.049          0.003   41
1173.571   14912953.797          0.003   47
1355.865   16876196.199          0.004   47
1205.724   14510818.579          0.003   52
 613.081    7325947.862          0.002   52
 854.496    9935344.045          0.002   52
1412.309   15004560.401          0.003   52
 988.622   11455554.630          0.002   60
1248.417   14423060.025          0.003   60
1047.239   11988498.527          0.003   60
1232.473   12892314.699          0.003  993
1180.876   14293827.267          0.003  993
1448.103   16687879.553          0.004  993
1194.728   16485998.617          0.004  783
 798.141    9921272.743          0.002  783
 633.811    7174922.924          0.002  783
 355.476    3925932.205          0.001  783
   0.000          0.000          0.000  739
   0.000          0.000          0.000  740
 209.253    2244163.675          0.001  740
 755.001    8566373.291          0.002  827
 441.404    4850628.549          0.001  827
 520.526    6083012.160          0.001  827
 808.607   10477469.517          0.002  827
 694.356    7388325.739          0.002  827
 553.255    6295528.150          0.001  827
 870.862    9783347.948          0.002  827
1206.218   13293278.304          0.003  827
1378.352   14191917.968          0.003   26
 974.493   10802035.240          0.002   26
 694.536    8133595.669          0.002   26
 634.640    7460316.330          0.002   26
1267.202   14224559.996          0.003   26
1355.788   16445327.310          0.003   35
 557.170    6729689.318          0.001   35
 580.018    7019697.653          0.001   35
 862.874   10262409.507          0.002   35
1253.509   14807298.925          0.003   35
1194.803   13598281.369          0.003   35
1115.309   12359775.521          0.003   41
 655.268    7616254.235          0.002   41
 837.642    9630216.917          0.002   41
1449.736   15479716.250          0.003   41
1354.793   17396802.472          0.004   47
1118.234   12108148.320          0.003   52
 765.522    9156482.879          0.002   52
 682.039    8187164.544          0.002   52
 767.064    9123019.590          0.002   52
 979.521   11303333.685          0.002   52
1413.499   14896178.708          0.003   60
1139.917   13154824.459          0.003   60
1522.153   16858026.002          0.004  993
1267.898   13923387.652          0.003  993
 875.245    9846339.557          0.002  993
 835.733    9233555.586          0.002  993
1175.020   12629834.737          0.003  993
 823.413   10249151.613          0.002  783
 597.309    7193505.540          0.002  783
 466.547    5521295.682          0.001  783
 269.769    3081416.695          0.001  783
 126.071    1414785.589          0.000  783
   0.000          0.000          0.000  783
   0.000          0.000          0.000  784
 477.054    5297419.738          0.001  827
 154.412    1731595.743          0.000  827
 225.242    2530068.845          0.001  827
 397.699    4498494.244          0.001  827
 487.173    5538195.619          0.001  827
 784.621    8981535.695          0.002  827
1441.472   17664718.957          0.004  827
 939.524   10915869.530          0.002   26
 806.068    9448240.110          0.002   26
1042.405   12354869.915          0.003   26
 756.804    8939032.543          0.002   26
1235.789   14825752.296          0.003   35
 770.450    9332678.510          0.002   35
 608.865    7394599.462          0.002   35
 662.221    8099946.229          0.002   35
 988.885   11675456.948          0.002   35
1450.326   19151619.091          0.004   35
1570.090   17230629.489          0.004   35
1573.989   16985684.852          0.004   41
 952.966   10707031.105          0.002   41
 743.620    8652002.942          0.002   41
 848.358    9683401.359          0.002   41
1426.064   19374920.427          0.004   41
1701.698   21849139.657          0.005   47
1405.760   14307159.657          0.003   52
 855.413   10207892.066          0.002   52
 769.799    9263248.310          0.002   52
 935.675   11812922.327          0.002   52
1116.812   12324476.821          0.003   52
1438.252   15192607.179          0.003   52
1831.745   20112572.265          0.004   60
1562.738   18168606.955          0.004  993
1418.612   16884133.127          0.004  993
1060.123   12153006.035          0.003  993
 901.610   10411144.756          0.002  993
 670.198    7777469.609          0.002  993
 624.542    6575726.164          0.001  993
 902.091   12079286.365          0.003  783
 613.277    7037591.446          0.002  783
 672.669    7817507.488          0.002  783
 213.544    2289286.991          0.001  826
   0.000          0.000          0.000  826
   0.000          0.000          0.000  827
  74.702     837145.489          0.000  827
 557.314    5805333.527          0.001  827
 710.776    8970630.562          0.002  827
 299.141    3366331.218          0.001  827
 801.370   10857797.100          0.002  827
 959.123   11110327.430          0.002  827
 608.112    6975443.095          0.002  827
1156.451   14318450.402          0.003  827
1582.791   17633862.372          0.004  827
1513.084   16438446.888          0.004   26
1089.987   12282688.146          0.003   26
1269.485   15851382.651          0.003   26
1007.166   11413493.880          0.002   26
1251.849   14869025.698          0.003   35
 686.508    8394589.969          0.002   35
1087.621   13847172.615          0.003   35
 788.586    9791069.778          0.002   35
1294.365   14482092.094          0.003   35
1541.709   16155457.087          0.003   41
 835.731    9689637.280          0.002   41
 990.939   11072782.262          0.002   41
1254.696   12934489.922          0.003   41
1746.563   19393830.298          0.004   52
1207.364   13336847.531          0.003   52
 968.506   11468262.528          0.002   52
 889.129   10579135.140          0.002   52
1410.990   23595705.935          0.005   52
1236.866   13346877.831          0.003   52
1659.794   16896590.476          0.004   52
2056.345   20778374.447          0.004   60
1757.312   18058667.099          0.004   60
1786.349   21027859.262          0.004   60
1026.130   12094501.960          0.003  993
 928.892   10704260.052          0.002  993
 550.655    6433927.474          0.001  993
 467.283    5470381.035          0.001  993
 722.222    9970786.822          0.002  993
 459.843    5129220.392          0.001  993
 727.566    7508336.156          0.002  993
 855.310   10151236.390          0.002  826
 338.821    3515753.723          0.001  869
   0.000          0.000          0.000  869
   0.000          0.000          0.000  870
 713.234    7972831.870          0.002  827
 712.036    7811053.615          0.002  827
 470.318    5145463.211          0.001  827
 625.873    6701150.509          0.001  827
1072.493   14354023.551          0.003  827
 721.984    8342369.586          0.002  827
1101.330   12040114.121          0.003  827
1452.254   16252579.682          0.003  827
1344.890   14690049.246          0.003   26
1314.012   14203439.183          0.003   26
1400.078   17670499.011          0.004   26
 929.768   10897903.910          0.002   26
1409.622   18649341.541          0.004   35
 786.945    9677494.878          0.002   35
 762.045    9351915.645          0.002   35
1276.366   16613742.702          0.003   35
 948.005   11840193.728          0.002   35
1733.900   20122717.396          0.004   35
1296.466   13830848.520          0.003   41
 899.690   10380872.089          0.002   41
1310.283   13732286.276          0.003   41
1596.265   15340022.649          0.003   41
1295.566   14039568.854          0.003   52
1033.212   11913747.516          0.002   52
1465.325   16796172.159          0.003   52
1730.089   16952311.501          0.003   52
2128.354   23662613.122          0.005   52
1853.174   18564012.805          0.004  993
1595.476   16025976.250          0.003  993
1329.662   14632082.160          0.003  993
 868.319   10293964.855          0.002  993
 612.502    7271389.082          0.002  993
 439.866    5190352.800          0.001  993
 360.497    4228181.785          0.001  993
 287.553    3359120.903          0.001  993
 761.105    8130398.031          0.002  993
 759.026    8462446.982          0.002  953
 434.001    5139768.363          0.001  909
   0.000          0.000          0.000  909
   0.000          0.000          0.000  910
 386.398    4413181.286          0.001  910
 555.307    6432453.417          0.001  910
 982.410   12557973.787          0.003  910
 805.102    8210937.349          0.002  827
 662.084    7004990.739          0.002  827
 977.883   10027254.557          0.002  827
 879.477    8969683.577          0.002  827
1190.908   14406384.142          0.003  827
1110.279   12717173.800          0.003  827
1791.501   21257340.750          0.004  827
1812.120   20016818.453          0.004   26
1572.648   19759058.547          0.004   26
1009.734   11766410.529          0.002   26
1361.895   18995506.709          0.004   35
 845.406   10419139.769          0.002   35
 975.789   11634817.652          0.002   35
 919.573   11216148.866          0.002   35
1380.540   15457816.920          0.003   35
1117.853   13817051.475          0.003   35
1611.075   20101819.021          0.004   41
1058.398   11761740.648          0.002   41
1454.948   14572558.968          0.003   41
1770.952   20800194.610          0.004   41
1939.828   17675677.144          0.004   41
1988.454   21292789.028          0.004   52
1747.856   17837168.584          0.004   52
1537.700   17981784.786          0.004   52
1739.052   18301629.803          0.004   52
2083.509   19558601.195          0.004   52
2133.237   21209151.635          0.004  993
1545.714   15238539.678          0.003  993
1017.691   11567918.595          0.002  993
 783.920    9397364.028          0.002  993
 594.274    7101394.859          0.001  993
 537.822    6399832.177          0.001  993
 602.362    7042149.153          0.002  993
 764.104    8600828.542          0.002  993
 684.376    7872939.401          0.002  993
 202.652    2357681.812          0.001  993
 543.675    6165056.973          0.001  993
 545.607    6062958.720          0.001  993
 210.518    2241714.336          0.001  953
   0.000          0.000          0.000  953
   0.000          0.000          0.000  954
 373.807    4273012.746          0.001  954
 753.868    9256464.724          0.002  954
1167.881   15472821.073          0.003  827
1245.053   12022058.874          0.003  827
1408.383   16949698.824          0.004  827
 916.330   10620764.214          0.002  827
1282.613   14244193.716          0.003  827
1784.705   19723632.883          0.004  827
1842.638   23082937.714          0.005   26
1842.259   23801264.797          0.005   26
1511.099   17016376.799          0.004   26
1139.208   13241700.945          0.003   35
1113.205   13064263.095          0.003   35
1139.361   13288934.301          0.003   35
1043.845   12546414.447          0.003   35
1562.839   19859509.628          0.004   35
1710.273   18009647.734          0.004   35
1638.183   16958820.073          0.003   41
1721.140   16040105.423          0.003   41
2028.107   20649336.865          0.004   41
1961.902   20412420.915          0.004 2138
1725.314   19910595.534          0.004 2138
1756.982   18183052.734          0.004 2138
1919.577   24349376.359          0.005   52
1793.600   18771421.732          0.004 2138
2165.149   23673756.466          0.005  993
1827.477   19906055.244          0.004  993
1429.431   15667283.197          0.003  993
 938.449   10967801.519          0.002  993
 670.877    8055157.931          0.002  993
 983.645   10879549.257          0.002  993
1024.412   11473571.521          0.002  993
 851.461    9141789.682          0.002  993
 709.054    9066641.827          0.002  993
 220.763    2550200.463          0.001  993
 133.780    1550944.937          0.000  993
  75.966     879769.630          0.000  993
  31.722     367150.177          0.000  993
   0.000          0.000          0.000  993
   0.000          0.000          0.000  994
 221.916    2348853.705          0.001  994
 684.236    7367314.302          0.002 1079
 782.488    9001763.802          0.002 1079
 919.299   12102396.012          0.003 1079
1300.111   16409145.698          0.004 1079
1065.428   13452995.653          0.003 1079
1173.865   13135984.668          0.003  827
1631.487   19883065.408          0.004 1333
1315.568   14064416.168          0.003 1333
1627.812   19493806.905          0.004 1333
1458.502   15156101.235          0.003   26
1752.426   17773738.322          0.004   35
1480.216   15877076.053          0.003   35
1372.847   15306451.434          0.003   35
1467.225   20610234.620          0.004   35
1212.644   13999214.896          0.003   35
1738.846   19460158.405          0.004   35
1875.990   19782124.924          0.004   41
2049.229   22382477.014          0.004   41
1753.768   18484808.476          0.004 2138
1697.419   24165609.137          0.005 2138
1145.988   13215817.101          0.003 2138
1463.619   15639915.600          0.003 2138
1660.947   17521960.928          0.004 2138
1623.734   16278765.114          0.003 2138
2039.214   23521147.056          0.005 2138
1959.127   22438388.506          0.005  993
1405.204   15111373.023          0.003  993
 947.923   10974360.013          0.002  993
1042.848   11885769.293          0.002  993
1124.564   13551761.541          0.003  993
1035.538   11949418.154          0.003  993
 931.814   10706992.149          0.002  993
 393.339    4546943.551          0.001  993
 333.941    3856779.549          0.001  993
 590.392    6226694.051          0.001  993
 620.750    9657139.449          0.002  993
 394.475    4282210.251          0.001  993
 515.018    6007416.675          0.001  993
   0.000          0.000          0.000 1034
   0.000          0.000          0.000 1035
 423.822    4489355.939          0.001 1079
 736.337    8836952.793          0.002 1079
 563.482    6588790.269          0.001 1079
 699.385    8804809.713          0.002 1079
 955.188   11788372.107          0.003 1079
 925.335   11551335.108          0.002 1079
1405.916   19145193.046          0.004 1079
1386.990   15084164.314          0.003 1333
1318.990   14765659.493          0.003 1333
1036.162   11965054.711          0.002 1333
1649.033   19406766.818          0.004 1333
1860.982   18418452.268          0.004   26
2088.812   22723083.052          0.005   26
1788.221   18346104.756          0.004   35
1799.066   18790544.381          0.004   35
1745.143   20321243.910          0.004   35
1749.088   17228156.655          0.004   35
1802.613   21331218.819          0.004 2133
1485.873   16059852.588          0.003 2133
1703.527   20328193.404          0.004 2133
1924.674   22659700.665          0.004 2133
2069.728   23956675.972          0.005 2133
1685.345   17910826.553          0.004 2138
1363.165   15049162.928          0.003 2138
1305.564   14979564.727          0.003 2138
1004.104   12301463.591          0.002 2138
1463.485   17577524.152          0.004 2138
 957.171   11766293.466          0.002 2138
1626.024   17673258.586          0.004 2138
1712.656   17741303.808          0.004 2138
1933.050   22181852.915          0.004 2138
1495.552   15517528.291          0.003  993
1220.475   13226398.044          0.003  993
1263.830   13966689.100          0.003  993
 855.460   10037345.301          0.002  993
 608.855    7103592.340          0.002  993
 525.925    6107068.925          0.001  993
 820.258    8964118.746          0.002  993
1002.226   12753856.404          0.003  993
 875.607   11171926.767          0.003 1124
 613.593    7153327.048          0.002 1124
 446.113    4926195.170          0.001 1124
   0.000          0.000          0.000 1078
   0.000          0.000          0.000 1079
 102.471    1158054.586          0.000 1079
 191.369    2177908.736          0.000 1079
 380.855    4458538.262          0.001 1079
 487.508    5816659.937          0.001 1079
 686.816    8214618.253          0.002 1079
 772.523    9451323.990          0.002 1079
1043.830   13469732.866          0.003 1079
1220.650   12812557.648          0.003 1333
1168.818   15063393.080          0.003 1333
 937.699   10891125.409          0.002 1333
 926.031   10868053.718          0.002 1333
1286.780   13700642.282          0.003 1333
1649.936   17249080.001          0.004 1333
2033.464   21617481.930          0.004 2116
2048.972   19891595.886          0.004 2116
2084.226   23822651.792          0.005 2116
1719.619   17974383.786          0.004 2116
1967.713   22855600.181          0.005 2133
1611.361   18221133.957          0.004 2133
1099.741   13289842.386          0.003 2133
1452.494   15949418.792          0.003 2133
1638.419   17723898.588          0.004 2133
1807.359   19179360.922          0.004 2138
1622.526   18177541.792          0.004 2138
1136.981   13191888.032          0.003 2138
 998.645   12001334.005          0.002 2138
 812.694   10325853.521          0.002 2138
1321.181   17688172.487          0.004 2138
 853.412   10611235.571          0.002 2138
1267.776   14274970.590          0.003 2138
1425.820   15245662.037          0.003 2138
1904.713   21171517.436          0.004 2138
2035.135   21431212.619          0.004  993
1717.462   17553567.630          0.004  993
1573.688   17951200.856          0.004  993
1043.366   12181427.059          0.003  993
 912.838   10510670.606          0.002  993
 905.995   10443594.625          0.002  993
 655.448    7571401.936          0.002  993
1103.535   14609299.821          0.003  993
 824.302   11791846.766          0.003 1124
 518.704    6229562.101          0.001 1124
 326.630    3772386.491          0.001 1124
 146.449    1640214.975          0.000 1124
   0.000          0.000          0.000 1124
   0.000          0.000          0.000 1125
 600.702    7581471.881          0.002 1079
 480.851    5244259.291          0.001 1079
 316.225    3640627.056          0.001 1079
 470.863    5519009.947          0.001 1079
 541.814    6402227.789          0.001 1079
 618.360    7374759.238          0.002 1079
1178.127   15153206.718          0.003 1079
1250.602   16980734.936          0.004 1333
 827.620    9570185.268          0.002 1333
 749.077    8930790.662          0.002 1333
1225.314   14384448.116          0.003 1333
1749.169   19591960.817          0.004 1333
1671.188   16922864.032          0.003 2116
1503.797   15641211.964          0.003 2116
1897.795   18265392.452          0.004 2116
1791.736   19628259.678          0.004 2116
1282.422   14077689.168          0.003 2116
1309.710   14413533.647          0.003 2116
1753.216   21969631.012          0.004 2133
1618.308   18691829.372          0.004 2133
1150.972   13763600.981          0.003 2133
1000.008   12344107.394          0.003 2133
1271.388   14674828.537          0.003 2133
1467.697   16223533.177          0.003 2138
1188.414   13977572.717          0.003 2138
 801.220    9996879.570          0.002 2138
 729.631    9204127.829          0.002 2138
1408.333   21585738.427          0.004 2138
1338.653   16607239.691          0.003 2138
 943.501   11422317.988          0.002 2138
1422.935   15439382.414          0.003 2138
1774.204   18860859.235          0.004 2152
1943.656   24373802.244          0.005  993
1649.899   20066225.776          0.004  993
1395.080   15336619.179          0.003  993
1208.322   13521396.345          0.003  993
 823.047    9269847.605          0.002  993
1215.914   15999338.146          0.004 1124
 790.872    9939530.825          0.002 1124
 740.048    8940309.577          0.002 1124
 776.771    9712537.877          0.002 1124
   0.000          0.000          0.000 1167
   0.000          0.000          0.000 1168
 345.518    3836398.879          0.001 1168
 614.545    6981699.092          0.002 1168
 741.408    8513061.127          0.002 1079
 617.144    6999550.901          0.002 1079
 860.598   10335128.034          0.002 1079
1015.322   12411933.533          0.003 1079
1067.235   11988792.837          0.003 1333
 626.024    7426380.862          0.002 1333
1006.023   12161824.581          0.003 1333
1340.171   15548826.554          0.003 1333
1648.824   19421713.455          0.004 2116
1022.895   12176797.569          0.003 2116
1588.535   19914409.713          0.004 2116
1398.402   15724987.321          0.003 2116
 978.180   11834843.040          0.002 2116
1374.840   15448575.648          0.003 2116
1228.882   14590641.289          0.003 2133
 893.030   11166779.799          0.002 2133
 866.386   10830342.219          0.002 2133
1351.075   17460021.410          0.004 2133
1532.454   17493852.295          0.004 2138
 877.944   10931406.110          0.002 2138
 678.972    8510052.750          0.002 2138
 926.882   11038183.421          0.002 2138
1278.411   16514995.172          0.003 2138
 710.070    8850446.826          0.002 2138
1330.258   19835120.381          0.004 2138
1310.537   14828885.880          0.003 2138
1518.891   15168541.764          0.003 2152
1605.602   17354060.274          0.004 2152
1787.391   19174987.743          0.004  993
1484.295   17239847.498          0.004  993
1250.649   13040522.860          0.003  993
1175.028   16330306.266          0.004 1124
 921.703   12775883.979          0.003 1207
 559.413    6682306.263          0.002 1207
 291.086    3272097.463          0.001 1207
 110.077    1206960.014          0.000 1207
   0.000          0.000          0.000 1207
   0.000          0.000          0.000 1208
 583.589    8223647.947          0.002 1208
 810.676    9872767.524          0.002 1168
 669.866    6985540.768          0.002 1333
 669.627    7558673.411          0.002 1333
 690.775    7879695.094          0.002 1333
 683.763    7906121.141          0.002 1333
 551.862    6510417.065          0.001 1333
 632.462    7470404.223          0.002 1333
1297.386   14848386.019          0.003 1333
1669.858   19491073.111          0.004 1333
1261.678   13981948.045          0.003 2116
1339.370   16118808.926          0.003 2116
1626.055   21652670.195          0.004 2116
1142.002   13662184.503          0.003 2116
 884.448   10811433.729          0.002 2116
1077.465   12981430.775          0.003 2116
1393.632   15710890.050          0.003 2133
 975.294   12028871.994          0.002 2133
 773.622    9625569.320          0.002 2133
1372.693   17536235.381          0.004 2133
1343.543   15239241.463          0.003 2138
1187.221   16113231.410          0.003 2138
 641.326    7987765.772          0.002 2138
 619.839    7707936.728          0.002 2138
 910.032   11125289.619          0.002 2138
1161.268   16310595.267          0.003 2138
 660.749    8200155.580          0.002 2138
 829.004   10205680.833          0.002 2138
1368.390   15719151.276          0.003 2138
1652.294   16671604.953          0.003 2152
1210.248   13009995.356          0.003 2152
1433.317   14763312.180          0.003 2152
1555.105   16181908.344          0.003 1376
1650.303   18826578.730          0.004 1376
1449.340   16864480.100          0.004 1376
 937.541   10403623.998          0.002 1376
 751.235    8195331.557          0.002 1376
 952.193   13101771.111          0.003 1207
 636.123    7808407.047          0.002 1207
 590.193    6789264.477          0.002 1207
 341.821    3721619.127          0.001 1207
   0.000          0.000          0.000 1250
   0.000          0.000          0.000 1251
 624.415    6747468.549          0.002 1333
 395.090    4319736.860          0.001 1333
 500.641    5492304.944          0.001 1333
 648.622    7198377.459          0.002 1333
 346.274    4024548.378          0.001 1333
 373.338    4347400.796          0.001 1333
 458.966    5376579.069          0.001 1333
 966.154   11382288.088          0.002 1333
 775.679    9113962.532          0.002 1333
1158.228   12733692.858          0.003 1333
1400.682   17695321.779          0.004 2116
 836.563   10186484.471          0.002 2116
1440.822   18144300.016          0.004 2116
 928.893   11387677.627          0.002 2116
 797.346    9751825.899          0.002 2116
1335.486   14736713.956          0.003 2116
1273.004   14910823.164          0.003 2133
 785.908    9757614.019          0.002 2133
 705.466    8710144.770          0.002 2133
1004.775   12062943.252          0.002 2133
1260.167   15125872.915          0.003 2133
1582.832   19251521.101          0.004 2133
1410.036   16104657.336          0.003 2138
 936.601   11295799.288          0.002 2138
 547.061    6739724.166          0.001 2138
 919.676   11033929.247          0.002 2138
 691.806    8558933.013          0.002 2138
1070.495   12192283.495          0.003 2138
1452.155   17243661.891          0.004 2138
1470.829   16448910.971          0.003 2152
 884.107   10368289.596          0.002 2152
1498.265   16169531.749          0.003 1376
1037.052   11615910.807          0.002 1376
 964.764   10975007.137          0.002 1376
 653.621    7533706.093          0.002 1376
 605.918    6798848.838          0.001 1376
 898.869    9216785.346          0.002 1376
 592.846    7871002.573          0.002 1290
   0.000          0.000          0.000 1290
   0.000          0.000          0.000 1291
 216.543    2258745.792          0.001 1291
 151.141    1736870.343          0.000 1333
 216.775    2497828.271          0.001 1333
 283.810    3281986.765          0.001 1333
 599.934    6836223.485          0.001 1333
1042.370   12091979.311          0.003 1333
 644.636    7510939.499          0.002 1333
1070.150   12104708.960          0.003 1333
1165.887   12471531.052          0.003 1333
1290.443   15242873.813          0.003 2116
1017.102   12146297.086          0.003 2116
 746.918    9067716.039          0.002 2116
1194.049   15081185.682          0.003 2116
 808.842    9903990.093          0.002 2116
1064.380   13235695.252          0.003 2116
 959.225   12033280.723          0.003 2133
 813.860   10003230.393          0.002 2133
 995.383   12201817.341          0.003 2133
1484.966   18961708.721          0.004 2133
1438.043   17270730.604          0.004 2138
 897.199   10689904.593          0.002 2138
 519.805    6383144.136          0.001 2138
 736.774    8911220.573          0.002 2138
 752.421    9379136.271          0.002 2138
 574.325    7063287.872          0.001 2138
 928.261   11452461.491          0.002 2138
1542.478   20210477.167          0.004 2138
1464.872   15702854.410          0.003 2152
 977.934   11360707.089          0.002 2152
 800.816    9429948.844          0.002 2152
1358.574   15714682.695          0.003 2152
1729.411   21672717.094          0.005 1376
1017.850   11536916.350          0.002 1376
 691.189    7990650.956          0.002 1376
 552.824    6363570.896          0.001 1376
 430.204    4921307.575          0.001 1376
 521.770    5654663.785          0.001 1376
 429.441    4646633.369          0.001 1376
 479.232    5124647.701          0.001 1376
 570.514    7760427.501          0.002 1376
   0.000          0.000          0.000 1332
   0.000          0.000          0.000 1333
  64.089     733733.356          0.000 1333
  85.059     974709.741          0.000 1333
 424.359    4579301.760          0.001 1333
 340.167    3798201.207          0.001 1333
 569.501    6341184.595          0.001 1333
 377.757    4337031.624          0.001 1333
 654.881    7532320.057          0.002 1333
 929.334   10340592.320          0.002 1333
 893.679   10182477.807          0.002 1333
1392.056   15742814.282          0.003 2116
 832.528   10012861.452          0.002 2116
1010.064   12184084.132          0.003 2116
1264.575   15014768.768          0.003 2116
 696.428    8468717.243          0.002 2116
 646.981    7857235.645          0.002 2116
1028.404   11934281.489          0.002 2116
1474.020   16149343.082          0.003 2116
1018.964   11546112.727          0.002 2133
 813.925    9689447.245          0.002 2133
 650.753    7939955.217          0.002 2133
 947.747   11187128.048          0.002 2133
1440.342   17417941.390          0.004 2133
1332.950   15582426.031          0.003 2138
 922.160   10954735.067          0.002 2138
 473.142    5778133.025          0.001 2138
 618.625    7641726.058          0.002 2138
1069.837   12487621.211          0.003 2138
1559.765   19177797.357          0.004 2138
1661.774   18146744.825          0.004 2152
1346.471   17274265.215          0.004 2152
 737.076    8678946.189          0.002 2152
1108.032   13155485.736          0.003 2152
1491.339   16164472.276          0.003 2152
1309.864   14143825.887          0.003 1376
 790.797    9121730.108          0.002 1376
1090.118   13630858.074          0.003 1376
 779.859    9031532.177          0.002 1376
 349.089    3976566.095          0.001 1376
 281.561    3197606.061          0.001 1376
 201.250    2277290.632          0.001 1376
 124.029    1398591.278          0.000 1376
  48.150     541616.538          0.000 1376
   0.000          0.000          0.000 1376
   0.000          0.000          0.000 1377
 369.830    3829779.495          0.001 1333
 808.548   12638228.734          0.003 1333
 847.130   10494081.475          0.002 1333
 771.168    7629068.719          0.002 1333
 653.744    7261526.047          0.002 1333
 527.657    6006097.379          0.001 1333
 916.960   10571680.143          0.002 1333
1164.155   12707023.062          0.003 1333
1512.253   16631562.492          0.004 1333
1650.837   23600486.078          0.005 2116
1087.292   12429235.927          0.003 2116
 624.966    7519390.855          0.002 2116
1183.831   14901393.092          0.003 2116
 918.097   10634482.826          0.002 2116
1022.343   12745626.458          0.003 2116
1246.353   14034288.709          0.003 2116
1578.071   18570051.364          0.004 2133
1156.542   12467280.495          0.003 2133
 868.524   10407855.230          0.002 2133
 567.102    6892051.478          0.001 2133
 700.131    8331086.945          0.002 2133
 879.608   10033116.731          0.002 2133
1519.638   17666727.653          0.004 2133
1350.757   17104310.554          0.004 2138
 892.655   12026328.101          0.003 2138
 816.551    9527815.470          0.002 2138
 788.689    9392728.110          0.002 2138
1005.211   13280712.841          0.003 2138
1703.118   21873939.768          0.005 2152
1029.810   11349891.946          0.002 2152
 663.464    7799194.917          0.002 2152
 916.927   10386547.733          0.002 2152
1598.575   17975177.119          0.004 2152
1184.078   12642864.904          0.003 1376
1143.714   12682936.854          0.003 1376
 612.979    6949824.911          0.002 1376
 583.400    6446912.805          0.001 1376
 432.467    4489597.280          0.001 1376
 577.894    7409803.678          0.002 1376
   0.000          0.000          0.000 1417
   0.000          0.000          0.000 1418
 712.176    8484517.670          0.002 1459
 727.217    8163365.836          0.002 1459
 888.176   10684615.594          0.002 1459
 995.262   10960051.022          0.002 1333
 715.809    8005375.529          0.002 1333
1291.396   14450039.917          0.003 1333
1430.283   14947222.059          0.003 2108
1546.265   16944417.172          0.004 2108
1133.582   12726102.462          0.003 2116
 803.298    9430289.654          0.002 2116
 542.205    6479228.214          0.001 2116
 955.678   12301067.445          0.003 2116
 654.912    7752053.006          0.002 2116
 538.009    6459180.729          0.001 2116
 871.993   10001175.051          0.002 2116
1423.493   16208339.336          0.003 2116
1341.303   16411911.442          0.003 2133
1055.979   13445377.274          0.003 2133
 511.124    6175092.985          0.001 2133
 816.927   10665041.468          0.002 2133
1104.489   11905498.315          0.003 2133
1372.543   14243704.981          0.003 2138
1169.613   12283588.532          0.003 2138
 633.897    7542165.917          0.002 2138
 411.054    4984306.326          0.001 2138
 812.295   10091708.532          0.002 2138
 434.739    5262072.290          0.001 2138
 557.574    6637866.941          0.001 2138
 939.925   10058998.241          0.002 2138
1611.229   24042730.184          0.005 2152
1218.517   13637986.870          0.003 2152
 596.183    6993468.320          0.001 2152
1173.263   13411448.602          0.003 2152
1483.032   15975619.977          0.003 1376
1085.191   11673656.050          0.003 1376
 916.005   10336195.510          0.002 1376
 931.829   11374931.014          0.003 1581
 759.804    8388139.608          0.002 1376
 654.152    9405342.832          0.002 1458
   0.000          0.000          0.000 1458
   0.000          0.000          0.000 1459
 200.404    2206764.768          0.001 1459
 407.317    4573475.298          0.001 1459
 621.425    7175179.624          0.002 1459
 953.369   11723616.295          0.003 1459
1288.113   15532360.749          0.003 1333
 933.692   10035468.832          0.002 1333
1166.523   12525353.200          0.003 1333
1574.765   18861478.039          0.004 2108
1049.415   11811890.868          0.003 2108
1422.665   17216163.597          0.004 2108
1139.582   12760549.990          0.003 2116
 851.969    9886030.160          0.002 2116
 463.889    5510693.753          0.001 2116
 449.444    5351704.427          0.001 2116
 728.383    8674776.925          0.002 2116
1080.771   13347012.293          0.003 2133
1276.229   16253096.679          0.003 2133
1049.051   13600374.582          0.003 2133
 663.012    7901885.585          0.002 2133
1196.693   13974275.788          0.003 2133
 805.551    9066337.066          0.002 2138
 463.449    5537052.019          0.001 2138
 536.022    6392990.121          0.001 2138
 357.920    4305524.280          0.001 2138
 887.619   10697319.081          0.002 2138
 896.098    9388777.259          0.002 2138
1405.205   16016205.646          0.003 2138
1228.544   15891509.517          0.003 2152
 969.811   11219105.633          0.002 2152
 563.541    6604665.793          0.001 2152
1133.773   15024584.246          0.003 2152
1217.727   13899894.065          0.003 2152
1384.302   15280922.304          0.003 2152
1452.721   18250130.958          0.004 1581
1206.348   16243543.564          0.004 1581
1084.467   13505322.179          0.003 1581
 760.752    8496292.491          0.002 1581
 833.063   10045513.693          0.002 1581
 862.827   14489810.180          0.003 1500
 209.730    2329023.208          0.001 1500
   0.000          0.000          0.000 1500
   0.000          0.000          0.000 1501
 541.324    5910908.152          0.001 1542
 747.603   10313555.551          0.002 1542
 984.437   12324156.520          0.003 1459
 982.254   10790902.314          0.002 1542
1037.553   12184414.698          0.003 1542
1514.188   18550491.235          0.004 1333
1276.326   13765523.004          0.003 2108
1258.513   14881285.124          0.003 2108
 842.383    9597997.978          0.002 2108
1156.117   13342124.524          0.003 2108
1296.172   14520418.759          0.003 2116
 782.560    9007677.073          0.002 2116
 390.079    4621187.385          0.001 2116
 590.229    6968893.338          0.001 2116
1039.408   12953452.636          0.003 2116
1295.888   15635466.709          0.003 2116
1260.102   15177538.803          0.003 2133
 835.397   10067727.138          0.002 2133
 710.381    8510501.492          0.002 2133
 447.713    5375465.618          0.001 2133
 783.364    9085658.983          0.002 2133
1265.729   15792964.544          0.003 2133
1152.329   13331545.972          0.003 2138
 997.999   10948557.921          0.002 2138
 343.225    4129418.684          0.001 2138
 701.854    8219810.620          0.002 2138
1110.268   12627683.855          0.003 2138
 988.498   12283578.742          0.003 2152
 681.357    7873707.677          0.002 2152
 747.420    9743916.818          0.002 2152
1055.578   12015828.210          0.003 2152
1113.817   12274928.933          0.003 2152
1408.573   16017569.608          0.004 1581
1056.298   12116824.968          0.003 1581
 915.789   10450809.392          0.002 1581
 635.395    7152365.891          0.002 1581
 417.415    4624838.901          0.001 1581
 576.680    6390830.849          0.001 1581
 314.672    3048804.172          0.001 1541
   0.000          0.000          0.000 1541
   0.000          0.000          0.000 1542
 111.007    1211032.002          0.000 1542
 477.030    5154737.941          0.001 1542
 842.043   10296999.671          0.002 1542
 590.680    6603990.946          0.001 1542
 773.156    8795133.148          0.002 1542
1051.511   12043664.648          0.003 1542
1437.686   17249467.413          0.004 1542
 980.065   10848802.656          0.002 2108
1027.394   12018394.014          0.003 2108
 731.479    8316618.864          0.002 2108
 875.041   10047938.757          0.002 2108
1147.996   12745874.866          0.003 2116
 391.076    4623485.268          0.001 2116
 605.693    7075332.048          0.002 2116
 990.503   11393043.362          0.002 2116
1042.742   11352163.464          0.002 2116
1357.565   16027292.965          0.003 2116
 997.539   11567088.395          0.003 2133
 682.940    8133612.642          0.002 2133
 415.347    4971701.946          0.001 2133
 896.554   10608650.602          0.002 2133
1346.669   17357941.284          0.004 2138
 767.879    8961572.491          0.002 2138
 802.690    9443425.531          0.002 2138
 286.412    3426130.682          0.001 2138
 985.428   14044945.323          0.003 2138
1207.644   13829304.813          0.003 2138
1392.773   17555849.383          0.004 2144
1196.821   14182869.424          0.003 2152
 828.272    9935283.211          0.002 2152
 467.297    5461879.276          0.001 2152
 795.196    9090542.441          0.002 2152
1317.647   14930583.130          0.003 1581
1058.683   12153564.454          0.003 1581
 548.101    6037618.514          0.001 1581
 304.517    3351310.156          0.001 1581
 161.764    1771322.512          0.000 1581
  46.881     511862.856          0.000 1581
   0.000          0.000          0.000 1581
   0.000          0.000          0.000 1582
 276.812    2942195.892          0.001 1542
 235.639    2581494.666          0.001 1542
 365.916    4023140.967          0.001 1542
 655.993    7286730.622          0.002 1542
1045.491   11774336.054          0.003 1542
1311.234   16544839.198          0.004 2108
 715.716    8014573.283          0.002 2108
 735.736    8425124.277          0.002 2108
 622.491    7052401.744          0.002 2108
1087.770   11687226.688          0.003 2108
 689.890    7921585.109          0.002 2116
 323.522    3808195.545          0.001 2116
 735.648    8384069.627          0.002 2116
 742.696    8403897.785          0.002 2116
1393.033   14969947.505          0.003 2116
 995.216   11449282.631          0.003 2133
 674.480    7937519.311          0.002 2133
 602.002    7065879.972          0.002 2133
 825.438    9670227.825          0.002 2133
1189.842   13285019.799          0.003 2138
 650.430    7529026.479          0.002 2138
1029.692   11471892.138          0.003 2138
 666.351    7529403.049          0.002 2138
 888.952    9671343.521          0.002 2138
1194.968   14550530.376          0.003 2144
1295.607   15643336.878          0.003 2152
 654.840    7708392.966          0.002 2152
 986.933   12146084.483          0.003 2152
 927.383   12830644.028          0.003 2152
 392.715    4576103.319          0.001 2152
 561.294    6417839.518          0.001 2152
 595.491    6831364.948          0.001 2152
1105.498   12425002.182          0.003 2152
1240.425   13974108.764          0.003 2161
1058.558   11583944.683          0.003 1581
 739.811    8160357.367          0.002 1581
 680.562    7436063.847          0.002 1581
 604.925    6319201.812          0.001 1581
 563.544    6508244.411          0.002 1581
   0.000          0.000          0.000 1622
   0.000          0.000          0.000 1623
 444.668    5123536.679          0.001 1623
 741.121   11087593.441          0.003 1542
 735.378    7687208.932          0.002 1542
 503.185    5523015.464          0.001 1542
 900.482    9896808.474          0.002 1542
1446.065   19637948.476          0.004 1542
1150.039   11965857.307          0.003 2108
 632.702    7082664.686          0.002 2108
 603.512    6849111.881          0.002 2108
 519.734    5861846.521          0.001 2108
 611.304    6876069.321          0.002 2108
1198.912   14593717.650          0.003 2108
 649.657    7452116.047          0.002 2116
 451.433    5217926.397          0.001 2116
 395.465    4589401.049          0.001 2116
 472.341    5464308.538          0.001 2116
 927.430    9979072.164          0.002 2116
1067.533   12088980.478          0.003 2133
 513.241    6036032.136          0.001 2133
 354.503    4217281.417          0.001 2133
 632.119    7022273.482          0.002 2133
1113.531   12422254.975          0.003 2133
 693.925    7855185.268          0.002 2138
 497.563    5711821.926          0.001 2138
 852.018   10732347.768          0.002 2138
 241.359    2875676.083          0.001 2138
 611.394    7074977.280          0.002 2138
1008.974   10607519.060          0.002 2138
 917.499   10704967.000          0.002 2144
1089.075   14598897.842          0.003 2152
 539.606    6285122.777          0.001 2152
 739.591    8074196.518          0.002 2152
 340.067    3950317.004          0.001 2152
 473.189    5417728.392          0.001 2152
 859.654    9724432.280          0.002 2152
1334.619   14808673.616          0.003 2161
1284.394   18703408.703          0.004 2161
 840.144    9423938.218          0.002 2161
1148.339   13244130.418          0.003 2161
1126.987   12047340.829          0.003 1581
1039.867   12353030.588          0.003 1712
 854.997    9952032.288          0.002 1712
 711.229   10232402.699          0.002 1581
 390.635    4097278.586          0.001 1668
   0.000          0.000          0.000 1668
   0.000          0.000          0.000 1669
 149.867    1617146.707          0.000 1669
 461.120    5356621.124          0.001 1669
 947.670   14986849.964          0.003 1542
 759.077    7952286.324          0.002 1542
1117.207   14221815.359          0.003 1542
1191.685   13863255.874          0.003 2108
 504.780    5655358.917          0.001 2108
 425.780    4787243.794          0.001 2108
 975.854   14425148.520          0.003 2108
1169.042   12766498.493          0.003 2108
 986.965   10889278.142          0.002 2116
 559.192    6326804.185          0.001 2116
 270.209    3164520.302          0.001 2116
 827.461   11584612.986          0.003 2116
 942.300   10141000.618          0.002 2116
1461.015   15869486.815          0.003 2116
1235.995   13076801.513          0.003 2126
 901.547   10314179.497          0.002 2133
 762.562    8633126.799          0.002 2133
 407.404    4782463.661          0.001 2133
 302.952    3582438.427          0.001 2133
1020.252   12092208.827          0.003 2133
 892.747   12898442.987          0.003 2138
 375.527    4306632.512          0.001 2138
 415.398    4746665.266          0.001 2138
 488.862    5516350.207          0.001 2138
1190.331   12995222.522          0.003 2138
1001.305   11482515.664          0.003 2144
1030.227   11597638.004          0.003 2144
 718.796    8161642.121          0.002 2152
 452.511    5237663.232          0.001 2152
 731.382   10005589.538          0.002 2152
 401.876    4600574.532          0.001 2152
 702.929    7925209.082          0.002 2152
1163.712   13500649.877          0.003 2152
 975.245   10756233.758          0.002 2161
 657.994    7332116.893          0.002 2161
1273.489   14756758.106          0.003 2161
1382.702   16632812.685          0.004 2161
1066.892   11135868.603          0.003 1792
 526.574    5890122.473          0.001 1712
 259.589    2836641.073          0.001 1712
   0.000          0.000          0.000 1712
   0.000          0.000          0.000 1713
 720.146    7932805.200          0.002 1751
 863.870   11192964.661          0.003 1669
1191.524   11830915.217          0.003 1542
1026.001   11246923.220          0.003 2100
1238.645   13462055.098          0.003 2100
1287.208   16855681.420          0.004 2108
1011.179   13763578.780          0.003 2108
 369.942    4143294.800          0.001 2108
 377.629    4237529.727          0.001 2108
 787.634    8650736.338          0.002 2108
1121.992   14730156.923          0.003 2116
 504.649    5692622.626          0.001 2116
 546.769    4986901.328          0.001 2116
1073.534   10530150.920          0.002 2116
1100.206   12527281.054          0.003 2120
1270.190   16579428.172          0.004 2126
 719.805    8367849.708          0.002 2133
 276.472    3259705.686          0.001 2133
 641.131    7397901.242          0.002 2133
 744.710    7814505.866          0.002 2138
 290.321    3337664.430          0.001 2138
 201.787    2395018.105          0.001 2138
 774.498    9311977.221          0.002 2138
1156.310   17236326.485          0.004 2144
 640.890    7196738.950          0.002 2144
1152.689   14010785.819          0.003 2152
 358.522    4130110.750          0.001 2152
 269.215    3110165.993          0.001 2152
 329.325    3771484.313          0.001 2152
1085.041   13486817.715          0.003 2152
1318.563   16500578.230          0.004 2161
 694.806    7687098.531          0.002 2161
1042.764   12288216.035          0.003 2161
1313.742   16079741.733          0.004 2161
1196.134   14330119.648          0.003 1792
 634.384    6692659.740          0.002 1792
   0.000          0.000          0.000 1750
   0.000          0.000          0.000 1751
 206.973    2172450.474          0.001 1751
 753.840    8037816.111          0.002 1751
1238.377   16037194.586          0.004 2100
1274.313   16020240.742          0.004 2100
 797.512    8734921.898          0.002 2100
 945.789   10372217.696          0.002 2100
 774.223    8391089.402          0.002 2108
 836.664   12144023.734          0.003 2108
 304.630    3407685.508          0.001 2108
 845.818   10072051.295          0.002 2108
 909.070   10068082.045          0.002 2116
 337.549    3832264.575          0.001 2116
 217.521    2537297.042          0.001 2116
 793.313    8980417.766          0.002 2116
 878.703   13217672.638          0.003 2120
 945.605   10759466.375          0.002 2120
 832.481    9004194.993          0.002 2126
1072.631   10988392.586          0.002 2126
 799.469    9393604.685          0.002 2133
 248.183    2919463.383          0.001 2133
 561.975    6307602.303          0.001 2138
 225.589    2612206.189          0.001 2138
 177.845    2106177.765          0.000 2138
 334.522    3797955.528          0.001 2138
 941.532    9216527.467          0.002 2138
1060.202   12091503.926          0.003 2144
 548.948    6122532.624          0.001 2144
1020.722   11828943.517          0.003 2144
 831.992    8640970.032          0.002 2152
 655.710    6925623.417          0.002 2152
 220.153    2529211.499          0.001 2152
 661.814    7332595.510          0.002 2152
 896.095    9879989.782          0.002 2161
 444.029    4900163.527          0.001 2161
 981.876   10903078.647          0.002 2161
 732.786    8030508.375          0.002 2161
 787.860    8337077.773          0.002 1792
 537.138    5686892.763          0.001 1792
 350.687    3716020.882          0.001 1792
 183.773    1943519.710          0.000 1792
   0.000          0.000          0.000 1792
   0.000          0.000          0.000 1793
 480.355    5006620.289          0.001 1751
1024.100   11822974.027          0.003 1751
 978.857   12421790.885          0.003 2100
 668.257    7272808.289          0.002 2100
1106.991   12224414.254          0.003 2108
 532.137    5839905.326          0.001 2108
 265.215    2961787.937          0.001 2108
 863.814    9966414.852          0.002 2108
1200.720   14895209.206          0.003 2116
 689.353    7622662.296          0.002 2116
 171.390    1993291.730          0.000 2116
 493.286    5432307.219          0.001 2116
1004.921   12845218.956          0.003 2120
 653.202    7411471.129          0.002 2120
1167.909   16787434.170          0.004 2126
 614.768    6657052.828          0.002 2126
 986.591   11835038.087          0.003 2126
 738.090    9223432.808          0.002 2133
 707.441    7777410.090          0.002 2133
 900.402   10943984.005          0.003 2138
 343.937    3832161.903          0.001 2138
 148.759    1756960.529          0.000 2138
 675.538    8569011.690          0.002 2138
 900.120    9585073.479          0.002 2138
 711.545    7934059.826          0.002 2144
 477.724    5304388.118          0.001 2144
 789.787   10686213.370          0.002 2152
 190.957    2190863.061          0.000 2152
 787.043   10653633.128          0.002 2152
1017.320   10925914.321          0.003 2152
1187.763   12738507.582          0.003 2161
 553.132    6063907.323          0.001 2161
 648.806    7042068.973          0.002 2161
 563.724    6180428.079          0.001 2161
1155.212   14270775.318          0.003 2161
 696.169    7511898.025          0.002 1792
 418.648    4236048.065          0.001 1792
 265.123    2868871.244          0.001 1832
   0.000          0.000          0.000 1832
   0.000          0.000          0.000 1833
 604.484    8019584.589          0.002 1833
 881.685   10096729.300          0.002 1751
1079.965   13806136.563          0.003 1751
 554.017    6044669.663          0.001 2100
 534.876    5843872.718          0.001 2100
 757.945    8140980.208          0.002 2100
 793.908    8646708.854          0.002 2108
 217.655    2425444.350          0.001 2108
 556.422    5846797.645          0.001 2108
1139.019   14897881.291          0.003 2108
 548.010    5690453.636          0.001 2116
 147.928    1718457.047          0.000 2116
 782.521    8843962.459          0.002 2116
 570.994    6997149.117          0.002 2120
 874.077    9767016.489          0.002 2120
 879.146    9420827.909          0.002 2126
 440.319    4769920.626          0.001 2126
 193.473    2266036.328          0.000 2133
 411.188    4531723.322          0.001 2133
 925.514   12189266.889          0.003 2138
 406.042    4471058.576          0.001 2138
 119.304    1406959.251          0.000 2138
 712.415    7771144.785          0.002 2138
1137.256   13261948.675          0.003 2142
 594.805    6539913.704          0.002 2144
 375.767    4144500.995          0.001 2144
 849.882    9310761.404          0.002 2144
1089.954   13214573.370          0.003 2152
 363.654    4018555.722          0.001 2152
 166.879    1912488.947          0.000 2152
 547.334    5955136.627          0.001 2152
 699.453    7521057.611          0.002 2152
1218.644   14405430.545          0.003 2158
1129.774   13014519.861          0.003 2161
 813.235    9079036.529          0.002 2161
 325.093    3555454.838          0.001 2161
 739.313    7895934.177          0.002 2161
1219.149   13712460.953          0.003 1792
1036.528   14284439.577          0.003 1792
 766.697   10234132.211          0.002 1919
 300.621    3172294.865          0.001 1875
   0.000          0.000          0.000 1875
   0.000          0.000          0.000 1876
 163.813    1708861.371          0.000 1876
 579.029    6041922.330          0.001 1876
 830.529    8649731.492          0.002 1876
 809.604    8608872.174          0.002 2100
 343.366    3724842.866          0.001 2100
 400.842    4342930.733          0.001 2100
1103.374   13141930.062          0.003 2100
 730.210    8691038.701          0.002 2108
 631.279    8440093.492          0.002 2108
1091.920   13296922.417          0.003 2108
 837.322   10147906.652          0.002 2114
 613.581    6761106.076          0.002 2116
 133.216    1546691.197          0.000 2116
 614.177    6546676.443          0.002 2116
 879.976   11111457.817          0.003 2120
 355.478    4002762.706          0.001 2120
 542.332    6076383.731          0.001 2120
 484.038    5187039.298          0.001 2126
 589.675    6196053.897          0.001 2126
 537.028    5986410.424          0.001 2133
 161.977    1892226.722          0.000 2133
 299.257    3319953.958          0.001 2133
 911.542   11476419.357          0.003 2133
 524.557    7152392.907          0.002 2138
 536.142    5748628.435          0.001 2138
1036.163   11503916.148          0.003 2142
 851.401   10983683.401          0.003 2144
 312.691    3437881.070          0.001 2144
 744.795    8160113.378          0.002 2144
 927.328   12006621.273          0.003 2152
 507.758    5535620.539          0.001 2152
 139.757    1599352.853          0.000 2152
 458.329    5000366.825          0.001 2152
 917.669    9976029.091          0.002 2158
 849.977    9347498.951          0.002 2158
1016.722   14815330.548          0.003 2158
 252.892    2768910.573          0.001 2161
 811.447   10055241.724          0.002 2161
1174.848   13020945.510          0.003 2167
1154.147   12336548.078          0.003 2167
 772.431    8435321.299          0.002 1919
 169.020    1737057.687          0.000 1919
   0.000          0.000          0.000 1919
   0.000          0.000          0.000 1920
 575.441    6422021.452          0.002 1962
 929.795   10809424.601          0.003 2096
 800.807    9777556.350          0.002 2100
 236.556    2557073.784          0.001 2100
 572.239    5881786.801          0.001 2100
 850.928    9795888.741          0.002 2105
 672.745    6978874.827          0.002 2108
 148.179    1647483.087          0.000 2108
 692.029    7405810.119          0.002 2108
 832.043    8658676.992          0.002 2111
 552.020    6243178.586          0.001 2114
 438.908    4628233.931          0.001 2116
  95.152    1102881.378          0.000 2116
 859.667   10202871.304          0.002 2116
 299.819    3355768.362          0.001 2120
 960.190   11302695.097          0.003 2126
 294.483    3178689.262          0.001 2126
 439.417    4932717.201          0.001 2133
 119.898    1395310.431          0.000 2133
 676.163    8094596.620          0.002 2133
 907.639   10687436.723          0.003 2134
 570.742    5849011.856          0.001 2138
  83.670     985041.115          0.000 2138
 477.138    5100038.056          0.001 2138
 952.476    9969339.474          0.002 2138
 559.962    5953655.740          0.001 2142
 778.791    8926185.576          0.002 2144
 267.132    2931000.394          0.001 2144
 845.564   11726119.097          0.003 2144
 870.873    8966761.877          0.002 2148
 408.721    4379042.436          0.001 2152
 268.650    2915280.241          0.001 2152
 898.196    9886526.616          0.002 2152
 556.267    5992138.875          0.001 2158
 720.118    8162736.190          0.002 2161
 196.729    2149959.581          0.000 2161
 894.190    9746587.655          0.002 2161
 658.047    6988058.514          0.002 2167
 784.721   10446723.766          0.002 1919
 336.711    3469927.452          0.001 1961
   0.000          0.000          0.000 1961
   0.000          0.000          0.000 1962
 207.149    2140682.534          0.001 1962
 726.126    7633808.473          0.002 1962
 731.629    7579028.239          0.002 2096
 590.649    6032202.105          0.001 2100
 202.118    2182026.703          0.001 2100
 874.793   12268829.773          0.003 2100
 554.042    6090556.157          0.001 2105
 710.978   14072180.663          0.003 2108
 108.136    1200652.680          0.000 2108
 672.531    8795574.188          0.002 2108
 541.543    5619795.261          0.001 2111
 361.020    3943550.217          0.001 2114
 705.813   11434151.150          0.003 2114
  69.739     807579.003          0.000 2116
 563.924    6451070.540          0.002 2116
 563.073    6075166.195          0.001 2120
 228.287    2538086.004          0.001 2120
 403.300    4383837.924          0.001 2120
 872.220    9115904.653          0.002 2120
 426.097    4513855.100          0.001 2126
 448.498    4456995.633          0.001 2126
  97.546    1133714.434          0.000 2133
 590.908    7300438.500          0.002 2133
 889.961   10622718.859          0.003 2138
  62.315     733025.522          0.000 2138
 604.890    7533821.739          0.002 2138
 331.576    3493154.523          0.001 2142
 198.425    2170596.768          0.000 2144
 415.904    4423489.360          0.001 2144
 643.040    6680178.339          0.002 2148
 612.236    6344366.571          0.002 2148
 828.223    9963588.663          0.002 2152
  86.815     990789.830          0.000 2152
 678.038    7203486.694          0.002 2152
 987.975   12727379.336          0.003 2156
 445.039    4687678.797          0.001 2158
 716.924   13686257.773          0.003 2161
 146.627    1599559.103          0.000 2161
 441.160    4675779.709          0.001 2161
 653.855    6711351.566          0.002 2163
 695.953    8380629.450          0.002 2167
 423.131    4465719.611          0.001 2167
 776.560    9635439.481          0.002 2006
   0.000          0.000          0.000 2006
   0.000          0.000          0.000 2007
 566.325    9106832.317          0.002 2007
 299.646    3097755.616          0.001 2096
 606.611    6535563.294          0.002 2096
 120.120    1292654.481          0.000 2100
 673.955    8567911.129          0.002 2103
 290.316    3103442.172          0.001 2105
  62.794     696414.776          0.000 2108
 641.754    8664014.605          0.002 2108
 255.625    2749163.378          0.001 2114
 516.976    6055498.331          0.001 2116
 612.584    7037387.547          0.002 2116
 354.241    3682147.812          0.001 2120
 151.473    1676294.859          0.000 2120
 697.302   10081961.310          0.002 2122
 652.149    7487625.890          0.002 2124
 136.976    1471012.941          0.000 2126
 690.168    7986081.393          0.002 2128
  65.241     757226.637          0.000 2133
 364.256    3802792.337          0.001 2134
 644.369    8889743.930          0.002 2138
  44.195     519514.848          0.000 2138
 667.317   10650753.891          0.003 2138
 233.537    2451191.041          0.001 2142
 383.673    3957064.736          0.001 2144
 121.014    1317759.722          0.000 2144
 454.280    4733230.360          0.001 2144
 304.074    3161823.256          0.001 2148
 654.040    9003116.734          0.002 2151
  56.241     640325.612          0.000 2152
 602.503    6299919.351          0.002 2155
 536.169    5592061.116          0.001 2156
 239.200    2523452.439          0.001 2158
 501.511    5154779.026          0.001 2161
 101.700    1107504.788          0.000 2161
 303.795    3133007.456          0.001 2163
 620.592    8740564.868          0.002 2164
 616.390    6715468.041          0.002 2167
 224.076    2334278.622          0.001 2167
 585.449    8138577.536          0.002 2047
   0.000          0.000          0.000 2047
   0.000          0.000          0.000 2048
 304.608    3024796.221          0.001 2094
 164.823    1698798.911          0.000 2096
 382.800    3920866.660          0.001 2098
  60.332     647298.365          0.000 2100
 474.994    4984608.850          0.001 2102
 322.373    3176992.132          0.001 2104
 168.762    1785473.256          0.000 2105
 279.507    2796411.048          0.001 2107
 423.750    5729409.724          0.001 2109
 452.430    5222168.373          0.001 2110
 171.539    1765369.478          0.000 2111
 353.391    3514257.968          0.001 2113
 138.479    1467361.006          0.000 2114
  19.738     228162.911          0.000 2116
 306.380    3081152.401          0.001 2118
  58.285     640203.058          0.000 2120
 212.070    2128447.526          0.001 2122
 198.158    1981569.361          0.000 2124
  48.341     518027.176          0.000 2126
 439.547    4554827.200          0.001 2127
 259.388    2614973.518          0.001 2129
 322.127    3575091.147          0.001 2131
  26.468     306696.707          0.000 2133
 190.853    1971241.387          0.000 2134
 339.265    3465298.519          0.001 2136
  18.987     222958.743          0.000 2138
 290.373    2900317.307          0.001 2140
 124.873    1303736.822          0.000 2142
  56.433     612128.357          0.000 2144
 345.889    3475772.736          0.001 2146
 120.464    1245113.005          0.000 2148
 335.895    3334012.350          0.001 2150
  23.325     265295.586          0.000 2152
 346.275    3457735.914          0.001 2154
 160.063    1633457.939          0.000 2156
 111.709    1169817.557          0.000 2158
 454.199    5575236.613          0.001 2161
  38.952     423268.269          0.000 2161
 147.834    1519284.995          0.000 2163
 338.948    3386727.511          0.001 2165
 103.490    1072699.928          0.000 2167
 486.004    5343750.629          0.001 2169
   0.000          0.000          0.000 2091
   0.000          0.000          0.000 2092
   0.000          0.000          0.000 2093
   0.000          0.000          0.000 2094
   0.000          0.000          0.000 2095
   0.000          0.000          0.000 2096
   0.000          0.000          0.000 2097
   0.000          0.000          0.000 2098
   0.000          0.000          0.000 2099
   0.000          0.000          0.000 2100
   0.000          0.000          0.000 2101
   0.000          0.000          0.000 2102
   0.000          0.000          0.000 2103
   0.000          0.000          0.000 2104
   0.000          0.000          0.000 2105
   0.000          0.000          0.000 2106
   0.000          0.000          0.000 2107
   0.000          0.000          0.000 2108
   0.000          0.000          0.000 2109
   0.000          0.000          0.000 2110
   0.000          0.000          0.000 2111
   0.000          0.000          0.000 2112
   0.000          0.000          0.000 2113
   0.000          0.000          0.000 2114
   0.000          0.000          0.000 2115
   0.000          0.000          0.000 2116
   0.000          0.000          0.000 2117
   0.000          0.000          0.000 2118
   0.000          0.000          0.000 2119
   0.000          0.000          0.000 2120
   0.000          0.000          0.000 2121
   0.000          0.000          0.000 2122
   0.000          0.000          0.000 2123
   0.000          0.000          0.000 2124
   0.000          0.000          0.000 2125
   0.000          0.000          0.000 2126
   0.000          0.000          0.000 2127
   0.000          0.000          0.000 2128
   0.000          0.000          0.000 2129
   0.000          0.000          0.000 2130
   0.000          0.000          0.000 2131
   0.000          0.000          0.000 2132
   0.000          0.000          0.000 2133
   0.000          0.000          0.000 2134
   0.000          0.000          0.000 2135
   0.000          0.000          0.000 2136
   0.000          0.000          0.000 2137
   0.000          0.000          0.000 2138
   0.000          0.000          0.000 2139
   0.000          0.000          0.000 2140
   0.000          0.000          0.000 2141
   0.000          0.000          0.000 2142
   0.000          0.000          0.000 2143
   0.000          0.000          0.000 2144
   0.000          0.000          0.000 2145
   0.000          0.000          0.000 2146
   0.000          0.000          0.000 2147
   0.000          0.000          0.000 2148
   0.000          0.000          0.000 2149
   0.000          0.000          0.000 2150
   0.000          0.000          0.000 2151
   0.000          0.000          0.000 2152
   0.000          0.000          0.000 2153
   0.000          0.000          0.000 2154
   0.000          0.000          0.000 2155
   0.000          0.000          0.000 2156
   0.000          0.000          0.000 2157
   0.000          0.000          0.000 2158
   0.000          0.000          0.000 2159
   0.000          0.000          0.000 2160
   0.000          0.000          0.000 2161
   0.000          0.000          0.000 2162
   0.000          0.000          0.000 2163
   0.000          0.000          0.000 2164
   0.000          0.000          0.000 2165
   0.000          0.000          0.000 2166
   0.000          0.000          0.000 2167
   0.000          0.000          0.000 2168
   0.000          0.000          0.000 2169
   0.000          0.000          0.000 2170
   0.000          0.000          0.000 2171
 494.207    5097305.063          0.001   72
 683.669    8928781.434          0.002    7
 344.574    3749642.666          0.001  489
 192.833    2122401.186          0.000  489
 445.682    4710446.837          0.001   26
 423.728    4572799.059          0.001 2152
 350.717    3800604.593          0.001  993
 104.749    1213675.319          0.000  993
 248.425    2727463.848          0.001  993
 444.976    4670042.095          0.001   15
 440.343    4938319.805          0.001 2133
 350.268    3851009.213          0.001 2161
 375.004    4139239.463          0.001 2108
 667.052    7050103.880          0.002 2142
 966.064   11018358.337          0.003   26
 702.678    7797204.164          0.002   26
 238.937    2784801.762          0.001  993
 479.656    5490792.483          0.001  993
 451.902    5139681.818          0.001 1376
 698.452    7859385.591          0.002 1376
 420.711    4786410.861          0.001 1376
 841.671    9645080.827          0.002 1376
 605.668    6877616.649          0.002   35
 310.151    3641090.594          0.001   35
 753.393    9299055.017          0.002   35
 852.179    9764371.453          0.002 2152
 795.074    9138702.876          0.002 2152
1079.852   13236585.088          0.003 1333
 746.992    8479152.408          0.002   52
1339.604   13860555.278          0.003  993
 464.379    4367639.538          0.001 2133
 488.536    5947952.875          0.001 2138
 771.590    8553534.800          0.002   65
1155.069   12998592.111          0.003 2116
 931.391   10916326.726          0.002 2138
1027.280   12661319.898          0.003 2138
 621.930    7604704.866          0.002 2133
 643.163    7883997.279          0.002 2133
 829.434    9454069.073          0.002   60
 492.168    5701953.469          0.001   60
1299.051   14249429.610          0.003   60
1531.634   16882493.820          0.004   60
1724.576   20884543.742          0.004 1333
 756.205    9478208.019          0.002 2138
 976.876   11709445.706          0.002 2138
 622.759    6859193.670          0.002   15
 705.495    8237352.367          0.002   35
1710.119   18538897.854          0.004 2138
1815.155   18636347.731          0.004   41
1773.966   20074145.464          0.004   41
1536.930   17730007.058          0.004  993
1631.384   17761473.457          0.004 2116
1004.550   11409145.971          0.002 2152
1325.066   13663639.543          0.003 2138
 515.844    6704013.226          0.002 1581
 473.654    5106555.783          0.001 1581
 232.410    2552447.720          0.001 1581
