   0.000          0.000          0.000    1
   0.000          0.000          0.000    2
   0.000          0.000          0.000    3
   0.000          0.000          0.000    4
   0.000          0.000          0.000    5
   0.000          0.000          0.000    6
   0.000          0.000          0.000    7
   0.000          0.000          0.000    8
   0.000          0.000          0.000    9
   0.000          0.000          0.000   10
   0.000          0.000          0.000   11
   0.000          0.000          0.000   12
   0.000          0.000          0.000   13
   0.000          0.000          0.000   14
   0.000          0.000          0.000   15
   0.000          0.000          0.000   16
   0.000          0.000          0.000   17
   0.000          0.000          0.000   18
   0.000          0.000          0.000   19
   0.000          0.000          0.000   20
   0.000          0.000          0.000   21
   0.000          0.000          0.000   22
   0.000          0.000          0.000   23
   0.000          0.000          0.000   24
   0.000          0.000          0.000   25
   0.000          0.000          0.000   26
   0.000          0.000          0.000   27
   0.000          0.000          0.000   28
   0.000          0.000          0.000   29
   0.000          0.000          0.000   30
   0.000          0.000          0.000   31
   0.000          0.000          0.000   32
   0.000          0.000          0.000   33
   0.000          0.000          0.000   34
   0.000          0.000          0.000   35
   0.000          0.000          0.000   36
   0.000          0.000          0.000   37
   0.000          0.000          0.000   38
   0.000          0.000          0.000   39
   0.000          0.000          0.000   40
   0.000          0.000          0.000   41
   0.000          0.000          0.000   42
   0.000          0.000          0.000   43
   0.000          0.000          0.000   44
   0.000          0.000          0.000   45
   0.000          0.000          0.000   46
   0.000          0.000          0.000   47
   0.000          0.000          0.000   48
   0.000          0.000          0.000   49
   0.000          0.000          0.000   50
   0.000          0.000          0.000   51
   0.000          0.000          0.000   52
   0.000          0.000          0.000   53
   0.000          0.000          0.000   54
   0.000          0.000          0.000   55
   0.000          0.000          0.000   56
   0.000          0.000          0.000   57
   0.000          0.000          0.000   58
   0.000          0.000          0.000   59
   0.000          0.000          0.000   60
   0.000          0.000          0.000   61
   0.000          0.000          0.000   62
   0.000          0.000          0.000   63
   0.000          0.000          0.000   64
   0.000          0.000          0.000   65
   0.000          0.000          0.000   66
   0.000          0.000          0.000   67
   0.000          0.000          0.000   68
   0.000          0.000          0.000   69
   0.000          0.000          0.000   70
   0.000          0.000          0.000   71
   0.000          0.000          0.000   72
   0.000          0.000          0.000   73
   0.000          0.000          0.000   74
   0.000          0.000          0.000   75
   0.000          0.000          0.000   76
   0.000          0.000          0.000   77
   0.000          0.000          0.000   78
   0.000          0.000          0.000   79
   0.000          0.000          0.000   80
   0.000          0.000          0.000   81
 790.254   12481953.799          0.003    5
 182.066    1756364.986          0.000    5
 105.412    1091133.576          0.000    7
 363.971    3329003.160          0.001    8
 132.135    1360197.749          0.000   10
 237.917    2208445.763          0.001   12
 292.936    2921253.326          0.001   13
  41.877     457684.270          0.000   15
 266.296    2679840.950          0.001   17
 520.325    5155284.229          0.001   19
  65.873     690069.018          0.000   20
 726.098    8298148.056          0.002   20
 225.551    2305972.071          0.001   24
  32.197     365274.361          0.000   26
 673.826    7619151.350          0.002   26
 149.193    1532941.520          0.000   30
 308.315    3042393.014          0.001   32
 469.745    4790354.877          0.001   35
  21.719     250692.290          0.000   35
 189.794    1833635.208          0.000   37
 692.264    8128780.795          0.002   41
  26.775     306303.931          0.000   41
 222.273    2263983.250          0.001   43
 234.824    2291943.203          0.001   45
  40.598     445684.546          0.000   47
 203.002    2034538.674          0.001   49
 334.471    3042976.865          0.001   51
  32.686     376963.329          0.000   52
 211.318    1837499.144          0.001   54
 119.152    1228851.197          0.000   56
 185.570    1768944.292          0.000   58
  29.674     334593.172          0.000   60
  51.945     586544.079          0.000   60
 230.654    2287807.466          0.001   63
  50.232     546720.098          0.000   65
 670.119    9265734.162          0.002   65
 121.934    1241536.410          0.000   69
 427.898    4240239.505          0.001   72
  78.907     830579.384          0.000   72
 249.404    2462498.801          0.001   74
 147.828    1447495.093          0.000   76
 305.913    2801039.028          0.001   78
   0.000          0.000          0.000  124
   0.000          0.000          0.000  125
 475.925    4694591.378          0.001  125
 503.521    4952341.194          0.001    5
 235.772    2463497.571          0.001    7
 288.598    3007670.287          0.001   10
 665.767    6583336.724          0.002   10
 667.666    6341386.468          0.002   12
 412.387    4159070.450          0.001   15
 746.040    7989293.991          0.002   17
 156.000    1645665.383          0.000   20
 752.712   10128734.740          0.002   20
 748.593    8746543.831          0.002   24
 456.634    4581711.440          0.001   26
  58.058     659946.466          0.000   26
 392.347    4049333.454          0.001   30
 515.297    5257658.774          0.001   35
  53.242     616784.829          0.000   35
 350.609    3678772.310          0.001   35
 708.420    7245445.281          0.002   37
 601.237    7796272.269          0.002   41
  54.272     622719.327          0.000   41
 421.293    4354583.082          0.001   43
 496.288    4729154.467          0.001   45
  97.053    1071910.698          0.000   47
 391.845    3944686.610          0.001   49
 595.881    6033607.032          0.002   49
  59.410     685752.219          0.000   52
 189.028    1953190.081          0.000   56
 491.431    4997685.555          0.001   56
 626.615    6279390.854          0.002   58
  72.079     814760.925          0.000   60
 678.670    8572409.846          0.002   63
  96.545    1054051.396          0.000   65
 653.631    8701810.815          0.002   65
 245.162    2513711.114          0.001   69
 654.591   10117776.860          0.003   69
 150.082    1584581.963          0.000   72
 759.731    8168655.945          0.002   74
 314.110    3116516.058          0.001   76
 565.906    5636029.412          0.001   76
 228.738    2329593.468          0.001  166
   0.000          0.000          0.000  166
   0.000          0.000          0.000  167
 544.397    5381463.458          0.001  167
 858.751    9426412.991          0.002    7
 377.679    3985037.004          0.001    7
 518.989    5471122.141          0.001   10
1016.529   14133064.017          0.003   10
 708.727    7872276.954          0.002   15
 112.965    1236601.680          0.000   15
 775.100   11978107.152          0.003   20
 442.974    4758060.330          0.001   20
 553.909    5739106.232          0.001   20
 893.002   11444834.772          0.003   26
 333.257    4264665.640          0.001   26
  85.079     969099.657          0.000   26
 459.020    4702242.519          0.001   26
 490.226    5208684.488          0.001   30
 502.450    5149319.369          0.001   35
  80.087     929685.553          0.000   35
 214.751    2339672.976          0.001   35
 575.666    8079107.025          0.002   35
 946.200   10639962.058          0.003   35
 677.199    7116829.921          0.002   41
  96.200    1108967.589          0.000   41
 446.056    5154616.283          0.001   41
 570.117    7113753.850          0.002   47
 844.693   10640991.879          0.003   49
  89.508    1036331.966          0.000   52
 541.082    6675463.628          0.002   52
 754.266   10413256.310          0.003   52
 330.372    3438961.358          0.001   56
 584.830    7180940.802          0.002   60
 359.156    3749240.627          0.001   65
 137.577    1505802.420          0.000   65
 687.713    9339794.480          0.002   65
 455.409    4720700.900          0.001   69
 729.008    8074814.339          0.002   72
 216.109    2290176.009          0.001   72
 939.173   12037944.840          0.003   72
 955.969   10063893.593          0.002   76
 854.920   11011920.862          0.003  166
 436.401    4019779.841          0.001  208
   0.000          0.000          0.000  208
   0.000          0.000          0.000  209
 682.893   12048818.636          0.003  209
 879.117   10337321.117          0.002  250
 620.042    6592643.281          0.002    7
 944.460   11784751.181          0.003    7
 929.688   10555882.977          0.002   15
 301.199    3265770.422          0.001   15
 166.169    1826713.139          0.000   15
 867.746   12604320.327          0.003   20
 341.240    3650962.389          0.001   20
 689.825    8207114.139          0.002   20
 844.459    9525868.705          0.002   20
 109.114    1245046.499          0.000   26
 366.901    3947166.568          0.001   26
 747.520    8121472.079          0.002   30
 592.148    6048321.468          0.001   35
 107.185    1247450.580          0.000   35
 644.749    6729618.232          0.002   35
1073.003   11710546.526          0.003   41
 679.062    7175431.683          0.002   41
 127.978    1479222.131          0.000   41
 640.671    6193933.929          0.001   41
 661.852    6752986.956          0.002   47
 168.787    1878574.491          0.000   47
 622.380    6676346.869          0.002   47
 484.128    5016270.040          0.001   52
 126.498    1468635.317          0.000   52
 251.590    2760709.762          0.001   52
 705.011    7352385.788          0.002   56
 500.469    5253825.012          0.001   56
 811.526    8303606.593          0.002   60
 306.502    3337828.979          0.001   60
 141.021    1600583.281          0.000   60
 196.217    2153616.606          0.000   65
 849.625    9563220.701          0.002   65
 774.360    8178722.710          0.002   69
 547.441    5725584.968          0.001   72
 517.309    5347525.512          0.001   72
1043.445   13933114.440          0.003  293
 603.622    5938399.416          0.001  293
   0.000          0.000          0.000  249
   0.000          0.000          0.000  250
 254.924    2673774.947          0.001  250
 915.695   11472760.234          0.003  250
 898.082    9587627.488          0.002    7
 806.748    9026056.507          0.002    7
1159.458   12679338.704          0.003   10
 730.086    7822752.168          0.002   15
 624.735    9256887.432          0.002   15
 225.609    2487534.444          0.001   15
 842.969    8774599.760          0.002   20
 871.772   11544456.709          0.003   20
 629.415    6538662.120          0.002   26
 295.266    3266748.313          0.001   26
 163.076    1869538.495          0.000   26
 240.729    2679630.038          0.001   26
 615.172    6562937.899          0.002   26
1013.256   14028463.902          0.003   26
1080.398   12717473.385          0.003   35
 583.760    6211944.011          0.001   35
 125.949    1468482.942          0.000   35
 706.206    7916137.080          0.002   35
1087.098   13299108.084          0.003   35
 782.717    8461982.706          0.002   41
 164.723    1911066.894          0.000   41
 605.210    6754993.489          0.002   47
 234.284    2627110.287          0.001   47
 899.496   13228847.842          0.003   47
 615.633    6558308.335          0.002   52
 382.575    4217437.311          0.001   52
1021.791   11022066.126          0.003   56
 855.296    9360413.583          0.002   56
 537.526    5713639.004          0.001   60
 386.705    4270032.226          0.001   60
 205.604    2344627.914          0.001   60
 685.647    8813233.386          0.002   65
 281.987    3111900.152          0.001   65
 397.787    4381035.000          0.001   65
 955.433   10744384.573          0.003   72
 403.234    4345233.479          0.001   72
 694.832    7490713.160          0.002   72
 959.956   10873770.147          0.003  293
 400.855    4130969.311          0.001  293
 129.829    1371004.640          0.000  293
   0.000          0.000          0.000  293
   0.000          0.000          0.000  294
 569.229    6053962.772          0.001  250
 889.519    9498544.595          0.002  250
1014.707   10736513.081          0.002  450
 961.175   10257585.806          0.002  450
 964.284   10262046.475          0.002   15
 542.526    5902291.012          0.001   15
 273.464    3022107.680          0.001   15
 772.199    8497532.725          0.002   15
 588.822    6419519.133          0.001   20
 676.219    7016746.057          0.002   26
 345.451    3869360.966          0.001   26
 627.249   10278006.454          0.002   26
 394.926    4371655.028          0.001   26
 995.961   11154960.571          0.003   26
 444.094    4877563.607          0.001   35
 164.501    1926796.736          0.000   35
 313.103    3633996.538          0.001   35
 846.699    9141211.666          0.002   35
 771.931    8821091.720          0.002   41
 186.208    2164827.875          0.000   41
 652.159    6735969.401          0.002   41
 737.963    8189953.913          0.002   47
 282.578    3185860.670          0.001   47
 183.563    2139524.675          0.000   52
 762.668    9853486.600          0.002   52
 718.854    8053522.352          0.002   52
1233.967   13657914.488          0.003   60
 944.482   12383261.552          0.003   60
 745.341   10403105.305          0.002   60
 667.791    6887715.149          0.002   60
 892.402   11530778.204          0.003   65
 511.670    5699307.847          0.001   65
 886.501    9630066.723          0.002   65
1086.101   11965755.827          0.003   72
 476.292    5149905.628          0.001   72
 850.912   10876888.254          0.003   72
1061.004   11564461.455          0.003   72
 760.686    7513338.112          0.002  293
 610.431    8341762.026          0.002  334
   0.000          0.000          0.000  334
   0.000          0.000          0.000  335
 538.279    5968543.868          0.001  335
 741.288    7897154.398          0.002  450
 531.863    5763827.128          0.001  450
1034.246   10848836.168          0.002  450
 947.522   10168296.486          0.002   15
 731.372    8002532.625          0.002   15
 338.443    3751325.864          0.001   15
 669.242    7216749.752          0.002   15
1039.664   11814847.954          0.003   15
 777.718    8548909.107          0.002   20
1083.020   13124979.198          0.003   26
 605.119    6637488.960          0.002   26
 218.904    2521309.764          0.001   26
 471.466    5124378.246          0.001   26
 534.971    5925374.157          0.001   26
1108.231   13150423.680          0.003   35
 413.476    4677123.139          0.001   35
1142.295   13428094.415          0.003   41
 802.818    9265584.650          0.002   41
 219.276    2556688.831          0.001   41
 456.634    4952404.059          0.001   41
 348.107    3957824.504          0.001   47
 550.069    6130501.530          0.001   47
 507.939    5509306.787          0.001   52
 539.180    5962692.540          0.001   52
1063.020   12039563.735          0.003   52
1063.365   12338050.274          0.003   60
 531.146    5972774.947          0.001   60
 277.613    3179919.624          0.001   60
 406.326    4488821.521          0.001   65
1015.643   11855731.960          0.003   65
 691.453    7498595.368          0.002   72
 940.189   10384986.757          0.002   72
 648.485    7782384.800          0.002  371
 108.291    1161320.911          0.000  371
   0.000          0.000          0.000  371
   0.000          0.000          0.000  372
 711.273    8847918.204          0.002  450
 349.565    3789335.215          0.001  450
1028.628   11813067.068          0.003  450
1004.965   10931873.934          0.002  450
1355.074   15607441.581          0.004   15
 663.681    7394977.668          0.002   15
 386.695    4294438.528          0.001   15
 889.108   10879765.002          0.002   15
 950.950   10472106.952          0.002   20
1142.408   12811444.687          0.003   26
 712.439    9627347.555          0.002   26
 659.668    7881879.943          0.002   26
 855.200    9535349.365          0.002   26
 805.815    9011899.328          0.002   35
 211.703    2494006.021          0.001   35
 665.593   10073055.227          0.002   35
 927.925   10174566.096          0.002   35
 777.632    7964758.442          0.002   41
 253.290    2962034.689          0.001   41
 937.895   12619014.952          0.003   47
 393.949    4508377.880          0.001   47
 910.637   11854256.163          0.003   47
 753.260   14021631.358          0.003   52
 244.260    2858665.223          0.001   52
 547.966    6034810.790          0.001   52
1188.769   13710853.201          0.003   52
1092.374   11344879.384          0.003   60
 665.199    7274081.553          0.002   60
 353.723    4070627.700          0.001   60
 455.771    5115025.302          0.001   60
 841.555   10825462.154          0.002   60
 726.585    7439947.703          0.002   65
1036.262   10217940.371          0.002   65
1222.306   13362988.168          0.003   72
1051.286   11266804.224          0.003   72
1078.891   12989790.901          0.003  489
 814.955    9073615.030          0.002  489
 823.427    8433983.690          0.002  371
 319.132    3428212.220          0.001  371
   0.000          0.000          0.000  412
   0.000          0.000          0.000  413
 323.202    3431222.508          0.001  450
 221.929    2410531.936          0.001  450
 806.230    8930102.712          0.002  450
 710.803    7760821.462          0.002  450
 945.410   10271685.269          0.002   15
 478.314    5329794.223          0.001   15
 768.370    8359143.202          0.002   15
 856.487   10044585.064          0.002   26
 274.713    3176277.270          0.001   26
 918.627   10145629.130          0.002   26
 897.908    9856643.703          0.002   26
 552.769    6095608.649          0.001   35
 335.046    3868939.993          0.001   35
 865.478    9151405.062          0.002   35
1277.093   14515616.234          0.003   41
 965.767   10343818.224          0.002   41
 284.528    3336008.576          0.001   41
 850.482   10957841.192          0.002   41
 497.644    5802532.023          0.001   47
 856.196    9378932.209          0.002   47
 952.814   10108272.566          0.002   52
 306.073    3605789.639          0.001   52
 306.496    3586456.963          0.001   52
 764.225    8397353.783          0.002   52
1151.178   11967972.002          0.003   52
1354.895   15765353.071          0.004   60
 656.715    7323459.599          0.002   60
 878.121    9283860.971          0.002   60
 542.361    5975835.369          0.001   65
1109.003   11921058.440          0.003   65
1433.136   17323785.098          0.004  489
 887.471   10251194.940          0.002  489
1051.183   16504279.794          0.004  489
 563.783    6238665.843          0.001  489
 711.796    8014029.283          0.002  489
   0.000          0.000          0.000  449
   0.000          0.000          0.000  450
  44.207     480426.598          0.000  450
 108.709    1180942.309          0.000  450
 579.400    6219339.410          0.001  450
 378.879    4118668.845          0.001  450
1000.162   11126980.558          0.003  450
1352.370   17622016.976          0.004  450
1072.916   12720732.626          0.003   15
 546.402    6100202.486          0.001   15
 727.921    8246805.634          0.002   15
1139.704   11883609.434          0.003   15
1033.556    9519793.016          0.002   26
 685.958    6932629.631          0.002   26
 306.097    3546228.708          0.001   26
 883.693   10775607.451          0.002   26
 621.142    6554200.002          0.001   35
 271.917    3230787.212          0.001   35
 489.015    5584039.723          0.001   35
 839.476    9101936.868          0.002   35
 558.465    6315175.334          0.001   41
 330.101    3886620.365          0.001   41
 880.029   11663818.279          0.003   41
 544.730    6400550.767          0.001   47
 682.415    8238620.681          0.002   47
 869.441    9559609.881          0.002   52
 756.270    8220544.974          0.002   52
1224.854   15219326.628          0.003   52
1540.672   16026747.113          0.004   52
1045.562   14709113.152          0.003   60
 437.709    5064476.557          0.001   60
 966.068   11630896.049          0.003   60
 622.996    6832888.532          0.002   65
1219.534   14020526.042          0.003   65
1122.373   12404053.693          0.003  489
 604.436    6828719.070          0.002  489
 431.901    4824595.297          0.001  489
 261.993    2892319.400          0.001  489
 122.337    1342907.925          0.000  489
  51.424     562790.430          0.000  489
   0.000          0.000          0.000  489
   0.000          0.000          0.000  490
 318.620    3457365.124          0.001  450
 955.320   14827572.283          0.003  450
 847.796   10943859.493          0.003  450
 685.424    7516533.706          0.002  450
 502.333    5469579.235          0.001  450
 806.105    8780530.798          0.002  450
1381.043   16782030.861          0.004  450
 904.669   10101558.047          0.002   15
 774.165    8736815.225          0.002   15
1275.518   16077131.081          0.004   15
 992.219   10800472.638          0.002   26
 716.659    8066352.110          0.002   26
 357.772    4161675.017          0.001   26
 549.449    6230616.418          0.001   26
1103.404   12969196.454          0.003   26
1002.209   10346671.267          0.002   35
 570.651    6438221.283          0.001   35
 688.952    8389704.628          0.002   35
 678.233    7806536.559          0.002   35
 645.382    7316465.426          0.002   35
 988.488   10670569.761          0.002   35
1114.767   12538535.137          0.003   41
 668.423    7189288.497          0.002   41
 360.725    4256799.989          0.001   41
 702.172    7557473.506          0.002   41
1090.602   16380159.526          0.004   47
 821.830   10125332.931          0.002   47
 379.889    4503226.865          0.001   52
 409.277    4791924.617          0.001   52
 991.002   11015384.733          0.002   52
1323.346   14386523.920          0.003   52
1108.979   11459027.127          0.003   60
 866.730    9326435.590          0.002   60
 590.588    6789258.747          0.001   60
 981.115   11262545.001          0.002   60
 928.886    9857875.785          0.002   65
 823.849    8773776.776          0.002   65
1446.573   17890774.927          0.004  489
 898.124   10319865.307          0.002  489
 746.862    8494530.262          0.002  489
 854.730   12335774.719          0.003  489
 635.878    7947830.968          0.002  489
 518.159    5985389.407          0.001  489
 395.863    4833793.119          0.001  489
   0.000          0.000          0.000  535
   0.000          0.000          0.000  536
 562.102    5904791.624          0.001  536
 904.671    9838692.977          0.002  620
1022.139   13959964.111          0.003  620
1075.294   11593509.626          0.003  450
1222.309   13546945.952          0.003   15
 764.901    8450744.390          0.002   15
1264.737   14503499.103          0.003   15
1351.460   17555668.790          0.004   26
 866.566   10032612.422          0.002   26
 383.865    4474054.389          0.001   26
 882.427   10873344.390          0.002   26
1163.396   12936954.618          0.003   26
 943.882   10358238.303          0.002   35
 348.181    4177009.208          0.001   35
 881.337   11791164.798          0.003   35
1009.979   11901627.160          0.003   35
1038.757   10992078.661          0.002   35
 937.191   10550581.650          0.002   41
 410.597    4858842.693          0.001   41
1100.847   13455809.780          0.003   41
 673.653    8100729.399          0.002   47
 742.659    7749799.030          0.002   52
 479.148    5613181.575          0.001   52
1056.158   11029487.875          0.002   52
1536.377   17709936.198          0.004   52
1324.232   14659635.876          0.003   60
 772.716    8716836.458          0.002   60
 539.135    6278878.725          0.001   60
1093.366   13305502.538          0.003   60
1417.684   16833657.447          0.004   65
1043.637   10708469.738          0.002   65
1208.275   12142131.671          0.003   65
1402.754   18394249.076          0.004  489
 905.476   10281706.081          0.002  619
 706.922    7980674.167          0.002  619
 745.878    8309775.928          0.002  619
 544.207    7224847.405          0.002  619
   0.000          0.000          0.000  574
   0.000          0.000          0.000  575
 567.651    6821750.443          0.002  620
 552.079    5840936.396          0.001  620
 617.512    6833196.415          0.002  620
 761.793    8720372.505          0.002  620
1010.636   12289605.954          0.003  620
 875.813   10457018.741          0.002  620
1320.037   15494145.276          0.003  620
1123.634   12045990.887          0.003   15
 998.826   10619570.854          0.002   15
1317.583   15207115.178          0.003   15
1238.641   13784212.070          0.003   26
 673.576    7618387.985          0.002   26
 492.640    5762312.307          0.001   26
 567.557    6499273.842          0.001   26
1033.240   10706764.350          0.002   26
1316.297   15688845.248          0.003   35
 740.148    8514199.058          0.002   35
 464.723    5567340.717          0.001   35
 692.142    7823451.158          0.002   35
1007.078   11352928.733          0.002   35
1194.220   12487950.290          0.003   41
 456.214    5408578.767          0.001   41
 652.087    7057559.802          0.002   41
1224.145   17180280.383          0.004   41
 981.692   11496939.276          0.003   47
1256.847   19339621.229          0.004   47
 451.692    5377240.936          0.001   52
 540.383    6341513.520          0.001   52
 730.647    8116028.222          0.002   52
 921.615    9863465.756          0.002   52
1352.832   13507334.600          0.003   52
1314.334   13407458.967          0.003   60
1158.387   13779789.883          0.003   60
1037.001   14234700.887          0.003   60
 893.931   10034815.414          0.002   60
1301.792   14377125.451          0.003   60
1426.878   13692928.679          0.003   65
1163.590   13333500.365          0.003  619
 657.951    7633259.745          0.002  619
 463.141    5282982.435          0.001  619
 328.128    3702349.218          0.001  619
 190.681    2126348.980          0.000  619
  72.011     796553.978          0.000  619
   0.000          0.000          0.000  619
   0.000          0.000          0.000  620
 116.402    1305203.256          0.000  620
 242.587    2746256.224          0.001  620
 312.854    3564070.759          0.001  620
 444.315    5130198.166          0.001  620
 612.012    7217410.261          0.002  620
1117.973   13188884.908          0.003  620
1393.692   15357404.630          0.003   15
1347.099   13091199.746          0.003   15
1526.596   16502190.130          0.004   26
1194.141   13057894.034          0.003   26
 645.298    7467246.605          0.002   26
 462.282    5422742.727          0.001   26
1469.036   16444363.167          0.004   26
 858.255    9603492.938          0.002   35
 414.906    5027001.003          0.001   35
 578.361    6910028.506          0.001   35
1095.485   12673897.965          0.003   35
1477.283   19162005.258          0.004   35
 747.332    8327583.422          0.002   41
 524.809    6224864.659          0.001   41
1040.508   11391188.222          0.002   41
 830.164   10174680.452          0.002   47
1206.298   14491299.420          0.003   47
 862.847    9706509.336          0.002   52
 519.027    6193654.785          0.001   52
 655.683    7688624.636          0.002   52
1068.469   11288200.955          0.002   52
1453.872   16796527.736          0.004   60
1196.916   13200106.225          0.003   60
 643.135    7515453.344          0.002   60
1142.526   12198152.887          0.003   60
1338.444   13850828.304          0.003   60
1626.009   18157259.780          0.004   65
1268.589   16336258.954          0.004  619
 843.560    9988069.340          0.002  619
 877.575    9237008.653          0.002  619
 768.249    8106814.545          0.002  619
 560.576    6129925.918          0.001  619
 480.490    5161888.880          0.001  619
 305.270    3393453.658          0.001  661
   0.000          0.000          0.000  661
   0.000          0.000          0.000  662
 578.212    6545392.336          0.002  620
 513.437    5701490.484          0.001  620
 636.609    7372581.021          0.002  620
 641.093    7421115.724          0.002  620
 909.015   10139427.524          0.002  620
 859.497   10655136.681          0.002  620
1228.406   15729698.882          0.003  620
1726.586   18577673.720          0.004   15
1458.217   16326640.293          0.004   26
 835.615    9347023.407          0.002   26
1043.991   13602822.062          0.003   26
 514.272    6051070.244          0.001   26
 920.509   10956631.808          0.002   26
 936.867    9880477.354          0.002   26
1502.786   18967990.915          0.004   26
1015.649   10655720.031          0.002   35
 888.867   11081276.320          0.002   35
 732.451    8673465.566          0.002   35
1342.645   14066432.834          0.003   35
1375.119   13096255.790          0.003   41
 889.501    9628221.153          0.002   41
1386.756   20047124.573          0.004   47
 934.914   11543298.993          0.003   47
1001.579   11813794.461          0.003   52
1055.144   12719207.475          0.003   52
1435.592   16434118.042          0.003   60
 813.944    9281639.141          0.002   60
 784.556    9168282.594          0.002   60
1326.173   15065894.384          0.003   60
1709.817   17394376.249          0.004  998
1371.364   17105232.362          0.004  619
1104.164   14936606.863          0.003  786
 992.162   12848214.198          0.003  786
1019.265   15680915.927          0.004  786
 288.281    3060073.330          0.001  698
   0.000          0.000          0.000  698
   0.000          0.000          0.000  699
 238.999    2554263.311          0.001  699
 796.963   11352299.379          0.003  699
 816.436   10665937.976          0.002  831
 793.690    9668820.590          0.002  831
 845.677    9190575.162          0.002  831
1217.776   12608770.516          0.003  831
1540.567   17844273.563          0.004  831
1454.851   13818312.610          0.003   26
1147.709   13147607.694          0.003   26
 622.839    7304309.798          0.002   26
 983.907   12439566.397          0.003   26
1041.782   11285009.547          0.002   26
1489.358   18843252.037          0.004   26
1471.062   15480943.863          0.003   35
1132.675   12345088.146          0.003   35
 477.551    5830973.088          0.001   35
 907.363   11304602.954          0.002   35
1144.146   15243189.145          0.003   35
 854.880    9992546.232          0.002   35
1559.479   18036393.808          0.004   35
1209.630   15791499.060          0.003   41
 611.220    7214480.274          0.002   41
1178.454   14909604.801          0.003   41
1545.131   16632771.476          0.004   41
1142.304   13983092.779          0.003   47
1372.892   15858280.378          0.003   47
1224.959   14391775.376          0.003   52
 616.768    7330235.044          0.002   52
 903.240   10050583.792          0.002   52
1489.843   17569516.955          0.004   52
1760.725   24967759.665          0.005   52
1084.210   11499905.804          0.002   60
1283.561   14235135.732          0.003   60
1153.587   12004452.762          0.003   60
1431.482   13575457.544          0.003  998
1356.429   14717747.135          0.003  998
1408.801   16553584.629          0.004  998
1083.607   15372209.736          0.003  786
 738.480    9278012.169          0.002  786
 625.171    7023040.302          0.002  786
 348.452    3851718.046          0.001  786
   0.000          0.000          0.000  741
   0.000          0.000          0.000  742
 207.526    2199837.236          0.001  742
 750.658    8186429.352          0.002  831
 444.841    4887544.992          0.001  831
 487.740    5996560.699          0.001  831
 793.564   10355037.734          0.002  831
 786.374    7706524.135          0.002  831
 545.308    6387244.965          0.001  831
 892.583    9944867.524          0.002  831
1257.278   13368758.214          0.003  831
1488.522   15179486.937          0.003   26
1025.666   11207382.149          0.002   26
 694.673    8123134.240          0.002   26
 635.539    7501951.045          0.002   26
1327.424   14400061.278          0.003   26
1352.450   15839210.110          0.003   35
 540.340    6635769.149          0.001   35
 559.893    6852969.317          0.001   35
 888.580   10235983.318          0.002   35
1255.272   14727501.820          0.003   35
1280.170   13739727.008          0.003   35
1179.592   12743390.293          0.003   41
 675.834    7929361.862          0.002   41
 888.369    9735960.199          0.002   41
1537.834   15964704.393          0.003   41
1350.854   16179164.409          0.003   47
1348.941   12537763.655          0.003   52
 811.994    9155568.986          0.002   52
 692.437    8166305.498          0.002   52
 818.894    9210374.286          0.002   52
1062.008   11380150.168          0.002   52
1733.636   20730157.358          0.004   52
1645.126   15262750.371          0.003   60
1237.592   12746628.670          0.003   60
1587.978   17127439.717          0.004  998
1314.891   14082862.614          0.003  998
 968.935   10268756.565          0.002  998
 930.829    9424888.398          0.002  998
1157.950   15036772.763          0.003  998
 760.386    9520184.682          0.002  786
 559.223    6724774.498          0.001  786
 437.314    5141665.520          0.001  786
 256.556    2924296.642          0.001  786
 120.317    1349722.489          0.000  786
   0.000          0.000          0.000  786
   0.000          0.000          0.000  787
 605.348    6545324.349          0.002  831
 155.029    1766365.457          0.000  831
 225.584    2582663.521          0.001  831
 394.951    4577361.118          0.001  831
 481.158    5619989.213          0.001  831
 789.717    9009101.634          0.002  831
1479.218   16115096.628          0.003  831
1785.238   20272523.296          0.004  831
1000.780   10814356.420          0.002   26
 820.197    9417316.597          0.002   26
1034.820   12266460.903          0.003   26
 776.864    9014750.082          0.002   26
1250.296   14474771.494          0.003   35
 795.566    9200188.958          0.002   35
 592.542    7296336.753          0.002   35
 643.854    7846547.027          0.002   35
1045.175   11643850.183          0.002   35
1414.838   17236575.357          0.004   35
1652.774   17429162.653          0.004   35
1607.239   17230983.701          0.004   41
1118.116   11110356.047          0.002   41
 790.555    9045810.087          0.002   41
 957.133   10120031.313          0.002   41
1465.296   16388362.907          0.003   41
1733.803   19919195.179          0.004   47
1670.443   15075562.348          0.003   52
 939.655   10187569.773          0.002   52
 831.081    9410132.134          0.002   52
 913.894   10234427.379          0.002   52
1318.893   12596361.988          0.003   52
1656.796   15469190.916          0.003   52
2037.322   20616183.399          0.004   60
1590.026   17792283.475          0.004  998
1426.818   16420413.223          0.003  998
1109.349   12323681.773          0.003  998
 928.100   10557053.096          0.002  998
 689.456    7993823.475          0.002  998
 775.175    7439219.504          0.002  998
 825.560    9983763.132          0.002  786
 592.682    6981774.997          0.002  786
 638.851    7553037.838          0.002  786
 211.050    2250376.191          0.001  830
   0.000          0.000          0.000  830
   0.000          0.000          0.000  831
  75.274     854282.525          0.000  831
 577.003    6010631.075          0.001  831
 708.967    9104029.835          0.002  831
 299.218    3440663.390          0.001  831
 800.374   10803660.178          0.002  831
 947.781   10838454.050          0.002  831
 599.681    7067145.917          0.002  831
1113.915   13680529.741          0.003  831
1727.944   19708692.346          0.004  831
1689.613   16091873.913          0.003   26
1207.337   12319083.024          0.003   26
1275.516   15589595.339          0.003   26
1143.801   11620202.026          0.002   26
1276.720   14518254.909          0.003   35
 676.416    8295732.744          0.002   35
1088.370   13383493.835          0.003   35
 798.252    9360228.906          0.002   35
1442.056   14371059.728          0.003   35
1636.967   16536022.480          0.003   41
 933.718   10192165.684          0.002   41
1176.401   11479971.752          0.002   41
1519.794   13813172.751          0.003   41
1939.078   18793775.945          0.004   52
1410.160   13139251.006          0.003   52
1123.914   11414578.788          0.002   52
1069.838   10958316.515          0.002   52
1350.039   13540207.759          0.003   52
1486.432   13658217.451          0.003   52
1925.881   17254038.715          0.004   52
2153.152   20242901.029          0.004   60
1942.456   17959831.166          0.004   60
1804.815   19429663.361          0.004   60
1079.623   12001228.839          0.002  998
 978.596   10815528.707          0.002  998
 553.456    6563359.746          0.001  998
 466.415    5562418.196          0.001  998
 647.368    8386341.913          0.002  998
 507.537    5514275.974          0.001  998
 761.986    9040193.692          0.002  998
1006.763   14325917.039          0.003  998
 811.290    9698856.350          0.002  830
 345.068    3602086.660          0.001  874
   0.000          0.000          0.000  874
   0.000          0.000          0.000  875
 690.680    8024343.997          0.002  831
 717.307    7883249.785          0.002  831
 479.427    5391781.353          0.001  831
 668.229    7407065.332          0.002  831
1054.580   14023953.844          0.003  831
 717.486    8457565.019          0.002  831
1165.581   12500445.221          0.003  831
1542.035   15986439.778          0.003  831
1499.737   14419048.677          0.003   26
1510.926   14280129.022          0.003   26
1377.729   16141910.769          0.003   26
1023.607   11020865.013          0.002   26
1485.152   18092315.092          0.004   35
 801.661    9560674.017          0.002   35
 777.015    9221555.835          0.002   35
1343.656   16148074.463          0.003   35
1030.020   11071956.987          0.002   35
1808.601   18222155.783          0.004   35
1460.518   14247312.223          0.003   41
1048.217   10976251.834          0.002   41
1541.873   13996021.091          0.003   41
1887.505   16312077.966          0.003   41
1661.057   14480107.887          0.003   52
1375.909   12446602.726          0.003   52
1533.905   14856397.789          0.003   52
2006.118   17424766.792          0.004   52
2381.953   24919492.727          0.005   52
2020.620   18619796.095          0.004  998
1765.832   16664804.478          0.003  998
1449.356   14702790.117          0.003  998
 893.050   10246014.862          0.002  998
 610.014    7296713.826          0.002  998
 434.492    5243810.128          0.001  998
 356.831    4278775.179          0.001  998
 285.354    3400189.610          0.001  998
 776.398    8659898.432          0.002  998
 735.457    8376154.570          0.002  958
 388.247    4881262.882          0.001  914
   0.000          0.000          0.000  914
   0.000          0.000          0.000  915
 364.244    4195578.225          0.001  915
 520.151    6074128.348          0.001  915
 904.176   11323661.990          0.003  915
 903.404    8841004.262          0.002  831
 663.277    7496076.749          0.002  831
1053.476   10996810.817          0.002  831
 988.846   10649684.467          0.002  831
1166.233   13999607.415          0.003  831
1159.228   12643952.473          0.003  831
1934.842   21312853.133          0.004  831
1967.522   19068143.667          0.004   26
1740.155   20976806.785          0.004   26
1147.377   11910796.477          0.002   26
1372.248   17103746.109          0.004   35
 884.518   10305676.786          0.002   35
1074.091   11686160.681          0.002   35
1011.731   11054261.557          0.002   35
1568.886   15125423.870          0.003   35
1296.160   12626470.099          0.003   35
1862.239   23708668.736          0.005   35
1397.168   12590334.389          0.003   41
1810.118   15897902.020          0.003   41
1969.629   20270238.052          0.004   41
2202.272   18846423.000          0.004   41
2244.797   21969133.904          0.004   52
1996.653   17946395.632          0.004   52
1692.977   15525438.269          0.003   52
1899.646   18036921.999          0.004   52
2326.765   20049693.041          0.004   52
2380.193   22389709.615          0.004  998
1883.149   15762264.623          0.003  998
1282.804   11807611.024          0.002  998
 859.987    9526996.917          0.002  998
 594.182    7169960.572          0.001  998
 534.499    6463655.140          0.001  998
 606.733    7091638.702          0.002  998
 783.930    8643761.600          0.002  998
 672.969    7775243.817          0.002  998
 201.866    2387705.534          0.001  998
 525.101    6090103.236          0.001  998
 529.345    5983480.083          0.001  998
 207.994    2238194.033          0.001  958
   0.000          0.000          0.000  958
   0.000          0.000          0.000  959
 349.934    4110422.041          0.001  959
 689.144    8734537.642          0.002  959
1142.509   15090086.307          0.003 1085
1326.503   16714893.609          0.004 1085
1401.054   16320756.395          0.003  831
 960.031   10804574.072          0.002  831
1423.717   14521200.085          0.003  831
2087.721   21494605.646          0.004  831
2024.192   23115579.416          0.005   26
1877.357   19730006.136          0.004   26
1787.183   17588887.214          0.004   26
1386.441   13138635.242          0.003   35
1322.690   12983889.932          0.003   35
1310.112   13430856.903          0.003   35
1232.399   12373553.509          0.003   35
1742.132   18516412.804          0.004   35
2021.676   17769971.327          0.004   35
1830.961   17419091.686          0.004   35
2076.334   17419391.401          0.003   41
2237.035   22264299.509          0.004   41
2117.922   19996756.165          0.004 2157
2078.029   21389597.146          0.004 2157
2004.641   18291953.247          0.004 2157
1917.191   20600203.332          0.004   52
2015.386   18646204.808          0.004 2157
2376.156   24405488.547          0.005  998
1971.718   18952098.729          0.004  998
1581.964   15153551.307          0.003  998
1062.244   10924586.618          0.002  998
 683.927    8134288.946          0.002  998
1051.356   11324699.492          0.002  998
1061.857   11633456.181          0.003  998
 904.554    9453238.124          0.002  998
 693.580    8922800.624          0.002  998
 219.821    2588704.995          0.001  998
 133.697    1571339.230          0.000  998
  76.001     891222.514          0.000  998
  31.759     371896.247          0.000  998
   0.000          0.000          0.000  998
   0.000          0.000          0.000  999
 220.439    2348179.229          0.001  999
 707.123    7324378.622          0.002 1085
 812.293    8803496.167          0.002 1085
 843.142   10278686.084          0.002 1085
1289.576   15913017.090          0.003 1085
1040.407   13039687.885          0.003 1085
1326.209   13476166.110          0.003  831
1853.788   19904732.633          0.004 1344
1684.278   14251616.539          0.003 1344
1839.299   19273765.491          0.004 1344
1823.911   15480648.929          0.003   26
2030.888   17792600.195          0.004   35
1797.990   15831761.753          0.003   35
1637.158   15597482.722          0.003   35
1650.347   19411118.404          0.004   35
1569.021   13912360.069          0.003   35
1878.974   18221978.419          0.004   35
2221.460   23498862.880          0.005 2152
1997.957   18898451.916          0.004   41
2245.848   22467321.024          0.004 2157
1938.865   18336137.056          0.004 2157
1858.009   21008822.472          0.004 2157
1447.329   13492563.729          0.003 2157
1772.530   16102990.185          0.003 2157
1870.954   17655811.024          0.003 2157
2029.552   16827727.476          0.003 2157
2275.426   22683353.639          0.004 2157
2139.507   21982270.557          0.004  998
1597.605   14993965.464          0.003  998
1101.666   11128134.276          0.002  998
1148.977   11928774.585          0.002  998
1129.961   13096991.752          0.003  998
1052.026   11969093.316          0.003  998
 939.438   10735340.893          0.002  998
 388.523    4624361.613          0.001  998
 330.461    3918676.453          0.001  998
 627.654    6507873.426          0.001  998
 645.910   10203533.849          0.002  998
 400.810    4365886.200          0.001  998
 515.185    6131462.304          0.001  998
   0.000          0.000          0.000 1040
   0.000          0.000          0.000 1041
 443.035    4559933.638          0.001 1085
 700.489    8365975.621          0.002 1085
 555.772    6355121.073          0.001 1085
 647.827    7768826.181          0.002 1085
 904.647   11504380.591          0.002 1085
 881.497   11193765.547          0.002 1085
1372.685   17135040.111          0.004 1085
1655.229   16410019.093          0.003 1344
1496.459   15526293.169          0.003 1344
1251.632   11995432.243          0.002 1344
1891.589   17587866.615          0.004 1344
2270.189   19326475.246          0.004   26
2277.219   21970502.159          0.004   26
2049.482   18099697.076          0.004   35
2172.533   19611160.973          0.004   35
2043.389   20223927.410          0.004   35
2123.934   17470777.176          0.003   35
2148.696   21231471.581          0.004 2152
1868.466   16584759.835          0.003 2152
2039.454   21844854.328          0.004 2152
2189.312   23872807.001          0.005 2152
2262.798   23918866.577          0.005 2152
1870.020   17094089.119          0.003 2157
1641.601   15230871.040          0.003 2157
1427.037   15417144.325          0.003 2157
1267.655   12403022.123          0.002 2157
1712.992   18962518.661          0.004 2157
1149.372   11739058.663          0.002 2157
1832.171   17201282.082          0.003 2157
1959.986   17897511.790          0.004 2157
2211.405   23225244.006          0.005 2157
1763.371   15538203.137          0.003  998
1526.432   13668684.245          0.003  998
1407.351   13973560.187          0.003  998
 882.608   10041817.803          0.002  998
 605.390    7202985.736          0.002  998
 521.746    6215774.022          0.001  998
 837.667    9623831.565          0.002  998
 938.528   12204049.154          0.003  998
 807.106   10221165.048          0.002 1131
 578.013    6838264.034          0.002 1131
 430.119    4804006.664          0.001 1131
   0.000          0.000          0.000 1084
   0.000          0.000          0.000 1085
  99.046    1124161.938          0.000 1085
 184.546    2109644.453          0.000 1085
 360.427    4189860.514          0.001 1085
 455.755    5344343.075          0.001 1085
 651.264    8031262.772          0.002 1085
 723.280    9135718.195          0.002 1085
 985.492   12715418.154          0.003 1085
1416.457   13540213.729          0.003 1344
1238.808   14145348.297          0.003 1344
1114.517   11078287.140          0.002 1344
1058.927   10893157.689          0.002 1344
1584.303   14149272.032          0.003 1344
2124.683   18574498.927          0.004 1344
2260.386   22705819.137          0.004 1344
2404.321   22588836.980          0.004 2135
2296.963   23321436.254          0.005 2135
2040.561   18524112.977          0.004 2135
2291.028   24593190.828          0.005 2152
1964.887   19960701.902          0.004 2152
1355.319   13426146.395          0.003 2152
1742.839   16375385.974          0.003 2152
1875.478   17905121.325          0.003 2152
1977.414   19455642.652          0.004 2157
1714.682   20626466.274          0.004 2157
1389.770   13192403.702          0.003 2157
1200.124   12261559.248          0.002 2157
 856.782   10278033.532          0.002 2157
1293.202   16802872.857          0.003 2157
1636.426   24952167.188          0.005 2157
 957.690   10659868.198          0.002 2157
1507.365   14457204.012          0.003 2157
1711.193   15567427.177          0.003 2157
2132.749   21471791.288          0.004 2157
2279.168   21064566.460          0.004  998
2163.735   19451197.272          0.004  998
1783.878   18555697.923          0.004  998
1104.746   12095253.419          0.003  998
 968.689   10672306.459          0.002  998
 948.039   10506715.492          0.002  998
 688.777    7786295.800          0.002  998
 931.729   15623224.596          0.003 1131
 703.308    9905722.318          0.002 1131
 471.817    5797245.710          0.001 1131
 303.187    3547992.469          0.001 1131
 138.516    1557956.331          0.000 1131
   0.000          0.000          0.000 1131
   0.000          0.000          0.000 1132
 594.059    7625220.252          0.002 1085
 486.850    5242696.280          0.001 1085
 304.069    3541691.477          0.001 1085
 448.181    5369309.170          0.001 1085
 513.215    6221679.997          0.001 1085
 582.835    7158302.340          0.002 1085
1125.339   14469512.963          0.003 1085
1345.313   17981351.250          0.004 1344
 943.235    9780345.459          0.002 1344
 781.006    8960758.495          0.002 1344
1304.527   13663903.740          0.003 1344
2091.373   21250070.545          0.004 1344
1967.135   17825883.947          0.004 2135
1905.174   17246414.628          0.003 2135
2151.479   22748524.834          0.004 2135
2107.678   19475555.952          0.004 2135
1748.150   14923792.875          0.003 2135
1654.384   15173152.235          0.003 2135
2088.951   22133998.870          0.004 2152
1989.410   20293711.843          0.004 2152
1787.942   17626118.942          0.003 2152
1187.756   12542759.903          0.002 2152
1485.842   14887203.109          0.003 2152
1661.068   16524540.882          0.003 2157
1289.611   14208902.909          0.003 2157
 866.644   10061483.806          0.002 2157
 722.626    9162106.209          0.002 2157
1312.688   17807197.903          0.004 2157
1348.095   17993453.441          0.004 2157
1081.313   11558448.885          0.002 2157
1662.899   15694615.136          0.003 2157
2072.302   19540218.231          0.004 2171
2057.060   21686767.436          0.004  998
1720.240   17455916.124          0.004  998
1505.471   15308766.264          0.003  998
1302.335   13561294.697          0.003  998
 946.613    9627066.779          0.002  998
1163.395   14797398.524          0.003 1131
 733.785    9317518.215          0.002 1131
 704.638    8629044.341          0.002 1131
 714.890    8952016.147          0.002 1131
   0.000          0.000          0.000 1174
   0.000          0.000          0.000 1175
 326.440    3720679.341          0.001 1175
 571.809    6808234.632          0.002 1175
 721.765    8346186.857          0.002 1085
 618.582    6906267.199          0.002 1085
 828.555   10041218.243          0.002 1085
 982.935   12113660.596          0.003 1085
1104.659   12273958.530          0.003 1344
 628.166    7465623.932          0.002 1344
 992.614   11977584.806          0.002 1344
1386.433   15474487.139          0.003 1344
1868.379   20092348.606          0.004 2135
1219.590   12411536.429          0.003 2135
1745.728   17543132.257          0.003 2135
1578.402   15662483.100          0.003 2135
1250.667   12503512.580          0.002 2135
1687.976   14671203.600          0.003 2135
1407.845   14244697.204          0.003 2152
 986.010   11390637.215          0.002 2152
 925.781   10976158.962          0.002 2152
1348.595   16284703.781          0.003 2152
1621.871   17744712.785          0.004 2157
 981.757   11070581.953          0.002 2157
 661.940    8484797.410          0.002 2157
1011.933   11414817.549          0.002 2157
1243.782   16402541.898          0.003 2157
 716.605    8896601.732          0.002 2157
1275.066   24248767.673          0.005 2157
1434.395   18056290.887          0.004 2157
1475.184   14566393.173          0.003 2157
1842.608   15793342.903          0.003 2171
1764.102   17032950.085          0.003 2171
1896.035   18911292.867          0.004  998
1719.482   18597634.559          0.004  998
1353.837   13784988.977          0.003  998
1072.788   14621744.293          0.003 1131
 795.438   11799351.121          0.003 1215
 501.796    6374964.097          0.001 1215
 271.292    3144168.952          0.001 1215
 105.185    1166694.732          0.000 1215
   0.000          0.000          0.000 1215
   0.000          0.000          0.000 1216
 580.680    8412659.927          0.002 1216
 748.377    9266402.117          0.002 1175
 725.671    7295361.651          0.002 1344
 683.738    7681046.965          0.002 1344
 697.670    7980274.178          0.002 1344
 705.144    8012037.906          0.002 1344
 550.179    6546782.296          0.001 1344
 635.964    7522867.791          0.002 1344
1336.807   14832123.122          0.003 1344
1760.604   19442656.443          0.004 1344
1474.202   14283084.466          0.003 2135
1381.777   15706331.257          0.003 2135
1617.494   19016690.273          0.004 2135
1299.316   13703304.516          0.003 2135
1003.519   11047993.117          0.002 2135
1183.106   11942510.849          0.002 2135
1586.675   16414242.043          0.003 2135
1629.130   15934199.527          0.003 2152
1059.516   11965329.523          0.002 2152
 776.859    9744444.219          0.002 2152
1348.784   18186258.870          0.004 2152
1685.933   22385640.818          0.005 2152
1478.424   15665054.776          0.003 2157
1259.918   15863574.378          0.003 2157
 627.179    8000205.732          0.002 2157
 598.085    7702473.723          0.002 2157
 941.961   11253059.047          0.002 2157
1062.863   14648865.162          0.003 2157
 656.798    8230235.405          0.002 2157
 911.851   10192861.258          0.002 2157
1463.930   15525966.324          0.003 2157
1835.226   17113845.415          0.003 2171
1481.736   13320885.592          0.003 2171
1673.828   15466139.361          0.003 2171
1715.445   16242831.278          0.003 1387
1676.705   17499019.529          0.004 1387
1444.477   16052172.415          0.003 1387
1046.226   10546820.946          0.002 1387
 888.926    8542444.618          0.002 1387
 835.442   11720822.468          0.003 1215
 574.420    7303472.229          0.002 1215
 557.114    6569988.190          0.002 1215
 330.921    3639960.639          0.001 1215
   0.000          0.000          0.000 1260
   0.000          0.000          0.000 1261
 620.690    6751506.164          0.002 1344
 404.170    4405368.971          0.001 1344
 517.446    5542055.976          0.001 1344
 651.404    7241207.241          0.002 1344
 343.470    4050679.464          0.001 1344
 370.232    4374552.878          0.001 1344
 455.572    5406706.624          0.001 1344
 964.544   11241131.953          0.002 1344
 813.734    9215024.978          0.002 1344
1300.869   12899761.487          0.003 1344
1467.996   17499815.749          0.004 2135
 885.061   10314027.506          0.002 2135
1574.768   19643168.657          0.004 2135
 975.603   11391376.254          0.002 2135
 839.746    9782122.382          0.002 2135
1444.665   15287918.243          0.003 2135
1373.463   14870528.252          0.003 2152
 784.318    9811482.001          0.002 2152
 694.197    8800673.421          0.002 2152
1056.096   12455552.195          0.003 2152
1299.359   15154387.681          0.003 2152
1615.671   17887003.543          0.004 2152
1481.539   16207479.100          0.003 2157
 999.504   11442289.156          0.002 2157
 524.766    6744772.245          0.001 2157
 934.688   11248037.378          0.002 2157
1093.255   16055398.755          0.003 2157
 704.716    8569794.545          0.002 2157
1200.404   12630024.147          0.003 2157
1480.887   16827150.441          0.003 2157
1612.485   17799634.012          0.004 2171
 980.218   10580612.910          0.002 2171
1611.254   15915070.707          0.003 1387
1132.445   11571236.770          0.002 1387
1040.462   10856514.074          0.002 1387
 665.346    7562620.198          0.002 1387
 667.653    6972844.687          0.002 1387
 948.670    9825543.373          0.002 1387
 621.055    8441132.858          0.002 1301
   0.000          0.000          0.000 1301
   0.000          0.000          0.000 1302
 214.853    2256579.162          0.001 1302
 150.152    1749926.366          0.000 1344
 215.276    2516616.293          0.001 1344
 281.740    3305552.077          0.001 1344
 606.265    6882272.179          0.001 1344
1041.126   11846306.971          0.003 1344
 652.904    7524855.974          0.002 1344
1114.660   11974702.380          0.003 1344
1363.032   12869606.993          0.003 1344
1327.381   14966199.784          0.003 2135
1048.634   12130011.741          0.003 2135
 760.342    9168764.557          0.002 2135
1201.083   14664193.140          0.003 2135
 817.837    9910325.137          0.002 2135
1055.459   12827512.759          0.003 2135
 940.003   11723432.674          0.002 2152
 808.883    9963967.022          0.002 2152
1040.383   11996920.216          0.002 2152
1571.390   19548016.590          0.004 2152
1439.744   16467288.152          0.003 2157
 929.497   10527755.490          0.002 2157
 498.466    6388974.212          0.001 2157
 769.585    8990449.583          0.002 2157
 721.204    9271867.766          0.002 2157
 560.195    7082072.980          0.001 2157
 938.887   11168518.889          0.002 2157
1490.636   19121623.594          0.004 2157
1576.473   16117862.588          0.003 2171
1105.989   11254390.435          0.002 2171
 844.774    9615523.750          0.002 2171
1485.797   16255696.105          0.003 2171
1707.510   18629487.371          0.004 1387
1097.056   11340158.137          0.002 1387
 704.041    7985953.901          0.002 1387
 554.177    6376385.781          0.001 1387
 430.453    4947633.631          0.001 1387
 565.747    5850956.530          0.001 1387
 450.705    4747122.692          0.001 1387
 487.461    5214087.993          0.001 1387
 556.243    7423999.849          0.002 1387
   0.000          0.000          0.000 1343
   0.000          0.000          0.000 1344
  63.691     738926.694          0.000 1344
  84.523     981518.336          0.000 1344
 426.374    4674405.880          0.001 1344
 343.539    3874249.874          0.001 1344
 577.871    6363581.704          0.001 1344
 376.792    4377455.475          0.001 1344
 650.496    7477756.677          0.002 1344
1021.869   10481077.740          0.002 1344
 955.190   10163824.808          0.002 1344
1471.253   15662608.305          0.003 2135
 844.627   10024240.571          0.002 2135
1010.864   12092002.203          0.003 2135
1290.103   14850305.710          0.003 2135
 688.080    8478186.360          0.002 2135
 636.996    7885576.213          0.002 2135
1103.431   12032367.524          0.002 2135
1576.829   16379007.128          0.003 2135
1208.287   12389132.073          0.003 2152
 894.552   10184587.008          0.002 2152
 633.056    7964926.626          0.002 2152
 982.773   11151899.590          0.002 2152
1490.928   18459633.421          0.004 2152
1356.993   15357164.877          0.003 2157
 948.382   10902566.324          0.002 2157
 453.790    5784337.739          0.001 2157
 596.147    7506091.498          0.002 2157
1120.692   13849957.472          0.003 2157
1552.532   18563423.418          0.004 2157
1661.521   18914478.428          0.004 2171
1308.515   15943578.528          0.003 2171
 759.271    8824204.718          0.002 2171
1110.623   12908428.986          0.003 2171
1545.939   16469312.405          0.003 2171
1404.052   14286056.949          0.003 1387
 827.398    9143304.777          0.002 1387
1040.153   12768972.538          0.003 1387
 753.342    8956529.503          0.002 1387
 349.757    4002059.971          0.001 1387
 282.321    3220431.463          0.001 1387
 201.678    2294765.021          0.001 1387
 123.796    1408455.388          0.000 1387
  48.016     545178.345          0.000 1387
   0.000          0.000          0.000 1387
   0.000          0.000          0.000 1388
 380.382    3943588.463          0.001 1344
 696.785   10471645.069          0.002 1344
 847.598   10802472.378          0.002 1344
 861.776    8200658.278          0.002 1344
 673.265    7319380.728          0.002 1344
 535.312    6136717.125          0.001 1344
 924.483   10392902.042          0.002 1344
1289.892   12756702.446          0.003 1344
1569.268   16160197.836          0.003 1344
1710.506   22915631.222          0.005 2135
1147.751   12425528.159          0.003 2135
 615.128    7580468.768          0.002 2135
1152.847   14367123.546          0.003 2135
 956.662   10863007.675          0.002 2135
 997.542   12233073.488          0.003 2135
1315.498   14178899.494          0.003 2135
1567.036   19173644.418          0.004 2152
1343.455   14084165.813          0.003 2152
 897.029   10488616.245          0.002 2152
 552.507    6946433.698          0.001 2152
 716.918    8659933.314          0.002 2152
 994.533   11141696.874          0.002 2152
1679.925   21170971.859          0.004 2152
1361.229   16016536.170          0.003 2157
 878.783   11736004.879          0.002 2157
 846.492    9555327.022          0.002 2157
 801.853    9371124.518          0.002 2157
 945.203   10812203.667          0.002 2157
1255.273   13365486.730          0.003 2157
1653.893   21876827.084          0.005 2171
1156.604   11971259.722          0.003 2171
 673.489    7923196.846          0.002 2171
 983.949   10523233.536          0.002 2171
1602.903   17826822.764          0.004 2171
1358.243   12811382.032          0.003 1387
1181.029   12553638.633          0.003 1387
 617.276    7043354.095          0.002 1387
 596.442    6446113.445          0.001 1387
 518.892    4645328.611          0.001 1387
 580.311    7417608.403          0.002 1387
   0.000          0.000          0.000 1429
   0.000          0.000          0.000 1430
 662.827    7971552.076          0.002 1473
 707.520    8140844.442          0.002 1473
 822.633   10195326.779          0.002 1473
1012.697   11265860.289          0.002 1344
 755.973    8286417.049          0.002 1344
1372.992   14142263.126          0.003 1344
1615.447   15609560.490          0.003 2127
1596.468   16946243.124          0.004 2127
1223.768   12953596.101          0.003 2135
 832.035    9561380.398          0.002 2135
 530.962    6529887.575          0.001 2135
 950.838   12366777.165          0.003 2135
 656.904    7851041.586          0.002 2135
 522.891    6487175.916          0.001 2135
 946.793   10150786.975          0.002 2135
1503.472   17231168.542          0.004 2135
1609.371   23557273.494          0.005 2152
1312.190   16901116.226          0.004 2152
1007.689   13221650.735          0.003 2152
 497.889    6216552.072          0.001 2152
 806.602    9259942.993          0.002 2152
1222.065   12911190.422          0.003 2152
1472.164   14585846.229          0.003 2157
1308.677   12654482.957          0.003 2157
 646.727    7600200.555          0.002 2157
 395.129    4992686.975          0.001 2157
 945.852   11788403.830          0.002 2157
 421.030    5287509.492          0.001 2157
 569.240    6889630.386          0.001 2157
1099.353   11109100.447          0.002 2157
1494.144   19769433.780          0.004 2171
1251.627   13924833.814          0.003 2171
 600.866    7095524.391          0.001 2171
1215.966   13294871.642          0.003 2171
1680.881   21501528.553          0.005 2171
1614.306   17016436.173          0.004 1387
1144.001   12154885.787          0.003 1387
 921.447   10446684.675          0.002 1387
 942.668   11123228.936          0.003 1596
 753.733    8170161.628          0.002 1387
 667.221   10268879.664          0.002 1472
   0.000          0.000          0.000 1472
   0.000          0.000          0.000 1473
 192.579    2152031.271          0.000 1473
 387.583    4448099.760          0.001 1473
 583.651    6923533.372          0.002 1473
 885.375   11134441.087          0.003 1473
1293.039   15803943.259          0.003 1344
1064.439   10680324.656          0.002 1344
1317.041   13235671.996          0.003 1344
1593.398   17529463.703          0.004 2127
1115.078   11940238.179          0.003 2127
1395.879   16244463.500          0.004 2127
1221.342   13078609.869          0.003 2135
 865.984   10003735.452          0.002 2135
 453.587    5552468.638          0.001 2135
 437.424    5380331.664          0.001 2135
 742.473    8720865.287          0.002 2135
1050.291   12418853.684          0.003 2152
1224.542   14204707.781          0.003 2152
 991.668   13183609.706          0.003 2152
 667.084    7870546.146          0.002 2152
1210.244   13767603.658          0.003 2152
 880.437    9228956.124          0.002 2157
 454.901    5565502.579          0.001 2157
 527.823    6356025.893          0.001 2157
 346.770    4323888.033          0.001 2157
 876.839   10577612.019          0.002 2157
1084.128   10299893.744          0.002 2157
1456.006   18073086.386          0.004 2171
1158.734   13999517.060          0.003 2171
 985.644   11294015.567          0.002 2171
 567.033    6698240.459          0.001 2171
1080.758   13459731.699          0.003 2171
1246.966   13829835.107          0.003 2171
1457.816   15467965.325          0.003 2171
1508.387   17963196.353          0.004 1596
1116.683   14584803.582          0.003 1596
1081.815   13681770.383          0.003 1596
 758.722    8480483.735          0.002 1596
 935.863   13708888.515          0.003 1596
 729.789   10783554.509          0.003 1514
 186.713    2088529.117          0.000 1514
   0.000          0.000          0.000 1514
   0.000          0.000          0.000 1515
 529.821    5844314.969          0.001 1556
 726.111   10207199.625          0.002 1556
 923.912   11475183.365          0.003 1473
 987.588   11041363.045          0.002 1556
1014.232   11445427.254          0.003 1556
1517.052   19614076.938          0.004 1556
1361.665   13939253.690          0.003 2127
1262.727   14258392.283          0.003 2127
 849.070    9615276.122          0.002 2127
1216.841   12692315.518          0.003 2127
1333.272   14888557.414          0.003 2135
 797.759    9094747.704          0.002 2135
 380.759    4648818.312          0.001 2135
 589.878    6941723.766          0.001 2135
1129.716   13484766.163          0.003 2135
1413.298   16178655.492          0.003 2135
1265.079   14353663.688          0.003 2152
 810.940    9635345.460          0.002 2152
 693.303    8260067.271          0.002 2152
 436.478    5402515.763          0.001 2152
 803.066    9269880.264          0.002 2152
1220.535   15274797.903          0.003 2152
1174.697   13231070.267          0.003 2157
1046.078   11411938.873          0.002 2157
 331.545    4139935.675          0.001 2157
 693.828    8320949.207          0.002 2157
1136.125   12838567.983          0.003 2157
 966.887   11298638.604          0.002 2171
 698.335    7999184.289          0.002 2171
 725.416    8642662.878          0.002 2171
1083.609   12081653.621          0.003 2171
1206.529   12428353.791          0.003 2171
1439.283   15940584.342          0.004 1596
1050.876   12071220.014          0.003 1596
 907.745   10423452.891          0.002 1596
 624.053    7111594.691          0.002 1596
 412.848    4617705.213          0.001 1596
 568.051    6194801.313          0.001 1596
 346.487    3307824.652          0.001 1555
   0.000          0.000          0.000 1555
   0.000          0.000          0.000 1556
 110.971    1202795.231          0.000 1556
 477.946    5155760.855          0.001 1556
 840.231   10415413.890          0.002 1556
 584.030    6471375.762          0.001 1556
 757.283    8488566.929          0.002 1556
1041.652   11773273.751          0.003 1556
1468.640   17137859.501          0.004 1556
1024.446   10961775.494          0.002 2127
1017.806   11662275.262          0.003 2127
 733.783    8325230.541          0.002 2127
 893.596    9772407.358          0.002 2127
1417.421   18893673.081          0.004 2127
1162.170   13394159.625          0.003 2135
 382.671    4657416.434          0.001 2135
 606.296    7051232.891          0.002 2135
1015.623   11234658.123          0.002 2135
1138.561   11458158.469          0.002 2135
1552.351   18730178.771          0.004 2135
1018.162   11350516.845          0.002 2152
 661.289    7868411.511          0.002 2152
 405.285    4992485.466          0.001 2152
 870.799   10574926.313          0.002 2152
1276.297   16403580.203          0.004 2157
 739.618    8861896.941          0.002 2157
 800.284    9354766.447          0.002 2157
 278.091    3437398.336          0.001 2157
 902.276   12615873.090          0.003 2157
1219.892   14094911.210          0.003 2157
1322.526   16287622.494          0.004 2163
1192.537   13723729.739          0.003 2171
 787.498    9358213.461          0.002 2171
 467.545    5520906.425          0.001 2171
 811.794    9149583.967          0.002 2171
1329.866   15008450.506          0.003 1596
1041.147   11976306.238          0.003 1596
 543.881    6097151.974          0.001 1596
 302.864    3358526.134          0.001 1596
 161.607    1776826.666          0.000 1596
  46.855     513286.303          0.000 1596
   0.000          0.000          0.000 1596
   0.000          0.000          0.000 1597
 277.187    2937275.800          0.001 1556
 236.078    2562908.491          0.001 1556
 366.558    3990608.981          0.001 1556
 647.017    7212706.984          0.002 1556
1031.202   11621337.994          0.003 1556
1424.808   18302760.729          0.004 2127
 724.442    8107886.098          0.002 2127
 722.823    8292395.116          0.002 2127
 623.558    7053489.561          0.002 2127
1078.188   12732912.117          0.003 2127
1447.050   20028718.754          0.004 2135
 682.279    7832060.991          0.002 2135
 317.122    3835165.799          0.001 2135
 746.904    8429722.734          0.002 2135
 778.296    8556514.420          0.002 2135
1435.741   15058332.381          0.003 2135
1030.564   11312114.561          0.002 2152
 665.432    7814141.218          0.002 2152
 587.493    7047589.454          0.002 2152
 816.585    9641785.557          0.002 2152
1183.450   13610742.793          0.003 2157
 627.875    7469899.262          0.002 2157
1034.877   11737701.909          0.003 2157
 676.156    7667549.219          0.002 2157
 928.349    9915197.832          0.002 2157
1139.818   13809313.260          0.003 2163
1266.970   15310068.172          0.003 2171
 633.722    7405862.828          0.002 2171
 943.756   11504098.596          0.003 2171
 934.663   13088112.294          0.003 2171
 391.760    4609713.989          0.001 2171
 594.820    6512313.537          0.001 2171
 594.874    6848736.799          0.001 2171
1125.297   12386507.082          0.003 2171
1247.439   13770324.634          0.003 2180
1081.442   11751780.962          0.003 1596
 736.332    8278648.061          0.002 1596
 675.485    7494676.561          0.002 1596
 621.073    6458448.394          0.002 1596
 561.740    6576398.742          0.002 1596
   0.000          0.000          0.000 1638
   0.000          0.000          0.000 1639
 460.415    5328613.572          0.001 1639
 713.651   10600218.260          0.002 1556
 746.180    7946983.332          0.002 1556
 510.289    5507740.326          0.001 1556
 905.790    9832705.464          0.002 1556
1427.613   18635879.618          0.004 1556
1204.481   12660241.495          0.003 2127
 639.597    7157812.507          0.002 2127
 597.695    6787661.363          0.001 2127
 522.018    5879066.612          0.001 2127
 617.468    6961004.416          0.002 2127
1199.666   15536028.997          0.003 2127
 651.994    7434547.617          0.002 2135
 441.753    5206932.182          0.001 2135
 393.995    4636614.139          0.001 2135
 474.529    5527321.483          0.001 2135
1003.312   10021935.158          0.002 2135
1114.211   11974688.113          0.003 2152
 497.741    5928479.979          0.001 2152
 346.673    4228715.570          0.001 2152
 671.150    7088725.611          0.002 2152
1094.800   12402640.224          0.003 2152
 721.576    7908983.299          0.002 2157
 486.922    5698832.776          0.001 2157
 809.763   10049226.400          0.002 2157
 235.121    2885132.949          0.001 2157
 612.465    6987106.129          0.002 2157
1065.934   11025656.266          0.002 2157
 880.430   10355293.236          0.002 2163
1095.659   14636799.661          0.003 2171
 525.572    6092397.241          0.001 2171
 774.452    8359099.947          0.002 2171
 338.808    3973526.785          0.001 2171
 472.013    5424250.592          0.001 2171
 868.604    9724071.646          0.002 2171
1324.186   14710877.308          0.003 2180
1270.408   18345822.179          0.004 2180
 833.168    9337799.901          0.002 2180
1152.032   13198690.646          0.003 2180
1168.681   12515552.766          0.003 1596
 981.143   11815310.245          0.003 1729
 811.116    9552368.438          0.002 1729
 685.344    9879211.080          0.002 1596
 387.848    4093931.607          0.001 1684
   0.000          0.000          0.000 1684
   0.000          0.000          0.000 1685
 138.566    1576058.326          0.000 1685
 412.233    5164705.280          0.001 1685
 917.157   14476835.422          0.003 1556
 838.505    8214773.707          0.002 1556
1044.850   12951887.939          0.003 1556
1557.973   20146224.463          0.005 2119
1207.444   12832270.073          0.003 2127
 509.565    5703443.856          0.001 2127
 427.559    4797472.245          0.001 2127
 974.431   14243727.387          0.003 2127
1183.493   12885436.518          0.003 2127
 999.536   10921717.828          0.002 2135
 570.027    6375239.877          0.001 2135
 265.617    3189067.639          0.001 2135
 837.391   11845035.910          0.003 2135
 998.638   10438371.621          0.002 2135
1450.570   15626076.839          0.003 2135
1288.956   13283219.070          0.003 2145
 924.587   10160320.960          0.002 2152
 785.380    8597513.485          0.002 2152
 395.780    4727553.616          0.001 2152
 296.759    3586189.266          0.001 2152
 983.781   11624461.719          0.003 2152
 884.025   12590441.865          0.003 2157
 367.723    4304416.949          0.001 2157
 409.229    4780751.354          0.001 2157
 500.980    5616776.969          0.001 2157
1207.070   13078283.308          0.003 2157
 980.788   11288282.755          0.003 2163
1029.996   11534035.281          0.003 2163
 738.336    8056928.776          0.002 2171
 442.608    5111186.876          0.001 2171
 698.975    9486408.169          0.002 2171
 400.569    4605672.719          0.001 2171
 700.348    7987484.366          0.002 2171
1142.639   13532674.560          0.003 2171
 982.162   10727672.648          0.002 2180
 653.122    7279783.436          0.002 2180
1243.990   14561082.496          0.003 2180
1325.379   15800170.571          0.004 2180
1084.259   11496971.804          0.003 1809
 506.191    5713757.116          0.001 1729
 251.960    2771339.443          0.001 1729
   0.000          0.000          0.000 1729
   0.000          0.000          0.000 1730
 689.488    8044095.875          0.002 1768
 769.848   10609676.311          0.002 1685
1230.623   12738224.597          0.003 1556
1046.442   11101667.267          0.003 2119
1218.398   14201495.374          0.003 2119
1294.697   16607928.239          0.004 2127
 986.819   13211113.528          0.003 2127
 372.685    4164821.138          0.001 2127
 379.393    4249071.477          0.001 2127
 797.464    8685230.332          0.002 2127
1161.229   15369376.523          0.003 2135
 506.973    5733020.470          0.001 2135
 575.147    6157817.814          0.001 2135
 962.208   12877916.157          0.003 2139
1097.303   12488936.809          0.003 2139
1288.643   16315283.898          0.004 2145
 703.229    8213082.408          0.002 2152
 270.926    3259882.887          0.001 2152
 627.437    7266197.917          0.002 2152
 795.869    8010063.302          0.002 2157
 284.522    3341154.604          0.001 2157
 197.204    2403097.789          0.000 2157
 767.346    8985534.474          0.002 2157
1152.234   17343730.503          0.004 2163
 625.288    7077631.839          0.002 2163
1131.825   13856644.181          0.003 2171
 351.855    4058987.615          0.001 2171
 267.647    3119158.930          0.001 2171
 327.860    3775117.547          0.001 2171
1024.364   12970772.633          0.003 2171
1244.619   15383778.145          0.003 2180
 697.053    7627053.029          0.002 2180
1001.397   12051727.216          0.003 2180
1231.546   15412276.816          0.004 2180
1218.461   14828636.647          0.003 1809
 645.558    6823743.480          0.002 1809
   0.000          0.000          0.000 1767
   0.000          0.000          0.000 1768
 210.424    2200637.201          0.001 1768
 751.651    8181379.831          0.002 1768
1157.013   14678965.372          0.003 2119
1206.320   14802191.341          0.003 2119
 811.182    8669028.034          0.002 2119
 926.591   10563162.366          0.002 2119
 797.349    8434015.287          0.002 2127
 832.222   12104374.663          0.003 2127
 306.285    3420584.193          0.001 2127
 834.642   10039809.113          0.002 2127
 908.286   10065894.015          0.002 2135
 335.274    3856297.041          0.001 2135
 214.338    2559261.036          0.001 2135
 783.752    9153220.370          0.002 2135
 801.742   10134748.362          0.002 2139
 938.024   10710597.462          0.002 2139
 845.153    9088767.135          0.002 2145
1134.542   11483705.262          0.003 2145
 775.123    9144912.302          0.002 2152
 243.413    2919124.064          0.001 2152
 565.698    6196680.790          0.001 2157
 221.122    2616144.111          0.001 2157
 174.123    2113308.726          0.000 2157
 335.961    3854824.188          0.001 2157
1031.068    9753159.609          0.002 2157
1040.913   11824820.199          0.003 2163
 537.362    6033119.015          0.001 2163
 991.437   11496131.266          0.003 2163
 882.606    8991758.730          0.002 2171
 689.574    7175297.207          0.002 2171
 218.409    2529088.595          0.001 2171
 671.402    7429132.219          0.002 2171
 899.803    9852598.676          0.002 2180
 442.962    4869855.839          0.001 2180
 961.100   10852693.188          0.002 2180
 743.540    7905288.701          0.002 2180
 790.877    8458621.761          0.002 1809
 541.649    5756651.320          0.001 1809
 353.397    3753885.913          0.001 1809
 187.277    1969107.267          0.000 1809
   0.000          0.000          0.000 1809
   0.000          0.000          0.000 1810
 483.796    5090496.524          0.001 1768
1110.246   13282232.501          0.003 1768
 983.370   12616937.471          0.003 2119
 661.511    7345287.471          0.002 2119
1097.175   12274527.797          0.003 2127
 538.955    5866031.316          0.001 2127
 266.610    2973548.890          0.001 2127
 841.198    9784301.915          0.002 2127
1173.496   14721225.067          0.003 2135
 690.617    7598197.666          0.002 2135
 169.225    2010176.377          0.000 2135
 503.198    5501904.679          0.001 2135
 985.816   12166198.549          0.003 2139
 637.346    7298731.177          0.002 2139
1145.862   16365788.333          0.004 2145
 626.969    6720563.102          0.002 2145
1001.808   12013242.259          0.003 2145
 686.662    8551649.422          0.002 2152
 709.024    7739660.888          0.002 2152
 975.342   11855756.003          0.003 2157
 340.550    3861517.214          0.001 2157
 145.952    1762688.882          0.000 2157
 669.927    8438736.661          0.002 2157
 926.783    9767229.967          0.002 2157
 694.697    7893393.236          0.002 2163
 468.493    5232440.763          0.001 2163
 764.507   10332241.690          0.002 2171
 189.408    2190496.798          0.000 2171
 760.590   10245488.725          0.002 2171
1019.939   11098504.084          0.003 2171
1195.745   13119397.510          0.003 2180
 551.404    6066936.226          0.001 2180
 649.586    7066651.930          0.002 2180
 566.314    6093301.880          0.001 2180
1086.513   13043040.453          0.003 2180
 684.885    7453086.772          0.002 1809
 474.013    4359346.617          0.001 1809
 243.062    2764399.896          0.001 1849
   0.000          0.000          0.000 1849
   0.000          0.000          0.000 1850
 613.851    8140065.933          0.002 1850
 892.071   10273908.972          0.002 1768
1055.585   13175277.717          0.003 1768
 558.549    5935630.148          0.001 2119
 541.088    5812637.623          0.001 2119
 765.218    8213659.961          0.002 2119
 795.523    8652559.824          0.002 2127
 218.795    2436371.686          0.001 2127
 586.157    5977479.939          0.001 2127
1148.085   15609481.562          0.004 2127
 602.861    5807856.807          0.001 2135
 146.182    1732928.792          0.000 2135
 769.478    8795543.169          0.002 2135
 536.918    6257707.768          0.001 2139
 867.439    9615358.325          0.002 2139
 879.440    9486025.024          0.002 2145
 447.898    4806012.083          0.001 2145
 190.077    2265648.041          0.000 2152
 409.220    4533738.684          0.001 2152
 906.556   11675009.841          0.003 2157
 407.273    4477110.523          0.001 2157
 117.260    1411463.599          0.000 2157
 715.451    7724445.866          0.002 2157
1087.703   12628490.616          0.003 2161
 588.478    6523298.909          0.001 2163
 369.604    4096366.571          0.001 2163
 849.503    9269019.644          0.002 2163
1049.989   12453258.957          0.003 2171
 357.780    3986444.689          0.001 2171
 165.513    1912099.438          0.000 2171
 554.424    6012151.937          0.001 2171
 703.340    7601187.876          0.002 2171
1180.571   13934754.721          0.003 2177
1093.736   12729283.536          0.003 2180
 797.628    8962183.104          0.002 2180
 324.608    3535350.207          0.001 2180
 748.861    7996875.646          0.002 2180
1184.157   13480526.266          0.003 1809
1068.137   15227331.064          0.004 1809
 791.597   10278846.304          0.002 1936
 299.833    3128257.313          0.001 1892
   0.000          0.000          0.000 1892
   0.000          0.000          0.000 1893
 163.957    1715471.344          0.000 1893
 581.805    6091011.480          0.001 1893
 836.642    8748489.886          0.002 1893
 814.596    8662844.233          0.002 2119
 343.948    3704517.503          0.001 2119
 400.363    4346768.016          0.001 2119
1058.048   12427707.034          0.003 2119
 771.401    9113297.755          0.002 2127
 630.770    8340853.919          0.002 2127
1110.477   14054986.762          0.003 2127
 756.355    9551345.471          0.002 2133
 605.907    6783896.510          0.002 2135
 131.696    1559649.703          0.000 2135
 619.686    6688755.969          0.002 2135
 854.339   10915093.432          0.003 2139
 343.907    3838658.316          0.001 2139
 529.304    5904766.968          0.001 2139
 487.886    5215289.986          0.001 2145
 601.046    6314267.661          0.001 2145
 526.205    5896464.475          0.001 2152
 159.232    1891967.196          0.000 2152
 297.222    3326283.029          0.001 2152
 919.777   11823808.852          0.003 2152
 493.577    6802854.732          0.002 2157
 545.029    5759680.537          0.001 2157
1041.304   11532903.522          0.003 2161
 829.574   10928441.370          0.003 2163
 307.935    3399687.211          0.001 2163
 741.745    8120206.274          0.002 2163
 932.793   12126155.252          0.003 2171
 514.006    5529413.551          0.001 2171
 138.611    1598907.630          0.000 2171
 461.954    4997694.560          0.001 2171
 908.091    9976914.680          0.002 2177
 827.627    9208696.771          0.002 2177
1033.876   15771277.700          0.004 2177
 252.581    2754457.296          0.001 2180
 787.511    9854167.758          0.002 2180
1143.048   12732073.437          0.003 2186
1150.574   12319992.336          0.003 2186
 764.762    8296046.019          0.002 1936
 166.981    1738852.373          0.000 1936
   0.000          0.000          0.000 1936
   0.000          0.000          0.000 1937
 592.481    6534011.113          0.002 1980
 880.571   10190940.393          0.002 2115
 799.426    9706500.312          0.002 2119
 236.387    2551778.142          0.001 2119
 595.722    6008125.537          0.001 2119
 786.705    9337241.765          0.002 2124
 688.824    7131783.939          0.002 2127
 148.888    1655941.886          0.000 2127
 694.407    7371256.736          0.002 2127
 832.764    8845256.305          0.002 2130
 508.580    5932095.165          0.001 2133
 453.161    4736494.506          0.001 2135
  94.176    1111990.414          0.000 2135
 823.319    9671760.705          0.002 2135
 290.823    3228173.193          0.001 2139
 946.666   11130281.694          0.003 2145
 298.522    3195433.561          0.001 2145
 742.552    8940138.864          0.002 2145
 455.308    4749834.638          0.001 2152
 117.990    1395829.626          0.000 2152
 678.784    8191763.038          0.002 2152
 846.930   10062219.354          0.002 2153
 593.617    6030705.038          0.001 2157
  82.398     988210.749          0.000 2157
 483.953    5139535.287          0.001 2157
 966.307   10132946.532          0.002 2157
 558.138    5899257.516          0.001 2161
 749.184    8522388.261          0.002 2163
 263.261    2898985.708          0.001 2163
 833.236   11429748.058          0.003 2163
 892.731    9196339.145          0.002 2167
 412.255    4394906.613          0.001 2171
 271.027    2930991.811          0.001 2171
 873.019    9777380.216          0.002 2171
 547.461    5952856.311          0.001 2177
 723.458    8198084.551          0.002 2180
 196.489    2139011.912          0.000 2180
 884.311    9735572.425          0.002 2180
 658.974    6940811.054          0.002 2186
 796.203   10804343.415          0.003 1936
 341.282    3514608.012          0.001 1979
   0.000          0.000          0.000 1979
   0.000          0.000          0.000 1980
 205.987    2144101.549          0.001 1980
 716.836    7610684.296          0.002 1980
 733.309    7594940.482          0.002 2115
 601.458    6110470.313          0.001 2119
 202.042    2179016.610          0.001 2119
 870.915   12986844.421          0.003 2119
 525.776    5826099.155          0.001 2124
 707.699   10070769.925          0.002 2124
 108.647    1207337.887          0.000 2127
 668.742    8740259.053          0.002 2127
 543.502    5706830.780          0.001 2130
 334.634    3742531.188          0.001 2133
 684.275    8646638.034          0.002 2133
  69.053     814158.939          0.000 2135
 561.932    6594481.051          0.002 2135
 557.767    6032518.234          0.001 2139
 222.202    2449484.108          0.001 2139
 398.938    4317050.201          0.001 2139
 887.193    9210602.752          0.002 2139
 427.138    4494871.689          0.001 2145
 464.859    4849458.998          0.001 2145
  96.058    1134552.000          0.000 2152
 597.786    7523615.218          0.002 2152
 848.793    9973665.285          0.002 2157
  61.408     735322.345          0.000 2157
 616.595    7642201.283          0.002 2157
 331.463    3472912.610          0.001 2161
 195.735    2147256.600          0.000 2163
 413.608    4406337.274          0.001 2163
 648.728    6728550.698          0.002 2167
 624.595    6462560.526          0.002 2167
 790.527    9134332.843          0.002 2171
  86.133     990494.225          0.000 2171
 675.029    7214237.458          0.002 2171
 985.070   13054227.477          0.003 2175
 442.699    4733583.071          0.001 2177
 713.506   13585128.929          0.003 2180
 146.446    1591752.329          0.000 2180
 440.609    4662653.225          0.001 2180
 666.042    6768059.681          0.002 2182
 708.464    8368005.371          0.002 2186
 423.910    4445661.007          0.001 2186
 731.884    8638265.473          0.002 2024
   0.000          0.000          0.000 2024
   0.000          0.000          0.000 2025
 574.355    9355768.287          0.002 2025
 302.867    3069326.824          0.001 2115
 607.343    6521206.668          0.002 2115
 120.031    1291469.778          0.000 2119
 605.762    7598479.295          0.002 2122
 278.515    2941220.889          0.001 2124
  63.060     700214.184          0.000 2127
 642.089    8780424.777          0.002 2127
 239.685    2634726.106          0.001 2133
 515.044    6085749.955          0.001 2135
 576.898    6692979.947          0.002 2135
 351.636    3688605.527          0.001 2139
 148.018    1620154.468          0.000 2139
 702.895   10136181.251          0.002 2141
 670.796    7672877.972          0.002 2143
 138.845    1483286.513          0.000 2145
 653.646    7604696.208          0.002 2147
 765.066    9372787.911          0.002 2148
  64.303     757818.151          0.000 2152
 356.524    3723573.514          0.001 2153
 645.590    9197728.116          0.002 2157
  43.573     521131.017          0.000 2157
 649.336   10135580.191          0.002 2157
 233.564    2438999.245          0.001 2161
 384.953    3978707.193          0.001 2163
 119.576    1304416.729          0.000 2163
 454.438    4717543.760          0.001 2163
 308.062    3193436.162          0.001 2167
 666.905    9425791.972          0.002 2170
  55.838     640226.795          0.000 2171
 593.754    6236741.947          0.002 2174
 535.085    5646524.903          0.001 2175
 237.042    2520108.419          0.001 2177
 505.236    5182711.483          0.001 2180
 101.569    1102273.354          0.000 2180
 307.130    3153916.716          0.001 2182
 616.248    8517545.683          0.002 2183
 655.440    7025330.097          0.002 2186
 223.805    2327887.151          0.001 2186
 592.841    8319356.709          0.002 2066
   0.000          0.000          0.000 2066
   0.000          0.000          0.000 2067
 305.622    3024359.421          0.001 2113
 166.011    1685848.234          0.000 2115
 375.252    3872413.458          0.001 2117
  60.300     646953.763          0.000 2119
 451.817    4931678.187          0.001 2121
 325.632    3234551.842          0.001 2123
 162.137    1698531.367          0.000 2124
 281.966    2808303.460          0.001 2126
 435.790    5993585.113          0.001 2128
 401.235    4788922.772          0.001 2129
 173.187    1785775.770          0.000 2130
 358.204    3544479.938          0.001 2132
 132.729    1431193.108          0.000 2133
  19.564     230011.043          0.000 2135
 301.730    3099271.471          0.001 2137
  57.429     620319.658          0.000 2139
 212.156    2132601.052          0.001 2141
 198.214    1996483.479          0.000 2143
  48.830     522071.557          0.000 2145
 439.930    4594891.922          0.001 2146
 247.255    2583773.716          0.001 2148
 329.956    3202973.619          0.001 2150
  26.127     306934.271          0.000 2152
 187.711    1937225.437          0.000 2153
 326.079    3405641.535          0.001 2155
  18.739     223664.419          0.000 2157
 284.782    2899694.839          0.001 2159
 124.918    1298283.036          0.000 2161
  55.844     606274.498          0.000 2163
 340.355    3445054.598          0.001 2165
 121.806    1254498.514          0.000 2167
 336.360    3313678.696          0.001 2169
  23.174     265249.957          0.000 2171
 348.709    3472636.147          0.001 2173
 159.865    1643595.643          0.000 2175
 110.930    1168391.674          0.000 2177
 450.874    5520463.222          0.001 2180
  38.883     421289.505          0.000 2180
 149.231    1528131.387          0.000 2182
 337.963    3348957.875          0.001 2184
 103.614    1072391.483          0.000 2186
 518.154    5753932.752          0.001 2188
   0.000          0.000          0.000 2110
   0.000          0.000          0.000 2111
   0.000          0.000          0.000 2112
   0.000          0.000          0.000 2113
   0.000          0.000          0.000 2114
   0.000          0.000          0.000 2115
   0.000          0.000          0.000 2116
   0.000          0.000          0.000 2117
   0.000          0.000          0.000 2118
   0.000          0.000          0.000 2119
   0.000          0.000          0.000 2120
   0.000          0.000          0.000 2121
   0.000          0.000          0.000 2122
   0.000          0.000          0.000 2123
   0.000          0.000          0.000 2124
   0.000          0.000          0.000 2125
   0.000          0.000          0.000 2126
   0.000          0.000          0.000 2127
   0.000          0.000          0.000 2128
   0.000          0.000          0.000 2129
   0.000          0.000          0.000 2130
   0.000          0.000          0.000 2131
   0.000          0.000          0.000 2132
   0.000          0.000          0.000 2133
   0.000          0.000          0.000 2134
   0.000          0.000          0.000 2135
   0.000          0.000          0.000 2136
   0.000          0.000          0.000 2137
   0.000          0.000          0.000 2138
   0.000          0.000          0.000 2139
   0.000          0.000          0.000 2140
   0.000          0.000          0.000 2141
   0.000          0.000          0.000 2142
   0.000          0.000          0.000 2143
   0.000          0.000          0.000 2144
   0.000          0.000          0.000 2145
   0.000          0.000          0.000 2146
   0.000          0.000          0.000 2147
   0.000          0.000          0.000 2148
   0.000          0.000          0.000 2149
   0.000          0.000          0.000 2150
   0.000          0.000          0.000 2151
   0.000          0.000          0.000 2152
   0.000          0.000          0.000 2153
   0.000          0.000          0.000 2154
   0.000          0.000          0.000 2155
   0.000          0.000          0.000 2156
   0.000          0.000          0.000 2157
   0.000          0.000          0.000 2158
   0.000          0.000          0.000 2159
   0.000          0.000          0.000 2160
   0.000          0.000          0.000 2161
   0.000          0.000          0.000 2162
   0.000          0.000          0.000 2163
   0.000          0.000          0.000 2164
   0.000          0.000          0.000 2165
   0.000          0.000          0.000 2166
   0.000          0.000          0.000 2167
   0.000          0.000          0.000 2168
   0.000          0.000          0.000 2169
   0.000          0.000          0.000 2170
   0.000          0.000          0.000 2171
   0.000          0.000          0.000 2172
   0.000          0.000          0.000 2173
   0.000          0.000          0.000 2174
   0.000          0.000          0.000 2175
   0.000          0.000          0.000 2176
   0.000          0.000          0.000 2177
   0.000          0.000          0.000 2178
   0.000          0.000          0.000 2179
   0.000          0.000          0.000 2180
   0.000          0.000          0.000 2181
   0.000          0.000          0.000 2182
   0.000          0.000          0.000 2183
   0.000          0.000          0.000 2184
   0.000          0.000          0.000 2185
   0.000          0.000          0.000 2186
   0.000          0.000          0.000 2187
   0.000          0.000          0.000 2188
   0.000          0.000          0.000 2189
   0.000          0.000          0.000 2190
 494.859    5063292.413          0.001   72
 691.118    9009241.681          0.002    7
 341.118    3712170.031          0.001  489
 190.391    2095156.106          0.000  489
 453.394    4763559.011          0.001   26
 428.542    4601807.892          0.001 2171
 355.277    3858798.353          0.001  998
 104.750    1229561.094          0.000  998
 248.121    2755468.858          0.001  998
 446.503    4673177.388          0.001   15
 440.930    4937998.624          0.001 2152
 349.751    3830202.165          0.001 2180
 378.123    4157175.299          0.001 2127
 665.072    7012962.360          0.002 2161
 932.252   10896050.732          0.002   26
 701.327    7760093.365          0.002   26
 237.606    2819289.300          0.001  998
 474.129    5440709.252          0.001  998
 453.565    5184765.473          0.001 1387
 707.883    7928871.282          0.002 1387
 422.034    4824160.812          0.001 1387
 830.618    9544027.466          0.002 1387
 600.107    6781533.841          0.002   35
 301.812    3598921.826          0.001   35
 708.267    8762029.023          0.002   35
 842.847    9604562.068          0.002 2171
 798.130    9163448.335          0.002 2171
1047.541   12916395.572          0.003 1344
 789.157    8544190.061          0.002   52
1464.720   14185306.167          0.003  998
 459.523    5069963.538          0.001 2152
 472.722    5964052.305          0.001 2157
 772.131    8623682.639          0.002   65
1288.326   13463384.928          0.003 2135
 955.755   10544820.614          0.002 2157
1060.991   12892341.638          0.003 2157
 607.367    7678266.512          0.002 2152
 628.537    7961672.926          0.002 2152
 836.633    9497419.827          0.002   60
 488.132    5667832.202          0.001   60
1494.239   14412410.722          0.003   60
1652.856   18828882.511          0.004   60
1743.821   18575428.205          0.004 1344
 771.318    9456224.471          0.002 2157
1050.080   11784427.102          0.002 2157
 606.326    6784730.419          0.002   15
 729.488    8200245.515          0.002   35
1851.986   17904473.001          0.004 2157
2190.592   21438458.980          0.004   41
1924.045   21677993.151          0.004   41
1582.289   17437230.959          0.004  998
1881.025   17815198.033          0.004 2135
1209.120   11815155.979          0.002 2171
